Round,Evaluator,5,3,4,0,1,2
0,0,,,,,,
0,1,,,,,,
0,2,,,,,,
0,3,,,,,,
0,4,,,,,,
0,5,,,,,,
0,Aggregated,,,,,,
0,Centralized,,,,,,
1,0,,,,,,
1,1,,,,,,
1,2,,,,,,
1,3,,,,,,
1,4,,,,,,
1,5,,,,,,
1,Aggregated,,,,,,
1,Centralized,0.683747410774231,0.8716227412223816,0.8735500574111938,0.6190230846405029,0.747746467590332,0.7228191494941711
2,0,,,,,,
2,1,,,,,,
2,2,,,,,,
2,3,,,,,,
2,4,,,,,,
2,5,,,,,,
2,Aggregated,,,,,,
2,Centralized,0.7112921476364136,0.8606067895889282,0.8708289265632629,0.6784952282905579,0.7621088624000549,0.7404305338859558
3,0,,,,,,
3,1,,,,,,
3,2,,,,,,
3,3,,,,,,
3,4,,,,,,
3,5,,,,,,
3,Aggregated,,,,,,
3,Centralized,0.7197744846343994,0.7771168947219849,0.8771613836288452,0.7153411507606506,0.7626685500144958,0.7456570863723755
4,0,,,,,,
4,1,,,,,,
4,2,,,,,,
4,3,,,,,,
4,4,,,,,,
4,5,,,,,,
4,Aggregated,,,,,,
4,Centralized,0.7292284369468689,0.8489242792129517,0.8818450570106506,0.6972360014915466,0.7676406502723694,0.7557380199432373
5,0,,,,,,
5,1,,,,,,
5,2,,,,,,
5,3,,,,,,
5,4,,,,,,
5,5,,,,,,
5,Aggregated,,,,,,
5,Centralized,0.7527425289154053,0.7979480028152466,0.8815678358078003,0.7549288868904114,0.7484881281852722,0.7752071619033813
6,0,,,,,,
6,1,,,,,,
6,2,,,,,,
6,3,,,,,,
6,4,,,,,,
6,5,,,,,,
6,Aggregated,,,,,,
6,Centralized,0.7750482559204102,0.8716834783554077,0.8755316734313965,0.7535228729248047,0.7849123477935791,0.7981699705123901
7,0,,,,,,
7,1,,,,,,
7,2,,,,,,
7,3,,,,,,
7,4,,,,,,
7,5,,,,,,
7,Aggregated,,,,,,
7,Centralized,0.6692276000976562,0.7711246013641357,0.7295453548431396,0.6875605583190918,0.6192592978477478,0.7029030919075012
8,0,,,,,,
8,1,,,,,,
8,2,,,,,,
8,3,,,,,,
8,4,,,,,,
8,5,,,,,,
8,Aggregated,,,,,,
8,Centralized,0.736240565776825,0.8568565845489502,0.8830840587615967,0.7056755423545837,0.7817875742912292,0.7663210034370422
9,0,,,,,,
9,1,,,,,,
9,2,,,,,,
9,3,,,,,,
9,4,,,,,,
9,5,,,,,,
9,Aggregated,,,,,,
9,Centralized,0.7901479005813599,0.8768901824951172,0.8446488976478577,0.7724003791809082,0.8080308437347412,0.8130836486816406
10,0,,,,,,
10,1,,,,,,
10,2,,,,,,
10,3,,,,,,
10,4,,,,,,
10,5,,,,,,
10,Aggregated,,,,,,
10,Centralized,0.86982262134552,0.9300987720489502,0.9237058162689209,0.8507979512214661,0.8850019574165344,0.8830944299697876
11,0,,,,,,
11,1,,,,,,
11,2,,,,,,
11,3,,,,,,
11,4,,,,,,
11,5,,,,,,
11,Aggregated,,,,,,
11,Centralized,0.8731896281242371,0.9245177507400513,0.9117162227630615,0.8544514179229736,0.8822628855705261,0.8864923715591431
12,0,,,,,,
12,1,,,,,,
12,2,,,,,,
12,3,,,,,,
12,4,,,,,,
12,5,,,,,,
12,Aggregated,,,,,,
12,Centralized,0.9007736444473267,0.9427897930145264,0.9330238699913025,0.8872396945953369,0.9121816158294678,0.9107135534286499
13,0,,,,,,
13,1,,,,,,
13,2,,,,,,
13,3,,,,,,
13,4,,,,,,
13,5,,,,,,
13,Aggregated,,,,,,
13,Centralized,0.7760905623435974,0.8795552253723145,0.8747459053993225,0.7481359839439392,0.8076974749565125,0.7963668704032898
14,0,,,,,,
14,1,,,,,,
14,2,,,,,,
14,3,,,,,,
14,4,,,,,,
14,5,,,,,,
14,Aggregated,,,,,,
14,Centralized,0.5185755491256714,0.32398438453674316,-0.14404907822608948,0.4583193361759186,0.5037911534309387,0.5716304779052734
15,0,,,,,,
15,1,,,,,,
15,2,,,,,,
15,3,,,,,,
15,4,,,,,,
15,5,,,,,,
15,Aggregated,,,,,,
15,Centralized,0.5008109211921692,0.4409669041633606,0.7540402412414551,0.45253515243530273,0.5832201838493347,0.5583748817443848
16,0,,,,,,
16,1,,,,,,
16,2,,,,,,
16,3,,,,,,
16,4,,,,,,
16,5,,,,,,
16,Aggregated,,,,,,
16,Centralized,0.8376650214195251,0.9001463651657104,0.8787887096405029,0.8142285943031311,0.8602838516235352,0.853131890296936
17,0,,,,,,
17,1,,,,,,
17,2,,,,,,
17,3,,,,,,
17,4,,,,,,
17,5,,,,,,
17,Aggregated,,,,,,
17,Centralized,0.7655408382415771,0.8624905347824097,0.8803097605705261,0.7341651320457458,0.8023397922515869,0.7899343371391296
18,0,,,,,,
18,1,,,,,,
18,2,,,,,,
18,3,,,,,,
18,4,,,,,,
18,5,,,,,,
18,Aggregated,,,,,,
18,Centralized,0.590142011642456,0.45875880122184753,0.10508473962545395,0.5449684262275696,0.5928163528442383,0.6391214728355408
19,0,,,,,,
19,1,,,,,,
19,2,,,,,,
19,3,,,,,,
19,4,,,,,,
19,5,,,,,,
19,Aggregated,,,,,,
19,Centralized,0.8892573118209839,0.9364882707595825,0.9288862943649292,0.8737390637397766,0.903232991695404,0.8989784121513367
20,0,,,,,,
20,1,,,,,,
20,2,,,,,,
20,3,,,,,,
20,4,,,,,,
20,5,,,,,,
20,Aggregated,,,,,,
20,Centralized,0.2939049005508423,0.17664214968681335,0.22811771929264069,0.3709421455860138,0.3132142126560211,0.3365243077278137
21,0,,,,,,
21,1,,,,,,
21,2,,,,,,
21,3,,,,,,
21,4,,,,,,
21,5,,,,,,
21,Aggregated,,,,,,
21,Centralized,0.6751567721366882,0.6075528860092163,0.34428632259368896,0.62456876039505,0.7289974093437195,0.7142695784568787
22,0,,,,,,
22,1,,,,,,
22,2,,,,,,
22,3,,,,,,
22,4,,,,,,
22,5,,,,,,
22,Aggregated,,,,,,
22,Centralized,0.310699999332428,0.10416370630264282,0.6200297474861145,0.278471976518631,0.4155162274837494,0.3818894922733307
23,0,,,,,,
23,1,,,,,,
23,2,,,,,,
23,3,,,,,,
23,4,,,,,,
23,5,,,,,,
23,Aggregated,,,,,,
23,Centralized,0.5705509185791016,0.3719392716884613,-0.11555401980876923,0.49531450867652893,0.6375510096549988,0.6260374188423157
24,0,,,,,,
24,1,,,,,,
24,2,,,,,,
24,3,,,,,,
24,4,,,,,,
24,5,,,,,,
24,Aggregated,,,,,,
24,Centralized,0.4380379021167755,0.15974894165992737,-0.3833851218223572,0.37381741404533386,0.3856786787509918,0.4923727512359619
25,0,,,,,,
25,1,,,,,,
25,2,,,,,,
25,3,,,,,,
25,4,,,,,,
25,5,,,,,,
25,Aggregated,,,,,,
25,Centralized,0.30080893635749817,0.13738492131233215,0.1548783928155899,0.34605979919433594,0.30516549944877625,0.3468961715698242
26,0,,,,,,
26,1,,,,,,
26,2,,,,,,
26,3,,,,,,
26,4,,,,,,
26,5,,,,,,
26,Aggregated,,,,,,
26,Centralized,0.3873516321182251,0.07452937960624695,-0.40518367290496826,0.3326094448566437,0.31455278396606445,0.43014296889305115
27,0,,,,,,
27,1,,,,,,
27,2,,,,,,
27,3,,,,,,
27,4,,,,,,
27,5,,,,,,
27,Aggregated,,,,,,
27,Centralized,0.4195070266723633,0.08013388514518738,-0.5859801173210144,0.3177280128002167,0.4558245837688446,0.4836660325527191
28,0,,,,,,
28,1,,,,,,
28,2,,,,,,
28,3,,,,,,
28,4,,,,,,
28,5,,,,,,
28,Aggregated,,,,,,
28,Centralized,0.3839085102081299,0.13960051536560059,0.7354505062103271,0.30255070328712463,0.5037376284599304,0.46277084946632385
29,0,,,,,,
29,1,,,,,,
29,2,,,,,,
29,3,,,,,,
29,4,,,,,,
29,5,,,,,,
29,Aggregated,,,,,,
29,Centralized,0.3777773976325989,0.13652504980564117,0.6330739855766296,0.3181800842285156,0.47466516494750977,0.4492075443267822
30,0,,,,,,
30,1,,,,,,
30,2,,,,,,
30,3,,,,,,
30,4,,,,,,
30,5,,,,,,
30,Aggregated,,,,,,
30,Centralized,0.5323151350021362,0.28953003883361816,-0.23730531334877014,0.4478023946285248,0.6060479283332825,0.5924639701843262
31,0,,,,,,
31,1,,,,,,
31,2,,,,,,
31,3,,,,,,
31,4,,,,,,
31,5,,,,,,
31,Aggregated,,,,,,
31,Centralized,0.3431771993637085,0.14391684532165527,0.3830350935459137,0.34784135222435,0.3917015492916107,0.40155142545700073
32,0,,,,,,
32,1,,,,,,
32,2,,,,,,
32,3,,,,,,
32,4,,,,,,
32,5,,,,,,
32,Aggregated,,,,,,
32,Centralized,0.4444103240966797,0.15732409060001373,-0.409860223531723,0.3672347068786621,0.45130816102027893,0.49769991636276245
33,0,,,,,,
33,1,,,,,,
33,2,,,,,,
33,3,,,,,,
33,4,,,,,,
33,5,,,,,,
33,Aggregated,,,,,,
33,Centralized,0.4249812066555023,0.12952885031700134,0.7580233812332153,0.33527931571006775,0.5422229170799255,0.504665732383728
34,0,,,,,,
34,1,,,,,,
34,2,,,,,,
34,3,,,,,,
34,4,,,,,,
34,5,,,,,,
34,Aggregated,,,,,,
34,Centralized,0.3260705769062042,0.10466566681861877,0.5053225755691528,0.32405659556388855,0.4118484556674957,0.3986915647983551
35,0,,,,,,
35,1,,,,,,
35,2,,,,,,
35,3,,,,,,
35,4,,,,,,
35,5,,,,,,
35,Aggregated,,,,,,
35,Centralized,0.3245336711406708,0.10643047094345093,-0.0047793909907341,0.3471106290817261,0.3018953502178192,0.36769431829452515
36,0,,,,,,
36,1,,,,,,
36,2,,,,,,
36,3,,,,,,
36,4,,,,,,
36,5,,,,,,
36,Aggregated,,,,,,
36,Centralized,0.6041220426559448,0.3719048500061035,-0.14351937174797058,0.5176729559898376,0.6862103939056396,0.6596506237983704
37,0,,,,,,
37,1,,,,,,
37,2,,,,,,
37,3,,,,,,
37,4,,,,,,
37,5,,,,,,
37,Aggregated,,,,,,
37,Centralized,0.3054038882255554,0.1038556694984436,0.521946370601654,0.33946511149406433,0.4004838764667511,0.38239532709121704
38,0,,,,,,
38,1,,,,,,
38,2,,,,,,
38,3,,,,,,
38,4,,,,,,
38,5,,,,,,
38,Aggregated,,,,,,
38,Centralized,0.3543567955493927,0.10520520806312561,0.6498767733573914,0.32264599204063416,0.46711158752441406,0.4353359639644623
39,0,,,,,,
39,1,,,,,,
39,2,,,,,,
39,3,,,,,,
39,4,,,,,,
39,5,,,,,,
39,Aggregated,,,,,,
39,Centralized,0.38246220350265503,0.10559704899787903,0.7222506403923035,0.3217875063419342,0.5041224956512451,0.46508902311325073
40,0,,,,,,
40,1,,,,,,
40,2,,,,,,
40,3,,,,,,
40,4,,,,,,
40,5,,,,,,
40,Aggregated,,,,,,
40,Centralized,0.26749467849731445,0.09502404928207397,0.37895360589027405,0.3372665345668793,0.3431549370288849,0.3376563787460327
41,0,,,,,,
41,1,,,,,,
41,2,,,,,,
41,3,,,,,,
41,4,,,,,,
41,5,,,,,,
41,Aggregated,,,,,,
41,Centralized,0.35221123695373535,0.11050964891910553,-0.1000814139842987,0.35337957739830017,0.33972227573394775,0.3957100808620453
42,0,,,,,,
42,1,,,,,,
42,2,,,,,,
42,3,,,,,,
42,4,,,,,,
42,5,,,,,,
42,Aggregated,,,,,,
42,Centralized,0.7938622236251831,0.7008565068244934,0.47069987654685974,0.7531715035438538,0.833142101764679,0.8206203579902649
43,0,,,,,,
43,1,,,,,,
43,2,,,,,,
43,3,,,,,,
43,4,,,,,,
43,5,,,,,,
43,Aggregated,,,,,,
43,Centralized,0.49712151288986206,0.1628994345664978,0.887492299079895,0.39567485451698303,0.6301615834236145,0.5804345011711121
44,0,,,,,,
44,1,,,,,,
44,2,,,,,,
44,3,,,,,,
44,4,,,,,,
44,5,,,,,,
44,Aggregated,,,,,,
44,Centralized,0.2623666226863861,0.11993545293807983,0.426344633102417,0.36047008633613586,0.3424900472164154,0.33129873871803284
45,0,,,,,,
45,1,,,,,,
45,2,,,,,,
45,3,,,,,,
45,4,,,,,,
45,5,,,,,,
45,Aggregated,,,,,,
45,Centralized,0.2685784101486206,0.1123022586107254,0.4354649484157562,0.3567257821559906,0.3618350923061371,0.348255455493927
46,0,,,,,,
46,1,,,,,,
46,2,,,,,,
46,3,,,,,,
46,4,,,,,,
46,5,,,,,,
46,Aggregated,,,,,,
46,Centralized,0.5177540183067322,0.17887893319129944,-0.5246251225471497,0.4004244804382324,0.6247634887695312,0.5867046117782593
47,0,,,,,,
47,1,,,,,,
47,2,,,,,,
47,3,,,,,,
47,4,,,,,,
47,5,,,,,,
47,Aggregated,,,,,,
47,Centralized,0.3530464172363281,0.09146225452423096,-0.18589532375335693,0.346754789352417,0.3101610839366913,0.3953064978122711
48,0,,,,,,
48,1,,,,,,
48,2,,,,,,
48,3,,,,,,
48,4,,,,,,
48,5,,,,,,
48,Aggregated,,,,,,
48,Centralized,0.46098026633262634,0.13640829920768738,-0.5135399699211121,0.36055946350097656,0.5302862524986267,0.5216118693351746
49,0,,,,,,
49,1,,,,,,
49,2,,,,,,
49,3,,,,,,
49,4,,,,,,
49,5,,,,,,
49,Aggregated,,,,,,
49,Centralized,0.25848090648651123,0.09482282400131226,0.47717246413230896,0.34714722633361816,0.36057254672050476,0.34074968099594116
50,0,,,,,,
50,1,,,,,,
50,2,,,,,,
50,3,,,,,,
50,4,,,,,,
50,5,,,,,,
50,Aggregated,,,,,,
50,Centralized,0.41123396158218384,0.07318621873855591,-0.5753018260002136,0.315545916557312,0.444913774728775,0.47118234634399414
