Round,Evaluator,5,3,4,0,1,2
0,0,,,,,,
0,1,,,,,,
0,2,,,,,,
0,3,,,,,,
0,4,,,,,,
0,5,,,,,,
0,Aggregated,,,,,,
0,Centralized,,,,,,
1,0,-0.357880487773993,-0.2323093960619708,-0.3936946858713926,1.619504975374108,-0.41955318585651286,-0.356250988855279
1,1,0.21216053299200582,0.22016349112783923,0.22194010476777698,0.2809536420085005,0.23237224737135118,0.23524234949691566
1,2,0.20682720522383435,0.2141211291779133,0.22298739671790663,0.27954237560998785,0.22606226128169973,0.23278288661344707
1,3,0.20988893923596763,0.2196414039069374,0.2273158906393569,0.2898397870877202,0.230086207498284,0.23768138945579267
1,4,0.20651937891732047,0.2163392176854472,0.21862069348837762,0.2765015268729215,0.22324011329428275,0.2278252877793669
1,5,0.2045741764342576,0.21458462025929492,0.224863327263042,0.28507747076877354,0.22802275869891941,0.23278265940601414
1,Aggregated,0.02330049196786015,0.07033145357706284,0.02181745593065828,0.718800934548214,0.016618517281397942,0.0408537996395615
1,Centralized,0.027285409522379685,0.07349547967205929,0.0261612423100991,0.7093866550540049,0.02117815150007424,0.04500454976607974
2,0,-0.3920286948179543,-0.20345622409895942,-0.35994577510148734,1.8874316751671305,-0.11807537952979169,-0.17390577934853305
2,1,0.035564108563047536,0.02756135026748654,0.01629306881146794,0.029932243404733105,0.038435192796193084,0.03164867675335815
2,2,0.03743788873091547,0.027522463840216806,0.02019686273804231,0.03581085964333955,0.04291688236172156,0.036039644491726
2,3,0.03649603537457093,0.030243921810548993,0.021595011058576422,0.02687986985679386,0.04031512565030016,0.03407179385667204
2,4,0.03425010097825345,0.03168999662575454,0.023259847121802974,0.030113408711393615,0.042377054293942694,0.03417584368153742
2,5,0.036822639957163096,0.02430980481027212,0.01979091787384502,0.031145134852216087,0.04839121408912618,0.039742665829836224
2,Aggregated,-0.10362569918124392,-0.047365233414756146,-0.1038559954124874,0.6367627180885123,-0.009918257774581302,-0.03309250614040318
2,Centralized,-0.10061085979836712,-0.04573359338156595,-0.10117926082981046,0.6236899097353299,-0.008787596782274292,-0.0316205877853989
3,0,-0.4674407721296239,-0.1309466503547153,-0.12353711811701255,1.3847084032868833,-0.05838072278668737,-0.03141983980539568
3,1,0.005443566088050089,0.030210399014484298,0.02836897083343864,0.007398984274675555,0.01942056220208853,0.006997781542643762
3,2,0.004263660263135224,0.03223983417715139,0.02993751080305994,0.003362294472999731,0.022801563383093894,0.010791625227255325
3,3,0.0011544435493551768,0.032342725142725216,0.030282723185634783,0.0027595184962484294,0.022522623912852216,0.013091807973028237
3,4,0.009395736402137292,0.028418125208836555,0.024761277213348663,-0.0030413975434937274,0.03081334896327989,0.015312902576957605
3,5,-0.003988481559402216,0.03829551897830155,0.03513836720369137,-0.0022093591872148224,0.022955393929462917,0.007354426548477028
3,Aggregated,-0.15037435273824812,-0.020980540029442225,-0.020315960102277562,0.45306367039135564,-0.003088185236674028,-0.003040788215218371
3,Centralized,-0.14706012145492237,-0.019830744392274665,-0.01923681811095177,0.4433251990769014,-0.0025103743784243657,-0.002744001534562999
4,0,-0.447922551395993,-0.14678767411691176,-0.21343065991373236,1.1964473149668953,-0.13507026775664002,-0.2309325689654327
4,1,0.002626467772886104,0.003187221440926095,0.011817114242775754,0.016836016375013883,0.018977986092816538,0.010199600209823752
4,2,-0.004086133602688686,0.006496854040078823,0.01614975994622704,0.017582613965719432,0.014633208222114185,0.014553314450333171
4,3,0.001667520654142585,0.009734221129573062,0.015505066402155456,0.01222065444262573,0.015189031744854094,0.016055619618960393
4,4,-0.0009829663212747614,0.016971044239565813,0.016086307230496213,0.007404311082763309,0.018112276323008106,0.010116889096885436
4,5,-0.010139782408633596,0.00954321706399375,0.01452597261905104,0.014854759049245304,0.02256575781460617,0.02142197385572867
4,Aggregated,-0.14766615763757068,-0.04172128693734349,-0.05967995738148005,0.3997858928854352,-0.03203029045221112,-0.06562632602901436
4,Centralized,-0.14452755958434554,-0.04062349020389995,-0.0580727898761093,0.39145854633852556,-0.03095320995896727,-0.06389820111364464
5,0,-0.14739652749443852,0.054870812060808155,-0.10333667531177215,0.5921618251431844,-0.1808352171323387,0.006103761255511799
5,1,0.018170308889316755,0.007372480112188763,0.004751400910486343,-0.025036221147918914,0.004165875203086555,0.008287711383611219
5,2,0.019070946876670828,0.0039042165744317867,0.0027267507220495374,-0.02026874032962868,0.003031969979081371,0.0054414237795971055
5,3,0.016009822223694705,-0.0011312735465556917,0.00520687699121922,-0.010053930126171213,0.001333953876926615,0.005564193380658529
5,4,0.01705852431649592,0.0008430315681157378,0.008303871299823502,-0.01341984723004972,0.013124700230152666,0.007070655898604234
5,5,0.021216840802575243,0.0006538874002642585,-0.0026933272528957557,-0.023961520041797864,0.005575861083217197,0.00436962886898489
5,Aggregated,-0.03577747277511477,0.019477556469547515,-0.03126281878159662,0.180779133226418,-0.05535327282941237,0.006132700658389352
5,Centralized,-0.034610696608954626,0.019107691556812804,-0.03050966729184311,0.17647891339986377,-0.05404187234753775,0.006132817784172892
6,0,-0.23916851049439605,-0.10982307933186686,-0.1933178208837982,0.6555800561437056,0.012172140041434288,-0.06422105197559672
6,1,0.01568972460113559,0.014002496353824789,-0.016738768519678086,-0.0007374021883821727,-0.000422973448903265,0.01611360526135826
6,2,0.00891485834800155,0.013529046323826507,-0.017152573588159838,-0.012419054187142887,0.0029310644736712885,0.020394190736989684
6,3,0.010950278721038733,0.005961906410025201,-0.007328729313906355,-0.0014553616641465694,0.004047013580012316,0.003298904204504777
6,4,0.00863650597573114,0.008688417091974992,-0.00630022739159103,-0.009328966829849532,0.007267635361540832,0.012682883339266352
6,5,0.01073231129592111,0.01681741876435034,-0.019222487348943794,-0.01622111040608613,0.0035368945723374535,0.02196117383473479
6,Aggregated,-0.0706617943973716,-0.027896172901448746,-0.07208801448740969,0.20856146302857145,0.006311555114835844,-0.010930641804634418
6,Centralized,-0.0689006733795693,-0.027039733504101146,-0.07082086375504912,0.20388901893936612,0.006250386980148462,-0.010373642374106299
7,0,-0.11510540865356735,-0.08650227652270515,-0.1763982820335915,0.41198411232452664,0.1192163284472245,-0.09222786155402252
7,1,-0.0031224060092198505,0.01145081117405189,-0.023065729313708594,0.016241882236802712,0.004351536075632509,0.0160435863413596
7,2,-0.0007730807497377464,0.007813043369445797,-0.02676984096946342,0.016562498414604995,0.0030135080971970163,0.015493908991059497
7,3,-0.006039936657980938,0.0029480105903096593,-0.024742125942564818,0.010885550243830155,0.007962780419019901,0.011109149432800133
7,4,-0.01112369305887215,-0.0010024310479465612,-0.019809696284757563,0.015841926407707527,0.016290355106456753,0.013882299380243563
7,5,-0.007437692874899689,0.014331883690434172,-0.040709685933624694,0.02696661004502243,0.008315847038458352,0.015374214080852886
7,Aggregated,-0.04140796942947826,-0.023444910947779025,-0.07577459396999306,0.14611918230986323,0.04429057014060892,-0.02041489344743383
7,Centralized,-0.04063745758953608,-0.02278571406519579,-0.07472275193588837,0.14334007041938185,0.043507418031934246,-0.019664357751792864
8,0,0.016021867029235023,0.01154252823315423,-0.16187271417971283,0.1971215087288925,-0.022381932507730185,-0.040418483959811444
8,1,0.00945257918533809,0.0019045502107826171,-0.0011505332990338012,-0.03139169128416084,0.006718872036540343,-0.005073667957282108
8,2,0.006405998256512499,0.0009360464694888523,0.002362363704029683,-0.030709637973345034,-0.00045564785127948787,-0.002552668876695893
8,3,0.006660576623013361,0.0017242766870165108,0.0036990065883827244,-0.021127230557378602,0.0008300861746471114,-0.0003404436420073773
8,4,0.004066513727610793,0.005657531476162696,0.01096119753715603,-0.024039838942677142,-0.0013886157997165566,0.0037820387483534445
8,5,0.00534879023521846,0.0067991069246481585,0.003848693342675538,-0.03645191495482027,0.0003806312577654313,-0.003862516837532242
8,Aggregated,0.009531613185047772,0.006060505760153561,-0.05017616446097086,0.0449753091748918,-0.006485318492652528,-0.014276178489123497
8,Centralized,0.009463348930279093,0.006003371021267033,-0.04900881061871926,0.043385196548809395,-0.006319094730527447,-0.014002769902716292
9,0,-0.06497829792636362,0.05912502215500524,-0.06420263433351213,0.13668821261031452,-0.07517358484299384,0.013157002807297265
9,1,0.012078799206345615,0.011408880013699038,0.010412188777315992,-0.04392243073962123,0.008685747213979033,-0.0003347452107683993
9,2,0.011322856234515344,0.010633062566849887,0.01785053424079524,-0.039267660865817705,0.003982572643604809,-0.0047073588005923
9,3,0.004156859252256762,0.0062885550382196075,0.016279732380058604,-0.027201662444136136,0.0010839447739203545,-0.004104515784778535
9,4,0.005032672342451657,0.007735648398765458,0.016968718520025048,-0.011032854509415938,-0.0007410420335971107,-0.0014700579206809773
9,5,0.003683424016873622,0.016858608649485712,0.024842179967322808,-0.02776278895631323,-0.0019195223719746246,-0.010253206046722346
9,Aggregated,-0.016320993257144954,0.026427753092095767,-0.009321079535528954,0.024514183526996008,-0.023041304694233215,0.0014826132249203998
9,Centralized,-0.015812263635874194,0.026086002480896535,-0.008747498981810735,0.023341724036185636,-0.02249654030212849,0.0013606119615058527
10,0,-0.12287687463958237,0.025068958854903147,-0.003302701488558669,0.16006819978359552,-0.037622986092336795,0.008751259772150698
10,1,-0.004299341991171555,0.018473795189431225,0.0007232621694006859,-0.002233809089288635,0.0059489278616868405,-0.00806852202765196
10,2,-0.00635202740807846,0.013345431115710163,0.003903041143690369,-0.0026561342354229868,0.005886117781136381,-0.009580699631056887
10,3,-0.004952475986230551,0.004747279210671798,0.0025778875398129552,-0.0007675568374058525,0.005951328444235717,-0.009969067237256858
10,4,-0.00445796368206336,0.003965671050459587,0.005478741572686802,-2.299403143391483e-06,0.005877563212165698,-0.0009301521659257942
10,5,-0.014226884621951536,0.018124342101144834,0.002452391627230116,0.004376090224920908,0.007340065532268519,-0.006154860016575324
10,Aggregated,-0.04472476633910235,0.016084528317453203,0.0009611173847777314,0.05207108270588457,-0.008102672098745706,-0.0018190364190887643
10,Centralized,-0.04390771041447579,0.015990836710318982,0.0010055895684840462,0.050942344348258575,-0.007793692437411339,-0.001929408841217422
11,0,0.012570902780131621,-0.016656058269264924,-0.18520576670020145,0.12182260668141355,0.023138695757990654,0.01921015120185424
11,1,0.010172062512664793,-0.018920932149005865,0.010880916965862956,-0.029954136934150385,0.014622525872457645,-0.004848852385581915
11,2,0.01011091873264475,-0.020100963081864636,0.011455724319761067,-0.03244312034796809,0.00949435859756119,-0.0015389872329417498
11,3,0.004344388513412015,-0.01838755826790661,0.013457178518129458,-0.02221572146797278,0.009185670517046846,-0.0017317690115563342
11,4,0.003699192019730638,-0.002101089807032907,-0.0006170573335718027,-0.022451233712585447,0.001896252073968562,0.0036284633404161377
11,5,-0.0012175185672127654,-0.00955289438665729,0.004038574977830879,-0.03574918126742066,0.006986438718533327,0.007307573605484523
11,Aggregated,0.00775517324575823,-0.014740724082687498,-0.05516537914147913,0.02052098068513835,0.013235461532779994,0.006649362468872006
11,Centralized,0.007704884260827817,-0.01472076707326758,-0.05380603310776215,0.01946213256977465,0.013131941829591012,0.006518006760503584
12,0,0.02000285993821718,0.06383078310241522,-0.21712990396481793,0.2389059175173896,-0.13051905988736445,-0.0008390203934925105
12,1,0.006858133404629628,0.011438911413885686,0.0017096872249738708,0.0075420369974668645,0.008894637310807627,0.011196950271498005
12,2,0.008023762940895216,0.00903274901121792,0.005680233985720069,0.002501177003074224,0.0035491186244234587,0.011463362710776777
12,3,0.008001082937698158,-0.0013684504959393048,0.010747775521542135,0.001542148620071864,-0.0005210438465965622,0.0034716581484597786
12,4,0.007841638290981588,-0.0029001292211343894,-0.001515394470089098,-0.0023057457097325055,0.004681645724267817,-0.007194007041753709
12,5,0.0005637937976565381,0.018845144673313115,0.019511354181382324,-0.0016905017318557555,0.0005914028586664447,0.007733700785150431
12,Aggregated,0.010743916531635884,0.025555271926922096,-0.06600014489538936,0.07899798573542037,-0.04028293967932758,0.003319436547841954
12,Centralized,0.01064721702203897,0.02515522612620053,-0.06442023045850577,0.07732655234128591,-0.039339656569821024,0.00336294184326979
13,0,-0.0018983741702935614,0.03254194534513155,-0.07571911645669904,0.13604908963216034,-0.06549503614477575,0.021862380846185806
13,1,0.002316749270684287,0.012116859948301945,-0.00984090787102668,0.007588747447213321,-0.030041025011035855,0.009026082485655916
13,2,0.006478192016146209,0.007833667114375853,-0.0031107562008073197,0.002033359146408251,-0.03230061875502889,0.007369458033037614
13,3,-2.1823613493440908e-05,0.0027827153315614682,-0.0016155672048981445,0.007525608447203156,-0.01631814308477612,0.0034471283236551897
13,4,0.00610712182314482,-0.0011144695032415458,0.016020275704929515,0.009275782414326228,-0.00888583944055406,0.000842887690147828
13,5,-0.004124269788673624,0.008130250533882659,0.0034424914294133215,0.014954957683901489,-0.028898754270822967,0.0030736871758861506
13,Aggregated,0.0008294713974933916,0.014629108461264391,-0.02405412315312273,0.04997914601432762,-0.0370643780110225,0.010336487744864689
13,Centralized,0.0008581787664493584,0.01444214361297001,-0.023513959546353578,0.04907963728506651,-0.03676709375953716,0.010216299364532038
14,0,-0.019154650879636463,-0.016115959546090623,0.024205954233521253,0.06436843071214728,-0.04967619080059704,0.006770286447724266
14,1,0.0025461280606580575,0.0020183755491838162,-0.002327733073420847,0.0029314790347468892,0.005492736319933681,-0.006166593541928144
14,2,0.002467644231734837,-0.0017691645782585384,-0.0014185900357312005,0.003011150687294704,0.005233848388934828,-0.0038764402213228165
14,3,-8.102621620433107e-05,-0.004323065611636412,-9.242771106770801e-05,0.002563442744607891,0.004540306625179181,-0.0071446404106875186
14,4,-0.003733734640492111,-0.012614170571244589,0.003927891001658927,-0.009536313909707094,0.004523235696779925,0.01069646040519357
14,5,-0.008958169445789893,-0.003948273327263474,0.0009285077009064263,-0.0003429563794916987,0.008588793371603818,0.0036610556859806337
14,Aggregated,-0.007297146271569456,-0.008040204104034998,0.008037586173430965,0.020823956864160692,-0.012390328413053509,0.001828440264935768
14,Centralized,-0.007173128996190312,-0.007955822667023974,0.007868574052613266,0.02036881282626837,-0.012000516131614241,0.0017767915282367495
15,0,0.024250086965639905,-0.0494917488933625,-0.09970767496949268,0.17391107431631525,-0.09559288854870232,-0.006908656521128492
15,1,-0.020553235455870747,0.00630147110770119,-0.008891793132235057,-0.0013887124141878618,-0.0013706163432444473,-0.006798769279796178
15,2,-0.02002119654494935,0.006202663744501527,-0.0017592110602476332,-0.0035918880249552827,-0.0019017013442624749,-0.005285047156249028
15,3,-0.013229697080231185,-0.0009055114177179297,0.0026161113142339864,-0.0018920377099536142,0.002261788952145869,-0.008530558099501482
15,4,-0.010630355749763358,0.004986656887967915,0.00825908114706442,0.002319723076005997,0.0013707859747076037,-0.0027654970174671675
15,5,-0.028753237774265205,0.010031846522073227,0.003097724281890276,0.009974193670718947,-0.004837944374439014,-0.01766241285304961
15,Aggregated,-0.0046396198456274025,-0.012567482890513609,-0.032095656956035445,0.057492518539019974,-0.03180343189474148,-0.007784220174665663
15,Centralized,-0.004941637532200812,-0.012181528807573457,-0.03138894150535012,0.05627563383695468,-0.0311365819812651,-0.007793390455490271
16,0,0.0023941205020464695,-0.02697011678063016,-0.06206224570141319,0.0932487804153103,-0.012027232376963525,0.020511553225186663
16,1,0.013383073397799043,0.004475690453606829,0.0023109811431143443,0.005823589027032771,-0.015109992417548698,0.01361917249201878
16,2,0.007038429373988344,0.004303998269737996,0.005612671532110195,0.010307519360344942,-0.023831069196198613,0.011726237562503123
16,3,0.005823371342619946,0.001065492964343201,0.012883107718470151,0.01180674149281454,-0.02314222172976082,0.0010153640852065
16,4,0.0026390406395339315,-0.004537743974217695,0.015051844815483537,0.019634282719764338,-0.05079681981979017,-0.0036908960732936176
16,5,-6.306793883164628e-05,-0.001797502930882174,0.006593292157915345,0.015508144588473957,-0.02564939388436288,0.013026746715874367
16,Aggregated,0.0046642324237905946,-0.008329801703638494,-0.014537013241320043,0.03893345212020723,-0.022588601192663333,0.011503833733449258
16,Centralized,0.004687972666459648,-0.008135371877379952,-0.014040224763340858,0.03836581038290072,-0.022698830113201653,0.011409745983143194
17,0,-0.04165384176587107,0.00894540136985279,-0.0006750957550452271,0.07171037364486316,-0.025198260571509198,0.00950284174386864
17,1,-0.0011102311178987098,0.002282479563319987,-0.0025401986045972317,0.006947331810091797,-0.015512182786747831,-0.01093952900652027
17,2,0.004901082320844111,0.004462513805895937,-0.0027338870015524742,0.008473224300310793,-0.018041702460904224,-0.012114440307232556
17,3,0.0011581837612935988,0.0007163842039995983,0.0011854298439391787,0.007535250402871604,-0.008517529338091773,-0.01144523432016081
17,4,0.008419159392072804,0.018404148000031085,-0.010504313363929065,0.0106593781340289,-0.015704254516398286,0.002051808197380782
17,5,-0.004344331124536515,0.02055496824348884,-0.004968636131083351,0.01813375972264938,-0.033746890873141026,-0.014361071987448043
17,Aggregated,-0.0123795128912684,0.009173552658618531,-0.0028557358709279195,0.030377027821138148,-0.020554535369144675,-0.0032045723285666593
17,Centralized,-0.01207334294080042,0.009176180180826065,-0.0028783852050343014,0.029945140312164754,-0.020505816424818656,-0.003337236271965991
18,0,-0.019398832645792483,0.025417450868368094,0.010551871253129348,0.13545361288706795,-0.07726222633910118,-0.09987064846492515
18,1,0.014703639661327166,0.006511283824417332,-0.013146286751696325,-0.025735750729533106,0.01136366101680131,-0.006646568051648125
18,2,0.016417087134619205,0.003682116496801999,-0.011854486710313068,-0.02462953758657593,0.011081843226082664,-0.009616243291171545
18,3,0.0071770482829065264,0.00030530579942870733,-0.007417397237690609,-0.020799363628571526,0.015281315976738732,-0.004862066191312849
18,4,0.01003380185311613,-0.00012361825161195353,0.003268478337348538,-0.014509906255644604,0.0057866189973639235,-0.0028455308642806507
18,5,0.014299400705928103,-0.003493555546076052,-0.003070807286415169,-0.02304080588621185,0.029575648700931097,-0.011305293758367639
18,Aggregated,0.0021063116557092317,0.00922300064678074,-0.0008968520133676996,0.02956373265165913,-0.015370547113154312,-0.03734882756504793
18,Centralized,0.0023311518232435624,0.009053803267085506,-0.0010164327241857115,0.028456762238599536,-0.014723671499689303,-0.03669533519831708
19,0,-0.000881191325169562,0.005127124902473095,-0.05215240030433511,0.07250279904110053,0.00845043071891102,-0.014980963807528074
19,1,0.0010098159377738933,0.01168096925581469,0.004746039025016297,-0.025171267450907735,0.012539936738769344,0.017933559791302456
19,2,0.0034106356293759467,0.009596478606712446,0.009304885233337473,-0.01829051736638579,0.00480438747671387,0.010901431417421049
19,3,-0.00030825088406618694,0.005337788948353871,0.01164434095908732,-0.013140432080124304,-0.0032070632599520907,0.006138642022552574
19,4,0.0027962073020213005,-0.011768233729964961,0.014365048507935452,-0.001065097737733286,0.0017349302620946882,-0.0012522822623030696
19,5,-0.008312855323643545,0.006907934708983698,0.01678195224035938,-0.030593456092973256,0.012280096786659232,0.014978387632649463
19,Aggregated,-0.00047681962034068064,0.004604307960841354,-0.00936386733266232,0.011773164998278421,0.006550857490634616,0.0016713870309450153
19,Centralized,-0.0004726087604828955,0.004598950987497448,-0.008916669107901998,0.01113839740845179,0.006531014244732117,0.0018453176548232787
20,0,0.0008712991751043562,0.0074691760938748715,-0.04220121965126655,0.08817280930698998,-0.06822904341397779,0.00023275816460630223
20,1,-0.0031330002093547917,0.02433425887092912,-0.002113392032326437,-0.005062461651100248,-0.02373290220522948,0.0007432481287866234
20,2,-0.0016186518671108088,0.019183131133976017,0.0014306817394536598,-0.005638501210762578,-0.02016724394718322,0.001272001401368756
20,3,-0.0029217951098992477,0.01709445070842291,0.003362335783532328,-0.00029310484861550337,-0.010249483640224107,-0.0050087856384859976
20,4,-0.0021180924117179174,0.0014800401838126,0.00842136357473815,0.005142452425533224,-0.00395901060714036,-0.00543832444267979
20,5,-0.016601176591888166,0.036684631953427,0.008616165571213915,0.006358505276725265,-0.019445892731121083,-0.01240219111778056
20,Aggregated,-0.0032713204588381978,0.01574528226810184,-0.011117539347340387,0.028846664664407926,-0.03271737110561901,-0.002730852545707338
20,Centralized,-0.003314517004983808,0.01583183524060139,-0.010792760269822359,0.02822652119381668,-0.032346120792583484,-0.002761880269565145
21,0,-0.05397453386186936,0.004049627818270049,-0.047197900945539314,0.10105291249732001,-0.010713950931236232,0.03394714396016247
21,1,-0.0011689030432754923,0.009265781465036932,-0.016564324483475373,0.00654094369190736,0.006137654216349223,0.008309158767029989
21,2,-0.0007805768698929452,0.007366037088647988,-0.010105957819590568,0.005669114179006166,0.0005041278161429779,0.0011040957466896533
21,3,0.001096877689075807,0.004420798507386648,-0.006905638315790144,0.006014966955341813,0.0009759310128833418,-0.01011176276497053
21,4,-0.0005252826315881175,0.01169797708783298,0.007280533742371987,0.006886684560033572,-0.010250590388025008,-0.01996311614580852
21,5,-0.01488169486514215,0.022142197714620913,-0.011261544924232633,0.012462530626137822,0.0049689924045391055,-0.009417515517876738
21,Aggregated,-0.01980707090000447,0.00871705209175885,-0.020464511131510838,0.038044367486155674,-0.0031821561960268573,0.007027528613632669
21,Centralized,-0.019449877437846767,0.008765893914855074,-0.02018505097651362,0.037385818694152285,-0.0031034015991177463,0.006746154138721503
22,0,-0.00011168828130512356,-0.01246027809970428,-0.011367231705431325,0.0527570860314153,-0.014701077801036593,-0.014307218798046913
22,1,0.0162008289235206,0.010731912496138923,0.011462373275561209,-0.03983384165408827,-0.015421023273258918,0.0008146054523880321
22,2,0.016859903727350103,0.008927497824178367,0.007230504404316139,-0.033685045411585374,-0.01301619676075556,-0.001040566468138175
22,3,0.011243230301745082,0.008508122504150136,0.008465110877357495,-0.02609024039218003,-0.0057717839981391815,-0.0016997665818498388
22,4,0.012133233360652907,0.005848539792380161,-0.0014190196100679212,-0.013552050589482938,-0.004648750588958666,-0.0033980995066277535
22,5,0.021473973904038556,0.011093389649942666,0.014267733103037436,-0.041864403904535046,-0.01716056679128347,-0.004557998312059434
22,Aggregated,0.010459956712016046,0.002010411640779745,0.0016797086447948042,-0.003666301923325158,-0.012345171269328855,-0.006000983732029481
22,Centralized,0.010570289347476343,0.0021615663656290862,0.0018161363208625313,-0.0042560993643890686,-0.012320559506654474,-0.005914083674461575
23,0,-0.011715282095102465,-0.013708840193870109,-0.030594107418939042,0.07423896296412126,0.0007320470593078191,0.001958330053392605
23,1,-0.009988295100390175,0.017882911509336224,-0.011241904489067023,0.0051525247854168925,0.0019619815889755157,-7.61844116686964e-05
23,2,-0.00538354975035798,0.014702831400284203,-0.004392428591919395,0.0030808793250378533,-0.001202472488547405,-0.003685688371482825
23,3,-0.004952107443267288,0.008179279977457874,-0.0008099547460393076,0.0043493896976787945,-0.004239096282911401,-0.0014080220045827017
23,4,0.008435373430723654,0.000609822612798608,0.005220484397422525,-0.006009473956657376,-0.006738683163414059,-0.004964742694608632
23,5,-0.0012746632257812423,0.018257825667669637,-0.0006243090633537036,0.0015773572622357183,-0.010277303655243169,-0.0006833696629853731
23,Aggregated,-0.005597093355940435,0.0035595056096159585,-0.011581700671749396,0.025328643907845744,-0.002522290959409677,-0.0008182604902330659
23,Centralized,-0.00553311324339613,0.0037399994726871086,-0.01138300187405219,0.024817481756486067,-0.0025564326428242634,-0.0008474385026604874
24,0,0.016005426213789555,0.019847150925588673,-0.0804582920693026,0.055802756401605765,-0.006834085105952268,-0.01209636397931779
24,1,0.010139602278404844,0.015976823961367282,0.0007040245859072283,-0.0058725773498206095,-0.009580474179552602,-0.010712772280999766
24,2,0.004558741010915788,0.01214052589064885,0.006066545736381517,-0.0037224644304976345,-0.00840885445856601,-0.010616062352428894
24,3,0.0010741505243614148,0.006072253672597123,0.0053365751320067845,-0.0047770402214212795,-0.0031456115486650665,-0.010818608668380275
24,4,-0.007734977635963507,0.0011760624562029516,0.008310096880487661,0.01678525334610217,-0.007340448581404667,-0.009196134833135701
24,5,0.0015459725188363474,0.018800926846466687,0.0058877945459962526,0.0052075709640554855,-0.012033420305905363,-0.02608300838546523
24,Aggregated,0.006515062188956894,0.013775307713376005,-0.022716576259768174,0.01923992895808104,-0.0076880098199346575,-0.01303198231346285
24,Centralized,0.006415961165140054,0.013711859420288115,-0.022112977013628847,0.018857763278197322,-0.007697064811383688,-0.01304180941011937
25,0,0.017167923437878225,0.002059561136043587,-0.03322460934633854,0.09406683197484086,-0.04473318792982673,-0.03850436516007643
25,1,0.005865626360679423,0.0041629260679576,-0.012122388381765995,-0.005060030474725051,0.022376913474049125,-0.009823661250190803
25,2,0.004295654361679401,0.004672137389451403,-0.008488846963464053,-0.004970991175051299,0.012957820658348215,-0.006054561404755406
25,3,-0.005725650847877281,0.005394886159960915,-0.00602733770593305,-0.00018250983556095237,0.015809851399772614,-0.006278110888565768
25,4,-0.011161841371970994,0.01474911146899118,0.008763972782441077,-0.0016034575601681237,0.006740513700624269,-0.006201297823211111
25,5,-0.011115128216623795,0.02520969185143592,-0.008676588191418538,-0.0017040513011118657,0.03317446649831457,-0.012722902360513549
25,Aggregated,0.003199735673600085,0.007972671998016849,-0.01442109922093804,0.028880509536699933,-0.002332489820432944,-0.018101771799452413
25,Centralized,0.0030536697907761565,0.008034454326548462,-0.014224527885101867,0.0281991182895577,-0.001889237854875831,-0.01788847743886892
26,0,-0.056275695388912556,0.01857735835158663,0.0001391178848665088,0.05247105229566451,-0.008815330038969314,-0.02264882338535184
26,1,0.004659129356335392,0.008592163959761203,-0.018951451146024166,0.015127622078060558,-0.009190798853758092,-0.003409654902870054
26,2,0.002819418320004598,0.007940453614194157,-0.015913563621654005,0.01532567301429141,-0.0060912930480457005,-0.003420303137773564
26,3,-0.0006549144737993772,0.0030320489560693234,-0.007577745007919238,0.01402549360260438,-0.010062827745488395,-2.9957935934524457e-05
26,4,0.0051829306232237925,-0.00428552930305807,-0.0051493972142839135,0.0046739048603360875,0.0034180812104875435,0.0012449690691167432
26,5,-0.0004446344396757408,-0.004726560820342372,-0.012430811292995942,0.02497571904943004,-0.009370691493746516,-0.0007148327478872495
26,Aggregated,-0.016809946599781064,0.0074850631625872415,-0.008041055602727894,0.027112606098145035,-0.007093691305637594,-0.008245025597390385
26,Centralized,-0.01639749934057503,0.007368997295717912,-0.008126682405854417,0.026847768469229753,-0.007075874911935275,-0.008094339949240276
27,0,0.005030048756050848,-0.005414666590832072,0.002666673997417525,0.030667451666314936,-0.016600611329761705,0.014595317085973935
27,1,-0.0077704092023605864,0.007067932642465212,0.003050866529004383,-0.0062641251027943405,-0.009126639432316966,0.011987640411612837
27,2,-0.006750074593672421,0.006142537215013066,0.0011155865549915584,-0.0038933938845249058,-0.005096194536478521,0.0026861494971077314
27,3,-0.010519287515549832,0.002278187623129198,0.002430319215730808,-0.001606792459300589,-0.0031068507367760178,0.0045117472592845365
27,4,-0.008569226098402799,-0.0018245795089789191,-0.0056695929368758766,0.0017209925372845528,0.0031936980851501972,-0.006951678671643577
27,5,-0.025618634361416707,0.0046643202569725895,0.0011286401261642023,-0.0011548312761663518,-0.005876017848835482,0.0076654250116843185
27,Aggregated,-0.006337574036564376,0.0007019812963428536,0.0011473309320866774,0.00850078240825902,-0.008114281047024111,0.007444594895443522
27,Centralized,-0.0064562435218429035,0.0007658435497966829,0.0011312310741089975,0.008269112920455441,-0.008025820147098284,0.007369977197967933
28,0,0.015353755881737308,-0.050829315574121695,-0.04305085095538917,0.06387944128683563,-0.019274978890672485,0.02040212512884304
28,1,-0.005131880835016706,0.0076937062351036985,-0.010841357073970458,0.008499257327178475,-0.004813658842578391,0.012043163651078072
28,2,-0.0055355109160150065,0.00655284740670514,-0.0024844554609366938,0.008367351351843456,-0.006293564662161518,0.005359150693807953
28,3,-0.00939170294133647,0.006938629995315527,0.0027497019706960502,0.013997199992510527,-0.006848434553490856,-0.0015176140601973244
28,4,-0.010013040499999765,0.01149831122826807,0.013805478081629482,0.003994014378975394,0.0001391307873010093,-0.01313328169903777
28,5,-0.024943593367560753,0.010836965858130071,0.004914828075425114,0.020279319304050584,-0.0059016254080531535,0.007891398343527698
28,Aggregated,-0.0024006206856187016,-0.010726781700045202,-0.012953988482194555,0.028277588218487464,-0.009486459940275898,0.008092799039867265
28,Centralized,-0.00258610217455535,-0.010307562221811782,-0.012639361321172498,0.027905557746028098,-0.009383950720551603,0.007964231649313385
29,0,0.0031725166786642106,0.02782881340750667,-0.1357107256888349,0.10321947436748183,0.006188863107548804,-0.003017021368791285
29,1,-0.00400718225078291,0.0032068424130030876,0.0009277548074073729,-0.02452257063743124,-0.0017213927871759902,7.679989432098479e-05
29,2,-0.0037479737680038614,0.0025222358888503152,0.002951735973537608,-0.014636272748371286,-0.00379990000583519,-0.0002536027173548795
29,3,-0.005249714715809925,-0.0024620293838187052,0.005275222030993862,-0.012989501131948003,-0.0003386331296045141,-0.0024829016921687494
29,4,-0.009994789108928209,-0.002401035405854545,0.007020835969787721,-0.0036174430486866143,0.0007140363003792931,0.009976940261214609
29,5,-0.019755436699179403,-0.004120597674624046,0.00932769470567779,-0.012292528658491002,-0.0012424217808567214,0.007764586206189682
29,Aggregated,-0.004724620694545037,0.008644469852571718,-0.04085821971685132,0.024520390387962474,0.001159307455118899,0.0010471514386464391
29,Centralized,-0.004806943291857122,0.008444039012704073,-0.03986652920607411,0.023697937964277625,0.0011069545091404534,0.0010897271582664117
30,0,-0.016609564899699468,-0.0021678253379900057,-0.025249064278100017,0.06957785703481266,-0.0405444474577328,0.015582398865791509
30,1,-0.0014349047278696887,0.005238154047800705,-0.007980384668435512,0.01499788594907662,0.0024919980975306654,0.008746705716729888
30,2,-0.0003738007010606201,0.005240162518107136,-0.0035205212324632895,0.013098494347166945,-0.0013175072306791057,0.004437308810536871
30,3,0.0009375185602318303,0.004744888374251736,-0.0009440138017875868,0.009887770014909883,0.00020369366961693164,0.002533972188470428
30,4,-0.0004920802609156749,0.008417396712043959,-0.003112023086303657,0.008715907750154118,-0.010329333680393751,-0.00045895389526556574
30,5,-0.008253018715845944,0.00812998551408031,-0.0021412483954385375,0.022496392988693003,-0.006507277216995134,0.012050506713817426
30,Aggregated,-0.006716663152273527,0.003572674185755438,-0.010625292070797918,0.03203158092138152,-0.015315744418972627,0.00876509498458634
30,Centralized,-0.006613321493763141,0.0036327805022976457,-0.010472545200570015,0.03163925204811109,-0.01505205438448664,0.00869378509020722
31,0,-0.035679837701044124,-0.01964876048392481,-0.02521147048439729,0.07216947893733594,0.0035670959646641235,-0.005286532970343589
31,1,-0.000636159003762713,0.010312284488666328,-0.031681063666842355,-0.0053798456405343455,0.007576888383973193,-0.0003473583286385656
31,2,-0.0008691386989189701,0.0075881013777840374,-0.020515750977579454,-0.005951776377644763,0.003657905959995185,-0.0009337431018870241
31,3,0.0021292607515195107,0.0028769782606875107,-0.019657853459540055,0.0016456234057563718,-0.0007244598180657149,-0.0011914368256124215
31,4,-0.00025983750898456295,0.009033007597448446,-0.0006794163535860473,-0.011993928794256675,0.0028143548202918724,-0.005228262579038619
31,5,-0.003727202455211477,0.012473734596283986,-0.026069570270911935,-0.006171964664516389,0.005583500807460574,-0.007555102932069969
31,Aggregated,-0.012098484430049175,-0.0007164485721486329,-0.02151283174050711,0.019802826627904137,0.003711614493025493,-0.003780768535996476
31,Centralized,-0.011851884986831223,-0.0005185013677972719,-0.02147410556168152,0.01925558808624427,0.003713145851538126,-0.003764803361187206
32,0,0.015867281733769563,0.010567269045391115,-0.030577775192338254,0.05766125569373116,-0.02647610558783976,0.009842207837376618
32,1,0.011181647212329096,0.0163572810289073,-0.005708761988788367,0.005258573131523922,-0.012990766024289379,0.00019258440946949318
32,2,0.0035531739984546716,0.011659511641034714,-0.0027009406992393944,0.005724324112413584,-0.006613612021419381,-0.0018647304441831143
32,3,0.00014843013113397777,0.008308660359784064,0.003750220782857896,0.013135517087546471,-0.008413578875033195,-0.008762853417422327
32,4,-0.02609698205103701,0.011866436038959396,-0.007562649459232635,0.019560892180979377,0.0013646182995136773,-0.004345115400863433
32,5,0.0028573913043859144,0.016770460092618025,0.0023250348070413427,0.035830135940685404,-0.02177180124855997,-0.015612920526038273
32,Aggregated,0.0040530700671339865,0.012200918124681416,-0.0113135237509975,0.029531563442084723,-0.0151654014874928,-0.0008822751684394304
32,Centralized,0.003929654064344211,0.012218172595466172,-0.011112040219642322,0.029237740468972793,-0.015047040830815157,-0.000994328371643817
33,0,-0.04060380640172535,-0.002627300722149131,-0.008830969555564887,0.05583300090218356,-0.009869094742893584,-0.002023418463809442
33,1,0.011562572536898005,-0.012781243002917253,0.0003224509638988433,-0.005689408581277294,0.0029288999623270644,0.002869496580364127
33,2,0.011250819010354319,-0.004717539961495719,0.0029145148714774132,-0.004330668917378974,-0.004708251979612535,9.979000530886159e-05
33,3,0.01229483597837654,-0.0006122187087370457,0.0020763090368630856,-0.002977062737122843,-0.004382449906740129,-0.0063321121715688745
33,4,0.00872751795627514,0.011007545763491297,0.009661541020672801,-0.01339710297305601,-0.0066353701004200705,-0.003519911221744012
33,5,0.013688938227315366,0.004658713611991384,0.006305347208985441,-0.009603164184434408,-0.008577835846072994,-0.007666995924819695
33,Aggregated,-0.00550263015258357,-0.0011868768100616147,-1.538233855833803e-05,0.013373441526997445,-0.006100835552093173,-0.0026205961465318025
33,Centralized,-0.005135757825953722,-0.0011719478471624463,7.676983120066045e-05,0.012929659032306695,-0.006061278895033976,-0.0026268600952053015
34,0,0.0002574835791678234,-0.013955547156089963,-0.02039773493398567,0.04771964458405365,0.005798161027076523,-0.01671943940923637
34,1,0.012259470557033074,0.0069673026463534,-0.01572931604004613,-0.0015886520273939127,-0.004198012553343813,-0.005773661402895901
34,2,0.007312236690362908,0.005092157842268867,-0.010645284228537864,0.0010935903840474715,-0.00644662229888181,-0.0049972232392986185
34,3,0.0016595998995835354,0.003563721956473052,-0.0043314375336931,-0.010253118800293453,0.00258554109219022,-0.001512125410127271
34,4,-0.001877273704220559,0.008120865396837318,-0.0009797168778736523,-0.006811935879805038,0.0007404857191275874,-7.043365629779823e-05
34,5,0.0014013559785415878,0.007000312298789993,-0.007868654764588501,-0.01713879121894027,0.010351207244005706,-0.001789336831679532
34,Aggregated,0.002880263015032332,-0.0004129299559755986,-0.011986416543069986,0.010900292720879116,0.0023009991053996952,-0.007362346652892817
34,Centralized,0.002907702747742578,-0.00027137053500342047,-0.011898463445197094,0.010515413819044559,0.0022644189769775213,-0.0072645757801324574
35,0,0.01472944510949391,0.03256560075709697,-0.04300997185905193,0.07590382478901898,-0.09762656484838494,0.006112876452505651
35,1,0.0032378604131918275,0.009660524495743133,-0.005220623888849605,-0.01574965362225028,-0.012669920189628583,0.006285941621914663
35,2,0.0038937696858817364,0.00491270407607984,-0.004208382610436077,-0.00813788034988341,-0.010396206499095222,0.0063070312740409655
35,3,0.0007877896934979765,0.005123987195485493,-0.003875158411093624,-0.012568166746545897,-0.001382873170462767,0.006807134661666466
35,4,0.009698616174783174,-0.010236724706919583,0.011570330615161205,-0.0074455921055546544,-0.003870385735731695,0.0023713474040262484
35,5,0.004453445149145306,-0.003464349126631779,0.0027000407773457905,-0.025648608818039372,-0.00021630490308429241,0.013826336217645842
35,Aggregated,0.00778101693319247,0.011436774797233361,-0.01390768483360089,0.015403992844337406,-0.035708356801424174,0.006790991344030171
35,Centralized,0.007708477704570666,0.011215801897584709,-0.01360344987679591,0.01477161505034496,-0.035061054789087366,0.00679808162669686
36,0,-0.008217337323195118,0.0019178740418590227,-0.022289129757963315,0.057167105928448606,-0.030167382841040844,0.017359360986434796
36,1,0.00973461073989311,0.009376924917098222,-0.018591370056780777,0.006219434407500893,0.006759849565233041,0.0005477957657623526
36,2,0.005689256848153065,0.007033566854253729,-0.007328176765571308,0.002769551669285057,0.0023276259215495067,-0.0019130759704580847
36,3,-0.0022200214700965814,0.001828169366929717,-0.004699728513039828,0.002858648121268285,0.005936664008347424,-0.002042856982532861
36,4,0.0014134697768355662,0.0017996443612576499,0.0010687639797278834,-0.005202188242067703,0.0037749395534220427,-0.005803495879134523
36,5,-0.004929086116132954,0.006700973425075807,-0.01306548380327454,0.009725020386221927,0.006918360087872222,-0.0014660374704816455
36,Aggregated,-0.001376798934108224,0.004228357588984958,-0.013016206799110523,0.020864020844163875,-0.006381487805640962,0.004227327715918581
36,Centralized,-0.001305348188547549,0.004252519015599047,-0.012919305775175596,0.020484617896156295,-0.006132957312341933,0.00409015947599505
37,0,0.015111610247907449,-0.02398012339383738,-0.06524764121094444,0.06769551743599761,0.010480830438627065,-0.007847984780185382
37,1,-0.0004835962831245641,0.018885129379366677,-0.002375818327026021,-0.007279941832036929,-0.0013268008924213067,0.00191671440919555
37,2,0.00019399723920227103,0.01325958537394694,0.0007381863286986078,-0.005464459293123811,-0.0024701263221153587,0.001700423039321508
37,3,-0.005448561588598183,0.011424513316335158,0.007133488334124938,0.003169146998469886,-0.003927861897726371,-0.0015439765490615938
37,4,-0.003917458433222589,0.00912519808519684,0.009669625051629337,0.0003354780958760743,-0.007347238292060149,-0.0040021329619225315
37,5,-0.010179284068990485,0.0226227378531573,0.013397874856339333,0.012255452423170885,-0.011042034005941172,-0.006016915297647822
37,Aggregated,0.0022600053063254006,0.0023201606800545595,-0.017447784908914063,0.022501152939475612,-9.736234897166605e-05,-0.003631964872970686
37,Centralized,0.0021256036118574824,0.002595006479692954,-0.01694821847806653,0.022028730994954213,-0.00020797108655998912,-0.003587951095039975
38,0,-0.01597311673767766,-0.00016982574052414777,0.006899802081645514,0.04562232364726919,-0.035199719421319796,-0.007393462605927484
38,1,0.016761896040172582,-0.0006128508225177162,-0.0040435701761003095,0.009993030735606988,-0.015510932101511117,-0.011561506698040734
38,2,0.0093170416729377,-0.0009531859869360887,-0.002121545902195815,0.006502566449470442,-0.010967579428605486,-0.006949858571197002
38,3,0.008446075657147917,-0.005986624136126417,0.0044267152558620775,-0.0012647480791832552,-0.008081765474579894,-0.008768054701283747
38,4,-0.002950029915614677,-0.004392099715934149,0.008408433624798909,-0.002419221641771197,-0.003564668514415554,0.004205636606669216
38,5,0.013238923900422063,-0.010720098841836119,0.011958758189594628,0.007947525901353157,-0.021916174422841897,-0.009160538879988451
38,Aggregated,0.0008240521278687085,-0.003108901855756639,0.004761721846978694,0.01768722110575029,-0.019577604598293788,-0.00675582088311684
38,Centralized,0.000999619569057239,-0.003139649100196988,0.004739417718438158,0.01739523292600336,-0.01941435986499395,-0.006749310645744884
39,0,-0.029789361001898114,0.012261180120520295,0.0020934082921526998,0.05023019464722605,-0.031010924269939236,0.004252376553033436
39,1,-0.00993012912056245,0.011877548473401962,0.0011293432147784519,-0.007805672265929272,-0.016402775224921194,0.01256583759294213
39,2,-0.008398555322781377,0.008935735038728533,0.00012142430766922836,-0.001812355121308488,-0.011260113277349337,0.008338147712344611
39,3,-0.009789534297649664,0.007468626750347244,-0.0017149552276417986,0.0007495909711472294,-0.00725070352537939,0.003741830234375671
39,4,-0.008677282733970018,0.009606823498679664,-0.013938375028575322,0.01005889159460671,0.009185549677025295,-0.005753642085607238
39,5,-0.021283812731694992,0.017549933119257552,-0.011364764099303475,0.0012950005513162,-0.0054623301323314935,0.010380310958104315
39,Aggregated,-0.01754743913784677,0.011470730024996188,-0.0027881868914195946,0.016729282399067954,-0.014323587104811063,0.005331587154978047
39,Centralized,-0.017419367590160984,0.011462563317210142,-0.002839286656609969,0.016379093474633784,-0.014149280068707047,0.005342881964765458
40,0,-0.008833261364394605,-0.013803027302800381,-0.02047643585466872,0.05442825032056129,-0.01721458600079536,0.016032915335579948
40,1,0.005017768250240981,0.008618564171713777,-0.00850269438135506,0.012728047738448552,-0.03382044372584291,0.003587592940886276
40,2,0.004149295459013064,0.0007016910364627385,-0.003984166408527013,0.013173629331378993,-0.024634974727318713,0.0011298447632059002
40,3,-0.0005281443967623114,-0.005926194895536947,-0.0012481074308275024,0.015735548588633165,-0.01605209539241697,0.001418543573179981
40,4,-0.007741231240057591,-0.015185474531922807,0.008950414171289887,0.019451355845362606,-0.00936542651789842,-0.0023630620876238036
40,5,-0.01003562440473517,-0.01731105930728632,-0.0003222592264535556,0.03564824068180573,-0.020963712125154025,0.000994833237337014
40,Aggregated,-0.004114141569504862,-0.008425881996361123,-0.007371227167637228,0.030797276244333465,-0.019742487041160845,0.005875244829633304
40,Centralized,-0.0040647787327765675,-0.008369597761653231,-0.007234358596686526,0.03055026766100656,-0.0197688748042757,0.005769117021080571
41,0,-0.007119933449080679,-0.011674215557325842,0.0062046715675155234,0.032048886395569305,0.00045210114500977686,-0.023332411537778444
41,1,0.017230168006993916,0.000844254040049988,0.017025800503622388,-0.036201288724786646,0.0065321763903627835,-0.0165595971932308
41,2,0.009244888923814448,0.0029658133702699227,0.012890080391853563,-0.02812735271166626,0.008049091413465357,-0.014123995687090767
41,3,0.005163364388258146,0.003586023454590406,0.014170280586824006,-0.021174583644532872,0.007839122104363121,-0.013924985941514211
41,4,-0.00041439451073432723,0.007758650379876415,0.013667926919413705,-0.01967964487311431,0.008983835639378575,-0.008349663085247693
41,5,-0.0030836834004880575,0.01039541241945743,0.028144378213604496,-0.03165762082504524,0.013433128357432314,-0.025402471271815847
41,Aggregated,0.001467298608685538,-0.0003681131319187088,0.013597599313215754,-0.007975223208934842,0.006188172913157683,-0.01817234755189328
41,Centralized,0.001557110365344354,-0.0002499869494169757,0.013674863910350553,-0.00839357015333667,0.006248226323244545,-0.018118426769592685
42,0,-0.030322696273481765,-0.00014909623561302457,-0.018176263699608092,0.043521237132944875,-0.004379136896655648,0.014114453029246988
42,1,-0.02947007649001658,0.023954603643690328,-0.0005810149003104362,0.002946612129977789,0.0037206124581575005,0.00998710728406888
42,2,-0.02815270642780562,0.01953036213028231,0.005622538566432542,0.003070011996209296,-0.0035430388392704406,0.006582135277273132
42,3,-0.029921353337975912,0.011593229675140159,0.007120250941693511,0.003068564504012459,-0.004353671319142045,0.006091179095004483
42,4,-0.027755994112620058,0.008451841478498022,0.012722089935493872,0.014870491055674466,-0.02489276095951454,0.0003456171990106217
42,5,-0.06102977666787194,0.025410748947801053,0.0086476916523714,0.01953295272496667,-0.015569479064581275,0.011038519152716447
42,Aggregated,-0.033652562093741074,0.011933687869534606,-0.0014150141325068235,0.02006363460357681,-0.007443090588989221,0.009193338418207402
42,Centralized,-0.03368733750665364,0.012059807709211433,-0.0012397574474512208,0.019818379462117657,-0.00747509742329773,0.00914204231341113
43,0,-0.01730047245317579,-0.08434678449044936,-0.00357733309053576,0.05935233778976663,0.022536321266881865,0.019811631718257842
43,1,0.005251263503033754,0.029085458978776825,-0.014125113704646421,0.006455818987486608,-0.016912485383845703,-0.01091289514115991
43,2,0.003956156076567263,0.026063061637962,-0.004550820985452199,0.00955685136045864,-0.014972975996039235,-0.014939995922103768
43,3,-0.001379327239756058,0.01809296407712583,0.0017026437171141773,0.011933094551151028,-0.006528382355284506,-0.014800352783825663
43,4,0.0007213166634276366,0.01559302387192793,0.00023135460939210117,0.01853638896872437,-0.006958112967587713,-0.021018645846015274
43,5,-0.004159491731429878,0.034123783785788016,-0.009580178205522446,0.03559322927676221,-0.019010814216173125,-0.029783851530342575
43,Aggregated,-0.005055210981604243,-0.01096432972393454,-0.00471378032880782,0.03042919973767515,-0.0013182856127738874,-0.0058549323624905985
43,Centralized,-0.004927059074978113,-0.010197295199690001,-0.00472567573567822,0.030126922096640196,-0.0015675866929975746,-0.006123169643402733
44,0,-0.016466268610542015,-0.012336938586165748,-0.01655460993684521,0.038545415302020845,0.0011198733060620502,0.012886501765227737
44,1,-0.009914163310725062,0.018224892604056322,-0.011352417734574684,-0.0027758631656869402,0.010169321347482453,0.005797769866077591
44,2,-0.008147827148484815,0.014223377235032208,-0.0054326302963328315,-0.00028053013344066675,0.004406898281108607,0.00011556416054597375
44,3,-0.011827140496850415,0.008954996617636582,0.004689328870215413,-0.0012141012130588325,0.003955585889631638,-0.002225241380648288
44,4,-0.0006121194579444637,0.008400048025530463,0.013678873289354559,-0.001094886897517009,-0.0004117722502686858,-0.007945185213365494
44,5,-0.015536712225494319,0.018166948887688248,0.011524928523351022,0.0017040644852959386,0.006209495542168497,-0.002591317630059219
44,Aggregated,-0.011576723149614937,0.005130538839452569,-0.003637236298302656,0.012087423052091392,0.003643253022004609,0.0032833374941027334
44,Centralized,-0.011525662362470688,0.0053131553388507825,-0.003502196803727732,0.011810937423082351,0.0036696039909574203,0.0031829766546833363
45,0,-0.03279688490911546,0.008524159596250476,-0.011709993212872461,0.031824910456667924,-0.005054782130764666,0.004560239965844765
45,1,-0.007380961703109311,0.01952047476338092,-0.010336904637588242,-0.0022361547294422117,-0.016890394885527328,0.0014694303892999667
45,2,-0.008942846686878317,0.01513086978161711,-0.00648220641081293,-0.0009040122770281278,-0.011874691781559227,0.0028120388023143627
45,3,-0.009122084944583003,0.012172102369621728,-0.002316576222268325,0.007345349455406721,-0.010706043258176357,0.0022846472191105204
45,4,0.006052125440991693,0.010940848937544344,-0.007898043521637076,-0.004963584178181774,-0.011873985808019152,0.003886534272387276
45,5,-0.0016230712481396033,0.019528868995119023,-0.00889544683622298,0.011198723408937954,-0.030337422462211914,0.00603728818721953
45,Aggregated,-0.013535892951014889,0.01319531758978057,-0.008662457487080527,0.011793756108894193,-0.012654309802568544,0.003709969282239758
45,Centralized,-0.013334638259048077,0.01324389521688386,-0.008630683451033332,0.011584181230523615,-0.012733895156557972,0.003701402738407401
46,0,-0.02779831520197917,0.0014180130132383703,-0.015201326107152833,0.04869268977979397,-0.004925543723979061,0.001706955005561143
46,1,0.007130301197613721,0.03406049638618831,-0.019307979004028246,0.0028185988252337497,-0.004912665011232084,-0.012882435044849087
46,2,-0.0006284163322714364,0.023407539614889755,-0.011043826928574054,0.00659926984136997,-0.004229433257807373,-0.008970706438357791
46,3,-0.002292357865893532,0.016073729459528653,-0.004438498509093461,0.007638685450822903,-0.006257510500710074,-0.0072299020730316925
46,4,-0.02704750989169961,0.01091428283558629,0.006893373511574067,0.017152685706194788,-0.012586853673112927,-0.0024885713340592154
46,5,-0.015846999123366252,0.03295069149770958,-0.0018884670836022608,0.016312138878937066,-0.020391844890274853,-0.009457566140976655
46,Aggregated,-0.014284731022665498,0.01628018319518986,-0.008974272713296715,0.02269899581109068,-0.008125289295072419,-0.004970439428770729
46,Centralized,-0.014143356431063335,0.016435662858380013,-0.008909027816786697,0.02242730466955137,-0.008158551689005243,-0.00504018208688299
47,0,-0.004516692638734245,-0.01715305834654512,-0.00780641943529663,0.03428763886866915,-0.028584206114877168,0.01728999660922942
47,1,0.010173054135781243,-0.0038389986979634385,-0.017206484425482137,-0.009702407233146733,-0.00223617431431152,0.011522203486827512
47,2,0.006551857672647117,-0.00025406898722209263,-0.013250534549273076,-0.004304614329799379,-0.0023788785826881482,0.007761204039321202
47,3,0.004227038885717495,-0.00376237504085359,-0.010920179317726372,-0.0019181322183126261,-0.004100604191139694,0.0075237088361609136
47,4,-0.010178921415109045,0.0070278034627101,-0.0006526854853982672,0.0038104937128157447,-0.004746278932072513,0.00845709818622501
47,5,-0.0045536525456121805,-0.0030711990963312526,-0.020012226202484336,0.00450786982296955,-0.010231149389349855,0.017712283659564346
47,Aggregated,-0.0006362936892862403,-0.006123781356222057,-0.010906392553814318,0.010166199043258148,-0.012521484718880567,0.012780355347163
47,Centralized,-0.0005960066085285652,-0.006008445209186948,-0.010938695942733221,0.009914105467174588,-0.01235348489156912,0.012733309168951656
48,0,-0.007516242704555519,0.0021818231136225136,-0.013400679393916964,0.03493417314157134,-0.004326312559404132,-0.010970941973001592
48,1,0.014460137770903011,0.006709959448408692,-0.0009690561058697465,-0.01067897187809987,0.014682511150548434,-0.005797691694617342
48,2,0.005275725001412213,0.004262547249755716,0.0009111520265526443,-0.0034435706930706998,0.006424161006603892,-0.0024821257522629277
48,3,-0.0013861564031302353,0.004310873150831624,0.005856675661181315,-0.003137619056690126,0.00555508687835297,-0.006011250115244736
48,4,-0.013450922506070372,0.0032672048190711313,0.012242096964856845,0.00752969482165888,-0.0009154009775413798,-0.0034779292766925238
48,5,-0.0037860866055947923,0.005844914359177795,0.014514847117289797,0.0021234992413088193,0.009172616148714093,-0.00951127332696843
48,Aggregated,-0.0023032910955493686,0.003998746317693067,1.2202011154023617e-05,0.01037719492242552,0.0032923335510246904,-0.007256036529256793
48,Centralized,-0.002248676771089915,0.0040178812723071795,0.0001522480631276141,0.01012061715785891,0.0033718917281198493,-0.007217345437734268
49,0,-0.010758728532039658,0.01473770405838652,-0.019791517102287756,0.037089687763914095,-0.01350669053673083,0.002098250566221746
49,1,-0.009869616650928463,0.0022604743461683706,-0.004730248675355308,-0.004129710450141384,0.01369502119069021,-0.006251421674591418
49,2,-0.007959901146809603,-0.000679820226486436,0.00023073165619698184,-0.002107479123937856,0.007780345075669353,-0.004667728443321145
49,3,-0.006666287315925226,-0.0018636874793689418,0.0032769731195314467,-0.001537500834446188,0.007662029274121229,-0.001651620456621781
49,4,-0.02350034723251797,0.012699718287756023,0.0010498063094604606,-0.0050090203493570054,0.009832905424108694,0.00405415417904696
49,5,-0.022383510652676946,0.004272875797283136,0.0031033161441188506,-0.003630210430183289,0.012504532141012088,0.0005223065115674073
49,Aggregated,-0.012993243463920147,0.007058645209272222,-0.006064859390712779,0.00989422746592306,0.0025264377353811313,-0.0003921760139667012
49,Centralized,-0.013016554714733964,0.0069783546156157355,-0.005921410341377357,0.009609681056851442,0.002694045551869958,-0.0004183067083518714
50,0,-0.00384058883295899,0.0035505402034985744,-0.016972553248647996,0.030708898328365826,-0.004086445524385112,-0.005765830086824663
50,1,0.0002542481589818778,0.01738573374667166,-0.007390952592668815,-0.00279910175842439,-0.004876110889013283,0.0009582675672740938
50,2,3.31279459629232e-05,0.00810366185221405,-0.003448335982843819,-0.003677395995733453,-0.0001743171601989335,0.0009350019820071057
50,3,-0.006523684098801848,0.007310716267875764,-0.0012711340864857894,0.0004968868063712112,0.0029074363385324345,0.001735273662973269
50,4,0.006352912235146458,0.004395730996369259,-0.006202679534957598,-0.006259146879804247,-0.001161794801709724,0.002129900229979852
50,5,-0.009267340584764886,0.01657240213293103,-0.008041124969956535,0.0056175222144893835,-0.0035328214330804675,0.005107370578222339
50,Aggregated,-0.0024863273515143697,0.008402654764839623,-0.009090119636539589,0.009130924720529508,-0.0022549404351582254,-0.00041801373406896334
50,Centralized,-0.0024725783605198037,0.008453319471529901,-0.009007938904468235,0.008905302271412653,-0.002235821907927634,-0.0003622300156396457
