Round,Evaluator,5,3,4,0,1,2
0,0,,,,,,
0,1,,,,,,
0,2,,,,,,
0,3,,,,,,
0,4,,,,,,
0,5,,,,,,
0,Aggregated,,,,,,
0,Centralized,,,,,,
1,0,0.016894843373221093,0.046518490777469564,0.054098698754200716,0.19682342201391742,0.04644040806999053,0.06346412188933101
1,1,0.05589882433313055,0.0933898002744514,0.09720965876696422,0.0965455339168876,0.09633894672109977,0.10291239896775112
1,2,0.0653124820928991,0.09018464940635186,0.10359509435391265,0.09864688631147825,0.10316503825442598,0.10476708036771268
1,3,0.06311451011281964,0.09200850747140904,0.10361972467152632,0.10545065578371643,0.09752197469676017,0.10633359598054783
1,4,0.06776390550198301,0.09253758655660389,0.09902481398453221,0.10000768317278427,0.09861597137362173,0.10112642999317797
1,5,0.06052693309836456,0.08468749420501842,0.10695203764217134,0.09796558584123916,0.10097161448474355,0.09954161367838026
1,Aggregated,0.04763082913157655,0.07618654861730004,0.08641975167014868,0.13141540449205352,0.08206266370596804,0.09005308033313494
1,Centralized,0.023400485041639944,0.05614638533854434,0.0612213624531137,0.17384791496244634,0.05475303911537813,0.06637964320903098
2,0,-0.01663284388660684,-0.018267392743119244,-0.03459545791926262,0.18921703924581246,-0.007396598680996688,-0.020008492292155847
2,1,0.016395583878590195,0.003823895268414689,-0.013425269235762026,0.03426219847342444,0.012546730188195946,-0.0025769898618793322
2,2,0.012813411470417238,-0.0010683670564592869,-0.010686916039613402,0.02577864077081506,0.011694895451850205,-0.004455425262863373
2,3,0.018219908030876968,0.007528401402018343,-0.004954891422948692,0.02251835702545057,0.012991706709429863,-0.0014193387639953644
2,4,0.01732631453211739,0.012442873373852789,0.0011440876317305967,0.024912298381018258,0.013574530615047022,0.0007219113352841675
2,5,0.021629322569730294,0.003549850303931184,-0.012636436124967348,0.036960824997191236,0.022517116857312332,-0.0062481318505479885
2,Aggregated,0.006209238058047002,-0.0024221581401669156,-0.0167557538058857,0.08121612725306353,0.007464399210479106,-0.00841364449224401
2,Centralized,-0.012848030369800072,-0.01544928492647348,-0.03161687756432886,0.1755752777033456,-0.003696900697066426,-0.019873715855266462
3,0,-0.027101526956247103,-0.006925546615773475,-0.008365148358717713,0.21490873315141568,-0.00719793990937339,-0.009416149188564527
3,1,0.0030581071893604657,0.02431390598092734,0.023600637543872614,0.020143883960553124,0.0035786370280802907,-0.006021798167068663
3,2,0.006143756852222351,0.019336272445487118,0.017054348868422928,0.010079768027470144,0.009236233379957787,0.001322541028658531
3,3,-0.0005126311678969116,0.017684157115616186,0.01673134401469881,0.0012662567070817602,0.005097297919749949,-0.0011609888236758042
3,4,0.007835057149118377,0.00946824268861146,0.009557712542381296,0.002879991550850314,0.01413129029742875,0.0052282761017371825
3,5,0.0017099766761533167,0.021045444860456355,0.018156743378054542,0.01372625069675101,0.004077011612342534,-0.0030496192599763377
3,Aggregated,-0.006388989078041002,0.010113620098856167,0.008734747613420626,0.07662286036141241,0.0025169433377043335,-0.003569293706007645
3,Centralized,-0.01694889895820795,0.00417800683649332,0.0029951719690586107,0.18931429697479668,-0.001324607267575606,-0.007943826599361091
4,0,-0.050206481575253536,-0.038290190964934814,-0.033435983298846575,0.19602400155956495,-0.03177324381455693,-0.038827929637446315
4,1,0.0038782721732933062,-0.014180794888576301,0.00304769735735711,0.010038165279059262,0.009631865374829194,-0.00248828809767446
4,2,-0.004121940735285278,-0.009662470868616262,0.002555458652246175,0.009066353325399353,0.005194104633197658,-0.0014928521419464438
4,3,0.004407937725656245,-0.008239829321566028,0.004279079300455507,0.006056674148979854,0.0056822541031660255,0.0002998040990782454
4,4,0.0015585160426801377,-0.006523448115023385,0.0018304097183822147,-0.001064777238667497,0.0036174600918214925,-0.005442086988695513
4,5,-0.0036050847004517462,-0.014570249527478686,-0.0026937118959863503,0.006763455252514652,0.002504136484726667,0.003969884214617078
4,Aggregated,-0.01610139273313985,-0.019661510087632558,-0.009697982715711585,0.06813702764276844,-0.0067826998391911884,-0.013367193760779408
4,Centralized,-0.03842343932639096,-0.03698368568113459,-0.027735844670283564,0.16179903966656412,-0.023899464497107524,-0.03356447282542866
5,0,-0.02489436040253347,0.010361181938615115,-0.02365275663872317,0.13802375463358052,-0.037893476969583006,-0.0017601739131778398
5,1,0.006467111914382995,0.009159859662155984,0.002579929723232731,-0.02589472124768206,0.0009156722175726976,0.005221037277737735
5,2,0.01033836079969026,0.009141252415349086,0.0004966006616857403,-0.01978874691663195,0.0003017821933239536,0.0021428013943381955
5,3,0.00968055994022489,0.000679340049632724,0.0018447306531212718,-0.017179105064609467,0.0006788196703293735,0.0024921645907244163
5,4,0.008446687146912903,0.004992053802038877,0.006835904025850104,-0.015125418222193307,0.00563237895606573,0.004050305704389831
5,5,0.0038371906340666315,0.0017818177877863969,0.0005057052814016582,-0.006917324074653357,-0.0008160789021119034,0.0031750692313451093
5,Aggregated,-0.002901981488077995,0.006851439596921168,-0.0060678417293130935,0.033610347234310355,-0.011463565590441085,0.0017267547122159508
5,Centralized,-0.016316609261520253,0.013093647134917877,-0.016223882079323647,0.08474985415011212,-0.029451929594631273,0.0023430663517531817
6,0,-0.04310273066405008,-0.02482357270029304,-0.03777138560583527,0.14841749828436446,-0.005501832341370691,-0.019459692212931187
6,1,0.008627718903753741,0.007101054679608561,-0.008937764972208297,-0.002238951053109206,-0.0028684267243822515,0.012539985663365632
6,2,0.0028108746764081817,0.010024259206236378,-0.012291588004173414,-0.009884572033862199,-0.0016250446374612864,0.01280846922757445
6,3,0.006823116482533135,0.004378426698068132,-0.0049811016130467175,0.0016693486907974472,-2.89698508175192e-05,0.004273204169914799
6,4,0.002994069758771256,0.005630055875428128,-0.0052016483333935035,-0.002944255714157056,0.0015517412263393667,0.008155288346474701
6,5,0.001851305191551213,0.0004995722789861397,-0.005571305228342401,0.0019009800811047408,-0.003010629240393778,0.004288095007470528
6,Aggregated,-0.010955079089114517,-0.004379223335743958,-0.0173105613095059,0.04689243261278198,-0.002601542691070123,-0.0006842522263922921
6,Centralized,-0.03089069538264722,-0.013928575721624368,-0.03072912545169452,0.09396341457021633,0.00011371686707108234,-0.006769240740827645
7,0,-0.029278051880270172,-0.02392586721545701,-0.043629340106989725,0.10850991523065306,0.025400080104843972,-0.023537522589073358
7,1,0.001812668874059602,0.00751731879881754,-0.007609623623612677,0.004809649390264257,-0.002544576632213968,0.008031838147299747
7,2,0.0024593770208642886,0.004782962591433464,-0.006940608154301273,0.012194345489387904,0.001886315356942614,0.0069105302040864
7,3,-0.0026893885486343936,6.689769616918528e-05,-0.009104620389332553,0.0030663596351189295,0.001915867605399689,0.0028265743674832137
7,4,-0.0044429505665601774,-0.00020286387271748843,-0.008483905257952125,0.002126196850507838,0.005963145028442355,0.005555159235743241
7,5,-0.0022165826268323,0.0046205320314594185,-0.00843876563939096,0.00859505605637927,-0.001589342141317568,0.005037858680675135
7,Aggregated,-0.010239918610259116,-0.005547767868515142,-0.019706725133800094,0.039564453975298286,0.009048910999464583,-0.003861316585631412
7,Centralized,-0.018201260275186478,-0.011336963347829831,-0.03255775339899811,0.06283644200654731,0.01976981637936778,-0.00981135170157494
8,0,0.005555009263646785,0.003249055903630935,-0.03877506731254288,0.05725790091873661,-0.010028215982354148,-0.009633537449017363
8,1,0.002660293295006643,-0.002161338361728844,-0.002334315440707487,-0.014051810205505522,0.0010872040035356542,-0.00548372319736805
8,2,0.0036424993438624485,-0.002725074959125889,0.0004220835035471228,-0.019950834227607534,0.0008346794325250987,-0.005565698916736971
8,3,0.0014347581690266435,0.0006298458779027313,0.0038176373656421793,-0.0064807104057091345,-3.411739015759977e-05,0.00043675707147177535
8,4,0.0034463198695613784,0.005181366633158212,0.005635754014570578,-0.01017359194784073,-0.000287303321416249,0.002276859490486139
8,5,0.003078335571700226,0.0008935672465790245,-0.0006443961663347338,-0.007754926700302919,0.0022308511732799883,-0.0017727130751550523
8,Aggregated,0.003734521751275617,0.001305421924953047,-0.011726489906031735,0.01081876961213509,-0.0027569045155740476,-0.004506100074955379
8,Centralized,0.00597588817594309,0.0035845100118420633,-0.021716063045290893,0.014922159969302067,-0.0028869604028905916,-0.004387873271039283
9,0,-0.014699457274654777,0.018679353075078547,-0.016027572129161966,0.03057535313249865,-0.02304435292588848,0.004994779889381566
9,1,0.007872556616045183,0.004700639378753803,0.006083699315736283,-0.01835474317627892,0.005027092493318745,0.0007825085102302953
9,2,0.0063683513018806875,0.005737061112194762,0.009334649379762729,-0.017455784393910382,0.0019289896362462298,-0.003802699345824936
9,3,-4.524841039996175e-05,0.0013539094729553502,0.0036344548877281662,-0.0054705838608367354,0.002229287720031599,8.897871378399986e-05
9,4,0.004769177878879468,0.004253187750211144,0.006324445779366858,-0.011684353977580482,0.0008508403653706293,0.0017103532603107085
9,5,0.007383515630589651,0.003927868064514968,0.00608714225264143,-0.01790700034169264,0.0018454260691031343,-0.0016017134577049525
9,Aggregated,-0.0012479741855693728,0.00878745353806747,-0.0009922053554017435,0.0004312324585779737,-0.005920628160398206,0.0012499616661578261
9,Centralized,-0.0022054148420302543,0.011279706131955315,-0.0027861684727842934,0.0022124400220762167,-0.008202520472763116,0.0028001589664579307
10,0,-0.03006812565438696,0.0059091838906619,-0.00016654133872643886,0.030260992573778303,-0.010022259218481367,0.0056825459593783665
10,1,0.0014129360818794174,0.0071551993975244475,-0.000253903682510113,-0.0019326883024709393,0.0027379235875183323,-0.0027289660436962365
10,2,-0.003223662065389153,0.008044523215287045,0.004898065741016676,-0.0031222351878775504,0.002135634032233422,-0.0042869269158963596
10,3,-0.00023018271096877558,-0.0031818707517655403,0.0013502677790016287,0.0012018647436735789,0.0008103812785929976,-0.0022292058684337023
10,4,-0.0008590334959880319,0.0029520771177441807,0.002323001506875868,-0.0007067026336929865,0.0035167581397509036,-0.0006978988860038633
10,5,-0.003949028094231991,0.008160858774572479,0.002949058308866634,-0.0034853379106276586,0.0026936573561098455,-0.003902742095501737
10,Aggregated,-0.010736529175790493,0.005044919451042302,0.0014634961475924791,0.008792907643097427,-0.0016686850009007103,-1.0632959127704887e-05
10,Centralized,-0.014390712922548055,0.006284223380093773,0.0024558466078887474,0.009248783864060313,-0.0014156075974499397,0.0009678203621988812
11,0,0.004914571047766723,-0.0013154179303889876,-0.03818576957134479,0.020444861417074984,0.006209782842755866,0.006336175981912341
11,1,0.006176623747391031,-0.008078597094021828,0.005284296269132028,-0.012596281852155746,0.005931507697093432,-0.0033298125481998533
11,2,0.005433806576411406,-0.005917411738391778,0.004847979415466601,-0.018065137263472097,0.0023770999276298012,4.871535046537442e-05
11,3,0.0019102624396409636,-0.004283732860099547,0.004412572884123617,-0.009463088809775939,0.00278055811982031,0.000287232757859476
11,4,0.001005618197384093,-0.0032047262329411453,0.0024589413300235264,-0.013196673020038973,0.0004888170298598915,0.0017560477415295506
11,5,0.0036439973179715813,-0.008627291024136681,0.0052330981464265595,-0.010507342787171761,0.004625892779803906,-0.0006370227210806563
11,Aggregated,0.004052002059417158,-0.004486074235438973,-0.009467486938600556,-0.0019262392066808462,0.004209817819691338,0.0018154558598078667
11,Centralized,0.005728721671380976,-0.003283238741834408,-0.017050409738532016,-0.0015186626504772782,0.006048875546253251,0.003391262614873682
12,0,0.004975443172476037,0.00715502045836092,-0.04156464979863842,0.06038128909810589,-0.03307674630720598,-0.004665992277094545
12,1,0.0019522438307395806,0.006345514804444684,0.002567703112979349,-0.0016345294565086451,0.005637821569747445,0.007867547985644362
12,2,0.004711652180688895,0.006819802601946289,0.001732920726842154,0.0020970735279601574,0.001470185712207019,0.005015291467799637
12,3,0.001711093689630224,0.00019020908298223265,0.00016488428551067098,-0.0013499908462636175,-0.0028264803713822363,0.0005977486712761381
12,4,0.0033725133743045823,0.005332580806508721,-0.004365793116789541,-0.004628150270905909,0.001002685332593188,-0.002452856450630911
12,5,0.004537463757612331,0.006602046271779191,0.007734523497191123,0.005230636939246235,-0.00012684741428345785,0.00021630051246976522
12,Aggregated,0.003817871412486782,0.005742458915222669,-0.012510671439227215,0.019669219879275456,-0.010100974027557727,-8.087408174865546e-06
12,Centralized,0.007243763853651727,0.010849258125215701,-0.02305792464628741,0.026116994402498327,-0.01521024013432378,0.0026455188622883075
13,0,0.003905350858278916,0.008405566652668683,-0.01300976167090362,0.02386612445789387,-0.015593693345431295,0.0048352141171973066
13,1,0.0009886327518159716,0.0049722414561154445,-0.004476320046740087,0.004606760316391836,-0.010992120483695708,0.0031165489088543835
13,2,0.00460441247008526,0.004645258274543441,0.0014717019318545583,0.007429535299994013,-0.010809025433273332,0.0027048972496436694
13,3,-0.00011706596850009046,0.00010628104386221453,0.003426760214303347,0.0070321389114428225,-0.0017298492924662425,-0.0004062347911502451
13,4,0.0038722042698079396,-0.0007140651530590785,0.006533536842305793,0.0021262979146641804,-0.0011163813265687753,-0.00048490569950341287
13,5,0.0015921666856855742,0.004849907646659333,-0.0014540028496035085,0.0008597431548996667,-0.013497839601020372,0.0015391876996182188
13,Aggregated,0.0027485665458429503,0.00461066681814006,-0.003505003583759473,0.010760810593507005,-0.010228593926599992,0.002449734636320021
13,Centralized,0.003137920068563389,0.0049312486196981375,-0.004159279673111246,0.011220126929457185,-0.011380594731423575,0.002718747149806713
14,0,-0.0007103333702248323,-0.006102352887321616,0.004713887652248275,0.005433530718172917,-0.009380561730641881,0.0058528675345459295
14,1,0.00020180931458877634,0.0004564372483453649,-0.0014718184770402044,-0.0009788980094967519,0.00040758924997948235,-0.0005367129524079491
14,2,-0.002441024664010973,-0.006762845841455838,-0.0007104103882349681,-0.00013449545341065645,8.79173120974001e-05,0.004000956732712131
14,3,-0.0011547923447206732,-0.0028382362639673216,-0.002356677748549026,0.0028034672065655685,-0.0016724047609135003,0.0013539304866215444
14,4,0.00033520320036168895,-0.0031923079765186694,-0.0012223183472240549,-0.0027239181886860725,0.0012372761937839872,0.0042443111421133755
14,5,0.0014444379545197543,-0.0026323230875809466,0.00025911838200991705,0.0031471224812516982,0.0036248074345370043,0.0004265588313889827
14,Aggregated,-0.0004493348675096375,-0.0040084254739227694,0.0007972880272603122,0.0020581353464878944,-0.002565206036896595,0.003188684834021989
14,Centralized,-0.00046626259365366204,-0.003938741743915573,0.0006304545791647298,0.002395918377825782,-0.0030373372877184057,0.0032396040648975033
15,0,0.006008004232680754,-0.00974540682750792,-0.020756882776445308,0.039834913118607554,-0.02107357814497032,0.002058278827203518
15,1,-0.003418501548292772,0.0008996062648007564,-0.0024987093967678213,0.0011002996947299135,-9.142181713340432e-05,0.0018441641778525351
15,2,-0.009132489894313402,0.00011209249620818833,0.0008095881221443092,-0.0002590121792949944,0.0016291719324868187,0.00023840498849369933
15,3,-0.0010860458930457618,-0.001517055726857205,0.001446430783732557,0.0018496827464427237,0.0019590603136652586,-0.0014883880855151893
15,4,-0.004299105476705524,0.00046444175911690823,0.0039034953714759857,0.0014387674227059515,0.0014402800275378825,0.0003920958812973922
15,5,-0.00971607352142406,0.005001581020706251,-0.004358910810701129,-0.0020980533004318637,-0.002085079589047167,-0.0028763285892378873
15,Aggregated,-0.0017644549533587842,-0.0025124501115226534,-0.006868807777856936,0.013275274170836366,-0.006493891089413172,0.0004171604700678904
15,Centralized,-0.0008778576567854067,-0.0027204806619989357,-0.009197102830641032,0.014757016183967122,-0.007965833803454307,0.0015298470239543838
16,0,0.001008985390116176,-0.009405135387380296,-0.012658377638466698,0.02411497958728042,-0.011759975948233548,0.0031757627836804013
16,1,0.0013931073868047243,0.0013367974118217367,-0.00040863104235375203,-0.0019088072388377157,-0.001709600143664155,0.0028784274630662995
16,2,0.0009698752818402637,-0.0034640910104738244,0.004823030457578463,0.006444959372051833,-0.00906198965178333,0.002825857892535609
16,3,-0.0006818362065554751,-0.0012656489565254483,0.004694235626046043,0.0044372473222417394,-0.010959013741769053,-0.0018746473309278644
16,4,0.0009074909172219981,-0.0020327325781139983,0.003319670098564332,0.0006950218652237253,-0.014853937772670103,0.001747439021731262
16,5,0.003580201086118067,0.0031744316239484724,0.001764135386768778,0.006806793763622116,-0.0030522358877171796,0.003595110615115713
16,Aggregated,0.0011604018848969091,-0.0033729988038282903,-0.0022194727068457964,0.01009037989504131,-0.009178269312137005,0.0022722273841360207
16,Centralized,0.0015886669981241056,-0.003295365121124161,-0.002413627267010195,0.0105160560735185,-0.009625572620500069,0.003004143559718021
17,0,-0.006492572471375294,0.004798798236910475,0.0021048295264179005,0.009888757703765256,-0.00506383243694987,0.004093251883519731
17,1,0.0013833874545048307,7.347310999816041e-05,-0.0021655517383788072,0.0016758085777947075,-0.004340696840064013,-0.0006996447448930465
17,2,0.0030122844947427715,0.004650500269649015,0.002805047579259645,0.005590579382848003,-0.00909479631677688,-0.0033649830851124373
17,3,0.0018079496810244123,0.0040907292574790454,-0.0022280131700555855,0.00519444063674929,-0.004088854469491298,-0.0009290678239660973
17,4,0.004174798494530083,0.006751609362899248,-0.005402914530423523,0.0007039987084382764,-0.0070967674393755805,0.002501008642696578
17,5,-0.0015141621554155649,0.0012651032860319406,0.0015666789558010528,0.005496021916833906,-0.0027381210939170972,-0.008073995623834634
17,Aggregated,-0.0009248675261806187,0.0038338360296346925,-4.3850848189368955e-05,0.005741594243214336,-0.005338676894265207,-8.759264585344708e-05
17,Centralized,-0.0008443792737024138,0.003983046651668354,-0.000544864287174442,0.005871176878703912,-0.005715880496837359,-0.0005716341356248378
18,0,-0.000826424363338814,0.006617512164399778,0.004319795881287559,0.023999686183444283,-0.016542820908548455,-0.02019670600852987
18,1,0.0072284917181459915,0.0031315768601385,-0.0040840423721763474,-0.008754096141613647,0.001213701276882643,-0.0028427035046488147
18,2,0.00474238098674761,0.00023151117135027994,-0.004314890476756873,-0.008885013807572738,0.004951510775138438,-0.00302372317784938
18,3,0.003964792157286649,0.0020529190267354587,-0.0010401118385312527,-0.005768352275117382,0.006876903423759938,-0.0018232319766893015
18,4,0.005165425199223904,0.003006998085771865,0.0028567319803056673,-0.006071109059736071,0.00433562610455268,-0.001224847512171483
18,5,0.0030835754393082012,-0.0003757538227853389,-0.0054073638154096045,-0.011758286305908723,0.00324099362435858,-0.007085226809941319
18,Aggregated,0.0029884922225370822,0.003244011810731415,-0.0002053615514582709,0.0022776182998329076,-0.0026215324587169917,-0.008747451779722595
18,Centralized,0.0038931455218388484,0.004021168304180549,0.00015202303954190915,0.002219912557211075,-0.0035072167035612167,-0.009969909235264928
19,0,0.0026058710512048646,0.00011984454106608126,-0.008982752339150473,0.014396627584106324,0.0028481497505044614,-0.004211010638415023
19,1,0.0023650960768039093,0.004147757260760768,0.0006569989215264194,-0.001799971017291428,0.00190429705660031,0.005414308447688623
19,2,0.0018623375071329274,-0.0012275515463632128,0.007150673220408361,-0.0013218184110370228,-0.0014993336525961412,0.0014928435057535191
19,3,-0.0009288244286170959,-0.0031333474958814846,0.004947430780551433,-0.0009311896940354345,-0.0026673714531149015,-0.0016340932244796082
19,4,0.0006664170888134957,-0.005130125431727536,0.0025418531957949607,-0.00040028209387823663,-0.0035923724612561946,-0.0011735200584149879
19,5,0.002223006096234361,0.00518613944242988,0.00651241315644674,-0.004656265077293639,0.0044045418994422625,0.006898274114617672
19,Aggregated,0.0016841889420120435,1.7946894849658586e-05,6.3740100941795785e-06,0.0034715976280087035,0.0007342161580171905,0.0001072408874657411
19,Centralized,0.001862765828261602,7.862162231703588e-05,5.5358610293587375e-05,0.002845864638239243,0.0008046936834959424,0.0002363926433507339
20,0,0.0015775901366010443,0.0018204966464599051,-0.006007831022202375,0.01580981226854976,-0.017301327651109293,0.0014025730124740312
20,1,0.0018576033964338374,0.004087401520276708,-0.0012412090158769077,-0.001980588535741745,-0.007247621966395896,0.002474032218649675
20,2,-0.0005860694847827974,0.0038763161415237223,0.003104862512705798,0.002254380348722093,-0.004541057177216391,-0.00022753485548272502
20,3,-0.0003564900839744793,0.003894131964807818,0.0037379070487727575,0.0054177642523644,-0.0025841044953200556,-0.001619627407039348
20,4,0.0026677732956683934,-0.0003035836178039634,0.004328241294818542,0.004248658877574645,-0.0013657653043611193,0.00015808087175593898
20,5,-0.002329660173742863,0.011663066587800492,-0.0009738020758260028,-0.00408969332090201,-0.009231156653885408,0.0010153328434732661
20,Aggregated,0.0006837322150187401,0.0037220885305762233,-0.0007542949682622585,0.005948300787306963,-0.009010900406983758,0.0007003195053616212
20,Centralized,0.0010485289153092366,0.004254660938047273,-0.0007352384653577768,0.006201205141152065,-0.009617425055563468,0.0008957628588995224
21,0,-0.010368311137671195,0.005341136935893354,-0.004875256189955221,0.014911201328200487,-0.006012270522808783,0.0014440125594720817
21,1,-0.0001814301914660051,-0.0005943459567834505,-0.003899118455594297,0.0029065568640884707,0.0006685263381546939,0.003150193784254898
21,2,0.0007895096823798168,0.0025427641703414934,-0.0009207285413563749,0.004112477924103741,-0.0041877083809811685,-0.006075166101765873
21,3,0.0008489938435451556,0.002592627369288684,-0.0022051716156412065,0.0006267482946698137,-0.0028202329972679798,-0.00729881029186502
21,4,-0.0021241018320783916,0.0030084848203767137,0.0004312113410848331,0.0004882904451735115,-0.006144417354529483,-0.005392872837679625
21,5,-0.00045209207460073696,0.005477776174678347,-0.003251205096331489,0.005850517680203911,6.963241503503692e-05,-0.0016737336143407217
21,Aggregated,-0.0035348431728355707,0.003498347677965583,-0.0029175631471087078,0.0067508512583186455,-0.0036347968876805975,-0.0018581038944593207
21,Centralized,-0.003785287843896549,0.0035477364342656765,-0.00345129400500702,0.006858566370579131,-0.0035333198438475487,-0.0016387486601894868
22,0,0.0011986112650769266,-0.0003014939496220781,-0.0025770336020606134,0.0034523297272659893,-0.002550948041689041,-0.0022368717917686807
22,1,0.003047027352425332,-0.0005847597911579498,0.001157443039603336,-0.0075435801100746476,-0.0037232029753373756,0.00102728288199605
22,2,0.004221877834009432,0.002437827755602806,0.0026101626821687196,-0.00523776023489131,1.0947201231107742e-06,-0.0002943515097344251
22,3,0.0033484355659655464,0.0037654439114879717,0.0005505402498858265,-0.004880570910299415,0.0005150583265709903,0.0004224208569012918
22,4,0.002148840965425456,0.002801230071556649,-0.0008916891318085429,-0.002268852841247085,-0.00036404341152945405,-0.0026288999983142183
22,5,0.005307652051966079,0.0038564953448020885,0.0022737864011961656,-0.013535869030402112,-0.004352773774237578,0.002109678373614506
22,Aggregated,0.002826167305469071,0.0015554855167936056,-7.315514850064378e-05,-0.0033819259141791578,-0.001900119341239441,-0.0006443824608723131
22,Centralized,0.0031468673987054712,0.0017892176809406184,0.00019714866915166256,-0.004107239648806813,-0.0019412866523416358,-0.0005466883182518608
23,0,0.0028315040468179183,-0.0034112085945814928,-0.0026364853041149494,0.005662781917570756,-0.0017804558081399519,0.0009415155410294159
23,1,-0.002227006880238381,0.003025474293669154,-0.003779507480140317,0.0011701503324178409,0.0027432560959133622,0.0010780399172877061
23,2,-0.0005522314368332972,0.0003806920149951823,0.0014000783715436573,0.0018899931247296053,-0.0039032878502213105,0.0007847557757861446
23,3,0.0010304293989380356,-2.705624553123176e-05,0.0012585152338205963,0.001748096136703078,-0.002854505911666753,0.0011210912416802518
23,4,0.004511448408041068,-0.0011508968695484031,0.00420865527594321,-0.0024519043950246007,-0.0023585238075963196,-0.0025477706039823762
23,5,-0.0025527453198148017,0.005516823352904431,-0.003218943029622621,0.0007731383145054689,-0.0002496842386971491,-0.00026858907927532574
23,Aggregated,0.0009524409522404765,-6.99379714125466e-05,-0.0008781878762024087,0.002269864429803062,-0.0014733507186672856,0.0003298672780324779
23,Centralized,0.0006322348399390055,0.00013903953158729277,-0.0011039702665815508,0.0025786037504167605,-0.001269286625580766,0.0003506938640403782
24,0,0.0014807080528183275,0.003464806924573871,-0.0118297238808581,0.010573855736133744,-0.0005985861847746484,-0.000871866371576735
24,1,0.0007959307204079909,0.002579366916582058,0.0006321510830112065,0.001732049973126006,-0.0035573128757956387,0.0004238695185304823
24,2,-0.004303073287721063,-0.0020847619224683774,0.003333229749614677,0.003562027043628031,1.237576129510994e-05,-0.0045596209241738316
24,3,-0.003358854278997166,0.000400104745114446,-0.0006534275516105063,0.0025405078010084744,-0.000622269119703378,-0.004429084887296048
24,4,-0.0026235988296143546,-0.0010670654375128236,0.0007133312845705897,0.006891696116404838,-0.004404715128696594,-0.0004928055032749512
24,5,0.0031385016210857455,0.003632471149213399,0.0013357585216818549,1.796556868476536e-05,-0.0015002498675018377,-0.004358399051664842
24,Aggregated,-0.00037235465545333167,0.001597021056020635,-0.003138802180251755,0.005437545039517395,-0.001552321188610267,-0.0020920114732121482
24,Centralized,-0.0003161487265639695,0.0016554838197387696,-0.003604053359500133,0.005203041880827092,-0.0014157665771610335,-0.00216525315064734
25,0,0.003429208773341015,0.006659849692970987,-0.0008390886131287973,0.010103918666234318,-0.009204716689048991,-0.005628269297975722
25,1,0.001369751321168892,-0.0011333999901679776,-0.0028349267568235563,0.0006426232062450546,0.0028689226782968843,-0.0010249606850693963
25,2,-0.0041830569278151685,0.0053838997591315035,0.0002695008311095611,0.0018310089203953006,0.0009653177589212118,7.247981235552635e-05
25,3,-0.004075803527177828,0.0026775057315601572,0.0012095067216619218,0.00364545718536277,0.003753109871834586,-0.0007737742565573432
25,4,-0.003187028276562455,0.005833673360460029,0.005782935295308742,-0.0006180317006230044,-0.0013472800838517855,-0.0004223746812946424
25,5,0.00036064436741973746,0.004687796753572483,-0.002423121282852126,-0.004672479867468281,0.0075083161040568015,-0.005387793122385961
25,Aggregated,-0.0001896524177317961,0.004524524076713604,-3.896519758140042e-06,0.003409406417794066,-0.001152070168549996,-0.0028523165125513114
25,Centralized,-0.0004822200943129425,0.004433639733524465,-0.00010213298642793023,0.003430325480473699,-0.0008983701232432214,-0.002848959166104575
26,0,-0.009394683605314038,0.0007512421945888843,0.00017551557133111775,0.004934028453764227,0.000866276429165902,-0.0005201097509235203
26,1,0.0014716548066657992,0.0029130776601373025,-0.004457124131911793,0.0025906223214573715,-0.002113156429800742,-0.00040507422654795976
26,2,0.002320538585566991,-0.0025685764404053107,-0.0017628304809859413,0.003157813889497023,0.00034309012187187885,0.0004614072728174619
26,3,-0.0007942813453459763,-0.0008771214046776468,-0.0010178365076101456,0.004372465103619215,-0.0020368399601442544,1.9837691873333026e-05
26,4,0.002336766707643703,-0.0012261430897968976,0.0010055314212021993,-0.0007982826728872664,0.004484111500728968,0.0024669739762471603
26,5,0.002094028253591629,-0.0003732738661952842,-0.0066690434944232605,0.007689683153891405,-0.0020242257777265496,-0.002539386052302997
26,Aggregated,-0.002065477549012346,-4.203901841064617e-05,-0.0016808137242458198,0.0039023428212839506,0.00010126617697950969,-0.00016925019022050303
26,Centralized,-0.0018700955110709427,6.841826233362307e-05,-0.0019121478248755948,0.004199662608431974,8.097490099721235e-05,-0.0001147508404353348
27,0,0.002440363598276718,-0.0005876231369291047,-0.0008161826353318358,0.002995485801126622,-0.0013480467974924027,-0.0032261090578927392
27,1,-0.0010120990822755657,0.0020716909465019234,2.686827188388789e-05,0.0010713666139968196,-0.0014238698540630405,0.0013813613180798914
27,2,-0.0030285024383834265,-0.0021224284049460806,-0.0015241719981652561,0.0025919856426529432,0.0005256926328153481,-0.0024321962038864695
27,3,-0.003245395433076682,-0.00334453002550935,0.0008230309574877541,0.003262394224412003,5.491354441354105e-05,-0.0013888094676377967
27,4,-4.029279766626525e-05,-0.0005034547368412201,-0.00624169995953372,-0.0011734464449300042,0.0007548260283223844,-0.0051312200097180455
27,5,-0.002996024949679716,-0.0003612407841397177,0.0015981492179567218,0.002979307803238166,-0.0014595183999721872,0.0019881819434191482
27,Aggregated,-0.0005941503961175237,-0.0007657060956221633,-0.0009828226462350654,0.0021540313489492226,-0.0006485286280809736,-0.0018050715455438088
27,Centralized,-0.0009905047643524918,-0.0008891062700242266,-0.0010091993621724805,0.002280896647007824,-0.000651594257456739,-0.0013143985135739878
28,0,0.0013601397558341,-0.006720195868191321,-0.0037111116828629108,0.008040614434915532,-0.001978986632654658,0.0024965014822956296
28,1,-0.000837800320419968,4.6651916008966233e-05,-0.0026012328337189842,-2.8658967203794756e-05,-0.0016391373965781793,0.0009815075037591862
28,2,-0.004591489681728116,0.003218081155003934,0.0038544157139524275,0.003098963567259543,-0.0019160610029862817,-0.0038258596140850723
28,3,-0.00209614061376414,0.003406300834362742,0.002800714545402552,0.004635752856554248,-0.0026660403341958977,-0.0018453994295300443
28,4,-0.0011693388563388178,0.004274530838718558,0.004746006470449182,-0.005980438894249636,-0.00015093027310096873,-0.0019223779508226102
28,5,-0.002777571015552997,0.0022637579506986387,-0.00015496750983872524,0.003210342341609016,-0.002271483113694718,0.0018049040383405935
28,Aggregated,-0.0011016550725323104,-0.0004137813860558895,-4.658513910118416e-05,0.0032893308159764783,-0.0018104105597426087,0.00016718043580140295
28,Centralized,-0.0011206987384571468,-0.0003604865506841415,-0.0003051261914768017,0.0034119339862756755,-0.0017605736222287911,0.0001599489272377778
29,0,0.0019698756880345597,0.005431457105633262,-0.0236126427424572,0.013894289538985673,0.0016388017271992306,0.005733523224799538
29,1,0.0009476708271589344,0.0006362667097415583,0.0005834283146495256,0.00015784240784452546,0.0008564714029277332,0.0008570143320854281
29,2,-0.0027954516802505677,-0.0005831795206037289,0.00365918893600474,-0.0010273397029977207,0.0006514560971717709,0.0064044573675242685
29,3,-0.002654585984317424,-0.0014792634784143968,0.0008618124068360396,-0.0013843446174045852,-0.002662535746757962,0.0005366877315945688
29,4,-0.0014520245056404645,-0.0015893891216589703,0.002421348301304042,0.00348299594029323,0.0008567436824675201,0.004654120276606573
29,5,-0.0036140621892329656,-0.002685201884745426,0.0004293193341365686,-0.006600573554839923,-0.0017502082348194537,0.001673053803461246
29,Aggregated,-0.0006461488073691016,0.001004728561458769,-0.006635104316607925,0.0038112496694051694,0.00025895994280725784,0.0037743463409981998
29,Centralized,-0.0002804438019987322,0.0014589823915564682,-0.009697823736831545,0.004267547244783865,0.000996703212501697,0.004188966635406793
30,0,-0.0023586412689672685,0.002747018193807434,-0.002027339390200443,0.008676078564317655,-0.01169751241176794,0.0006796706517367579
30,1,-8.631188853977142e-05,-0.0005772083535533139,-0.0020531582966880667,0.00013384141790167558,-0.001082144598337559,-0.0003737122751906704
30,2,-0.001146720266711106,3.7500473197186564e-05,0.0008543006682837639,-0.00028673548254859644,-0.00478123812544694,-0.0009862387636230725
30,3,0.0012841016603858742,0.0031400334271649006,5.9916539695279807e-05,0.001991405551177944,-0.0013093274270042717,-0.0006551998641981601
30,4,0.0003063983499750955,0.004111790561919796,-0.00040101997784763497,0.0020409159507274884,-0.007938132954740806,-0.0027677495433798345
30,5,-0.0024585598615616913,0.0025929861219354954,-0.0005908103797996167,0.005725118749993935,0.00013203309354318794,0.0028058743688677483
30,Aggregated,-0.0010528925861362495,0.0021501977521440367,-0.0009487587711982859,0.004125702277523196,-0.005835891954835924,-4.45154487276874e-05
30,Centralized,-0.0009630514113721123,0.002075348178898571,-0.0009912153002130664,0.00417643882661646,-0.005423579419398723,2.880897154683241e-05
31,0,-0.005826632674048368,-0.0014301086090720949,-0.0012501885095426545,0.003315494966768695,0.0019632949002569623,3.6343359644467704e-05
31,1,0.0018097575496298258,0.003448570501656196,-0.0061224054136660745,0.00014918646349066367,0.0028335655587222847,0.001920019334574787
31,2,0.0021414404719562147,0.0014138014275603319,-0.002689500396596914,2.094360517018908e-05,-0.00020055483384490887,-0.000825152744208472
31,3,0.0009022900568583977,0.0016299496342633186,-0.0016749790356632894,0.0035019994462088125,-0.0018834360666729554,-0.0024995910496601863
31,4,0.00031147180988336796,0.002884484705367824,0.004513634984995369,-0.006255339692178843,0.0017920827920106938,-0.0008790380487644337
31,5,-0.0022441488298301114,0.0045479580546059694,-0.005857969647887129,-0.0030197640987694426,0.0027739423491731636,4.5134629562036216e-05
31,Aggregated,-0.0015082318144892617,0.0014092155957715448,-0.0020019789896587987,0.0003272829834267862,0.0013569245038292724,-0.00028973222750642484
31,Centralized,-0.0013139195184077542,0.0017290529641743023,-0.0024114826175196833,0.0006913985091151246,0.0013682975301634519,-0.00031409656066132735
32,0,-0.0019213266535468398,0.0036178844473612045,-0.006323814729436856,0.010647351463132353,-0.0031070456626938006,-0.00010280018415831186
32,1,-0.0002360971017957699,0.0013227832213335863,-0.0013987006231151217,0.0003934442104918556,-0.002367298093865787,0.00025050238031756135
32,2,-0.0032084115542574806,0.0002678046663558068,0.001803925928659653,0.006544813161296678,-0.0026010836064700635,-0.002668026125621053
32,3,-0.003916779538575308,0.002510311147631442,-0.0005134220891475675,0.007950617928611368,4.099702489590573e-06,-0.003739760335101477
32,4,-0.006275477132079916,0.0020335380964681825,-0.006318298190516941,0.0005383405658399028,0.0004197669962931324,-0.003204914988839812
32,5,0.0011898254554181939,0.00324211523615341,0.0014576179744583806,0.006121102921211258,-0.003038437909156292,-0.00087634550187858
32,Aggregated,-0.002303980683095534,0.0024440623113707273,-0.002733425888080102,0.00637819661986844,-0.0020356929350913992,-0.0014129178343664785
32,Centralized,-0.0022690974159708843,0.002356621446579437,-0.0026951157092080596,0.006199991771209352,-0.0021706212815092497,-0.0015293673760858753
33,0,-0.00487578823425047,0.005060178075975333,0.0015906836192549545,0.002386729826237418,-0.0018218424446059612,-9.269351150137383e-06
33,1,0.002767125356959584,-0.00400397495325198,-0.0014167251572103823,-0.00014964686309856072,0.0013041272759824341,0.0014990943406189058
33,2,0.0018288176675887032,0.001994354447712272,0.003105624050957207,-0.0016970275907563744,-0.0024396324494799187,-0.0008427779645221178
33,3,0.002752217951431821,0.001351996844923991,0.0024242994129915125,0.001659376093698169,-0.003299865003170306,-0.0026213509979259217
33,4,0.0053607185462164865,0.007386373923115324,0.0042961566443682295,-0.007489242427480014,-0.001977114753199067,0.0032776872109576177
33,5,0.004181176429859688,-0.0013918597836222808,0.0015877059842961097,-0.0036632150753713602,-0.0033809246234296855,-0.0014094853625134498
33,Aggregated,0.0006840861908894612,0.002370572313533112,0.0018660088839188283,-0.0007487282229737361,-0.001914019417720496,-1.6070968292257167e-05
33,Centralized,0.0009054351568067775,0.0018958152238804011,0.0018759461322122855,-0.000657992347564936,-0.001850516190018601,6.394010899119691e-05
34,0,0.0013292669661241542,0.0010028574335699592,-0.0024340208953101813,0.003257002760851798,-0.0002911142928065955,-0.0009265130999657072
34,1,0.002377147157602479,0.0011774882901767424,-0.0027061436181736787,0.000990102776239149,-0.001553333098139616,-0.0003252376114502594
34,2,-0.0031895145045005143,0.000737019015558669,0.0013076862731336717,-0.003820966994586149,0.0012455810859766565,0.0016318144929543328
34,3,-0.003433346726120219,0.0009489005649678102,-0.0003310450229103516,-0.002870233189338499,0.000376226187632069,0.0010231819356140018
34,4,-0.0010015190575477062,0.002453293769935146,-0.0010851841670709128,0.0011927637634068992,-0.002509867539946783,-0.0011928097591976106
34,5,0.0005524463627771759,0.0012729625015877395,-0.0021613165903975355,-0.0017690057656051497,0.0021438771920520875,-0.0020457827797605113
34,Aggregated,-0.00019864057519542762,0.0012150966145614006,-0.0014648114911050803,0.00021733959114914595,-0.000135097853166259,-0.00042484156632851666
34,Centralized,-0.0005566927596917755,0.0011216495862366874,-0.0015441600400069478,-1.4357032799137507e-05,-9.623345432197006e-07,-0.0004371853237197891
35,0,0.005073174200834466,0.002667802593324893,-0.002820793103155512,0.009031717166066584,-0.018705362577787953,0.0029080907841957148
35,1,0.0014275130580322327,0.00218257166963206,-0.0013490082372034325,0.001845765621659744,-0.004165659624877422,0.0021341596231356664
35,2,0.0026719909531050263,-0.002827691786448239,0.0014027079111248934,-0.001967918511829199,-0.0022421552142114364,0.002863708917322342
35,3,0.0017164470737404418,0.0013705905610470303,0.0006360168935631637,-0.003164588204730225,-0.0003682171623236965,0.0016312109864382919
35,4,0.004725308631842034,-0.004395196850841625,0.004567100029664095,0.001571445799814806,-0.0024082324279619217,3.5363316760443166e-05
35,5,0.002329757059122652,0.00018406271666759343,0.002020410627183729,-0.008181577087817025,-0.0022551361478291175,0.0018714896712442024
35,Aggregated,0.0033898325809164284,0.0004011352164899385,5.974083227137773e-05,0.0016144922412757875,-0.007646317382813552,0.002099144908891155
35,Centralized,0.003830284616947054,0.0007967750540915531,0.00029578477635134324,0.0014924815324211564,-0.008612651513351503,0.0025445198032772363
36,0,0.0007784550684033683,0.000674840159639319,0.0019236641905784504,0.00228481162922199,-0.005753275079465557,-0.0002708763071453513
36,1,0.0010586817930037943,0.00037934534905603354,-0.0018783631041055515,-0.0009085326703251666,-0.00018550269902969745,-0.0004289805526281535
36,2,-0.0007082847583677073,-0.0006081006484238316,0.0008232713085019494,-0.0007042958837511937,0.0011209581950981891,0.00017580951787920517
36,3,-0.002903289370548223,-0.0019605555668833073,-0.000733464073988338,0.002235611880547378,-5.3224263465771285e-05,-0.0007739509516159686
36,4,0.0025168787632787295,0.001532809389165059,0.0036497544625435454,-0.004821710868786232,-0.00022364096758218562,-0.002326055225443998
36,5,0.0017028362581355194,0.001543954316037926,-0.0006390585013469495,0.0015885608592585594,0.00034840854156744836,-0.0005137083122245385
36,Aggregated,0.00047863587792617624,0.0003398185370139242,0.0007925072811909783,0.00039405476284877494,-0.0017421230446375096,-0.0006093678538604205
36,Centralized,0.0003297644384245513,0.0002650976902701811,0.00030993400576563487,0.0006626909665806498,-0.0013665868290453945,-0.0005477197329642173
37,0,0.003502664305348297,-0.004111939276432551,-0.00920455350730928,0.01084248211799656,-0.00023627405073966268,-0.0005843071983561783
37,1,-0.00023508811223129644,0.002473296144011077,-0.0001271632879771963,0.0002669213217385761,0.00019257846475034812,-0.0006776326724165282
37,2,-0.0026564895998778862,0.001349696217847372,0.005297234022847182,0.004749386429552884,-0.004189622310175397,-0.00246182412873084
37,3,-0.000719720644363823,0.0008661232682109332,0.004423134371269473,0.004596882351043103,-0.0016366253213715412,-0.0031427398783630016
37,4,0.0007049509161966098,0.003879609994314403,0.0018282177650567875,-0.004385526430618392,-0.0003613029595109396,-0.001900455813878406
37,5,-0.0019034953715529623,0.0069509847710316,0.003985490841508775,0.00018760038441302065,-0.0035855362820293914,-0.001363003689548999
37,Aggregated,0.0004952253282543638,0.0007487790593561402,-0.0009285754722309998,0.004268394402156589,-0.0013678293749376715,-0.0014767271505499065
37,Centralized,0.0002735680708302583,0.0014172902281309322,-0.00093906775790557,0.004043795340665192,-0.0012273151576674432,-0.001490955040115604
38,0,-0.0011382925598389382,0.0011580901692147853,0.0013834635061990344,0.0018362783547051474,-0.00414203692665553,0.0008623448003297581
38,1,0.0016922774431291155,-0.0007008997168575263,-0.0008548928483279206,0.0005051737060206044,-0.001705797488222955,-0.000900787076221247
38,2,-0.0010001227972397423,-0.0026632935546267197,0.0034636563559279983,-0.0009017190971538784,-0.0024281764036253473,0.0036916053593012447
38,3,-0.0011376633025480343,-0.001947574098402157,0.0054260441468022315,-0.003224772780327935,3.796528379416316e-05,-0.0014327794928236353
38,4,-0.0018101564854238802,-0.000995223594422793,0.0017968369846488716,-0.002224267114328338,0.0014390288219511826,0.0020282879160148834
38,5,0.0020959529238908214,-0.0032545351896360506,0.003867995488751365,0.0008840615209832722,-0.004385831131344756,-0.0012930037194075262
38,Aggregated,-0.00039303968902952005,-0.0009101710013367692,0.0022971969278367532,-6.909468267536749e-05,-0.002300730210274137,0.0005634756266991308
38,Centralized,-0.00035412434150787025,-0.0012908976893694385,0.002631016012094972,-0.0001259166924851988,-0.002320827272228154,0.0005017640885926248
39,0,-0.003814289163774723,0.0026247872856202154,-0.00047297323616645923,0.005998310802136335,-0.0023807045836241195,8.470043663683091e-05
39,1,0.002357927214514984,0.0017702005154293654,0.0009435884522569642,0.0020501631250888354,-0.0066132518422733514,0.001526738541616877
39,2,-0.0012139102746117172,0.0037579798026642036,-0.003316938081036464,0.0036407490081196456,0.00021851842852616975,-0.0008400183592586775
39,3,-0.002878665350228503,0.001860138317711113,-0.0031898906182638766,0.0027004150902352328,0.0005388370898416323,-0.003296666457786859
39,4,-0.000350961417305475,0.002039703964801476,-0.002858331760823012,0.0037610368865133373,-0.000783428641304614,-0.001808019031881709
39,5,-0.003679549153859132,0.003968921100469922,-0.0014438722492851835,0.0012817857518151825,0.0020613962257514315,0.0022853624744223963
39,Aggregated,-0.002021629079021617,0.0026615675870740063,-0.0014834720398008094,0.0037676511231727826,-0.0013937800988541174,-0.0002596651621774088
39,Centralized,-0.002118326509047102,0.002783817937069255,-0.0016389475035893874,0.003826029131625952,-0.001467948669648137,-0.00030017977313230305
40,0,-0.0014708084373723346,-0.004782364272674337,-0.0007137475336894424,0.009405945084828848,-0.002951042951420933,0.000512018110328194
40,1,0.0005792483718969547,0.00207290526577922,-0.0009616997875993969,0.0020894472045013446,-0.00606365949251454,0.00018909616653710234
40,2,-0.0011165228783011209,-0.0050024450314206164,0.002891460002063638,0.006525710353930313,-0.004469094527903172,-0.0009209686752526681
40,3,-0.0007538878954175407,-0.0030965985298276656,0.0006287452871457563,0.005013474869579888,-0.0020906468293825993,0.00012472026672369352
40,4,-0.0011325375696485025,-0.0019415486116103856,0.003564510060476062,0.0019402493350325252,-0.001866295861585198,0.0014033087792360806
40,5,-0.003098146097115574,-0.004898806754362284,-0.0004467711715273881,0.007671763857326065,-0.0064648221989843015,-0.0013405043137911061
40,Aggregated,-0.0012239698648379585,-0.00329430691029745,0.0005317622410492606,0.00620101388663615,-0.003786230501833578,9.377951795960646e-05
40,Centralized,-0.0014147647299443992,-0.0033780032184947285,0.0005117161321094854,0.006514322858790269,-0.00417899677175473,0.00013291939304151031
41,0,-8.045792618436113e-05,-4.732684669030614e-06,0.000961893616588481,0.00037248385772622463,0.0009983032201833367,-0.0032758681677890053
41,1,0.004432907767357829,-0.0005980767812614159,0.002218544789087398,-0.006449663473675222,0.0027315089917960274,-0.00024055902190530109
41,2,-0.0009385769827892364,0.003713510317751572,0.004968505233458315,-0.0061876635242386615,0.0024825860638224917,-0.0023407805733234033
41,3,0.0005360978776125828,0.001500091974134461,0.004049265172336487,-0.005136461298538478,0.002451107162783515,-0.001401967119900377
41,4,-0.0009166866151262714,0.00268764398640932,0.0018336801094304804,-0.003972946158932873,0.0022726314510790996,-0.00013347705751839227
41,5,0.0006463740504703811,0.0035558060223016726,0.006711384571083735,-0.00847825186395706,0.004155600640669114,-0.004563275908209418
41,Aggregated,0.00048031298587587225,0.0014614067941909714,0.0029789513420668923,-0.00395042094356593,0.002224539033959661,-0.00223859953063478
41,Centralized,0.00044854870040633894,0.0015804430148750473,0.0035082795245523607,-0.004212052125311483,0.0025240719222488286,-0.002279421777301
42,0,-0.005909662192151517,0.0013704516524925714,0.001004736000039012,0.007128344493196084,-0.003854582519466236,7.621879339445766e-05
42,1,-0.004776366645071314,0.001192303584005864,-0.0005847980987189694,-6.46742105472109e-05,-0.0004312496949621436,0.0005103000360752285
42,2,-0.005585284205456833,0.00011327996493925943,0.003364824345636528,0.002425879984179706,-0.007855880374236257,-0.00030350360615696295
42,3,-0.003138471727727183,-0.0021595896041674964,0.0028118323574948434,0.0022248636166866003,-0.004873685429346558,-0.0007794015318509614
42,4,-0.006559113396473557,0.0030159638975869496,0.003497191228604215,-5.681488665372954e-06,-0.005839818285948604,-0.0019031723447145035
42,5,-0.0106072283490725,0.00352026259845235,-0.00018787140048851514,0.001082166094656071,-0.004627457733492443,0.00029438712248602286
42,Aggregated,-0.006060302932656941,0.001212820892976453,0.001527123406329351,0.0030894672807585074,-0.004441324373781401,-0.000269006239153015
42,Centralized,-0.006273363557479466,0.0011326943430951828,0.0014748892943135584,0.0026177928029976006,-0.004653668844757167,-0.00033073950707348534
43,0,-0.00034313662539516845,-0.01182074078891274,0.0013473396426127381,0.012077087761859525,0.0017010602476693103,-0.0009254825642095714
43,1,0.0008456495808368418,0.0036807462924133075,-0.0011752526051519348,0.002480358291126526,-0.0006440332182535757,-0.0011227434989268309
43,2,-0.0019668138008703115,0.003325018351591741,0.0014943973498043384,0.0053904283428319304,-0.002367142535499395,-0.006322341354143548
43,3,-0.002276204845231958,0.0008161470709435588,0.002540251626350472,0.005071837470655358,0.002041188375814982,-0.003910404478081019
43,4,0.00038518286720770807,0.004865558950726746,-0.000721189300228207,0.003436839109631745,0.00014132527978331274,-0.002083932232851728
43,5,0.0013622843717614205,0.0066715282907171105,-0.00014829955505686886,0.0067968164402135095,-0.0025894691370832545,-0.0037587796089895227
43,Aggregated,-0.000334274385050247,-0.0012500265580115484,0.000707838757219047,0.0070641660340110945,9.470216070907978e-05,-0.0026190542411028282
43,Centralized,-0.0004926659822696429,-0.0014957791694244662,0.0008279069668528243,0.007161620763096244,0.0004151629262036586,-0.002405413304039412
44,0,-0.0012064262836345848,-0.0010213471668027107,0.00016349394182858893,0.006160140517767585,-0.0022002119506431975,-0.0018587823789719391
44,1,-0.0011052406282978957,0.001578557584360095,-0.004080457721596271,0.002772732195681784,0.0011380567369760819,0.0017910141042756264
44,2,0.0014034890336192202,0.0025400646444625435,0.0035663884003467113,0.0017428447134874366,0.0003397615861859419,-0.0009111306185194327
44,3,-0.0005710686621151262,0.0012570983234221214,0.002979720872310437,0.00015109007002418463,0.0006207652083284795,-0.002501601269268154
44,4,-0.0009527409966310195,0.001338462871978241,0.0006772237347744764,-7.220579691729252e-05,-0.002070646974176478,-0.0008877789709285008
44,5,-0.00019774439618710688,0.0036730833691424,0.004563198487872485,-0.0005647177912926404,-0.00042977991064998183,-0.0025543543256016155
44,Aggregated,-0.0005855124183428228,0.0010660480924913618,0.0010915458993077717,0.0025534822087254854,-0.0007722559474445392,-0.0012888967849309877
44,Centralized,-0.0006814748752293709,0.0014016163426905628,0.0011445813483022965,0.0025362643700947564,-0.000475357828546071,-0.0011033229744176827
45,0,-0.0025289565285855327,0.0020168979924663484,-0.0016921427383125708,0.0026058864650420916,-0.0029656273676312854,0.0014983881591922432
45,1,-0.004648363401853396,0.0024473345528288493,-0.000723813569500692,-0.0011205822973538468,-0.0012694185765777413,0.0012345990978527665
45,2,-0.0013263978218522074,-0.0007568577267494325,-0.0005522374666444932,0.0027266913397539067,-0.004701016328112299,1.3749254217865214e-05
45,3,0.0006576457984204864,-0.00042676420903275947,-0.00021686638419430305,0.0036979582775899175,-0.002053824928445362,0.0005301684468948075
45,4,0.002586043566899007,0.0012833441458772244,-0.0014106375052610584,-0.002395005980789079,0.001613775012122827,9.539501547242701e-05
45,5,0.002761519912460873,0.004461332020344857,-0.0022791393431296526,-0.0013521640751260422,-0.005756966057537703,-0.00013260702439926164
45,Aggregated,-0.0008213140875917445,0.0016024770598831429,-0.0012505188166150507,0.0010602745354053786,-0.0026071723323431123,0.000723646433288761
45,Centralized,-0.0006961447123153818,0.0014162695571969415,-0.0013053393380137192,0.0012563275625748975,-0.002601705851449397,0.0004641846684968143
46,0,-0.006380058626854894,0.002456605513351258,1.8959559262843317e-06,0.010934330088785547,-0.0037715810847746604,-0.0014454046617969304
46,1,-0.0001560653450373701,0.005343431996691271,-0.00777225473568944,0.003859581313720555,0.0010826619074029023,-0.0023573551370879185
46,2,-0.003224976223398812,0.0020767165625560197,-0.00020253230849184506,0.004403876002774564,-0.0023905540281534006,-0.0005631722743499258
46,3,-0.004863199069287113,0.00048742499629952826,-0.0008735928154136282,0.005079291780235575,-0.0026514244211169524,-0.001653380121938707
46,4,-0.011265497301080047,0.0026016444912676105,-0.00020587632329929957,0.002153981102191079,-0.0042626161127713455,-0.0023760712183803667
46,5,-0.0033216276098328025,0.005410859752584603,-0.0012190957263475725,0.0019091232645670672,-0.00428004607509771,-0.0029611884918971177
46,Aggregated,-0.005158267401926913,0.002946599067374371,-0.0013834358163520976,0.00591377795506343,-0.0029152929087085536,-0.0018070200209289317
46,Centralized,-0.005576106042519267,0.0029050494340751433,-0.0018394398602072932,0.005968754406023583,-0.002846207103917864,-0.0020093049249064023
47,0,-0.001139932665486182,-0.0008765770007467643,-0.0017881403707116347,0.003915525856303377,-0.004183276878025285,0.003305301212314894
47,1,0.0021622100270574326,-0.00040503943661023093,-0.0032784593821507976,0.00014899901047542204,-0.00024924428262780113,0.0016022139028355514
47,2,-0.005146620511247993,0.0019603734928133093,3.0229345402210673e-05,0.00202336579396481,-0.0021824361347737207,0.0014258368424551137
47,3,-4.647333164996363e-05,0.0005599796465176406,-0.0022279527962071597,0.0029468537665512497,-0.0018017041658484226,0.0009180002294022271
47,4,-0.0027462672880384973,0.005076750387070616,0.003650995474612569,0.0039214280587961435,0.0014457786416604927,0.0021853013425066512
47,5,0.001018616176354777,0.002771744639278054,-0.0013901860110015604,0.0014296364795278892,-0.002406527398157134,0.0029686133597150665
47,Aggregated,-0.0010131412218807203,0.0010562496034954882,-0.0010168081447360063,0.0026885587722130415,-0.0020651313544146517,0.0023047769730520414
47,Centralized,-0.0011210727071626792,0.0012143512269532772,-0.0009739052248864048,0.0030102012379565448,-0.0020797208186273436,0.002418866922614493
48,0,-0.002087358630010296,7.333794384095649e-05,-0.0006480142906314065,0.004366130573576286,-0.002850629409754375,-0.0007922595344832122
48,1,0.0022642558759512314,0.00017379996159070006,-0.002772204693236758,2.918043514946363e-05,0.0002956022105595368,2.8686371006290495e-05
48,2,-0.0029779273280797487,0.000971458191387962,0.005445457908954437,0.0051185019786850194,-0.0019893977356808096,-0.00018213082543056352
48,3,-0.002117579782625045,0.001380610623576121,0.003194592696166346,0.002418235749104188,-0.0013199751749240545,-0.0016180248100746216
48,4,-0.0027864977118348356,0.0009918223104875058,0.0008430907245271976,0.0012168887865836864,-0.0025634699229754913,0.00034570030435496777
48,5,-0.0019390279051939975,-0.0010903122231974741,0.0037155562087734517,0.0013992491606015802,-0.0005823358453940312,-0.0034606892676415737
48,Aggregated,-0.0016993547996073366,0.00035095973433938886,0.0011931833787678509,0.002796799120991875,-0.0017602410016392545,-0.0009168997455253557
48,Centralized,-0.0018752791926951186,0.000349685711825846,0.0015407155924355481,0.003032600396371104,-0.0015740347786971512,-0.0010798013712130516
49,0,-0.0025658037814089724,0.0024602674768843093,-0.0017773974038860386,0.007508154843922608,-0.0010388886170200483,0.00011436817034891449
49,1,-0.0005463349610367447,-0.001938750519069246,-0.0002695103227336237,0.0014048862299735436,0.0014647326460221822,-0.00011502307315611008
49,2,-0.00475070911617975,-0.0010662640245415673,-0.00010355103839231698,-0.0025840733192267966,0.0005084645388790814,0.001451244675269271
49,3,-0.0008786404247502895,0.002483282338126806,0.0009454639707373795,-0.0009186307412874184,-0.0005887910136036252,0.0012171164947682685
49,4,-0.00678330460657961,0.005150000695095485,0.0003415511597876749,-0.0018659031949026968,0.0009014219154449425,0.0020641393277129145
49,5,-0.0042144746002046735,0.003888598774547964,0.0007939074178412183,-0.0019596918181381236,0.003873094180236054,0.001666911780830391
49,Aggregated,-0.003151099505273219,0.001950413104327543,-0.0003500298958629969,0.0016525383059169695,0.0004906684369516189,0.000883978621484956
49,Centralized,-0.0034974821440421863,0.0020598799312607943,-0.0003756718426865091,0.0014088929099819532,0.000511285824595222,0.001046510024739287
50,0,0.00044165443139994597,-0.0012895061971542813,-0.0029223362645930963,0.006578912160983827,-0.0018938941785988075,-0.0009148299520375787
50,1,0.002158917881954296,0.001673190046577913,-0.001314198418261353,0.00029593555438133613,-0.0013340760160275855,0.0006087129755564894
50,2,-0.001490402964603952,0.0017292105612473877,-0.0013440998490619137,0.0016149076721526116,0.0002500940526493726,0.0013286711590795937
50,3,-0.0006629768203210577,-0.00048490688593285275,-0.0013584837289137323,-0.0020884377771263536,-0.0002621071495281809,0.000310549087842558
50,4,0.0028816436500391143,-0.0015622927801694794,-0.0024860100201482735,-0.005042529269293867,-0.0009815195553904625,0.0001716159411489245
50,5,0.0004377957179583762,0.0020165488931864523,-0.0026833109734716643,-0.0001642769219561524,-0.002183167402585268,0.00014861675905458542
50,Aggregated,0.0005921000858937137,3.337470894207315e-05,-0.0021913872152204833,0.0014218636703494198,-0.0012258449783442535,4.740274246704926e-05
50,Centralized,0.0004832216734410033,0.00013824592605919024,-0.002428362799774226,0.0013807822151996978,-0.001227824482106904,3.239651033715707e-05
