Round,Evaluator,4,2,5,1,3,0
0,0,,,,,,
0,1,,,,,,
0,2,,,,,,
0,3,,,,,,
0,4,,,,,,
0,5,,,,,,
0,Aggregated,,,,,,
0,Centralized,,,,,,
1,0,0.1970938375350152,0.12286414565826338,-0.3008053221288506,0.1898109243697483,0.12769607843137237,0.30829831932773094
1,1,0.17482419127988866,-0.017158931082981672,-0.17102672292545681,0.18818565400843873,0.16916315049226432,0.07584388185654009
1,2,0.08724235963041851,0.1498223169864958,0.0702558635394457,0.11524520255863528,0.10828002842928199,0.04058280028429277
1,3,0.15356125356125414,-0.010897435897435942,-0.15915242165242188,0.1670584045584045,0.16666666666666705,0.031054131054131098
1,4,0.19202317290552604,-0.012522281639928705,-0.24995543672014284,0.21158645276292395,0.1737522281639927,0.13163992869875218
1,5,-0.0003164556962025456,0.20277777777777758,0.463150492264416,0.04170182841068917,0.021554149085794668,-0.11705344585091418
1,Aggregated,0.13409805167988886,0.07247439428379106,-0.058045828451697944,0.15228139971323368,0.1278718271194145,0.0784549445506615
1,Centralized,0.1320414381474713,0.0756672760511883,-0.051090798293723545,0.15015843997562484,0.12612431444241332,0.07678854357099336
2,0,0.07734593837535012,0.05283613445378148,-0.3929971988795524,0.07605042016806719,0.05171568627450973,0.15395658263305306
2,1,0.13621659634317881,-0.0029887482419128026,-0.2574894514767926,0.15464135021096995,0.13505625879043584,0.07085091420534474
2,2,0.0193674484719261,0.053909026297085876,-0.08486140724946693,0.017377398720682318,0.016666666666666698,0.009523809523809523
2,3,0.14928774928774935,0.005698005698005712,-0.2334401709401708,0.15911680911680814,0.16118233618233563,0.04875356125356131
2,4,0.1441176470588232,0.002985739750445639,-0.3274509803921562,0.14875222816399258,0.1398841354723703,0.1029411764705882
2,5,-0.06216596343178644,0.08554852320675128,0.2090365682137832,-0.037025316455696476,-0.08189170182841027,-0.08818565400843885
2,Aggregated,0.07738411414632551,0.032993641981206814,-0.18129314058627571,0.08650182214420418,0.07046158018925619,0.049672917122911275
2,Centralized,0.07486898232784875,0.03413162705667274,-0.17606946983546565,0.08416819012797085,0.06778184034125542,0.0478427787934188
3,0,0.06936274509803943,0.05525210084033624,-0.32755602240896425,0.0630952380952381,0.038550420168067166,0.13070728291316505
3,1,0.08055555555555546,-0.014697609001406438,-0.2212025316455693,0.08329817158931066,0.07580872011251759,0.06374824191279899
3,2,0.018941009239516773,0.037206823027718605,-0.08884150675195453,0.022388059701492546,0.013574982231698642,0.024449182658137843
3,3,0.08554131054131073,-0.02827635327635327,-0.20188746438746405,0.08967236467236503,0.08653846153846166,0.04106125356125359
3,4,0.09607843137254919,-0.00650623885918,-0.275490196078431,0.09656862745098026,0.08048128342245994,0.08908199643493774
3,5,-0.0408579465541493,0.04978902953586516,0.14018987341772143,-0.03582981715893087,-0.04999999999999999,-0.05063291139240526
3,Aggregated,0.051619777631601804,0.01546031343305643,-0.16253676756240254,0.05321388459367627,0.040842402240633686,0.049759742526038084
3,Centralized,0.04997562461913458,0.01634978671541746,-0.15850091407678185,0.05159658744667881,0.03932358318098725,0.048421694088970076
4,0,0.04975490196078432,0.046288515406162585,-0.26740196078431394,0.044747899159663894,0.02419467787114847,0.1171218487394962
4,1,0.04753867791842477,-0.007489451476793216,-0.17928973277074506,0.058614627285513504,0.03748241912798884,0.05580168776371309
4,2,0.013290689410092402,0.022245913290689465,-0.06048329779673064,0.018798862828713583,0.006503198294243044,0.02309879175550817
4,3,0.05712250712250715,-0.015420227920227927,-0.15516381766381762,0.05459401709401722,0.05420227920227902,0.030306267806267845
4,4,0.059759358288770076,0.0020944741532976886,-0.2203654188948306,0.057575757575757586,0.04251336898395723,0.07179144385026716
4,5,-0.04166666666666665,0.02760196905766523,0.11845991561181432,-0.014978902953586528,-0.04950773558368522,-0.03357946554149098
4,Aggregated,0.030982829849742897,0.012554419240008571,-0.12743153997875808,0.03656853708145645,0.019248068146171388,0.04410963383830744
4,Centralized,0.029902498476538645,0.013004265691651458,-0.1241377209018888,0.035789152955514984,0.01833028641072513,0.043199268738574076
5,0,0.048389355742296976,0.04289215686274515,-0.2299369747899162,0.03921568627450986,0.017086834733893545,0.10756302521008389
5,1,0.04447960618846712,0.013572433192686355,-0.14764416315049236,0.04630801687763719,0.0332630098452882,0.04377637130801701
5,2,0.01325515280739164,0.016240227434257317,-0.054051172707888936,0.01023454157782516,0.003553660270078189,0.012899786780383862
5,3,0.041702279202279265,-0.004878917378917375,-0.1286324786324789,0.045014245014244995,0.037571225071225074,0.01777065527065526
5,4,0.0502673796791443,0.015641711229946512,-0.190909090909091,0.0458110516934046,0.03177361853832436,0.05811051693404627
5,5,-0.021976090014064656,0.019866385372714495,0.110900140646976,-0.021870604781997177,-0.03231364275668066,-0.04827707454289758
5,Aggregated,0.02936370891832653,0.017222397765990334,-0.10676309085913686,0.027462623483108326,0.015166309881425373,0.031995163980582386
5,Centralized,0.02860450944546003,0.017349177330895724,-0.1037720901889089,0.02678244972577697,0.014521633150517984,0.03113954905545394
6,0,0.037990196078431335,0.04089635854341724,-0.20987394957983138,0.038935574229691884,0.017296918767506955,0.09156162464986006
6,1,0.03502109704641343,0.007454289732770768,-0.13762306610407904,0.03931082981715887,0.020042194092826992,0.04423347398030958
6,2,0.006680881307746961,0.011940298507462699,-0.04559346126510319,0.008813077469793863,0.0021321961620468857,0.013894811656005679
6,3,0.03931623931623938,-0.009081196581196608,-0.11363960113960068,0.038782051282051304,0.030698005698005737,0.022471509971509956
6,4,0.039171122994652356,0.012254901960784315,-0.16697860962566813,0.037522281639928705,0.03106060606060612,0.05499108734402847
6,5,-0.03266526019690577,0.019725738396624466,0.0901547116736992,-0.006540084388185673,-0.030133614627285397,-0.0321026722925454
6,Aggregated,0.020932038405135307,0.013864168620081043,-0.09730320895913025,0.02614445695432568,0.011857884644844028,0.03252451674617332
6,Centralized,0.020249847653869668,0.013997562461913398,-0.09485070079219982,0.025734308348567957,0.011127361365021333,0.03178549664838523
7,0,0.04674369747899168,0.03525910364145664,-0.1987745098039219,0.03623949579831945,0.010504201680672247,0.07633053221288505
7,1,0.02719760900140648,0.021009142053445798,-0.12744374120956398,0.027215189873417794,0.01417018284106895,0.039961322081575296
7,2,0.01343283582089549,0.019580668088130807,-0.04712153518123689,0.007889125799573576,0.004975124378109457,0.014036958066808809
7,3,0.027599715099715115,0.007692307692307677,-0.09971509971510001,0.025997150997151088,0.01997863247863247,0.02058404558404559
7,4,0.03663101604278074,0.017647058823529314,-0.15276292335115874,0.0302584670231729,0.01760249554367207,0.05062388591800354
7,5,-0.011568213783403662,0.03463431786216593,0.06406469760900156,-0.02267932489451476,-0.02770745428973275,-0.02408579465541484
7,Aggregated,0.02334806622133123,0.02263435777716841,-0.09366253829081017,0.01749692786771416,0.006595998897166067,0.029587522192769226
7,Centralized,0.022875279301239088,0.022868169815153383,-0.09161588462319745,0.017035344302254743,0.006164940077188715,0.028887873248019592
8,0,0.043347338935574256,0.031827731092437,-0.18806022408963596,0.03308823529411756,0.006967787114845931,0.06862745098039236
8,1,0.02426160337552744,0.023101265822784826,-0.10840365682137833,0.020956399437412093,0.010829817158931066,0.0334739803094233
8,2,0.009914712153518138,0.015920398009950192,-0.04637526652452033,0.004761904761904778,-0.002878464818763328,0.010127931769722822
8,3,0.023112535612535606,0.008760683760683757,-0.07824074074074078,0.022008547008546975,0.015455840455840447,0.013176638176638165
8,4,0.028297682709447426,0.018137254901960817,-0.13422459893048128,0.024910873440285124,0.012165775401069572,0.04269162210338685
8,5,-0.018881856540084396,0.030344585091420587,0.05872011251758101,-0.02299578059071723,-0.03347398030942332,-0.022151898734177267
8,Aggregated,0.01835273152679318,0.02134595182464258,-0.08279862079728083,0.013798234123687553,0.0015201313870375458,0.024334916143636177
8,Centralized,0.01800121876904317,0.021511273613650236,-0.08103595368677623,0.013394271785496606,0.001102985984156,0.023735527117611236
9,0,0.040861344537815245,0.024719887955182058,-0.17780112044818017,0.03480392156862753,0.011484593837535036,0.06593137254901976
9,1,0.027074542897327664,0.02000703234880454,-0.10256680731364273,0.0247187060478199,0.009704641350210937,0.03372011251758084
9,2,0.013965884861407294,0.01613361762615497,-0.043461265103056174,0.009346126510305615,-0.0021321961620468957,0.012544420753376036
9,3,0.02279202279202295,0.008618233618233594,-0.06933760683760641,0.023361823361823374,0.012428774928774927,0.01068376068376065
9,4,0.031105169340463684,0.020053475935828756,-0.12901069518716607,0.025044563279857386,0.014037433155080256,0.041443850267379796
9,5,-0.011744022503516178,0.02665260196905767,0.05643459915611833,-0.013080168776371285,-0.035021097046413305,-0.01691279887482427
9,Aggregated,0.020684246216415413,0.019360666914857234,-0.07765535442812985,0.017374445788360737,0.001759618750859623,0.024577595624336247
9,Centralized,0.020316879951249204,0.019372333942717923,-0.0758988421694092,0.017099329677026244,0.0012918951858623036,0.02403412553321141
10,0,0.0336484593837536,0.026890756302520944,-0.15854341736694683,0.030602240896358435,0.014040616246498676,0.055462184873949896
10,1,0.016350210970464137,0.01427566807313639,-0.09099859353023897,0.019338959212376997,0.009950773558368526,0.026863572433192737
10,2,0.0007462686567164142,0.01119402985074628,-0.028997867803838038,0.004975124378109453,0.00010660980810234224,0.014108031272210409
10,3,0.007834757834757834,0.0012464387464387544,-0.06225071225071189,0.01139601139601141,0.012500000000000015,0.012179487179487155
10,4,0.024643493761140823,0.017959001782531247,-0.10868983957219168,0.02045454545454549,0.01180926916221036,0.03649732620320836
10,5,-0.01729957805907171,0.017510548523206788,0.04620253164556966,-0.016701828410689127,-0.0190576652601969,-0.01487341772151889
10,Aggregated,0.010992716082041769,0.014843704050577482,-0.067240132922261,0.011684739904308919,0.004898109226978023,0.02171470975624866
10,Centralized,0.010530164533820776,0.014777574649603931,-0.0658439975624617,0.011383302864107275,0.004637416209628289,0.021224862888482656
11,0,0.023879551820728366,0.022303921568627386,-0.14562324929972,0.026015406162464918,0.01838235294117647,0.05504201680672273
11,1,0.016174402250351674,0.01842475386779176,-0.07805907172995738,0.013502109704641385,0.00819268635724336,0.02387482419127989
11,2,0.010305614783226731,0.02185501066098083,-0.02619047619047631,-0.00589907604832978,-0.004051172707889108,0.008244491826581393
11,3,0.01990740740740737,0.011431623931623931,-0.04633190883190868,0.001887464387464402,0.00797720797720797,0.0072649572649572626
11,4,0.01693404634581105,0.016488413547236954,-0.09741532976827066,0.016176470588235216,0.012611408199643452,0.03520499108734392
11,5,-0.010056258790435995,0.025597749648382597,0.04634317862165951,-0.018846694796061887,-0.02130801687763714,-0.01962025316455697
11,Aggregated,0.01286498141372102,0.019348940359341812,-0.05790405994192916,0.0054772530695670375,0.003640204565188158,0.01834333154483072
11,Centralized,0.01270566727605118,0.0194728823887873,-0.05657525898842141,0.005118829981718453,0.003324192565508832,0.0177818403412553
12,0,0.028676470588235276,0.02682072829131655,-0.15192577030812326,0.029726890756302478,0.020798319327731078,0.0543067226890758
12,1,0.013677918424753886,0.013783403656821371,-0.07907876230660993,0.02007735583684944,0.012974683544303804,0.02278481012658218
12,2,0.005188343994314163,0.014392324093816678,-0.03269367448471932,0.006254442075337595,0.0041933191186922635,0.009061833688699387
12,3,0.020405982905982955,0.000605413105413119,-0.04298433048433043,0.01769943019943024,0.01324786324786326,0.00811965811965811
12,4,0.015909090909090838,0.014126559714794994,-0.09799465240641703,0.017112299465240684,0.01417112299465235,0.034001782531194055
12,5,-0.01610407876230661,0.020956399437412048,0.05608298171589305,-0.015541490857946602,-0.02440225035161745,-0.020991561181434647
12,Aggregated,0.011301612633397157,0.015112267087853072,-0.05812757698138046,0.012563741642739091,0.006839774777158836,0.017889497352591335
12,Centralized,0.011127361365021342,0.01519195612431449,-0.056788543570993145,0.012400975015234569,0.0065630712979890425,0.01735527117611217
13,0,0.03399859943977606,0.02149859943977608,-0.1301120448179266,0.025805322128851546,0.011519607843137273,0.045693277310924506
13,1,0.019057665260196945,0.012728551336146277,-0.07123769338959221,0.018213783403656852,0.008895921237693354,0.014451476793248985
13,2,0.007142857142857164,0.016240227434257314,-0.020575692963752733,0.004051172707889154,0.0013503909026297176,0.0003198294243070351
13,3,0.020370370370370445,-0.0009971509971510118,-0.03935185185185167,0.02033475783475788,0.004344729344729339,-0.004700854700854699
13,4,0.022638146167557934,0.013948306595365459,-0.08333333333333325,0.012388591800356494,0.010249554367201444,0.02945632798573962
13,5,-0.014838255977496422,0.020007032348804524,0.04637834036568216,-0.009985935302391011,-0.013924050632911395,-0.03185654008438827
13,Aggregated,0.01473680388802756,0.01390182009010685,-0.04972882553327035,0.01180936738065674,0.0037433604101916474,0.008901696437112366
13,Centralized,0.014454600853138324,0.013936624009750166,-0.04861060329067664,0.011785496648385154,0.003510054844606942,0.008214503351614904
14,0,0.027521008403361375,0.015091036414565821,-0.12787114845938355,0.03000700280112033,0.011729691876750707,0.045623249299719976
14,1,0.01761603375527427,0.010407876230661065,-0.0678621659634317,0.020112517580872007,0.011497890295358637,0.016666666666666663
14,2,0.007036247334754772,0.012651030561478321,-0.02679459843638948,0.0021677327647476796,-7.10732054015839e-05,0.007142857142857131
14,3,0.014316239316239267,-0.003347578347578352,-0.03671652421652422,0.01346153846153843,0.00975783475783474,0.00039173789173787985
14,4,0.018850267379679153,0.010204991087344037,-0.08324420677361842,0.01844919786096257,0.009447415329768276,0.0262923351158645
14,5,-0.006434599156118137,0.0187763713080169,0.04018987341772156,-0.01592827004219404,-0.019163150492264375,-0.013220815752461408
14,Aggregated,0.013156124623319535,0.010627378226619378,-0.0504051355780132,0.011385634613725187,0.003872756598106445,0.013821777831926639
14,Centralized,0.012961608775137178,0.010676416819012826,-0.049311395490554556,0.011145642900670372,0.003662400975015248,0.013424741011578359
15,0,0.0293067226890757,0.013130252100840295,-0.11137955182072887,0.019572829131652803,0.005147058823529408,0.04002100840336155
15,1,0.019163150492264438,7.032348804505304e-05,-0.05840365682137798,0.011814345991561207,0.0068565400843881704,0.014170182841068897
15,2,0.009665955934612606,-0.0023098791755508403,-0.02238805970149246,-7.107320540154567e-05,0.00046197583511016743,0.006112295664534482
15,3,0.012037037037037023,-0.010576923076923057,-0.03041310541310523,0.0026353276353276605,0.007585470085470091,-0.0004985754985754968
15,4,0.02361853832442064,0.005525846702317263,-0.07156862745098036,0.014661319073083833,0.00392156862745098,0.02651515151515145
15,5,-0.01111111111111112,0.011603375527426196,0.03888888888888885,-0.004852320675105504,-0.019057665260196907,-0.011251758087201193
15,Aggregated,0.013785672379485503,0.002902767818165632,-0.04256400532499246,0.007294791975277009,0.0008254192875443377,0.012515289035220686
15,Centralized,0.01344302254722726,0.0028580134064594654,-0.04159658744667888,0.007056672760511838,0.000694698354661787,0.012059719683120014
16,0,0.022408963585434157,0.010924369747899164,-0.10693277310924357,0.023284313725490186,0.004796918767507015,0.047619047619047686
16,1,0.0160337552742616,0.003938115330520424,-0.04665963431786224,0.01114627285513364,-0.0008438818565400653,0.02060478199718707
16,2,0.008955223880597036,0.007889125799573554,-0.01304193319118689,-0.0011727078891257791,-0.010732054015636159,0.014498933901919015
16,3,0.015811965811965763,-0.004237891737891726,-0.016702279202279218,0.0032051282051282198,-0.00096153846153846,0.01143162393162392
16,4,0.016399286987522275,0.008645276292335127,-0.06871657754010692,0.020588235294117668,0.004411764705882346,0.026693404634581103
16,5,-0.01388888888888887,0.018319268635724303,0.0495428973277074,-0.017862165963431844,-0.02376933895921217,-0.018670886075949356
16,Aggregated,0.010960893100308547,0.0075752184151442244,-0.03377039069192016,0.0065352446581904535,-0.004512494921877239,0.017040022162059958
16,Centralized,0.010755636806825163,0.0075685557586837385,-0.03260207190737366,0.006051188299817171,-0.004832419256550871,0.016715417428397352
17,0,0.027065826330532266,0.015056022408963633,-0.1159663865546213,0.023354341736694678,0.011484593837534992,0.0432072829131655
17,1,0.015295358649789035,0.004957805907173007,-0.05699718706047814,0.016420534458509186,0.006645569620253145,0.013677918424753853
17,2,0.004761904761904789,0.010199004975124375,-0.021997157071784,0.005259417199715717,-0.0012437810945273619,0.009417199715707198
17,3,0.008297720797720794,-0.008226495726495711,-0.022542735042734987,0.01285612535612535,0.006552706552706558,0.0051994301994302
17,4,0.019652406417112314,0.00833333333333339,-0.07116755793226355,0.014349376114082083,0.0029411764705882396,0.02321746880570411
17,5,-0.01589310829817162,0.018459915611814336,0.04549929676511962,-0.008052039381153373,-0.02587904360056257,-0.016244725738396602
17,Aggregated,0.009869355996674782,0.008125911851965893,-0.04054978591370249,0.01070355420987298,9.24091247336931e-05,0.013087148529676679
17,Centralized,0.009530773918342452,0.008159658744667899,-0.03953686776355883,0.010578915295551486,-2.4375380865304355e-05,0.012754418037781825
18,0,0.01964285714285717,0.010539215686274509,-0.10406162464985942,0.023809523809523853,0.008088235294117655,0.03778011204481797
18,1,0.0134669479606189,0.0014064697609001398,-0.048945147679324584,0.01596343178621662,0.006575246132208148,0.01364275668073128
18,2,0.003447050461975819,-0.0015991471215351812,-0.01876332622601282,0.004015636105188327,-0.0019189765458422097,0.008422174840085275
18,3,0.006054131054131059,-0.00993589743589742,-0.020192307692307596,0.00883190883190883,-0.00017806267806265246,0.004736467236467237
18,4,0.012700534759358265,0.007174688057040986,-0.06319073083778988,0.015463458110516953,0.004055258467023174,0.021122994652406427
18,5,-0.011884669479606173,0.010654008438818575,0.04317862165963428,-0.00998593530239099,-0.011603375527426163,-0.011919831223628696
18,Aggregated,0.00724272171602085,0.003035137219816403,-0.03534864226312244,0.009688006721635296,0.0008394871727174019,0.01230378387466008
18,Centralized,0.007056672760511858,0.002931139549055428,-0.03442413162705682,0.009494210847044528,0.0007312614259597752,0.012017062766605694
19,0,0.019432773109243743,0.011204481792717077,-0.0923319327731089,0.023879551820728314,0.008053221288515391,0.038165266106442546
19,1,0.012939521800281246,0.003164556962025294,-0.049894514767932274,0.015752461322081506,0.010196905766526055,0.012060478199718666
19,2,0.004904051172707894,0.010447761194029868,-0.014250177683013525,0.00014214641080312958,-0.0020255863539445675,0.00717839374555796
19,3,0.014814814814814791,-0.009971509971509968,-0.021616809116809115,0.019159544159544108,0.009900284900284885,0.002670940170940169
19,4,0.01292335115864531,0.006862745098039244,-0.06024955436720155,0.012878787878787875,0.003475935828876998,0.021434937611408158
19,5,-0.002496483825597749,0.011638537271448672,0.03456399437412104,-0.0074894514767932605,-0.014310829817158867,-0.015576652601969056
19,Aggregated,0.010423731540748334,0.005554967759804148,-0.033978829650686715,0.010726603543807566,0.0025539978905211647,0.010995579426077779
19,Centralized,0.010329067641681901,0.005533211456429028,-0.03309567336989633,0.010664229128580139,0.0025045703839122577,0.010645947592931164
20,0,0.02030812324929972,0.010049019607843133,-0.0771358543417367,0.013620448179271695,0.00728291316526609,0.03217787114845945
20,1,0.011708860759493667,0.0031997187060478147,-0.0418776371308017,0.011357243319268642,0.0049226441631505125,0.008579465541490885
20,2,-0.000355366027007827,0.006361051883439941,-0.01041222459132908,0.00039090262970857114,-0.004939587775408684,0.004690831556503186
20,3,0.008226495726495727,-0.009045584045584027,-0.02592592592592591,0.011858974358974353,0.00854700854700855,-0.006481481481481466
20,4,0.01501782531194295,0.007442067736185379,-0.04790552584670231,0.004055258467023183,-0.0008467023172905597,0.02223707664884137
20,5,-0.01508438818565405,0.01177918424753865,0.04120956399437427,-0.006997187060478186,-0.0200070323488045,-0.021448663853727117
20,Aggregated,0.006641866366839313,0.004960550986172548,-0.027025902306095785,0.005719570707918512,-0.0008328084530096994,0.006630859999572318
20,Centralized,0.006349786715417456,0.0049055453991468725,-0.026313223644119456,0.005776965265082292,-0.0008470444850700519,0.006106032906764193
21,0,0.015441176470588186,0.007177871148459393,-0.09012605042016872,0.01911764705882356,0.0053921568627450945,0.030392156862745424
21,1,0.010548523206751065,-0.00010548523206752406,-0.03973277074542901,0.013748241912798885,0.00741912798874826,0.00812236286919832
21,2,0.0018479033404406604,0.005152807391613364,-0.016311300639658924,0.0052594171997157055,0.0012082444918265801,0.004975124378109476
21,3,0.00495014245014246,-0.006552706552706544,-0.014992877492877501,0.008155270655270653,0.003917378917378933,-0.0018874643874643845
21,4,0.011764705882352944,0.007263814616755808,-0.05721925133689812,0.014661319073083767,0.005080213903743329,0.021122994652406454
21,5,-0.01589310829817161,0.007067510548523182,0.0422292545710269,-0.008614627285513357,-0.011462728551336149,-0.017545710267229165
21,Aggregated,0.004781544109362799,0.0033312045208564816,-0.02937591299229228,0.00872533417891361,0.001929296321139427,0.007534697219162914
21,Centralized,0.004533820840950665,0.0032114564290066884,-0.028439975624618984,0.008519195612431476,0.0018098720292504674,0.007074954296160875
22,0,0.026260504201680687,0.012289915966386542,-0.07605042016806754,0.021078431372549052,0.007002801120448172,0.030427170868347356
22,1,0.01213080168776368,0.004008438818565401,-0.03825597749648361,0.013291139240506384,0.004957805907172988,0.005977496483825577
22,2,-0.0021321961620469018,0.00575692963752667,-0.01208244491826577,0.003304904051172718,-0.0002487562189054758,0.007533759772565727
22,3,0.021866096866096817,-0.002742165242165242,-0.019017094017094015,0.011075498575498574,-0.000747863247863223,0.00024928774928773917
22,4,0.011586452762923355,0.0063279857397504115,-0.05503565062388577,0.013770053475935845,0.003877005347593576,0.014126559714794994
22,5,-0.010091420534458481,0.010337552742616048,0.04331926863572444,-0.009177215189873503,-0.0062939521800281645,-0.015436005625879008
22,Aggregated,0.009944191419700077,0.005994742116173694,-0.026202591659898813,0.008895440116829127,0.0014262407880847195,0.007153161065675306
22,Centralized,0.009884216940889637,0.006008531383302852,-0.02521023765996349,0.00872638634978667,0.0013467397928092484,0.006922608165752608
23,0,0.01946778711484595,0.007212885154061634,-0.08151260504201703,0.018697478991596597,0.004866946778711475,0.02916666666666667
23,1,0.010513361462728625,0.003621659634317858,-0.036990154711673495,0.01075949367088611,0.005379746835443017,0.006715893108298168
23,2,0.004477611940298501,0.01165600568585644,-0.019083155650319754,0.0012437810945273337,-0.004264392324093846,0.008102345415778232
23,3,0.006125356125356125,-0.003988603988603997,-0.009223646723646717,0.01214387464387464,0.00701566951566951,-0.005662393162393151
23,4,0.01595365418894826,0.005659536541889493,-0.05173796791443836,0.013324420677361825,0.000757575757575769,0.018716577540107006
23,5,-0.00963431786216599,0.0110407876230661,0.039099859353023805,-0.008649789029535842,-0.018600562587904313,-0.01536568213783398
23,Aggregated,0.007820811979947754,0.005865256148107465,-0.02659032191894649,0.00792421086792934,-0.0008014943723130998,0.006950071000822842
23,Centralized,0.0075380865326020495,0.005886654478976265,-0.02574649603900062,0.007733089579524694,-0.0008714198659354031,0.00655697745277271
24,0,0.012009803921568625,0.006302521008403365,-0.07755602240896328,0.014250700280112057,-0.000245098039215678,0.028431372549019656
24,1,0.009317862165963432,0.003023909985935273,-0.04068213783403636,0.011075949367088608,0.0039732770745428804,0.009071729957805901
24,2,0.0015636105188344186,0.00888415067519543,-0.014179104477611984,0.0017768301350390996,-0.0051883439943141265,0.005010660980810235
24,3,0.003490028490028506,-0.004309116809116795,-0.023468660968661077,0.012143874643874635,-0.0023504273504273347,-0.002599715099715081
24,4,0.011764705882352918,0.00739750445632798,-0.046969696969696925,0.006016042780748646,0.0025401069518716716,0.021925133689839577
24,5,-0.004887482419128001,0.01613924050632907,0.0373417721518986,-0.007172995780590675,-0.024191279887482438,-0.021448663853727155
24,Aggregated,0.0055443396250241545,0.006235466343327272,-0.027603107265100575,0.006353607888114497,-0.004239205817531068,0.006736930632672552
24,Centralized,0.005332114564290066,0.006215722120658145,-0.026946983546617877,0.0063619744058500795,-0.004491163924436318,0.006215722120658092
25,0,0.02219887955182072,0.009488795518207277,-0.06607142857142863,0.017471988795518208,0.006617647058823507,0.031302521008403326
25,1,0.011357243319268637,0.0063291139240506285,-0.03224331926863574,0.009212376933895905,0.005028129395218,0.004535864978902935
25,2,-0.0014214641080312902,0.007427149964463406,-0.011584932480454892,-0.0008173418621180111,-0.003624733475479787,0.005756929637526635
25,3,0.01210826210826209,0.008618233618233596,-0.00936609686609688,0.005341880341880341,0.001958689458689461,-0.005840455840455829
25,4,0.013324420677361854,0.0015597147950089244,-0.04777183600713015,0.015017825311942944,0.003921568627450989,0.013948306595365409
25,5,-0.014803094233473951,0.01916315049226438,0.042545710267229205,-0.010056258790436043,-0.015084388185653922,-0.02176511954992967
25,Aggregated,0.007133449824585688,0.008763349229272362,-0.020762409692747324,0.0060309710710742155,-0.00019335253406527317,0.004663623615589411
25,Centralized,0.006916514320536276,0.009031078610603299,-0.019835466179158975,0.005722120658135277,-0.0003412553321145598,0.0043570993296769694
26,0,0.015756302521008417,-0.0004901960784313708,-0.0655462184873951,0.011764705882352918,0.00115546218487395,0.026855742296918776
26,1,0.011322081575246138,-0.0024964838255977563,-0.02313642756680735,0.005028129395217994,0.003586497890295362,0.005696202531645554
26,2,0.0012437810945273519,0.006396588486140753,-0.009737029140014203,0.0006751954513148704,-0.0015636105188343923,0.005117270788912595
26,3,0.010220797720797703,-0.009401709401709384,-0.0056980056980057096,-0.0015669515669515703,-0.0007478632478632267,0.0007834757834757992
26,4,0.010606060606060601,0.0010249554367201563,-0.042647058823529455,0.016666666666666732,0.004411764705882367,0.012611408199643478
26,5,-0.007700421940928252,0.01413502109704641,0.03748241912798882,-0.013677918424753853,-0.01508438818565393,-0.019374120956399416
26,Aggregated,0.00691210389692485,0.001523464427674748,-0.01822628417176685,0.003149441815696114,-0.0013710293354425038,0.005288953306360926
26,Centralized,0.006782449725776931,0.0015600243753808667,-0.0173979280926265,0.002675198049969542,-0.0015843997562462035,0.005039609993906186
27,0,0.01834733893557422,0.005742296918767504,-0.0738095238095238,0.019467787114845928,0.004481792717086836,0.02577030812324928
27,1,0.008333333333333366,-0.00010548523206750216,-0.0341420534458509,0.010794655414908571,0.008473980309423338,0.006645569620253144
27,2,-0.000923951670220332,0.00625444207533762,-0.011904761904761927,0.0009239516702203188,-0.004193319118692259,0.00557924662402274
27,3,0.007977207977207967,-0.0035968660968660987,-0.015847578347578346,0.0107193732193732,0.008297720797720787,0.003133903133903136
27,4,0.01296791443850262,0.0036987522281639916,-0.04790552584670233,0.012923351158645301,0.0009358288770053658,0.012032085561497334
27,5,-0.007911392405063337,0.0072433192686357515,0.03670886075949366,-0.006997187060478216,-0.012060478199718696,-0.010654008438818578
27,Aggregated,0.006468150547091908,0.003204623368000532,-0.024498085029450365,0.007975838547003875,0.0009937536998999934,0.007090004758300302
27,Centralized,0.006246191346739816,0.0031992687385740417,-0.023705057891529564,0.007806215722120704,0.000987202925045731,0.006928702010968934
28,0,0.014250700280112048,0.006862745098039206,-0.06313025210084025,0.013795518207282928,0.002801120448179275,0.023319327731092444
28,1,0.00833333333333334,0.0023909985935302446,-0.029465541490857936,0.006856540084388195,0.00425457102672293,0.0034106891701828567
28,2,-0.003482587064676627,0.010554371002132214,-0.008173418621179828,-0.0014925373134328532,-0.007036247334754802,0.007498223169864961
28,3,0.004914529914529915,-0.0017450142450142314,-0.01862535612535611,0.007336182336182329,0.004807692307692309,-0.003098290598290596
28,4,0.00993761140819966,0.002094474153297689,-0.03253119429590006,0.010026737967914458,-0.0008912655971479364,0.014037433155080168
28,5,-0.01765119549929675,0.015928270042194093,0.037201125175808814,-0.008087201125175832,-0.01733473980309418,-0.01638537271448649
28,Aggregated,0.0027218479313074833,0.006012277314993846,-0.019137511162444904,0.0047421049391821405,-0.002228225918091452,0.0048022628060753825
28,Centralized,0.0024680073126142673,0.00616697135892751,-0.018683729433272338,0.004558196221815973,-0.002285191956124311,0.004485070079219991
29,0,0.01932773109243695,0.004481792717086833,-0.07135854341736692,0.017191876750700275,0.004551820728291319,0.025805322128851577
29,1,0.012623066104078746,3.516174402251511e-05,-0.026019690576652554,0.010126582278481,0.0036568213783403406,0.0016877637130801536
29,2,0.003766879886282868,0.007249466950959503,-0.012793176972281424,0.004797441364605527,0.001243781094527365,6.32210333467103e-18
29,3,0.01349715099715095,-0.00516381766381766,-0.009330484330484336,0.008938746438746438,-0.00206552706552706,-0.010149572649572624
29,4,0.010160427807486612,0.003163992869875223,-0.04590017825311942,0.010962566844919794,0.008155080213903767,0.016131907308377928
29,5,-0.0014064697609001509,0.015049226441631506,0.03797468354430375,-0.00312939521800282,-0.009669479606188436,-0.030379746835442898
29,Aggregated,0.009665528444658365,0.004132333718483783,-0.02125187671877647,0.008151279469106747,0.000979843423433949,0.0005222608058695322
29,Centralized,0.00965265082266915,0.004186471663619737,-0.020414381474710516,0.00805606337599024,0.0007251675807434481,-1.2187690432665901e-05
30,0,0.016001400560224078,0.007738095238095242,-0.06435574229691876,0.012149859943977579,0.002801120448179268,0.027766106442577085
30,1,0.007946554149085808,0.00414908579465543,-0.025773558368495073,0.003797468354430378,0.0034106891701828285,0.004360056258790459
30,2,-0.00863539445628998,0.008315565031982969,-0.012579957356076765,-0.0006041222459132621,-0.0017412935323383194,0.006716417910447763
30,3,0.01050569800569799,0.005341880341880338,-0.014529914529914527,-0.0012464387464387544,0.0015313390313390408,0.0005341880341880471
30,4,0.006283422459893051,0.003074866310160432,-0.0419786096256685,0.01417112299465242,0.004723707664884137,0.011051693404634574
30,5,-0.01374824191279891,0.013853727144866372,0.038783403656821334,-0.0107594936708861,-0.015400843881856575,-0.016947960618846583
30,Aggregated,0.0030639764873558366,0.007078108945366379,-0.020087262473861542,0.002918970121145842,-0.0007759382126479034,0.005587490518153207
30,Centralized,0.0029555149299207895,0.0072273004265691896,-0.019329677026203525,0.0025289457647775745,-0.0009811090798293712,0.005405240706886043
31,0,0.012570028011204477,0.010364145658263305,-0.06768207282913169,0.015476190476190463,0.004481792717086839,0.02478991596638649
31,1,0.00457102672292546,0.0033755274261603437,-0.023488045007032436,0.007278481012658212,0.002812939521800297,0.005450070323488063
31,2,0.000959488272921102,0.007213930348258729,-0.01535181236673766,0.000604122245913301,0.0008528784648187635,0.007853589196872832
31,3,-0.00039173789173787925,0.0034900284900284888,-0.013069800569800583,0.005235042735042728,0.0027421652421652436,0.0019943019943019983
31,4,0.010115864527629243,0.00040106951871658595,-0.04237967914438499,0.012165775401069527,0.005748663101604295,0.01127450980392156
31,5,-0.011181434599156145,0.012869198312236301,0.03340365682137846,-0.011427566807313633,-0.011708860759493657,-0.007735583684950722
31,Aggregated,0.0027764234462264157,0.0062857649340314166,-0.021442037684286788,0.004892170234441903,0.0008245398039403884,0.0072760584475248784
31,Centralized,0.0025228519195612657,0.006508226691042059,-0.020725167580743442,0.004637416209628267,0.0006398537477148059,0.007148080438756875
32,0,0.014460784313725522,0.0004901960784313658,-0.0585084033613446,0.016701680672268904,0.0029761904761904682,0.0238795518207283
32,1,0.010407876230661023,-0.005028129395218012,-0.020886075949367047,0.010513361462728566,7.032348804501481e-05,0.004922644163150489
32,2,0.0028073916133617306,0.003660270078180514,-0.004584221748400867,0.0010660980810234385,-0.005010660980810232,0.008457711442786066
32,3,0.008831908831908826,-0.009294871794871781,-0.008618233618233617,0.013354700854700832,-0.0032051282051282085,0.0010683760683760756
32,4,0.007932263814616758,0.0021390374331550868,-0.0329322638146166,0.009269162210338685,0.007085561497326207,0.011853832442067735
32,5,-0.008895921237693378,0.011849507735583688,0.035724331926863556,-0.008579465541490883,-0.01944444444444449,-0.012763713080168772
32,Aggregated,0.0059288507429101555,0.0006314088015688985,-0.014980522080475669,0.007059458798419734,-0.0029190188482759445,0.006242262458495721
32,Centralized,0.005856185252894571,0.0005971968312004879,-0.014375380865326097,0.006977452772699592,-0.0032784887263863525,0.0060511882998171805
33,0,0.010049019607843122,-7.002801120447414e-05,-0.05668767507002801,0.013900560224089649,0.005287114845938371,0.02121848739495804
33,1,0.009177215189873427,0.0009493670886076055,-0.029571026722925515,0.010618846694796085,0.004711673699015448,0.004113924050632926
33,2,0.0003909026297085986,0.0070007107320540435,-0.0064676616915422735,-0.005401563610518841,0.003056147832267284,0.005685856432125111
33,3,0.008012820512820503,0.0009615384615384692,-0.02058404558404558,0.011004273504273484,0.0025641025641025663,0.00017806267806268883
33,4,0.0017825311942958962,-0.0024955436720142756,-0.026604278074866285,0.004411764705882343,0.006149732620320878,0.008734402852049874
33,5,0.0013713080168776257,0.010829817158931094,0.022573839662447248,-0.012974683544303756,-0.005203938115330536,-0.016596343178621648
33,Aggregated,0.005133075343680366,0.002861807533831097,-0.019570272541435473,0.0035988864017247055,0.002762470579589502,0.0038956669542476083
33,Centralized,0.005258988421694104,0.003053016453382072,-0.01934795856185258,0.0035709932967702604,0.0026386349786715517,0.0037294332723948826
34,0,0.009453781512605028,0.0008753501400560304,-0.047724089635854346,0.011169467787114825,0.00500700280112045,0.02542016806722702
34,1,0.004992967651195502,-0.000386779184247542,-0.017932489451476682,0.0067862165963431765,0.005239099859353025,0.003410689170182818
34,2,-0.0029140014214641026,0.00824449182658139,-0.0028784648187633044,-0.0012082444918266138,-0.0072494669509594895,-0.00039090262970861895
34,3,0.0011396011396011484,-0.0021723646723646795,-0.009544159544159547,0.005056980056980053,0.004415954415954414,0.001103988603988613
34,4,0.009358288770053513,0.0013368983957219305,-0.02736185383244197,0.010249554367201454,0.0036541889483066308,0.00811051693404631
34,5,-0.010513361462728587,0.015506329113924,0.0320323488045006,-0.003410689170182846,-0.015330520393811536,-0.018284106891701676
34,Aggregated,0.0019212297686634502,0.003897425325585642,-0.012246338894349652,0.004774745321597068,-0.0007071150661905718,0.003235420178207755
34,Centralized,0.0016636197440585076,0.003997562461913463,-0.011730652041438094,0.004588665447897614,-0.000865326020719069,0.0030773918342473982
35,0,0.012745098039215672,0.005882352941176461,-0.05693277310924377,0.012114845938375331,0.005322128851540623,0.022969187675070037
35,1,0.0047819971870604935,-0.0009142053445850788,-0.020323488045007027,0.006118143459915626,0.0036216596343178653,0.00460618846694795
35,2,-1.6653345369377347e-17,0.007249466950959518,-0.00977256574271501,-0.0011016346837242517,-0.003909026297085981,0.00753375977256577
35,3,0.0028133903133903166,-0.0031339031339031377,-0.01011396011396011,0.00381054131054131,0.003988603988603987,0.0004985754985755042
35,4,0.008422459893048144,0.0007575757575757628,-0.03364527629233515,0.0073083778966132,0.004545454545454541,0.009937611408199596
35,5,-0.00787623066104079,0.009985935302391,0.030309423347398095,-0.010654008438818557,-0.01515471167369898,-0.006610407876230652
35,Aggregated,0.0034836565454110036,0.0033033799223851027,-0.016758725307654244,0.0029361673996878036,-0.0002605888887705018,0.006493512206445416
35,Centralized,0.003315051797684346,0.0034064594759293013,-0.016185252894576393,0.002784887263863488,-0.0004387568555758577,0.006386349786715406
36,0,0.01036414565826329,0.0009803921568627453,-0.04684873949579832,0.01200980392156862,0.00301120448179272,0.024684873949579814
36,1,0.00548523206751056,0.0024261603375527424,-0.023171589310829827,0.005731364275668078,0.005344585091420536,0.002074542897327728
36,2,-0.0038734896943852484,0.009061833688699367,-0.0038734896943852124,-0.0029140014214640952,-0.006929637526652423,0.004264392324093816
36,3,0.0034544159544159557,0.0011752136752136784,-0.012962962962962954,0.004202279202279201,0.005591168091168085,-0.0014601139601139639
36,4,0.008155080213903763,0.000846702317290543,-0.02820855614973265,0.009269162210338711,0.0028520499108734567,0.00975935828877006
36,5,-0.013255977496483867,0.020218002812939537,0.03938115330520395,-0.016983122362869155,-0.014205344585091397,-0.023593530239099818
36,Aggregated,0.001724659602655886,0.00578116493860751,-0.012627977334397215,0.0018902423003389125,-0.00071931777946074,0.002629756174241718
36,Centralized,0.0014990859232175539,0.005965874466788553,-0.012084095063985272,0.0016270566727605061,-0.000853138330286395,0.002382693479585643
37,0,0.013235294117647057,-0.0007352941176470445,-0.045518207282913094,0.008858543417366936,0.003606442577030808,0.018452380952380967
37,1,0.0050984528832629895,0.002355836849507724,-0.01589310829817147,0.006751054852320647,0.004500703234880448,0.001406469760900125
37,2,-0.0017412935323383376,0.006325515280739207,-0.001172707889125793,-0.0007107320540156725,0.0012793176972281462,0.0045486851457001015
37,3,0.0037037037037036978,0.0022792022792022786,-0.012215099715099789,0.004914529914529905,0.004095441595441588,-0.0006410256410256314
37,4,0.009536541889483106,-0.002406417112299473,-0.025668449197860828,0.006729055258467064,0.006907308377896637,0.007575757575757546
37,5,-0.01575246132208164,0.014381153305203937,0.034388185654008356,-0.005379746835443044,-0.008649789029535856,-0.012658227848101292
37,Aggregated,0.0023509444137188246,0.0036982490890040435,-0.011025582135088668,0.0035290813505846307,0.0019586098675514387,0.0031190453947233243
37,Centralized,0.0020962827544180477,0.0039183424741011585,-0.010517976843388177,0.0034186471663619693,0.001773308957952457,0.002967702620353461
38,0,0.009978991596638636,0.0033613445378151315,-0.042577030812324786,0.004026610644257694,0.002521008403361349,0.018487394957983176
38,1,0.004430379746835473,0.0006329113924050762,-0.014592123769338858,0.002180028129395219,0.00270745428973278,0.002531645569620235
38,2,-0.004939587775408684,0.006112295664534496,-0.002985074626865651,0.0018123667377398912,-0.004264392324093858,0.0042643923240938365
38,3,0.003774928774928769,7.122507122507838e-05,-0.008368945868945876,0.0019943019943019944,0.003561253561253556,-0.0010327635327635218
38,4,0.009090909090909092,-0.0019162210338680913,-0.026292335115864436,0.009536541889483111,0.0016488413547237183,0.007932263814616739
38,5,-0.016139240506329092,0.012658227848101253,0.031153305203938025,-0.006153305203938126,-0.013642756680731397,-0.005766526019690584
38,Aggregated,0.0010361153837179374,0.0034854355400560115,-0.010620867054147992,0.002233223866460754,-0.001241292740746678,0.004405815288477344
38,Centralized,0.0007495429616087596,0.003686776355880585,-0.010079219987812311,0.001968312004875072,-0.0013528336380255845,0.00429616087751369
39,0,0.008998599439775894,-0.0009103641456582564,-0.043382352941176656,0.008823529411764685,0.0038865546218487305,0.018382352941176537
39,1,0.007911392405063302,-0.0010196905766525907,-0.022398030942334755,0.007172995780590722,0.004535864978902971,0.003797468354430374
39,2,-0.004157782515991499,0.004761904761904797,0.0016702203269367648,0.00031982942430704614,-0.0032338308457711537,0.002771855010660988
39,3,0.004202279202279201,3.561253561254289e-05,-0.015491452991452971,0.0059472934472934395,0.0025997150997151036,0.00270655270655271
39,4,0.004322638146167567,-0.00022281639928699952,-0.026693404634581,0.01016042780748667,0.0053030303030303,0.0071301247771835725
39,5,-0.009563994374120996,0.012341772151898746,0.03220815752461329,-0.00945850914205346,-0.013009845288326303,-0.010407876230661016
39,Aggregated,0.001955225334938992,0.0024952122791099024,-0.012359203357014315,0.003830070689792486,1.6222458061440756e-05,0.004068287757108856
39,Centralized,0.0018769043266301045,0.00259597806215723,-0.011864716636197412,0.0036014625228519355,-0.00017672151127361794,0.003967093235831804
40,0,0.008788515406162444,0.0052170868347338846,-0.04282212885154076,0.0068627450980392034,0.004586834733893541,0.01946778711484594
40,1,0.00580168776371309,0.0008087201125175861,-0.01568213783403644,0.006329113924050619,0.001617440225035165,0.00323488045007031
40,2,-0.008137882018479061,0.006325515280739164,-0.0012082444918266185,-0.0009950248756218994,-0.006503198294243102,0.006254442075337587
40,3,0.0057692307692307635,-0.0001068376068375972,-0.010220797720797719,0.0057692307692307635,-0.003952991452991451,-0.0015313390313390167
40,4,0.004901960784313728,-0.0015151515151515032,-0.02803030303030314,0.004857397504456327,0.006238859180035662,0.00819964349376113
40,5,-0.02067510548523206,0.011427566807313595,0.030379746835443058,-0.006293952180028143,-0.013713080168776377,-0.005344585091420522
40,Aggregated,-0.0005866480608517537,0.0036921526836876644,-0.011273904567141821,0.0027573593430584437,-0.001953348648971265,0.005050131228279982
40,Centralized,-0.0007861060329067736,0.003887873248019508,-0.010694698354661775,0.002681291895185871,-0.0022364411943936644,0.004954296160877531
41,0,0.008543417366946759,0.004201680672268907,-0.04943977591036411,0.011309523809523788,0.00546218487394957,0.017822128851540626
41,1,0.001441631504922658,0.0002812939521800173,-0.019549929676511955,0.006610407876230684,0.003340365682137868,0.0036568213783403605
41,2,0.0012082444918265767,0.004264392324093825,-0.003944562899786731,-0.00021321961620470237,-0.003056147832267237,0.0038734896943852424
41,3,-0.0005341880341880231,-0.00042735042735042215,-0.010292022792022796,0.006125356125356114,0.002101139601139603,0.0030270655270655256
41,4,0.010249554367201449,-0.002139037433155069,-0.029411764705882363,0.01091800356506243,0.0063725490196078535,0.006684491978609612
41,5,-0.00421940928270045,0.008298171589310845,0.029289732770745376,-0.010794655414908554,-0.012552742616033763,-0.00791139240506327
41,Aggregated,0.0027815330724971243,0.0024129279093524835,-0.013902319435434572,0.003995533837811936,0.0002803155259122205,0.004529916274460225
41,Centralized,0.0025228519195612167,0.0025837903717245707,-0.013375990249847683,0.003747714808043883,6.093845216331686e-05,0.004460694698354654
42,0,0.00948879551820727,-0.001260504201680664,-0.036344537815126185,0.009628851540616224,0.004026610644257703,0.01656162464985997
42,1,0.005379746835443044,-0.0039029535864978926,-0.013607594936708857,0.007172995780590733,0.0027426160337552814,0.002215189873417721
42,2,-0.00031982942430703877,0.0009950248756218987,0.0029140014214641434,-0.0017768301350390887,-0.0020611229566453405,0.0023809523809523955
42,3,0.005733618233618238,-0.004772079772079779,-0.009757834757834753,0.007763532763532758,0.0010683760683760557,-3.561253561252623e-05
42,4,0.009491978609625702,-0.0035204991087343985,-0.02562388591800357,0.008021390374331605,0.005080213903743349,0.0065508021390374
42,5,-0.007630098452883289,0.008966244725738372,0.028832630098452907,-0.01079465541490863,-0.010513361462728531,-0.008860759493670881
42,Aggregated,0.0036928041806793387,-0.0005847956203974014,-0.008939479780681055,0.0033393444071973684,5.919537097953502e-05,0.0031391357498503736
42,Centralized,0.0034856794637416087,-0.0004692260816575422,-0.008360755636806876,0.0031687995124923696,-0.00012187690432665346,0.0030286410725167676
43,0,0.008333333333333312,-0.0001750700280112011,-0.035329131652661126,0.010819327731092418,0.0014705882352941202,0.021183473389355716
43,1,0.004008438818565418,-0.0021448663853727216,-0.009528832630098419,0.006329113924050664,0.002918424753867784,-0.0015822784810126647
43,2,-0.001528073916133634,0.0006396588486140775,0.0009594882729211422,-0.00341151385927507,-0.0029140014214641538,0.004122245913290684
43,3,0.0036324786324786343,-0.004451566951566964,-0.006339031339031338,0.0066595441595441495,0.0013176638176638222,-0.0008190883190883125
43,4,0.009269162210338728,-0.0010249554367201578,-0.02272727272727279,0.008511586452762952,0.0050802139037433285,0.00623885918003562
43,5,-0.01360759493670882,0.013888888888888885,0.03431786216596347,-0.015893108298171567,-0.011322081575246161,-0.01793248945147678
43,Aggregated,0.0016875646750701876,0.0011179722904440168,-0.006451096574253819,0.0021735411538832683,-0.0005731994513482322,0.0018754864134028512
43,Centralized,0.001413772090188908,0.0012126751980499689,-0.00588056063375991,0.0019439366240097357,-0.0007800121876904242,0.0017245581962218061
44,0,0.009523809523809514,0.0003851540616246707,-0.043907563025210095,0.009978991596638637,0.002801120448179275,0.014915966386554588
44,1,0.006821378340365681,0.0037271448663853605,-0.01452180028129393,0.007243319268635731,0.003094233473980294,-0.010583684950773577
44,2,0.00245202558635394,0.006538734896943866,0.00042643923240940815,0.006432125088841501,-0.0006751954513148704,-0.015174129353233819
44,3,0.004914529914529917,0.0029914529914529878,-0.007086894586894579,0.006588319088319086,0.0023504273504273625,-0.018304843304843315
44,4,0.008868092691622137,-0.0014705882352941272,-0.027985739750445576,0.011007130124777227,0.0029857397504456412,0.0012477718360071283
44,5,-0.007313642756680737,0.01870604781997189,0.037623066104078784,-0.003270042194092837,-0.007278481012658304,-0.027918424753867813
44,Aggregated,0.004213576044939254,0.0051435802671652014,-0.009253263268974929,0.006331932719527801,0.00054823138272342,-0.00929928890734917
44,Centralized,0.0040463132236441286,0.005386959171237033,-0.008604509445460066,0.006160877513711156,0.00045703839122487877,-0.009640463132236423
45,0,0.006792717086834722,0.0010504201680672325,-0.04243697478991605,0.010399159663865525,0.005007002801120448,0.017086834733893604
45,1,0.005907172995780608,0.001863572433192724,-0.017967651195499285,0.007102672292545702,0.005977496483825591,0.003445850914205346
45,2,-0.0013859275053304965,0.005366027007818096,-0.002167732764747661,-0.00245202558635396,-0.0006041222459132781,0.0033759772565742957
45,3,0.004273504273504268,0.0004273504273504295,-0.013746438746438744,0.005876068376068365,0.004594017094017087,0.000712250712250719
45,4,0.008778966131907352,-0.002228163992869886,-0.02794117647058826,0.009001782531194305,0.003787878787878798,0.005926916221033853
45,5,-0.0071729957805907706,0.011533052039381155,0.026511954992967688,-0.011673699015471151,-0.009106891701828409,-0.007981715893108324
45,Aggregated,0.0028668925228948075,0.00300080394476123,-0.012967680909649934,0.003045466397022742,0.0016122337594791888,0.0037651255482856524
45,Centralized,0.0026569165143205406,0.0031931748933577064,-0.01244972577696526,0.0028336380255941825,0.0015295551492992168,0.003698964046313243
46,0,0.006232492997198867,-0.002731092436974777,-0.03539915966386548,0.00815826330532211,0.00290616246498598,0.01873249299719889
46,1,0.008122362869198317,-0.001933895921237686,-0.0178973277074542,0.00734880450070321,0.006258790436005623,-0.0018987341772152078
46,2,0.000959488272921094,0.000568585643212502,-0.0032693674484719306,0.0016346837242359456,-0.0010305614783226848,-0.000995024875621895
46,3,0.009829059829059818,-0.003347578347578354,-0.013782051282051257,0.00829772079772079,0.006160968660968657,-0.0028846153846153965
46,4,0.006862745098039233,-0.001515151515151523,-0.02201426024955451,0.009402852049910928,0.003297682709447428,0.006639928698752211
46,5,-0.0034458509142053567,0.014275668073136434,0.027390998593530252,-0.010372714486638502,-0.009774964838255993,-0.020182841068917056
46,Aggregated,0.004762162982353942,0.0008818272629474151,-0.010838994887828034,0.004081676863352151,0.00130616499966756,-9.221677152637751e-05
46,Centralized,0.004680073126142599,0.000981109079829375,-0.010444850700792235,0.0038817794028031703,0.0012248628884826544,-0.0003229737964655693
47,0,0.009138655462184852,0.0014005602240896402,-0.03466386554621867,0.008193277310924348,0.0038515406162464984,0.01628151260504203
47,1,0.005274261603375569,0.001511954992967646,-0.017651195499296786,0.003727144866385378,0.005309423347398057,-0.00028129395218003085
47,2,-0.0018479033404406665,0.0033049040511727006,0.001421464108031301,0.0007462686567164238,-0.001883439943141445,-0.0017412935323383135
47,3,0.0033119658119658136,7.401486830834377e-18,-0.011431623931623931,0.002777777777777781,0.004344729344729343,-0.0011396011396011447
47,4,0.009313725490196094,-0.0016488413547237088,-0.02468805704099825,0.008110516934046384,0.0043226381461676,0.004590017825311947
47,5,-0.010161744022503496,0.010900140646976099,0.030028129395217977,-0.005028129395218001,-0.00879043600562591,-0.019057665260196907
47,Aggregated,0.0025069198048397827,0.00257653358525371,-0.009506693661689752,0.003089030955784428,0.0011947337009818272,-0.0002187667806332283
47,Centralized,0.0022669104204753256,0.0027361365021328393,-0.008976234003656321,0.002912858013406472,0.001078610603290673,-0.00038391224862888585
48,0,0.0073179271708683335,0.002380952380952375,-0.039425770308123255,0.0050070028011204425,0.003921568627450976,0.014495798319327815
48,1,0.003305203938115305,-0.0002812939521800352,-0.012095639943741169,0.006153305203938081,0.006469760900140649,0.0006680731364275531
48,2,0.0002487562189054734,0.004228855721393038,0.0002132196162047218,0.001634683724235976,-0.006396588486140734,0.0022032693674484786
48,3,0.0025284900284900306,-0.001175213675213682,-0.009935897435897425,0.005733618233618233,0.006410256410256407,-0.0035612535612535657
48,4,0.00802139037433158,-0.0005347593582887781,-0.021613190730837752,0.007442067736185392,0.0029411764705882574,0.006417112299465244
48,5,-0.005485232067510569,0.010196905766526047,0.026617440225035146,-0.005766526019690601,-0.018846694796061932,-0.004606188466947935
48,Aggregated,0.002657174947507084,0.0024676264918550043,-0.00938299542341628,0.0033691105685490536,-0.0009118291866206764,0.0026045152335413225
48,Centralized,0.00246800731261425,0.0025837903717245594,-0.008964046313223657,0.0032175502742230323,-0.0010603290676416768,0.0024862888482632688
49,0,0.006407563025210064,0.0014705882352941217,-0.03158263305322127,0.010364145658263277,0.004866946778711468,0.018977591036414557
49,1,0.003094233473980319,-0.0002812939521800139,-0.010583684950773574,0.0037623066104078883,0.0020393811533052195,-0.0001406469760900287
49,2,0.0006751954513148417,0.001990049751243783,0.00035536602700785046,-7.10732054015617e-05,-0.0041933191186922635,0.0012437810945273705
49,3,0.002635327635327633,7.122507122507838e-05,-0.010292022792022792,0.003988603988603982,0.002172364672364672,-0.0007122507122507023
49,4,0.006283422459893083,-0.0022281639928698896,-0.021212121212121206,0.008868092691622143,0.004278074866310179,0.00401069518716578
49,5,-0.004043600562587913,0.012728551336146319,0.02721518987341776,-0.01455696202531643,-0.015330520393811504,-0.01867088607594936
49,Aggregated,0.002509785557887315,0.0022896802971266003,-0.007691971543635619,0.0020631045509461685,-0.0010244630360397616,0.0007917285187540265
49,Centralized,0.002376599634369279,0.0024619134673979086,-0.007215112736136523,0.00181596587446679,-0.001218769043266303,0.0006825106642291273
50,0,0.008753501400560209,-0.0005602240896358385,-0.037920168067226895,0.006792717086834716,0.003886554621848737,0.014845938375350146
50,1,0.006293952180028131,-0.002004219409282699,-0.007981715893108293,0.0035864978902953506,0.0035161744022503285,-0.001300984528832642
50,2,-0.0029140014214641204,0.0021321961620469065,7.107320540160919e-05,0.0018123667377398728,-0.0015991471215351975,0.0004975124378109451
50,3,0.006018518518518512,-0.003027065527065536,-0.005056980056980045,0.0038105413105413094,0.0024572649572649615,-0.004202279202279206
50,4,0.006729055258467047,-0.0032085561497326195,-0.022905525846702347,0.00744206773618539,0.004545454545454563,0.004723707664884138
50,5,-0.013959212376933925,0.015154711673698997,0.027988748241912765,-0.004606188466947975,-0.010407876230661039,-0.009950773558368499
50,Aggregated,0.0018242805767005339,0.0014110900737553875,-0.007642677602573491,0.0031410644100081176,0.0004021225500788556,0.0007720154368324396
50,Centralized,0.001639244363193163,0.0015843997562462002,-0.007111517367458827,0.002979890310786095,0.0002559414990859155,0.0006520414381474783
