Round,Evaluator,4,2,5,1,3,0
0,0,,,,,,
0,1,,,,,,
0,2,,,,,,
0,3,,,,,,
0,4,,,,,,
0,5,,,,,,
0,Aggregated,,,,,,
0,Centralized,,,,,,
1,0,,,,,,
1,1,,,,,,
1,2,,,,,,
1,3,,,,,,
1,4,,,,,,
1,5,,,,,,
1,Aggregated,,,,,,
1,Centralized,0.8934252262115479,0.7684091329574585,0.7359095215797424,0.8848892450332642,0.7644608616828918,0.7656750679016113
2,0,,,,,,
2,1,,,,,,
2,2,,,,,,
2,3,,,,,,
2,4,,,,,,
2,5,,,,,,
2,Aggregated,,,,,,
2,Centralized,0.8881744146347046,0.5094929933547974,0.502232015132904,0.8759997487068176,0.600663959980011,0.4526852071285248
3,0,,,,,,
3,1,,,,,,
3,2,,,,,,
3,3,,,,,,
3,4,,,,,,
3,5,,,,,,
3,Aggregated,,,,,,
3,Centralized,0.8910621404647827,0.4834798276424408,0.3832930028438568,0.860806941986084,0.4966564476490021,0.5011907815933228
4,0,,,,,,
4,1,,,,,,
4,2,,,,,,
4,3,,,,,,
4,4,,,,,,
4,5,,,,,,
4,Aggregated,,,,,,
4,Centralized,0.8880435228347778,0.5065664052963257,0.40416550636291504,0.8520494103431702,0.5117910504341125,0.5249332785606384
5,0,,,,,,
5,1,,,,,,
5,2,,,,,,
5,3,,,,,,
5,4,,,,,,
5,5,,,,,,
5,Aggregated,,,,,,
5,Centralized,0.8803583383560181,0.4699227809906006,0.3734772503376007,0.8398215770721436,0.48142918944358826,0.4944220781326294
6,0,,,,,,
6,1,,,,,,
6,2,,,,,,
6,3,,,,,,
6,4,,,,,,
6,5,,,,,,
6,Aggregated,,,,,,
6,Centralized,0.8949294090270996,0.4434143602848053,0.38692545890808105,0.8531111478805542,0.4936249554157257,0.45988592505455017
7,0,,,,,,
7,1,,,,,,
7,2,,,,,,
7,3,,,,,,
7,4,,,,,,
7,5,,,,,,
7,Aggregated,,,,,,
7,Centralized,0.902827799320221,0.4540882110595703,0.38687416911125183,0.8586767911911011,0.4984390139579773,0.47055956721305847
8,0,,,,,,
8,1,,,,,,
8,2,,,,,,
8,3,,,,,,
8,4,,,,,,
8,5,,,,,,
8,Aggregated,,,,,,
8,Centralized,0.8773900866508484,0.5339483022689819,0.40669241547584534,0.8334070444107056,0.520744800567627,0.5488722920417786
9,0,,,,,,
9,1,,,,,,
9,2,,,,,,
9,3,,,,,,
9,4,,,,,,
9,5,,,,,,
9,Aggregated,,,,,,
9,Centralized,0.8956423997879028,0.4620572626590729,0.37406477332115173,0.8440563678741455,0.4841214716434479,0.4906366765499115
10,0,,,,,,
10,1,,,,,,
10,2,,,,,,
10,3,,,,,,
10,4,,,,,,
10,5,,,,,,
10,Aggregated,,,,,,
10,Centralized,0.89924156665802,0.4616110920906067,0.36550554633140564,0.8515298366546631,0.4806444048881531,0.49229979515075684
11,0,,,,,,
11,1,,,,,,
11,2,,,,,,
11,3,,,,,,
11,4,,,,,,
11,5,,,,,,
11,Aggregated,,,,,,
11,Centralized,0.8906569480895996,0.5180560946464539,0.5596826672554016,0.8625544309616089,0.6144521832466125,0.5298038125038147
12,0,,,,,,
12,1,,,,,,
12,2,,,,,,
12,3,,,,,,
12,4,,,,,,
12,5,,,,,,
12,Aggregated,,,,,,
12,Centralized,0.9027211666107178,0.5073426961898804,0.543800950050354,0.871394693851471,0.6011497974395752,0.5291426777839661
13,0,,,,,,
13,1,,,,,,
13,2,,,,,,
13,3,,,,,,
13,4,,,,,,
13,5,,,,,,
13,Aggregated,,,,,,
13,Centralized,0.8985984325408936,0.53923499584198,0.4352325201034546,0.8512071371078491,0.5397651195526123,0.568316638469696
14,0,,,,,,
14,1,,,,,,
14,2,,,,,,
14,3,,,,,,
14,4,,,,,,
14,5,,,,,,
14,Aggregated,,,,,,
14,Centralized,0.9221790432929993,0.4881027340888977,0.4601403772830963,0.8787455558776855,0.5538387298583984,0.5144883394241333
15,0,,,,,,
15,1,,,,,,
15,2,,,,,,
15,3,,,,,,
15,4,,,,,,
15,5,,,,,,
15,Aggregated,,,,,,
15,Centralized,0.9278634786605835,0.4640011191368103,0.4176224172115326,0.8889036178588867,0.527228832244873,0.4921235144138336
16,0,,,,,,
16,1,,,,,,
16,2,,,,,,
16,3,,,,,,
16,4,,,,,,
16,5,,,,,,
16,Aggregated,,,,,,
16,Centralized,0.888736367225647,0.724591851234436,0.7257940173149109,0.8842967748641968,0.7544717788696289,0.6908135414123535
17,0,,,,,,
17,1,,,,,,
17,2,,,,,,
17,3,,,,,,
17,4,,,,,,
17,5,,,,,,
17,Aggregated,,,,,,
17,Centralized,0.8977016806602478,0.5195130109786987,0.6144764423370361,0.8710399866104126,0.6584547758102417,0.5239578485488892
18,0,,,,,,
18,1,,,,,,
18,2,,,,,,
18,3,,,,,,
18,4,,,,,,
18,5,,,,,,
18,Aggregated,,,,,,
18,Centralized,0.9176363945007324,0.4974103569984436,0.47629833221435547,0.8747233152389526,0.5664910078048706,0.5273152589797974
19,0,,,,,,
19,1,,,,,,
19,2,,,,,,
19,3,,,,,,
19,4,,,,,,
19,5,,,,,,
19,Aggregated,,,,,,
19,Centralized,0.9071648120880127,0.6009737253189087,0.6434499621391296,0.8852928280830383,0.6889958381652832,0.6034635901451111
20,0,,,,,,
20,1,,,,,,
20,2,,,,,,
20,3,,,,,,
20,4,,,,,,
20,5,,,,,,
20,Aggregated,,,,,,
20,Centralized,0.9236454963684082,0.47653260827064514,0.4149876832962036,0.8885173797607422,0.5269273519515991,0.5168477892875671
21,0,,,,,,
21,1,,,,,,
21,2,,,,,,
21,3,,,,,,
21,4,,,,,,
21,5,,,,,,
21,Aggregated,,,,,,
21,Centralized,0.9127945899963379,0.5012904405593872,0.5856396555900574,0.8811261653900146,0.6399505734443665,0.5210752487182617
22,0,,,,,,
22,1,,,,,,
22,2,,,,,,
22,3,,,,,,
22,4,,,,,,
22,5,,,,,,
22,Aggregated,,,,,,
22,Centralized,0.9022867679595947,0.6556670665740967,0.7075758576393127,0.8890779614448547,0.738929271697998,0.6433399319648743
23,0,,,,,,
23,1,,,,,,
23,2,,,,,,
23,3,,,,,,
23,4,,,,,,
23,5,,,,,,
23,Aggregated,,,,,,
23,Centralized,0.9206349849700928,0.5010556578636169,0.5108104348182678,0.886753499507904,0.598372757434845,0.5260280966758728
24,0,,,,,,
24,1,,,,,,
24,2,,,,,,
24,3,,,,,,
24,4,,,,,,
24,5,,,,,,
24,Aggregated,,,,,,
24,Centralized,0.8930224180221558,0.43647709488868713,0.3871406018733978,0.8435293436050415,0.5013726949691772,0.4743281900882721
25,0,,,,,,
25,1,,,,,,
25,2,,,,,,
25,3,,,,,,
25,4,,,,,,
25,5,,,,,,
25,Aggregated,,,,,,
25,Centralized,0.9103453159332275,0.6572045087814331,0.7211124300956726,0.8982108235359192,0.7507890462875366,0.6493943929672241
26,0,,,,,,
26,1,,,,,,
26,2,,,,,,
26,3,,,,,,
26,4,,,,,,
26,5,,,,,,
26,Aggregated,,,,,,
26,Centralized,0.8574017286300659,0.48992985486984253,0.41826048493385315,0.8091608881950378,0.5307223796844482,0.516788125038147
27,0,,,,,,
27,1,,,,,,
27,2,,,,,,
27,3,,,,,,
27,4,,,,,,
27,5,,,,,,
27,Aggregated,,,,,,
27,Centralized,0.9097433090209961,0.6527318954467773,0.728583574295044,0.8998256921768188,0.7623634338378906,0.6377952694892883
28,0,,,,,,
28,1,,,,,,
28,2,,,,,,
28,3,,,,,,
28,4,,,,,,
28,5,,,,,,
28,Aggregated,,,,,,
28,Centralized,0.9216079711914062,0.5149726867675781,0.5262033343315125,0.8888421058654785,0.6127946376800537,0.5465976595878601
29,0,,,,,,
29,1,,,,,,
29,2,,,,,,
29,3,,,,,,
29,4,,,,,,
29,5,,,,,,
29,Aggregated,,,,,,
29,Centralized,0.9160526990890503,0.5307621359825134,0.6358380317687988,0.8908951878547668,0.6862936615943909,0.5472723841667175
30,0,,,,,,
30,1,,,,,,
30,2,,,,,,
30,3,,,,,,
30,4,,,,,,
30,5,,,,,,
30,Aggregated,,,,,,
30,Centralized,0.9202674627304077,0.6443665027618408,0.7247424721717834,0.9068861603736877,0.7599706649780273,0.6424722671508789
31,0,,,,,,
31,1,,,,,,
31,2,,,,,,
31,3,,,,,,
31,4,,,,,,
31,5,,,,,,
31,Aggregated,,,,,,
31,Centralized,0.8959019184112549,0.4829236567020416,0.48189663887023926,0.8511760830879211,0.5744971036911011,0.5209149718284607
32,0,,,,,,
32,1,,,,,,
32,2,,,,,,
32,3,,,,,,
32,4,,,,,,
32,5,,,,,,
32,Aggregated,,,,,,
32,Centralized,0.8856604695320129,0.46828532218933105,0.4298001527786255,0.8381574153900146,0.5389811396598816,0.5087777376174927
33,0,,,,,,
33,1,,,,,,
33,2,,,,,,
33,3,,,,,,
33,4,,,,,,
33,5,,,,,,
33,Aggregated,,,,,,
33,Centralized,0.9287666082382202,0.5533169507980347,0.669710636138916,0.9056734442710876,0.7181687355041504,0.5688185095787048
34,0,,,,,,
34,1,,,,,,
34,2,,,,,,
34,3,,,,,,
34,4,,,,,,
34,5,,,,,,
34,Aggregated,,,,,,
34,Centralized,0.9462997913360596,0.5089367032051086,0.559824526309967,0.9181541204452515,0.6425096988677979,0.5411871075630188
35,0,,,,,,
35,1,,,,,,
35,2,,,,,,
35,3,,,,,,
35,4,,,,,,
35,5,,,,,,
35,Aggregated,,,,,,
35,Centralized,0.9417932033538818,0.5182672739028931,0.6406152844429016,0.9161514639854431,0.6979492902755737,0.5421893000602722
36,0,,,,,,
36,1,,,,,,
36,2,,,,,,
36,3,,,,,,
36,4,,,,,,
36,5,,,,,,
36,Aggregated,,,,,,
36,Centralized,0.9232605695724487,0.4742352366447449,0.5366721153259277,0.8816524744033813,0.6182724833488464,0.5079017281532288
37,0,,,,,,
37,1,,,,,,
37,2,,,,,,
37,3,,,,,,
37,4,,,,,,
37,5,,,,,,
37,Aggregated,,,,,,
37,Centralized,0.8992021083831787,0.49692797660827637,0.5277588367462158,0.8537986874580383,0.6133336424827576,0.5290804505348206
38,0,,,,,,
38,1,,,,,,
38,2,,,,,,
38,3,,,,,,
38,4,,,,,,
38,5,,,,,,
38,Aggregated,,,,,,
38,Centralized,0.9301956295967102,0.6082516312599182,0.7375380396842957,0.9134348630905151,0.7750280499458313,0.6097095608711243
39,0,,,,,,
39,1,,,,,,
39,2,,,,,,
39,3,,,,,,
39,4,,,,,,
39,5,,,,,,
39,Aggregated,,,,,,
39,Centralized,0.935096025466919,0.6208817362785339,0.7375750541687012,0.9166163206100464,0.7759273648262024,0.6261131167411804
40,0,,,,,,
40,1,,,,,,
40,2,,,,,,
40,3,,,,,,
40,4,,,,,,
40,5,,,,,,
40,Aggregated,,,,,,
40,Centralized,0.9424269199371338,0.6268723607063293,0.7525811195373535,0.9251800775527954,0.7879903316497803,0.631116509437561
41,0,,,,,,
41,1,,,,,,
41,2,,,,,,
41,3,,,,,,
41,4,,,,,,
41,5,,,,,,
41,Aggregated,,,,,,
41,Centralized,0.9362870454788208,0.47233009338378906,0.5515424609184265,0.8928230404853821,0.6312692165374756,0.5076026916503906
42,0,,,,,,
42,1,,,,,,
42,2,,,,,,
42,3,,,,,,
42,4,,,,,,
42,5,,,,,,
42,Aggregated,,,,,,
42,Centralized,0.9467740058898926,0.8124089241027832,0.8383984565734863,0.9434624910354614,0.8606977462768555,0.7879752516746521
43,0,,,,,,
43,1,,,,,,
43,2,,,,,,
43,3,,,,,,
43,4,,,,,,
43,5,,,,,,
43,Aggregated,,,,,,
43,Centralized,0.939063310623169,0.7591017484664917,0.8254649639129639,0.9326782822608948,0.8475652933120728,0.737217128276825
44,0,,,,,,
44,1,,,,,,
44,2,,,,,,
44,3,,,,,,
44,4,,,,,,
44,5,,,,,,
44,Aggregated,,,,,,
44,Centralized,0.9298365116119385,0.6969631314277649,0.8096825480461121,0.9200477600097656,0.8333075046539307,0.6827400326728821
45,0,,,,,,
45,1,,,,,,
45,2,,,,,,
45,3,,,,,,
45,4,,,,,,
45,5,,,,,,
45,Aggregated,,,,,,
45,Centralized,0.9640819430351257,0.9262615442276001,0.9195945858955383,0.9709392786026001,0.9309985041618347,0.8846195340156555
46,0,,,,,,
46,1,,,,,,
46,2,,,,,,
46,3,,,,,,
46,4,,,,,,
46,5,,,,,,
46,Aggregated,,,,,,
46,Centralized,0.9527884721755981,0.5203443765640259,0.6217631101608276,0.9167320728302002,0.6910441517829895,0.5502831339836121
47,0,,,,,,
47,1,,,,,,
47,2,,,,,,
47,3,,,,,,
47,4,,,,,,
47,5,,,,,,
47,Aggregated,,,,,,
47,Centralized,0.9484375715255737,0.8477112054824829,0.8728244304656982,0.9493564963340759,0.8890522718429565,0.813434898853302
48,0,,,,,,
48,1,,,,,,
48,2,,,,,,
48,3,,,,,,
48,4,,,,,,
48,5,,,,,,
48,Aggregated,,,,,,
48,Centralized,0.9476853609085083,0.8478544354438782,0.8772267699241638,0.9489113688468933,0.8920859694480896,0.8115818500518799
49,0,,,,,,
49,1,,,,,,
49,2,,,,,,
49,3,,,,,,
49,4,,,,,,
49,5,,,,,,
49,Aggregated,,,,,,
49,Centralized,0.9604951739311218,0.5477738380432129,0.721376359462738,0.9307297468185425,0.7661832571029663,0.5684545040130615
50,0,,,,,,
50,1,,,,,,
50,2,,,,,,
50,3,,,,,,
50,4,,,,,,
50,5,,,,,,
50,Aggregated,,,,,,
50,Centralized,0.9450410604476929,0.5667182207107544,0.725010335445404,0.9135574102401733,0.7703066468238831,0.5790947079658508
