Round,Evaluator,4,2,5,1,3,0
0,0,,,,,,
0,1,,,,,,
0,2,,,,,,
0,3,,,,,,
0,4,,,,,,
0,5,,,,,,
0,Aggregated,,,,,,
0,Centralized,,,,,,
1,0,0.4231998837435915,0.3163837769243742,-0.7857340625365441,0.40093306004760076,0.3043736843085485,0.5969135693333295
1,1,0.4135691258881796,0.0033773982500990844,-0.503593590592064,0.42524309365295526,0.39591815031641975,0.21502243818853364
1,2,0.21878853772520032,0.30893994850773937,0.0435450100786228,0.2293232260993766,0.20970977637275198,0.17370996193691443
1,3,0.38912979166351913,-0.008698921202071263,-0.38936135693936963,0.4011644091282553,0.41292650506965,0.14383277169533565
1,4,0.4399746156070355,0.016256228884496664,-0.681960856843345,0.4504580795734931,0.40457543552886677,0.3126741667164758
1,5,0.13108141789237598,0.3899432804973539,0.703464847640665,0.1330666868024039,0.08187392601315387,-0.09066987543884615
1,Aggregated,0.3359890346878408,0.17103012075084897,-0.2691440872654321,0.3400603248785578,0.3015990608432262,0.2253455313102552
1,Centralized,0.33231541692998734,0.17694125666368504,-0.25452371893963677,0.33610681803554276,0.29772213581610657,0.22259505746667022
2,0,0.2098112408173686,0.16540939112883657,-0.9704498740050612,0.19911092702427446,0.1644425849250771,0.3551068604575087
2,1,0.24103627865276256,0.024292069328876138,-0.6059135523861774,0.2548247488206878,0.23685350438028546,0.14325696846660818
2,2,0.057052107332188594,0.13291398587818629,-0.18665191655000057,0.0546997392244993,0.06760301874660674,0.07655577103594119
2,3,0.23605584781286448,0.014280140190048161,-0.5064472964314113,0.24138601676951038,0.2465606709757244,0.08620295351655542
2,4,0.2628604721522382,0.03568734694999834,-0.7639951489961927,0.2757229624259955,0.2504604655443108,0.2068262020492686
2,5,-0.07302598232535679,0.1422194311003007,0.4064126392624231,-0.06964067515297005,-0.09264394256721348,-0.11977819437714533
2,Aggregated,0.15567108981952554,0.08580641563643303,-0.43803684643913304,0.15938488858214578,0.14558966962990835,0.12476132633451525
2,Centralized,0.15175446617839902,0.08776138791937868,-0.4266138192283129,0.155136294813748,0.14164473280802606,0.12203285993317767
3,0,0.1884640522202144,0.15376245991904441,-0.8121789499635331,0.17939430551137675,0.1362090499491869,0.2977278005506252
3,1,0.17327028420875765,0.01963679370379248,-0.48605537247225744,0.17554229977135952,0.15744281044090136,0.13148734776736454
3,2,0.04990633551819744,0.10230664740301608,-0.1963076295068999,0.05410548645266793,0.0457464917993546,0.06628037841276745
3,3,0.16446688530055845,0.000771658212810176,-0.4104167897012614,0.16641815663611326,0.1657730766134075,0.08299581652679512
3,4,0.19653634919425772,0.034176318604653554,-0.6111388785268406,0.1955578765861005,0.17254114867871198,0.18044601732155077
3,5,-0.07298711199957482,0.10871152248881982,0.302466660375458,-0.06855124444349105,-0.0788737949062709,-0.09363071548720156
3,Aggregated,0.1166479710796341,0.06990002432842315,-0.3691039814126351,0.11711499460066033,0.09984325160004039,0.11093876826737925
3,Centralized,0.1137565264958901,0.07135380945483663,-0.3606317543832831,0.11426077740266781,0.09712770138799431,0.1086203069334039
4,0,0.14135162306713803,0.12819767782754768,-0.660564098107847,0.13046016252405454,0.08947372243080122,0.25127470129348844
4,1,0.12358990012154858,0.026494264481599843,-0.39065960227340474,0.12732439222325312,0.10542328799105706,0.11197389393690194
4,2,0.031141705775475845,0.07690612298751677,-0.1389761508252578,0.02770826224801247,0.02607220200226867,0.04636902270591885
4,3,0.11737510214059897,0.004789206998406981,-0.30717396878689884,0.11562687282943232,0.11458927162172447,0.060255634469168436
4,4,0.1434043344636701,0.042543714881842054,-0.49961768792164635,0.14122040418969561,0.11678657180408861,0.15413790626678137
4,5,-0.07413555141294828,0.07667109210687587,0.25731816635007504,-0.05034327046966632,-0.07568804501910209,-0.08411423780630768
4,Aggregated,0.08048728947464957,0.05927135796259345,-0.2900745065572866,0.08202407691071104,0.06280595983487103,0.09002634267248752
4,Centralized,0.07820650211741782,0.06001626625145351,-0.2827885513537775,0.07989510003606258,0.06077439547545938,0.0879000231112579
5,0,0.13111093320342257,0.10595660575713005,-0.5747608851029382,0.11365812180479552,0.07315283831821819,0.22794895146783373
5,1,0.10220839509766871,0.03132857266665539,-0.3310859069542138,0.10220506430653992,0.08290137989194678,0.08307386944830049
5,2,0.03203063444499749,0.061742625228504454,-0.12311093562850466,0.024413947166369458,0.021247879503000205,0.044481757477407256
5,3,0.09034771674404979,0.011668165546659323,-0.2555007660136429,0.09271033896706662,0.08983178773708893,0.03323152508724425
5,4,0.12014599014780865,0.04554728899588405,-0.43007956178992607,0.11530539056368454,0.09220492398603557,0.12343207011590411
5,5,-0.04952326957868935,0.0606685803213478,0.23577790103610685,-0.05854219347937816,-0.059331997869217064,-0.08419060604056142
5,Aggregated,0.0710793150732531,0.05282143266909024,-0.24657471954834786,0.06498420686452035,0.050024956523526544,0.07137179859388622
5,Centralized,0.06933140279882341,0.05319737290566363,-0.24019213363435227,0.06316650082831023,0.04844015172775152,0.06967168812793166
6,0,0.10315230579414346,0.09828452821001923,-0.5118073457954321,0.09830302006994833,0.05964814036863913,0.19244604576300467
6,1,0.08634292088827737,0.017735854349531264,-0.29191734099619154,0.08823574863587803,0.06383146914045727,0.08324787627308888
6,2,0.015214277491914648,0.052802574509925225,-0.10139865632053835,0.015692857131493553,0.01909443603926611,0.03261155187255007
6,3,0.0789392983867629,-0.00755737960111551,-0.2151431734607357,0.07587354833968958,0.06894805595831192,0.039395501577397574
6,4,0.10127317486955882,0.033334512984221666,-0.3816787289518177,0.09823384888083925,0.07358485297722102,0.11719848976281667
6,5,-0.06790721666559399,0.05835534539265564,0.2063766623429348,-0.03641483415900941,-0.04896048826366347,-0.07427304647179593
6,Aggregated,0.05286172443196302,0.042159565794980924,-0.21602617059432744,0.05667140535951211,0.03937722685940798,0.06513885903446727
6,Centralized,0.05111298528514716,0.04261258203780401,-0.21029522309186674,0.05519698471590802,0.03809331354113225,0.0634086777715727
7,0,0.10522590397916268,0.08203319326170144,-0.45115901446975704,0.08469785898614271,0.04492232803158021,0.15892102747031991
7,1,0.07491010566208024,0.02679729422037552,-0.2559131629993505,0.07058641450579206,0.05214713236396407,0.06659538360329345
7,2,0.01610445628816117,0.0483035728930313,-0.09187730733627567,0.010137084703928954,0.00029189432189496246,0.03465226109838406
7,3,0.060556979838504235,0.006450351962610097,-0.18635851301720205,0.06152860477002088,0.0568906405116492,0.03119764265125147
7,4,0.08911424329527912,0.03564988862780349,-0.3324655607666292,0.08028015511946249,0.05857801996957328,0.0969385444679566
7,5,-0.03794730939204352,0.061998056512406315,0.17127310216592345,-0.053106732072066815,-0.05447246447650944,-0.055677097990546424
7,Aggregated,0.051345900905496684,0.04353660974046575,-0.19116796946708353,0.042374309177438535,0.026409931578297262,0.05546590960154705
7,Centralized,0.05002928695453601,0.04392794797215027,-0.18629596400697068,0.041015005338660676,0.025210480811387104,0.05408744526079529
8,0,0.09599571619808628,0.0794142617681092,-0.4219258255759949,0.07800899985551776,0.03805523346564232,0.15071351826852872
8,1,0.06276032998906939,0.03208719878097925,-0.22684465218648212,0.058437324320763304,0.03837807343375282,0.06138592088872247
8,2,0.012746684271221814,0.04308875061755334,-0.08102209614659582,0.009746050884822024,0.008486346691644466,0.029745595719498183
8,3,0.05042520907326675,0.012309229403727086,-0.1576510211837886,0.050523210934624724,0.04562723805355452,0.026596029549624124
8,4,0.07667332764773957,0.04065473113611216,-0.298646758519024,0.06764670005517502,0.04354891440261554,0.0908531399953419
8,5,-0.04469941395176568,0.054666999964923114,0.15877234900095918,-0.05040861328793042,-0.05661096323621647,-0.05499110186202927
8,Aggregated,0.04233642085925525,0.04370181396580982,-0.17129772056555242,0.035678662841182665,0.019600300097559593,0.05074348776829365
8,Centralized,0.04113626188337878,0.04391113144333794,-0.1669385351008727,0.034535206316230437,0.01868119317090688,0.04941395018610016
9,0,0.09400645374434145,0.061593391013706936,-0.4009370074869027,0.07808257744807447,0.03743226341065299,0.14699194894568007
9,1,0.05981979004010265,0.026241297406367634,-0.21348268996146305,0.055886664449189834,0.03357145443362121,0.05603008329587036
9,2,0.020625473546858435,0.03944711946110656,-0.1003739165395895,0.01590048758087744,0.011224439244523671,0.032604616924896544
9,3,0.04783030398518038,0.013636471869590732,-0.15416609709653661,0.04764269799187393,0.04044687415017348,0.021036117771246813
9,4,0.07434226271905306,0.0347701357549252,-0.2861017973384309,0.06498666214383794,0.04012322120806996,0.086578602322155
9,5,-0.03465279289959452,0.047012486511789346,0.1517300433136873,-0.03466500227732522,-0.05575875691738052,-0.04765068750397103
9,Aggregated,0.04367983477179591,0.037115152723939976,-0.1673002305778117,0.03798916604171565,0.01785945707305161,0.049289437387839016
9,Centralized,0.042609930304045314,0.037267744802823466,-0.16319699880880575,0.037033095869158934,0.017001916249191857,0.04806471461902907
10,0,0.07630123885035363,0.06311208575149624,-0.34406848314938043,0.06973189112940961,0.03568350957484019,0.11798118815169308
10,1,0.04540038597061839,0.024741902885529035,-0.19207600628836694,0.04808583065850638,0.03346254258849705,0.053314706487881246
10,2,0.014969135841832171,0.029092743732180428,-0.06435159187314238,0.013202048203199403,0.005596848820779838,0.021287952291482115
10,3,0.03245725722331642,0.0074748727384792235,-0.1318393205989155,0.0378985497020922,0.03581880072856977,0.026388759644668216
10,4,0.05990975501880182,0.03526996623320581,-0.25335399787323165,0.05661843284167691,0.03815176870868798,0.07637796140423968
10,5,-0.040400805181679725,0.031032765184128834,0.1344345480465629,-0.03847113725211934,-0.039216195596451425,-0.04202297698313874
10,Aggregated,0.03145591611451215,0.0317872284748177,-0.14193862444412145,0.031193962719671387,0.018263327446837892,0.042240941286088365
10,Centralized,0.030459102544438805,0.03174137921666099,-0.1381113094717787,0.03029383617303487,0.01751926843053223,0.04110079367969385
11,0,0.04932663910214405,0.052424126558024,-0.31459660664480477,0.06101576554618241,0.041821496080115816,0.11913936134354451
11,1,0.036740848049532475,0.02753621576275013,-0.1663299514127303,0.035451596500365966,0.030943591187071944,0.04854301780510848
11,2,0.00940674746962396,0.030742124438442833,-0.05812297070865078,0.006315724766498119,0.0035075435603035584,0.01829995301012164
11,3,0.03453674518226051,0.01582693166158406,-0.10948948680329862,0.023470646896163825,0.02874757256645717,0.019763831973683012
11,4,0.0422091415745794,0.03062880055893335,-0.22424634777923586,0.047424926816348904,0.03935773733947302,0.07351487024618693
11,5,-0.01888201124706048,0.05097587541888537,0.1278470757834352,-0.04483228713672479,-0.04922120691460339,-0.05669731360012819
11,Aggregated,0.025566555593898234,0.03468483776992437,-0.12421485247556006,0.021489536417826298,0.01587496009101424,0.037116668292224805
11,Centralized,0.02497467021399318,0.034898982527764674,-0.12078891504403794,0.020577851888123236,0.01501359510208372,0.03589469047028982
12,0,0.05325652069701099,0.06149334363589786,-0.3195347299848587,0.05974430241939663,0.04687383275369553,0.11624086607134154
12,1,0.03735012570258301,0.01993795415813806,-0.15736630070193894,0.040016084350924706,0.033766487784561275,0.04418674522932149
12,2,0.0013426151182463842,0.03346461878301939,-0.075582708590485,0.010906468686533118,0.007462128544099304,0.025128507433295103
12,3,0.03448722274530793,0.002567983535348942,-0.10508017791419945,0.03295112230536562,0.03220929338729825,0.017620821589319286
12,4,0.04298971600429772,0.0323470732139819,-0.21808142521555918,0.04762908216503214,0.04111440736370086,0.06968646924043151
12,5,-0.034345319047367186,0.03802157753542163,0.14006163048828008,-0.03358458425274024,-0.04980044593522445,-0.049527180364334636
12,Aggregated,0.0225268141556793,0.03130374185077433,-0.12266327645684356,0.026291470623191905,0.018621606422695364,0.0372447456303413
12,Centralized,0.021799695577453183,0.03134853048420536,-0.1193745352277516,0.025534295993283034,0.017792478702711546,0.03615863225437497
13,0,0.06752737711028603,0.04839079608933294,-0.2812813473925483,0.04700676698595788,0.029576721597177075,0.10323665716085209
13,1,0.042756295277905955,0.019416111490950443,-0.14897434768314444,0.037733365259276286,0.025342128813701157,0.03311954365879017
13,2,0.009042945362660539,0.02921441659434544,-0.04707076535142981,0.0013892211928190309,0.007424663542256011,0.01617291392204835
13,3,0.03424270910185263,0.006373105576168285,-0.09803293599201764,0.0333952755965128,0.025076421654034748,0.005894101450458261
13,4,0.05334732834362687,0.02706773889433989,-0.20285648601139492,0.039938503845029186,0.029738753655440795,0.061586539062612
13,5,-0.03229844334152503,0.04034895872310945,0.12592026535314818,-0.019557368493872903,-0.03394926919153179,-0.07007017322010435
13,Aggregated,0.029116865126309635,0.028465356155830273,-0.10876983530915575,0.02332672489804037,0.013880164725246235,0.02501357813653448
13,Centralized,0.028270135916659615,0.02858132546508478,-0.10553613760575967,0.02274513558757026,0.01328657009392415,0.02376696156792623
14,0,0.0610272792603711,0.03585041765667915,-0.2729434767637388,0.05757719324847685,0.029644229798253107,0.09914971138469968
14,1,0.040977316507882895,0.010747674658400477,-0.14359955191745594,0.03874831190917621,0.02818800077976632,0.03419212331860259
14,2,0.015171715600061522,0.024094051889246047,-0.05280435289666473,0.003995887516630545,0.002125039712029685,0.019725462183487127
14,3,0.03281338488572178,-0.0003808708195471061,-0.0951857844953467,0.031073504707041164,0.029374616601057068,0.009453417704909721
14,4,0.04841311041105998,0.017353733290830935,-0.19470905974389574,0.04658699993786563,0.030976354561237433,0.05771604311399865
14,5,-0.01635671186839828,0.03577167943395037,0.10893657498450578,-0.03533036954517739,-0.037080270520609276,-0.03760093965751657
14,Aggregated,0.03035165352014265,0.020569088886815766,-0.10843485804839076,0.02378853167966183,0.013883660320450283,0.03045606218905214
14,Centralized,0.029725062352548084,0.020741205538039313,-0.10547878925907737,0.022986174596908496,0.013245003415307807,0.029557902003745258
15,0,0.0649419663112528,0.030302964062518045,-0.24347256671168682,0.04669558543120245,0.0159992138160049,0.08986806500158792
15,1,0.03952941862626715,0.005913116048551895,-0.12526421711018396,0.03035928043210235,0.0199046781859572,0.03045871951340978
15,2,0.012181603998972817,0.011722823744323962,-0.03938177036433595,0.0064676830203310946,-0.003407877242926519,0.01633898526340903
15,3,0.029421813526854104,-0.008568797968706429,-0.07528616068438267,0.020967985269240944,0.024521256887407628,0.00545621554074901
15,4,0.051080841629247864,0.014739625409600915,-0.1728849437057352,0.037032174988978955,0.021177813487069045,0.05191576924382449
15,5,-0.028398876619313194,0.01746700090424385,0.09986964678162538,-0.0261696485820444,-0.03907307940756597,-0.035540886929381246
15,Aggregated,0.028138754461305836,0.011926765304911349,-0.09277976867098299,0.019235637579658498,0.006531563392646989,0.02643103639773647
15,Centralized,0.02734017580236917,0.011885478148447133,-0.09005211893389835,0.018614002139427113,0.005970095029556672,0.02559463904296824
16,0,0.04751202897739444,0.027426944062519328,-0.2239957331676147,0.05161018973222295,0.011251529354372534,0.09875974821940166
16,1,0.03202940301208011,0.005890710607400978,-0.10047511346631105,0.02677018446971227,0.00924043867187133,0.038887851194439105
16,2,0.010599298962216936,0.02094959425308315,-0.048201470095008504,0.006035749235546757,-0.004822983100188507,0.020622909286003056
16,3,0.030501474132968207,-0.004509616993256419,-0.05940172648190381,0.01590003331926774,0.010636003674544068,0.019730238330508333
16,4,0.03743929720220627,0.012862628418031857,-0.15145550410077577,0.03858924073545387,0.012773333692676626,0.059439748169462944
16,5,-0.03189711850891402,0.03786065704977785,0.12853510356428102,-0.04388743136153485,-0.05040969836698274,-0.04302746932379124
16,Aggregated,0.021044665194244496,0.01674104650955834,-0.07588352994581889,0.01585046294664183,-0.001875774793103753,0.03242177942117584
16,Centralized,0.020448465644329318,0.01693544454939627,-0.07326221866803,0.015048408332973377,-0.002437201160386649,0.031511437355491216
17,0,0.058221030373993204,0.036808349594472774,-0.25111453533137035,0.045119654457833586,0.021476851725912214,0.09097277879234497
17,1,0.033364694269133875,0.009140580117118399,-0.12066209705589527,0.029776978018809658,0.018954447840279585,0.032993733137137805
17,2,0.009948138762971018,0.0236186890344143,-0.0521466290784074,0.006179652905138581,-0.002573654694707814,0.01807071604981919
17,3,0.02530512988827476,-0.005773738517959616,-0.07497587731304842,0.0245767089521995,0.022428135626466582,0.012343965948775786
17,4,0.04360442126325183,0.017324807037707876,-0.17063281017119128,0.03559550087709648,0.020733165222779466,0.05442029739365735
17,5,-0.03663477229748112,0.035699157785291195,0.12087086901520103,-0.020355177326033796,-0.04756716367317836,-0.03941431938511627
17,Aggregated,0.022315838290089488,0.01946512720000663,-0.09149584708079118,0.020158153139499497,0.005589516522497085,0.028248105643722248
17,Centralized,0.021564881984927266,0.019608606705878162,-0.08877280097410226,0.019618280203220935,0.005010683686220897,0.027372618044175775
18,0,0.04419915783925865,0.027957791925967805,-0.22905906115706773,0.050362592948401355,0.022078199609742166,0.08317081000143482
18,1,0.026884660225371886,0.005529807681365344,-0.11024511436714744,0.03099066583420806,0.015434133102809985,0.029587626204673853
18,2,0.008563569275615404,0.013992269458036864,-0.045317455346860894,0.007918000899103633,0.0011944556042525105,0.018191572745272215
18,3,0.021750464171134222,-0.00860168851054525,-0.06635174863275486,0.023892175075080818,0.014415309569256787,0.01138734346583827
18,4,0.03396819740943416,0.0126874928860809,-0.15656079998957192,0.038160556941208595,0.019764781865425986,0.04961808282405587
18,5,-0.030899099189989877,0.018759403423445477,0.10507112267777896,-0.029186495087742993,-0.031121877385769943,-0.02830587511529536
18,Aggregated,0.017423286968399426,0.011718326057305868,-0.08378929632350257,0.02036820771224538,0.006970357690513907,0.027288697398462472
18,Centralized,0.016832007046536597,0.011737846477459825,-0.0812960705199923,0.01974216414673475,0.0064978940370514415,0.026550305441822245
19,0,0.040175574468478116,0.03172874983008524,-0.21589708284919154,0.04611246163496867,0.016764052117892638,0.08343218830502867
19,1,0.028483191367314174,0.0035673375666552144,-0.10946654678311483,0.03361230067167313,0.019980004368130626,0.02894532523275434
19,2,0.007314629141396097,0.018360952648160376,-0.03531836471225022,0.0007212457687171645,-0.001328410072831071,0.015576369648076262
19,3,0.023780806087567337,-0.011268301122101905,-0.06677681129201238,0.029621586901605816,0.023520475653215186,0.008831255912170249
19,4,0.03328454851712588,0.013108592729317992,-0.15360479791926984,0.03760394666357274,0.01940053321972625,0.050381393682800465
19,5,-0.005713599734942028,0.02379554951047152,0.08822282032296791,-0.0156593431749738,-0.029359657415291337,-0.03707449776062751
19,Aggregated,0.021226138948349335,0.013212402093534333,-0.08217821458153762,0.022009748067047606,0.008172310880222319,0.02503035986297747
19,Centralized,0.020813450114859463,0.013277252449469956,-0.07974423979825299,0.021471455716137417,0.00774192442169039,0.024183350030047093
20,0,0.04256855768450804,0.03057341838381664,-0.17653294254551471,0.02753086061757477,0.012110073742410523,0.07570028210679262
20,1,0.02655498966763442,0.009829346576578973,-0.0928506005118839,0.024399835343672516,0.015060027471783442,0.023701135791460704
20,2,0.0030644620641101126,0.015194162073855507,-0.02327075194631471,0.001264001617711497,-0.008376637821436094,0.01229617115759381
20,3,0.0212950641594963,-0.0033478836972470854,-0.0610043315161961,0.023987328857534882,0.019996503491877274,0.0017319799021377825
20,4,0.03429629982997543,0.018744864488772914,-0.12811938250830832,0.023510194763148043,0.013812056422603414,0.04588655119656705
20,5,-0.037297307093403176,0.020651187125524183,0.09691279274284155,-0.018258434485297716,-0.041862854265234895,-0.04945466404365613
20,Aggregated,0.015092787541447984,0.01527119956752663,-0.06418132119990608,0.013746884378163255,0.0018014013623102545,0.01832652642635471
20,Centralized,0.014406180751490314,0.015199472076780992,-0.06196891052440615,0.013392050986288687,0.0013365277192207965,0.017391429143375006
21,0,0.03606093967519227,0.028299564791680783,-0.19943553097279612,0.04283262876647146,0.017709074710491757,0.0733125366521701
21,1,0.021191757326397633,0.004588752780055301,-0.09179908361762297,0.02678447178530563,0.014741866590840886,0.022927854932407666
21,2,0.0037247593064383424,0.013877213773362805,-0.036342753960960754,0.007276162290452405,0.00034370446194083743,0.013190782727608734
21,3,0.017024249411180453,-0.009658591696567582,-0.049897579838758976,0.021437991589159662,0.014472587524330498,0.0028733929557898546
21,4,0.02790069417693534,0.01351262812175567,-0.13607090552636203,0.032844331813915245,0.015848752121112687,0.0436422786381104
21,5,-0.033195919959855706,0.022887292926286128,0.10298260720394209,-0.01808943505615563,-0.026711390424886666,-0.041224054551279074
21,Aggregated,0.012128989148146838,0.012247180419345692,-0.06846791561462384,0.018856299906848152,0.006075960431109837,0.01913512106199352
21,Centralized,0.011562788936220461,0.012261885623675771,-0.06614907254316849,0.018369032941882926,0.0057104043252319625,0.018310045325335894
22,0,0.04399440813596755,0.028303538708755217,-0.18387694873135324,0.04181613190854672,0.013798901175671757,0.06601574080258016
22,1,0.03083439785123288,0.010552096943775745,-0.09183170950974841,0.02744510610731347,0.011501111965191692,0.018449324904581725
22,2,-0.006486396587670686,0.01656903826879413,-0.028714876968083353,0.006253463735449877,0.002325440048150377,0.014665191003324652
22,3,0.02860721085316286,0.0011367836936606592,-0.05618779027505014,0.022344556204849913,0.009181336387064235,0.0028698814441947833
22,4,0.034771008115837256,0.01771242669549133,-0.13049676696566143,0.032534607895531927,0.014615176618450337,0.036626284628819734
22,5,-0.021740577406904667,0.01666026061143335,0.09786376307922863,-0.025020093740182547,-0.022215948162563767,-0.03346056182255367
22,Aggregated,0.018338263034743348,0.015154619093593918,-0.06557876119556329,0.017572608856639006,0.004874084897552016,0.01754103908392401
22,Centralized,0.017770452007954986,0.015099997751410413,-0.06334013600633466,0.017042762320359263,0.004513000223149292,0.01690220546448169
23,0,0.04391968490324805,0.024560727050836523,-0.18430014780178633,0.04073142280741741,0.010861273990963241,0.0680647424518761
23,1,0.023889587838087156,0.007474599979159108,-0.08328776999047334,0.025441109387567766,0.013693287587893578,0.018692332503542568
23,2,0.009031844341033485,0.019762452903138442,-0.0434219557084824,0.0036189487651053687,-0.0022035303716468756,0.015893794347653555
23,3,0.01715921137166169,-0.0013740069935677976,-0.047102111543919606,0.021044283698608217,0.016867248749497705,-0.00022336956611064679
23,4,0.03411798753160418,0.01373482082808792,-0.12544508919004346,0.030624763381156318,0.010526447843078227,0.03948129612853753
23,5,-0.025529492099836616,0.025600963178859817,0.09286748370342467,-0.016738087146012416,-0.03397126398216505,-0.04014589874358243
23,Aggregated,0.017108038613192166,0.014956990703363007,-0.06515378145630717,0.017461526808517085,0.0026395204956343745,0.01697490740551439
23,Centralized,0.016510168965122536,0.015038838365941927,-0.06307533471078908,0.017006621278241076,0.002323869639350245,0.016214059228138143
24,0,0.03150571060057206,0.02485295786398869,-0.17915643310503657,0.03173258007366507,0.005896895425181938,0.0725906066175187
24,1,0.02067317804527644,0.005056756905694066,-0.09347509517810511,0.026067934851024772,0.007786489474818929,0.025590986700467125
24,2,0.006970804964635765,0.015384191791231667,-0.030284065524686203,0.00466223649435554,-0.008910866048544606,0.011487530809409235
24,3,0.014337885469194074,-0.004536599294485696,-0.05984654737477278,0.024979463811448947,0.008624977085437142,0.005841811944833206
24,4,0.025987110195319237,0.012255450072199081,-0.12843383891745877,0.026317490918455262,0.00799982488102742,0.045428904220254175
24,5,-0.011294591727863137,0.03253810456012152,0.08591123744045027,-0.010515514384362754,-0.051501321443922124,-0.04719278488847453
24,Aggregated,0.01470207328886908,0.014252874256994423,-0.06758305576682166,0.01721400712820008,-0.0050049487824781105,0.018973734770540582
24,Centralized,0.014311037193087472,0.014378572548778584,-0.0654879554456228,0.0168908210538939,-0.005508179659384195,0.018071573425015412
25,0,0.04408818125614806,0.02557913916163809,-0.16085978947834007,0.036091606385640906,0.012193837853170192,0.06454559073618729
25,1,0.024480144289878266,0.013427990242636358,-0.0745830631065562,0.020647445777304946,0.011053541493223936,0.017384444322756182
25,2,-0.00023508612600681527,0.014546385762809715,-0.0283296577690538,0.0035246280382046635,-0.0017528115407110495,0.01331317152804549
25,3,0.019561930680347978,0.010086026762290454,-0.041526359628718444,0.015512162249137732,0.010279734821223073,-0.001261325652986867
25,4,0.034190939667333775,0.015643582823735472,-0.11328369509279414,0.028516577206724555,0.012717671950606994,0.037184398312344526
25,5,-0.03419449551650485,0.04202326324934709,0.10288999727874351,-0.026395449375451473,-0.032950795281665606,-0.05507466630068939
25,Aggregated,0.01465964022899327,0.020211382626104564,-0.05265254712902303,0.012991858349069877,0.0019324526223101998,0.012699616801289101
25,Centralized,0.013972092484150964,0.020421451084505795,-0.050545089274738046,0.012443491629846265,0.0015248532779927756,0.011853326055239536
26,0,0.032087499299139344,0.013811753739832221,-0.1474813244403675,0.02880029441179262,0.0057429663762834674,0.06330624432300504
26,1,0.022336449452875787,-0.005525931940339125,-0.06472395423206846,0.01522274647762511,0.007511440054452923,0.019611486678849276
26,2,0.0028165099113761035,0.013671637710536718,-0.02244732943163091,0.0016829484342095447,-0.006023796256832249,0.013442331053985098
26,3,0.022310270477697507,-0.01577781181395979,-0.03239217662496527,0.005309540650000475,0.0044335762666604505,0.005345495294797886
26,4,0.027140733567185243,0.0006446811833795243,-0.10029888424590011,0.022928746127455355,0.007891305464197303,0.03694363833662391
26,5,-0.012414927709509391,0.03177792061519009,0.09441615860363957,-0.03180396908475334,-0.03738893122007606,-0.04490970394753625
26,Aggregated,0.01571890250693006,0.00642710483956163,-0.0455212908393845,0.007031947575521476,-0.0029637320733574904,0.015639316692072577
26,Centralized,0.015316104177527653,0.0066861514800153,-0.04362937546786043,0.006471304254490975,-0.0033737580143682294,0.014905061304208416
27,0,0.036686317150819145,0.02185769440932523,-0.17798965969079547,0.03946075539519787,0.012609260137956293,0.06147617515681187
27,1,0.022283184036923743,0.0031882965472519137,-0.09032006519644378,0.0255836479063942,0.016165513438601325,0.022085779091748463
27,2,0.003483543251472188,0.013211229437460536,-0.031619631475502764,0.002480911126169241,-0.0023379456612845654,0.012801021029832162
27,3,0.018197040184621618,-0.007934574603665387,-0.05553477962424306,0.021918159226688872,0.018250678297512785,0.009298234310073502
27,4,0.029068621810464115,0.010363685274200975,-0.12444710629992756,0.031444849677516935,0.013279112986722214,0.03695670387748287
27,5,-0.018680104164371426,0.017798638458515127,0.08604760274330633,-0.019565708151777217,-0.026124067362962102,-0.028697124824395053
27,Aggregated,0.015180560150083624,0.009744746044040563,-0.06567984958088352,0.01689515973987565,0.005315506930130685,0.018998963110530537
27,Centralized,0.014695530209613743,0.009766293931412253,-0.06366042460112756,0.016386643895735752,0.005006542158433832,0.018393375085085633
28,0,0.03366876828959014,0.02296745210416978,-0.14882017600290542,0.03100700995726129,0.0070310106348754516,0.057424133135955825
28,1,0.020310406833811617,0.010101121518419904,-0.07663709358819945,0.020575892906102653,0.010901252180169418,0.017766091335442265
28,2,0.00019843437758623245,0.017853501226847895,-0.025027288835009757,0.001732710810990507,-0.006368682493342165,0.011026656228520242
28,3,0.013978910530800442,0.0030708913906330624,-0.04948056843120926,0.01678230620435906,0.01284575840363587,0.002540213816886912
28,4,0.02597056882084841,0.013978126772350002,-0.10434589085328137,0.02389246968354869,0.007561319611010394,0.03434019583502113
28,5,-0.0429993756267474,0.03388328227407851,0.08316322089756696,-0.018527317684798195,-0.036045374067338556,-0.035064246726590434
28,Aggregated,0.008534070072124053,0.01697080128508572,-0.05355778525886185,0.012584441321434353,-0.0006692511878098261,0.014684489967357231
28,Centralized,0.007904901362206885,0.017118638295597087,-0.051797059195175826,0.012187602350026923,-0.0009941159384582153,0.014017535368648412
29,0,0.04319233485637098,0.01955553231552928,-0.17987918299256786,0.03762020401965615,0.013825348911901009,0.06204694962722429
29,1,0.028935870112249316,0.0010990969528457903,-0.07941362665411064,0.025475940153450862,0.007797037885761225,0.012261488908251492
29,2,0.008839510669488267,0.0135174661606163,-0.031809375852793316,0.009160199485514987,-0.0007842432057383202,0.0025817575032125555
29,3,0.027133949640497,-0.008344226249142241,-0.03721820809753053,0.023477959967958636,0.001320006589317314,-0.011582636662519132
29,4,0.03310828002976703,0.007743354914960691,-0.12058055187040129,0.029534939268100087,0.011260194241812117,0.03400544730783831
29,5,0.0004335678354537273,0.025544272315807224,0.08938287625402122,-0.007639774024339522,-0.023316162931747028,-0.07606433726363013
29,Aggregated,0.0236122980483539,0.009848059350471223,-0.0599545193013273,0.019611425396736586,0.0016893743853987693,0.0038947186620959203
29,Centralized,0.02329345932628762,0.00996991967020792,-0.05789064004902701,0.019265546493164927,0.0013477257637461622,0.002851864707582721
30,0,0.03511085607415211,0.023404567412596687,-0.1517328378317195,0.02731641631969119,0.008074686112326961,0.06128594475097032
30,1,0.02347415201609442,0.013201270503839487,-0.07091899631890265,0.01283584490523935,0.007212584645814575,0.01828481502350667
30,2,-0.010338238485458548,0.017464262707625168,-0.026156598737469137,0.005002980140604743,-0.0013894664938899478,0.01343637330959615
30,3,0.023504434071542388,0.011017567422423687,-0.04145440520802951,0.0030256317864828003,0.004764176588449724,0.006406481022907295
30,4,0.02623906131450232,0.015744325472438994,-0.10237546511645806,0.02010755745779168,0.007530644545439236,0.03518997036589149
30,5,-0.025176126433503778,0.030353502349198164,0.0900051875536281,-0.02654179747775437,-0.034784880752774014,-0.035374935086696375
30,Aggregated,0.012143930516186771,0.018527836896707964,-0.050473497334731304,0.006965572454542629,-0.0014229197221110282,0.016551968945967208
30,Centralized,0.011653033612465507,0.01865480961681816,-0.048678095410723446,0.006503992381254907,-0.0017664931830190633,0.015916706053713696
31,0,0.024448325096625388,0.030234858385468247,-0.15689017475250314,0.034370788759660084,0.011871642354714875,0.05815052925799066
31,1,0.012882499294170182,0.011281723143480525,-0.07066161382874717,0.01933091499525958,0.00948738316828195,0.020669646686543825
31,2,0.003699371060978852,0.015838447089034903,-0.03389449178123069,0.002221127798319186,0.00048361972019375133,0.015347254517945942
31,3,0.003894762032220889,0.006999855998610632,-0.038465729099748096,0.01481224636707614,0.0066144091761541676,0.008542536535665939
31,4,0.019051078281298966,0.01642661982544704,-0.10749369738631166,0.026354581404776183,0.011113105358539493,0.035032504006551994
31,5,-0.029462420724637173,0.03059606298775362,0.083478548455156,-0.024631606510670583,-0.028355368118910422,-0.022379252803855713
31,Aggregated,0.005760556662803793,0.01855975962046868,-0.05402111407374124,0.012084829984637174,0.001876953706023177,0.01923794260945846
31,Centralized,0.005287467002589374,0.018679936860302396,-0.05217754800110086,0.01158256151625034,0.001530460127204837,0.018708395399496192
32,0,0.033742570452357894,0.0018243830474757442,-0.13544667615312078,0.036124114496996006,0.003213261955600811,0.05711044376644657
32,1,0.02335876693956344,-0.010978912661259471,-0.06103085677204755,0.026101700341919946,-0.0006926624176479491,0.01928583503294854
32,2,0.00780506549256545,0.004494699505043535,-0.022525198574403285,0.0035831746532842294,-0.009641442854773844,0.015458583948516093
32,3,0.02022101661155453,-0.022947196790252294,-0.030485896721249118,0.025434730924231916,-0.007257107746799434,0.006640272256798669
32,4,0.026898601857840956,-0.004525179336864402,-0.09186346627371059,0.02831243754719542,0.003302902072741827,0.03433031650166654
32,5,-0.01494942927562765,0.013925155891730684,0.08218307877372975,-0.00987989018921406,-0.05117558384860572,-0.031211466738672745
32,Aggregated,0.01618707371237866,-0.003039946334380356,-0.04322485035080926,0.018285960219340026,-0.010364970457068605,0.01694837546183633
32,Centralized,0.015806753990326404,-0.002946614842678156,-0.041548530613469414,0.017936872657390728,-0.010873487974571732,0.016354309806522055
33,0,0.027046032301272744,0.009946990987028219,-0.140228242246748,0.02939138165733215,0.013627253658381801,0.058694268753289675
33,1,0.020678791321287297,0.004449016367408723,-0.0845769889978829,0.025172096008018136,0.011700316210791208,0.02117719312767325
33,2,0.0076267633120155115,0.011704346312785916,-0.029216086678718237,-0.0029708529941070176,0.0028457897643329472,0.013574531617356857
33,3,0.020294886296292978,0.0027586707410168832,-0.06371007743070672,0.025741896133008164,0.0077210457991271795,0.007663194820270281
33,4,0.022880621103477505,0.005725946069209134,-0.10480471585754653,0.024645386929806303,0.013107479030387373,0.035453447765492786
33,5,0.00881217075229243,0.025073280205331165,0.05336971734557234,-0.012873497859283402,-0.013329829257016285,-0.03952272705703191
33,Aggregated,0.017891216688158462,0.009939189751235603,-0.06155485123390099,0.01485721417913391,0.005949666602227356,0.016188056453650086
33,Centralized,0.017727595464494234,0.010109653068045385,-0.06005722151067119,0.014512282346609146,0.005690872834735873,0.01552292476820456
34,0,0.02057804616259489,0.00869966731409105,-0.1301192118060706,0.02646037819545877,0.012089656793306295,0.06381928137321743
34,1,0.012658645444112882,-0.0003514234947915279,-0.06333104118996655,0.017829431934192105,0.01249069172423675,0.022994086909112834
34,2,-0.002893336885594385,0.009355326386488205,-0.015817703639546217,0.00284727542544323,-0.005831444759877975,0.01116357481538515
34,3,0.007174741443469699,-0.006060416307925102,-0.03673720752816554,0.01390846081347358,0.012405375256175898,0.010117499253080012
34,4,0.018900814554317694,0.0028725575636264515,-0.09635422101471332,0.023982288479372126,0.012465109892978525,0.038945048424137846
34,5,-0.028526221185324763,0.024488164387416286,0.07231174023330246,-0.010871411317456335,-0.03442014043988553,-0.03491974886634835
34,Aggregated,0.004655675275564627,0.006495524213113247,-0.04503333275155583,0.012363554036837348,0.0015422716797537897,0.0187001591215252
34,Centralized,0.004147666622447627,0.006657305647922258,-0.04326428311329966,0.011958759628444381,0.0011308311530534975,0.018011554471260766
35,0,0.03015225356970206,0.019396756653055156,-0.1377455166460402,0.028300701354431634,0.009679112187870938,0.054208168907786194
35,1,0.016401024354118485,0.0005389307400505526,-0.06132322335350421,0.01983486905692011,0.00918017518942452,0.018054886812089815
35,2,0.0027952746806355253,0.012361113076237272,-0.027906836969707353,0.001424639338142851,-0.005566492730790825,0.015241025855333408
35,3,0.012534472378405648,-0.010468664673901144,-0.029287582677039608,0.018041603210603233,0.009409861233026742,0.00259025259270235
35,4,0.02330923144140771,0.008348860021579689,-0.09482252313430983,0.02327977895259638,0.00987423352247034,0.03254172609785566
35,5,-0.017964206473202935,0.015984386416157927,0.07957343326409122,-0.01691420062308437,-0.03714526973569735,-0.027550519456821056
35,Aggregated,0.011211178120033895,0.007690780767015197,-0.04528168866626857,0.012334594955138434,-0.0007518812187629856,0.01585860450273173
35,Centralized,0.010788362956926447,0.007709427149237113,-0.04357389488052194,0.01194653030561414,-0.001156248473819545,0.015295408221122625
36,0,0.02626622257016681,0.009872517098273149,-0.12811605725726952,0.028546790940757034,0.010617494444047892,0.05639887741484614
36,1,0.014743384818248538,0.0033613788214833283,-0.06699490192949281,0.019999589946087967,0.013719719017327579,0.015006247176727714
36,2,-0.0018709954245815748,0.015215309741206159,-0.0193785401548629,-0.001167289651910777,-0.004472184047569305,0.008602538217629178
36,3,0.010799212973457546,-0.0001638670777919904,-0.04026252325615285,0.014817822101151758,0.014518966834504174,0.00014422160836908925
36,4,0.0214515678977917,0.004129312156116548,-0.09081747352050654,0.02323014949616602,0.011091869478419876,0.03249029720611078
36,5,-0.026909970310705834,0.03754508574404604,0.0893857678127455,-0.03067853653232169,-0.021297562116222687,-0.056925361339862306
36,Aggregated,0.007420804524414754,0.011653344334484837,-0.042729465485859375,0.009134116584911657,0.00403609438983387,0.009303569472661224
36,Centralized,0.00692334647509431,0.011953382658473339,-0.04104829155497313,0.008629486820365682,0.0037688742306256602,0.008493521548417397
37,0,0.03219626135252701,0.009793050961771887,-0.12583905145631272,0.022650672089171046,0.011024816233265265,0.04796138498492539
37,1,0.016206022734355688,0.00575235374192266,-0.06613010787034457,0.018581866517421542,0.008240757496533566,0.013732283856862244
37,2,-0.0006199360802192673,0.012238668645891002,-0.02359452507923119,0.004245035957820118,-0.0013846167571573268,0.009639928538661318
37,3,0.008734835033345713,0.004380987658438354,-0.0431687684697674,0.018081387035683943,0.004925452024318891,-0.0008200104108758615
37,4,0.024931657009798283,0.005319901302674516,-0.09098385796121956,0.02012687291327642,0.010210967840728134,0.027470003508082746
37,5,-0.03764747159158551,0.028084565299715387,0.06954056430673897,0.00035255814589647903,-0.020750363149125463,-0.03962117010923931
37,Aggregated,0.0073105550970893355,0.01092408833970581,-0.046723726978188496,0.014008947148062084,0.002049830847014432,0.009739909126350645
37,Centralized,0.006685201305440262,0.011144386059935734,-0.045184592400265684,0.013797821554120949,0.001752367408549028,0.009129509307714306
38,0,0.02623630750410553,0.01896916945201641,-0.11835308534983796,0.014705010039303561,0.0036346635532774237,0.048432356042071016
38,1,0.01627895278566999,0.0052339484972464805,-0.056794552498452375,0.008362611661372438,0.0073742759436806376,0.0175033315035991
38,2,-0.0027073731814689665,0.013750278945993233,-0.01941672144629877,-0.0008617345834558614,-0.005536513210191282,0.013932030096362978
38,3,0.014912772284391194,0.00022349056255419872,-0.030621482949768596,0.0011039332246983087,0.007213144103293999,0.006265199189882706
38,4,0.021781611678746145,0.00911683460654348,-0.08369414594362591,0.01233988519817707,0.004906047889921991,0.03021128608944402
38,5,-0.027197099658891093,0.024945833637924065,0.07183889958662903,-0.01959350909230058,-0.027485853301142345,-0.01920877420612404
38,Aggregated,0.008225656691356859,0.012036654004730274,-0.039532889051043255,0.0026805754373560057,-0.0016421366018207722,0.016198118905248783
38,Centralized,0.007739961061848059,0.012174626108629813,-0.03800516816161042,0.002341334920873101,-0.001897282529617249,0.015725914301928153
39,0,0.021753072298542436,0.005852339600970322,-0.11606073224165525,0.024090113131094718,0.007212736992365867,0.0547669497396585
39,1,0.019805107739051662,-0.0007229404256886372,-0.06836239710317364,0.01777286782672939,0.008249240936991706,0.022910008657474733
39,2,0.0030300886037143543,0.006567074918796683,-0.01788754129021652,0.002172506994797691,-0.005588422271514016,0.01444990343501978
39,3,0.018256377775019372,-0.0029660724824250866,-0.045454380291303415,0.012455786647957266,0.004659338472324082,0.012330235879034972
39,4,0.020020107145301398,0.0017935782280692333,-0.0898149022922498,0.02219774019329092,0.00876059856913156,0.03476165982679466
39,5,-0.01200673734802922,0.02079496195482129,0.06996105200764383,-0.02090012262853312,-0.029148490215015362,-0.021708057043282547
39,Aggregated,0.011815158195237825,0.0052155109059011315,-0.04462920676954187,0.009637950945083627,-0.0009693174939268226,0.019595723987945443
39,Centralized,0.011518567477334006,0.005361061337276231,-0.04304950591847816,0.009190042140332406,-0.001329899567420134,0.019081266305569763
40,0,0.024364465338608095,0.018615062638224943,-0.11259012826828042,0.023003286497707283,0.0024099165979026963,0.04983777078772059
40,1,0.01780641276541051,0.006473120385239149,-0.05227664415326786,0.01860080988001681,-0.0006444200019435422,0.015963835825959456
40,2,-0.008314647535609917,0.013825910251405338,-0.012412942575121984,0.002674477808564905,-0.009776028570661741,0.013796894293848033
40,3,0.017244749625182625,0.0032913885451919212,-0.025102623976207154,0.018554308424631495,-0.00928401484692211,0.0019054592176416631
40,4,0.020977603407937636,0.010730174988472271,-0.08253943378938065,0.02051808252667887,0.003317237320067146,0.030336232397949876
40,5,-0.03755633500446304,0.026556115361452512,0.08179834573648619,-0.0010357423973377134,-0.04303302347053198,-0.02631479031492929
40,Aggregated,0.0057639167434698066,0.013245010486236199,-0.03387970365928162,0.013721888166724261,-0.009494189329649697,0.014264378120117287
40,Centralized,0.005211072825555441,0.013365389886235748,-0.032189834957155786,0.01348696644119111,-0.009961687803752384,0.013720049874001094
41,0,0.02291089847743694,0.016534479270540206,-0.1366501997233743,0.02636710514033536,0.010456239315028348,0.05081300813129904
41,1,0.008525402947775,0.0030807832570056773,-0.07011108991447136,0.018094749415151407,0.007286647465090258,0.01926648645283104
41,2,-0.0008300084343603439,0.010034707215780179,-0.025682877558778155,0.001279349906003448,-0.006758048541700422,0.014302484174676796
41,3,0.0012873350268414064,-0.0018255657702397066,-0.040226710081051636,0.013542196634644012,0.0036086469387827716,0.007803106322063911
41,4,0.017504645020838164,0.007210317761153332,-0.09722192572685384,0.022263478677514836,0.009986478817439429,0.03062032774840765
41,5,-0.017554395027764874,0.015674425424388887,0.06685357583902382,-0.019889506148443335,-0.03137642580592352,-0.02231169581960095
41,Aggregated,0.0053113812950342475,0.008449746731849015,-0.05053372994708306,0.01028283390509549,-0.0011258223870795625,0.01675928088352611
41,Centralized,0.004894276001431173,0.008522463879700761,-0.04892948092690678,0.009859042974355265,-0.0015309487723971687,0.01629079820389849
42,0,0.02596282873436058,0.005584508968076575,-0.101251601051623,0.025214536723680403,0.0054338282340781014,0.046744576202684594
42,1,0.019865020431187135,-0.00613150388179705,-0.0544074369109242,0.021696929665137813,0.0071983866697798915,0.016932163588428514
42,2,0.00423146325693081,0.005994253801762982,-0.013767462260909611,0.001178043943829199,-0.005147089880070962,0.012626857405196519
42,3,0.018131841188950313,-0.014985145274645421,-0.03115666641848443,0.023395720434538303,0.0033561019747456178,0.002928100506404327
42,4,0.023640330431383784,-0.0030270976491249585,-0.07623657833209216,0.024063398179256415,0.008391416199649126,0.02732862278535284
42,5,-0.010484740156605655,0.013909890096978463,0.06635489826582304,-0.011703481529919863,-0.026810346966869934,-0.028584777268971535
42,Aggregated,0.01356282001901155,0.00022062381999348683,-0.035100306325262044,0.013979711193536424,-0.001257405915653916,0.013006924543813775
42,Centralized,0.013205221552110312,0.0003698437565666047,-0.0336684479537317,0.013616175984631251,-0.0016139442972778481,0.012519356823569312
43,0,0.018534000622043717,0.0047368959696284215,-0.10412124950354343,0.02829542880270411,0.004066843732820432,0.05116890901200771
43,1,0.01403892427440419,-0.005411760811889199,-0.0484686823805937,0.021620274213478917,0.005418898849859397,0.015112423864140098
43,2,-0.00033375084313596356,0.004894157354437153,-0.010693149685758914,-0.001297202857339146,-0.0062672785435027795,0.010089767903188895
43,3,0.00960738296314853,-0.013660809733581233,-0.022634915784765307,0.022634204741392674,0.0024758123836940505,0.002809928801872315
43,4,0.016922043895030804,-8.296859450347539e-05,-0.07418246907398927,0.025896423182722842,0.005603649036722675,0.0292242889062855
43,5,-0.024915380204296858,0.01922523382448694,0.08013436771483809,-0.02387186306416765,-0.024872709865746502,-0.043953725052119585
43,Aggregated,0.005649192919432039,0.0016110374120238504,-0.03001970641818758,0.01222104888556555,-0.002257296382811114,0.010756674132378876
43,Centralized,0.005241396102157227,0.0017087253742241724,-0.0284841703430079,0.011726135151293346,-0.0025485606235868662,0.01011437222644149
44,0,0.027903758248832174,0.014134485261294646,-0.122312825981893,0.0299725319410122,0.0037715344542082873,0.032949304488824924
44,1,0.018706218702409506,0.010170337441047318,-0.05696319593202758,0.021942356441955954,0.005147065475948339,-0.010239316637735361
44,2,0.006807585948986008,0.01919408354004167,-0.013134600373779904,0.010258824146192136,-0.003716786216630921,-0.025975775741064522
44,3,0.01626139540977054,0.009282591131617541,-0.0247369866645737,0.02070422686762011,0.004002880751590393,-0.04004886736272712
44,4,0.023623031010942663,0.009995438236450343,-0.08589997887177028,0.026260785389274854,0.005882904250584616,0.007166608570618741
44,5,-0.015407080380469052,0.033396383086864496,0.08610545730682863,-0.004915516745391976,-0.01911141578795915,-0.08183462314297507
44,Aggregated,0.01298920380024925,0.016024907431276957,-0.03618483914176274,0.01737557010117476,-0.0006664167504777009,-0.019650121169689543
44,Centralized,0.012608470839890654,0.016257281247105633,-0.03446843338015619,0.017060447772519922,-0.0009116022638723081,-0.020549951693238384
45,0,0.022789770578731078,0.008420912147464125,-0.11730349089302411,0.03246605750098674,0.0079332519524836,0.04995616474616096
45,1,0.01589529693155961,0.0017921071256021496,-0.06025080917320749,0.02257621549054038,0.009953434988515546,0.01885630382736718
45,2,0.004110208662368184,0.009590259459034446,-0.020130584008528928,0.0028342284858332667,-0.0007201273273871964,0.013167551093608666
45,3,0.01381539738644796,0.0004350777487753404,-0.03120774172729005,0.018867045418172357,0.008454743426265855,0.007755625699830737
45,4,0.01995148057529656,0.0035381707187351463,-0.08724755272971663,0.026922955854796003,0.00971216289865144,0.030815745505247127
45,5,-0.008960113584931225,0.020513930287434694,0.07250617870815931,-0.017859665192591936,-0.018042554761202964,-0.0224384491950926
45,Aggregated,0.011271248190368233,0.007378593443315432,-0.0406310822650388,0.014308257066400718,0.002886796681725456,0.01636212116304909
45,Centralized,0.01096526776853776,0.007534459077242674,-0.03901444774416727,0.013863804898995073,0.0026300894978190425,0.015872532134344877
46,0,0.02600664626035238,0.003792335775472026,-0.1102799322701961,0.02323551029225729,0.007629421255091671,0.04928894176102295
46,1,0.022114948121585036,-0.0024336468522518128,-0.06547655418277032,0.01997538132071675,0.012403769186302295,0.008370810193490057
46,2,0.007667102850594307,0.0063678911312102585,-0.021387549369556853,0.0026334948265761206,-0.0014065177344687494,0.0023210809869473425
46,3,0.024667970563179233,-0.010182554562905986,-0.04794153724457799,0.0194216898183151,0.011908797061197376,-0.010021082677862518
46,4,0.024182534661198945,9.934805310613418e-05,-0.08537408102433117,0.023195457096838012,0.01143285233842424,0.0240348054710865
46,5,0.0053225611434109445,0.017013350799706544,0.055506918197051884,-0.010696967131115665,-0.020344399159968524,-0.06248645045687775
46,Aggregated,0.018329457205265545,0.0024382907219866632,-0.045848883120699055,0.012965462645640535,0.0036095800859947316,0.0019350414749859535
46,Centralized,0.018123948093951507,0.0025499090828125346,-0.0444663184121352,0.012598800091071055,0.003311593968625325,0.0011693499577017745
47,0,0.02106752631597132,0.010858006992707324,-0.10317303176839213,0.018117545283689744,0.007480129563110905,0.048525461045902815
47,1,0.01588150462621629,0.005350418726636125,-0.05911216236028208,0.012588926515838083,0.010781281742434633,0.01578003073299353
47,2,-0.0009199248031395336,0.010276398647807966,-0.012149144377028928,0.000718388504476038,-0.002151811495163204,0.005053499242806941
47,3,0.011868718727841145,0.0031052747669256006,-0.03386827863084698,0.009441339129087258,0.010550091251816242,-0.0008348522959323448
47,4,0.02043709679480974,0.006816870326678466,-0.08100991583897596,0.017411940406224152,0.010717685571209985,0.027299748724893592
47,5,-0.01872331223310831,0.02072284028367034,0.0731912209941518,-0.008909243674009486,-0.014942787860753823,-0.05308109258932533
47,Aggregated,0.008273812564318627,0.009518620945548536,-0.036044193396172326,0.008230906328057168,0.0037430664183315124,0.007139553504487566
47,Centralized,0.007841944449212284,0.00963422385503969,-0.03447278238221682,0.007910633166128202,0.0034824731682813618,0.0064376021845407696
48,0,0.01797965960541443,0.007979658811711253,-0.10833224360559854,0.019174351435289068,0.013990689845542427,0.04307762381015649
48,1,0.011770630977915801,3.341893406471685e-05,-0.054006257227916264,0.016666501556731862,0.01686454152705481,0.012675625129259554
48,2,0.0018091639449792024,0.008347712071892412,-0.016739410290085042,0.005297069033871567,-0.006699617464275373,0.011202420629184803
48,3,0.004843956129343963,-0.004400706564289404,-0.02631962943925545,0.017208338658106084,0.02048250763022761,-0.0031574798834396334
48,4,0.016394881114248604,0.0027816395558171356,-0.07936759885826145,0.018409747354145738,0.01434768895008958,0.025010338366606443
48,5,-0.018923329542134715,0.015305074233018004,0.06558021309547096,0.0012519678640445836,-0.02903229790157348,-0.02285019465117587
48,Aggregated,0.005650822868009492,0.005005079449952225,-0.03655349139682536,0.013003500624540025,0.005001036920410685,0.011001226828279764
48,Centralized,0.00527058534037692,0.005105894522778103,-0.03507574799901271,0.012812994908835083,0.004644181699484426,0.010534741396216532
49,0,0.017418033868489585,0.006469173752256992,-0.09293046930577059,0.02441988720127763,0.006014297237759206,0.04798450335058176
49,1,0.011296811048000401,-0.0004752096863487317,-0.04848687286740812,0.015499206548307632,0.00727522083144984,0.015527395577769164
49,2,0.0023987196800096355,0.008902558834723339,-0.01584909895666537,-0.000807595231602104,-0.00588916479282059,0.008241331922402546
49,3,0.009393884752914914,-0.003178638270554183,-0.024830169775895004,0.010559389257435929,0.0038953759509219718,0.0011708032929573676
49,4,0.016199910408913665,0.0026695847514212785,-0.06899497424329333,0.0202561478842599,0.006945025520555314,0.027870021873665697
49,5,-0.0023412222385013996,0.02337357525514418,0.066704419415774,-0.02360166225442182,-0.0337856299835521,-0.045391566563404546
49,Aggregated,0.009062515113507195,0.006288757019780185,-0.030753781567636782,0.007727764449988073,-0.002583020809494184,0.009248123115252142
49,Centralized,0.008817536085861711,0.006442146091647807,-0.029417842634999133,0.00728417951296713,-0.0029414587042450096,0.008600132987833404
50,0,0.02995495648606399,0.0005878070830232163,-0.0990025282927707,0.019316022890657765,0.0050676178853909975,0.040198851276826174
50,1,0.020656361571153962,-0.005822725524781917,-0.04140828325534938,0.01197722243964126,0.0048963462691803995,0.008539727617846186
50,2,0.0011226464496785615,0.0048591029630467245,-0.010528952690684594,0.0028595254187664546,-0.00402849714652537,0.005938170623458414
50,3,0.019797096258110346,-0.009847411265168938,-0.013236289052978741,0.006372352722327568,0.003441808882231306,-0.00845639304415051
50,4,0.02678967453795071,-0.0035887838234340227,-0.0719379495090535,0.016517375495791034,0.00753861613528999,0.021397765771181812
50,5,-0.02020197810245018,0.017764026141606517,0.07888685457736264,-0.013405758022710771,-0.025023954257021124,-0.03640630780665176
50,Aggregated,0.013026963671104352,0.0006541319632736224,-0.02622755172284027,0.007276974726370653,-0.0013459569864300116,0.0052122758286343475
50,Centralized,0.012535499231188013,0.0008292499529346625,-0.024642521246724756,0.0069535617922128305,-0.0016773245414716405,0.004663900731690905
