Round,Evaluator,4,2,5,1,3,0
0,0,,,,,,
0,1,,,,,,
0,2,,,,,,
0,3,,,,,,
0,4,,,,,,
0,5,,,,,,
0,Aggregated,,,,,,
0,Centralized,,,,,,
1,0,0.16300110671780685,0.08288136708138989,-0.16291942062843742,0.17534601267437783,0.1357861571603688,0.1575983609625859
1,1,0.17411689554022727,0.03818357502382823,-0.09921146053350817,0.19068872309802604,0.1628949238587313,0.07799157660420541
1,2,0.13935243303599792,0.12000521120609348,0.026331624703943193,0.16186663369900248,0.1318234101274796,0.06649618862441842
1,3,0.15622297746534308,0.03687752446167041,-0.11435762408990675,0.17350722177519187,0.15105353913376335,0.04650552473608935
1,4,0.1737399471684391,0.04346704140436105,-0.13498971928884615,0.20257699536772528,0.16709567503891215,0.09042763189450231
1,5,0.038379197381781686,0.05757632467289853,0.1627579868222857,0.06603757420249383,0.054301499183499746,-0.032449547672212815
1,Aggregated,0.14082685470042872,0.06317943136858893,-0.053782363452444644,0.16168963626919777,0.1338413763419659,0.06779306682415431
1,Centralized,0.1576542639836439,0.06999270697385047,-0.06179500228830886,0.1799973502262204,0.14718906906795537,0.07676885179120624
2,0,0.08096195790087862,0.03173758527982522,-0.2741653595764162,0.09430941471655435,0.06216662343778426,0.09891605167708209
2,1,0.1055334639845007,0.01857126007192415,-0.24538422228169832,0.1253428455459199,0.09442062823879582,0.06917180256412482
2,2,0.04321015147443764,0.06587916536700954,-0.1367046082481138,0.051664141574744804,0.03265282349691246,0.03066905878814801
2,3,0.12591354312210076,0.027254225095002714,-0.23183134790321275,0.1371461197328522,0.12667678205561803,0.06041959084754313
2,4,0.10794334377377969,0.026743579608359856,-0.27782824090664493,0.10647585111752395,0.10100496155414351,0.09043230248310165
2,5,0.009800942989372612,0.026175116374730797,0.08768138021054026,0.03161136586601624,0.0029146330858100923,-0.021462260783023025
2,Aggregated,0.07890711855010726,0.03273413999325102,-0.17976790692325376,0.09110548381122086,0.069984565784439,0.054706184342311344
2,Centralized,0.09133549576489525,0.035491897415391764,-0.20433371805693137,0.10388798669830296,0.08054567540499699,0.05723700640556844
3,0,0.05789433513895877,0.035189823060265586,-0.25978914897926253,0.054045175751083044,0.03454371565863813,0.10926143226631575
3,1,0.07342195967637508,0.003727893611283668,-0.21985123452481284,0.07264913224229837,0.06259188697036386,0.06722914649744775
3,2,0.02939101363277503,0.05949932239972264,-0.12816586951061576,0.027993701774226044,0.013460902007505653,0.04474121716963563
3,3,0.08089018314125124,-0.009822880836539075,-0.2057479893875159,0.08433020797815483,0.07406105996876404,0.05105637929179537
3,4,0.08018807721295923,0.010778325668104922,-0.24429640265637304,0.08159038364283691,0.06072950292572006,0.08764583074477383
3,5,-0.014571170742301446,0.0005868309519920641,0.06756027452835764,-0.010520469819973682,-0.01745127859665448,-0.02556678830651427
3,Aggregated,0.05121486173218335,0.016671026179164085,-0.16510569455772,0.051692087710627346,0.03799968957762766,0.055747186564267436
3,Centralized,0.057577808249224274,0.015484250001740363,-0.1873233510473062,0.058778847065573826,0.04478594944070583,0.056385646168694216
4,0,0.03928756260069907,0.02928218966563157,-0.22208502283144146,0.039574963314457146,0.017233797104596174,0.11090324051595576
4,1,0.046260787864464366,-0.00044409661653226626,-0.18372110425720745,0.06001775923859925,0.03398515479141777,0.06231641142816888
4,2,0.0106863397631313,0.04318092054622432,-0.09302710843056808,0.017115522938699338,-0.003281423104906758,0.04087651826054914
4,3,0.05689798428309564,-0.0025693301511032136,-0.16608137876984,0.055433937417562626,0.05221591763708995,0.0401915686011339
4,4,0.05226814471166255,0.00763415810162216,-0.19997092051080287,0.04912801956156544,0.03532986553643171,0.07239762447760979
4,5,-0.028137016232036682,0.010672633805488253,0.06974090311801906,-0.00776957615897883,-0.030616051508754464,-0.0054071934764956565
4,Aggregated,0.02955643056073743,0.014632852344898285,-0.13257404979897308,0.03559262631961,0.01748836996197615,0.053562131014807904
4,Centralized,0.03493019379462122,0.014997978277310671,-0.14893690142878585,0.04136772209936338,0.021485843019218152,0.05101050058347202
5,0,0.04018061682582084,0.03811501705451092,-0.1923223416801273,0.031423374331966535,0.00932737683589158,0.10351818378118025
5,1,0.04506056351318668,0.014432429882571334,-0.1511526336622947,0.04801533280096228,0.033855081995375305,0.04623904186301849
5,2,0.008619064772811687,0.0338192341550692,-0.0659596811465458,0.0012755851552911936,-0.009543743009657293,0.0253909522771538
5,3,0.04397644251736702,-0.0015469477892329196,-0.14158098285083076,0.047824419000258606,0.0365687123017046,0.024381463476000422
5,4,0.044390801190367236,0.017032801712000126,-0.1761209199627341,0.04060710030078636,0.02847035522751013,0.057742972517902114
5,5,-0.02078998312578631,0.012442822495946183,0.07732898007946178,-0.016907970945536286,-0.02679402880784636,-0.01715915963575533
5,Aggregated,0.02691649847319925,0.019053536343887192,-0.1083451739049783,0.025381244060332694,0.011986985197152501,0.04003476397134175
5,Centralized,0.03283438714520586,0.020846883990604626,-0.12243416822508355,0.03102259105453388,0.017646298582808268,0.03562897384276049
6,0,0.028792373483543843,0.03749310012498252,-0.1769265613072783,0.03286793713942451,0.00853609338414582,0.09435802608765699
6,1,0.03723080686437977,0.010734210009943485,-0.1443859110877226,0.041402394653575356,0.02013691175324016,0.047161164373415394
6,2,-0.0002015990641674101,0.03784132800982743,-0.05590464255987716,0.006462061350162487,-0.006321828596804286,0.02501329905327543
6,3,0.04091424227867643,-0.00539106253597465,-0.12590086473394993,0.0429917150738479,0.031381639949905435,0.0269950874998357
6,4,0.033023675194514227,0.015844760839960097,-0.1570778599288274,0.032983047389878326,0.03068901456767772,0.05403549229500194
6,5,-0.02862974695129308,0.018189809209538065,0.06126261452152475,-0.010606993448744903,-0.030803828346410513,-0.008778023032104473
6,Aggregated,0.01853282829620775,0.01912165897873722,-0.09985994259382505,0.024358781392638564,0.008942379574360679,0.03981103082635281
6,Centralized,0.023586440185342075,0.017309841374535905,-0.11134804261230838,0.029548306706887142,0.013424748708381484,0.03628212628238336
7,0,0.040311923703754624,0.03653614988724261,-0.1743734523881387,0.028670067330724545,0.0006412161350974446,0.0789860492229997
7,1,0.027383222437959542,0.026121705022030338,-0.13851551382705,0.027935078674815383,0.014417027419536384,0.043766571290540256
7,2,0.00819845618454833,0.04304619203522165,-0.05274533660174123,-0.004858414620349486,-0.012500134553435904,0.0226038818713434
7,3,0.03085428254506673,0.010274853647823146,-0.1156871578096867,0.028546268973109044,0.02011501744986923,0.024450212763521828
7,4,0.03227691954290297,0.019884705754630215,-0.1481151296052997,0.02573583032566448,0.01477872775262894,0.051950041793673546
7,5,-0.015646816649078542,0.032510680244523915,0.04987983762145027,-0.02130240785270837,-0.028104024280221566,-0.00490159245177028
7,Aggregated,0.020572423587128782,0.02806423728473311,-0.09662713794578981,0.014129215834128083,0.0015631271273664903,0.03615215356697975
7,Centralized,0.025719573110488128,0.02637044012022802,-0.1059252499421172,0.019722488417234472,0.008110911082932763,0.03244409915150697
8,0,0.03811969403147865,0.030673255004260696,-0.1646596817149501,0.0240103603105666,-0.004502636132221543,0.07143955489913545
8,1,0.026467173853477823,0.027741228827252506,-0.1252147857933973,0.024276684657927462,0.015339428360017787,0.038080759893431515
8,2,0.0019752557506801985,0.04058384188635109,-0.048724692196843666,-0.007330921016120978,-0.020838783128615215,0.022211158531872607
8,3,0.0278788071398458,0.013011713139587464,-0.09762338198218738,0.02707841646765417,0.016071583022947127,0.019121693965031415
8,4,0.02413674717655317,0.018547378759473727,-0.13217942131576282,0.023614052135027434,0.012139679573177027,0.043740480145208115
8,5,-0.024862828004831788,0.02575595521783577,0.0522077013079055,-0.02747580655066325,-0.03696085202774036,-0.007158571731601689
8,Aggregated,0.015631165560063894,0.02605529884267766,-0.08606589832525961,0.010704255063448447,-0.0031199972717757445,0.0312491959344687
8,Centralized,0.02068209541130133,0.024715019541085993,-0.09498849375590007,0.016060370032541037,0.0028220193939533507,0.02717966487819503
9,0,0.0367034585262973,0.020817294375189383,-0.15324810440156023,0.028753217313279775,-0.002765112610191473,0.07043939465094502
9,1,0.030510984332735438,0.022717319528058662,-0.11883014525302064,0.02797092447523078,0.01282719169626951,0.03878413300537393
9,2,0.005928042217048463,0.0385240535536518,-0.041463766184447325,0.0005821881752396495,-0.01848581432212635,0.02733851088131267
9,3,0.026648401052486958,0.011772540685127656,-0.08534579680727593,0.02700643617115992,0.012477863532925272,0.015724352105748404
9,4,0.030556640055779904,0.02021703090851705,-0.1314229057799231,0.024677007579163378,0.015292251430861367,0.042479744999465226
9,5,-0.018803342824497794,0.02641746118101579,0.05398337752368237,-0.018286725498766362,-0.03629299089168863,0.0018270427755325968
9,Aggregated,0.018599797184871588,0.023411127594718587,-0.07941681231938091,0.015125470821906687,-0.0028201365964619163,0.03277368104585827
9,Centralized,0.022662480419729538,0.021939386088245773,-0.08732365991132625,0.019469474597295977,0.0025047005903040447,0.027128033000474457
10,0,0.02686997668540925,0.027159782872784168,-0.14106840054022005,0.0234122317000898,0.0038183294360751457,0.060878950381008115
10,1,0.016774052001118762,0.01572877707320246,-0.10244270680623363,0.021150805345331838,0.011985869798924317,0.03101533891653004
10,2,-0.004370608146076442,0.03676223564219224,-0.0326736829359959,-0.003967333423023075,-0.01402517664079447,0.026486495198915366
10,3,0.010700763666349236,0.003227465559185547,-0.0762428841038617,0.014440169016977433,0.013544174673016067,0.017198850696340386
10,4,0.023415418915204603,0.01716539940906345,-0.10613401013098724,0.020654707873027544,0.013772435237293407,0.03861022482190745
10,5,-0.02214262062981017,0.02269921530689318,0.04947119834721815,-0.0214059047306435,-0.025741227157909045,-0.005820251007156695
10,Aggregated,0.008546705343409174,0.020458259705570164,-0.0682107086863477,0.009053728291772142,0.0005630028014926227,0.028071080640257588
10,Centralized,0.012220604976870364,0.016969514095217568,-0.07517339936382537,0.013231946855180612,0.0059845538526988925,0.023667153379598217
11,0,0.01807009038869564,0.023117241738758995,-0.1278057831249421,0.018471932136204287,0.009874818352591743,0.061585709856793604
11,1,0.019295946034441055,0.022254816878451426,-0.09058462465921249,0.014519869068798876,0.009989308966985197,0.027487867596206656
11,2,-0.0032611976183353104,0.03999237035255738,-0.02564568470414349,-0.011103386978904792,-0.01646953167097664,0.019135895670594122
11,3,0.02204574273906803,0.013391074397235202,-0.05763650321769021,0.004240450410694997,0.009276064184588331,0.010708207005241561
11,4,0.016671128337449208,0.01433518115656765,-0.09703860283180536,0.014282961457143495,0.01299130805113392,0.03575418067683745
11,5,-0.02025724541701302,0.02623756724647904,0.04776449303012653,-0.021770285091642125,-0.027926788222478658,-0.0043318290028221814
11,Aggregated,0.00876820733395799,0.023224001700349363,-0.05851529839459677,0.003111121233499574,-0.0003729210897041081,0.02506425598822935
11,Centralized,0.014038861212562207,0.02112926430148248,-0.06395027055650916,0.00636252341664097,0.004507921065410807,0.019740222937629757
12,0,0.024537480965310502,0.024473067691872248,-0.13381039599291147,0.025410428046712976,0.012710970917150751,0.058269016338383196
12,1,0.016164188408757375,0.0167738878180591,-0.09287407605600116,0.023654391226309315,0.016628333702942234,0.02638170116496431
12,2,-0.01179685335377702,0.038463162654383896,-0.028199382279221114,-0.005982758607909275,-0.014149920129817813,0.018230273172941777
12,3,0.02196680660841334,0.002259947679017685,-0.053158855641247525,0.02171156739059183,0.015410921131354139,0.012243548663571422
12,4,0.013540268411656996,0.012070681575684484,-0.10307310935492983,0.016634770513510824,0.01579993286565753,0.03583677211568752
12,5,-0.024361924002413465,0.026840028155139653,0.04965063541637283,-0.019904058962253605,-0.029306833009861463,-0.0020535085596421264
12,Aggregated,0.006683905257053842,0.020147859346881777,-0.060268029904353954,0.010262247166737615,0.0028550983783531205,0.024824469945615168
12,Centralized,0.012238188060254496,0.01695824823975665,-0.06325249739012483,0.013884735920752646,0.007657552953436093,0.018764656311523128
13,0,0.033544998471856734,0.02142964135111698,-0.11992390086308209,0.024597887910444576,0.0024037902046102812,0.050901269160716585
13,1,0.021706989624858276,0.015275861822788393,-0.0812836266129856,0.020630420675493234,0.01088749299329454,0.01579710931789459
13,2,-0.0031890813158236557,0.03990058886404132,-0.016266070873097144,-0.007480868211114702,-0.012901007017972525,0.012736675050946245
13,3,0.023628885085425502,-1.3860848296303063e-05,-0.049256515067893095,0.022887628785971267,0.005107260206450712,-0.0024172770924976595
13,4,0.021106626714285343,0.013502591696238518,-0.08231695168119035,0.011495244090761992,0.012905462112569528,0.03033739730764122
13,5,-0.02018161470973209,0.023227763655316577,0.042812296932384586,-0.017706914460806935,-0.02291823720037196,-0.008430833949684939
13,Aggregated,0.012778643650783007,0.018888051066131065,-0.051061392456504984,0.00907926129839092,-0.0007505769596217742,0.016492182123388544
13,Centralized,0.015465422192250191,0.015181726685206618,-0.053594953802670264,0.01284431366470351,0.004125228603117755,0.009365824978716249
14,0,0.024999190990312222,0.011200658733187418,-0.11903398037062365,0.029678361604918314,0.002358691593372406,0.052827411988527896
14,1,0.01966084249691435,0.012265439868672113,-0.07846630430186141,0.022554087765725227,0.013271418908145573,0.020042010828313344
14,2,-0.0020919589099672236,0.03464516126678645,-0.022909446019554105,-0.009654454764096983,-0.019714198594036843,0.020930972467943242
14,3,0.01451843482444866,-0.004035693676948148,-0.045478512227202436,0.016168054815228143,0.010018061035250702,0.0022162407561215555
14,4,0.018026482261018256,0.009664033977085247,-0.08362331187428602,0.017171842624827537,0.009998456957336076,0.027547198623846636
14,5,-0.015476917100818088,0.024229058345428545,0.03865229349573968,-0.02047419293651168,-0.029397522557828366,0.0064937988052267605
14,Aggregated,0.009945321425855243,0.01465984339458978,-0.05183098387840411,0.009247973690523992,-0.0022400514008573463,0.02168045277696313
14,Centralized,0.013656065654721964,0.011722479280107055,-0.053838692851576546,0.012190625960541348,0.004152990740075107,0.014764031179576392
15,0,0.030958808200152434,0.009851921174130689,-0.1089843041648987,0.01589130175903273,-0.0033932184809387102,0.047431764314172585
15,1,0.02241554072693563,-0.00119717624476147,-0.06876416741946713,0.01273496720970028,0.009046140323938473,0.017245575208733654
15,2,0.0006030502769461059,0.021396672693814157,-0.019404393145739808,-0.0029783745276415062,-0.025210355478824976,0.019512234980169667
15,3,0.01568612016255488,-0.009848280365678409,-0.038069085681317096,0.004693079576239965,0.008772642907152626,0.0027033020636534188
15,4,0.02639624204641321,0.001250759139343802,-0.07297148002165457,0.01597853766933638,0.004512967550391658,0.030539851028897485
15,5,-0.015361972829169372,0.020472903539986043,0.03317247638964692,-0.009855612373278397,-0.03176786745610031,0.008504098721283026
15,Aggregated,0.013455092913974856,0.006985670877092019,-0.045855586680748246,0.006078933613276075,-0.00633594180534097,0.02099124524664136
15,Centralized,0.014363781513466954,0.0034748369176539557,-0.04572270960595745,0.007814499078799221,0.0011693478459671833,0.013310392294635421
16,0,0.01891158265970813,0.007524985461983372,-0.09391896313184872,0.018456909827891495,-0.008492380492649014,0.05704996949142498
16,1,0.01919538664027503,0.00392733303977933,-0.052847848164115724,0.011430501579069628,-0.000857358645050884,0.024953406959247276
16,2,-0.009790230062179125,0.032200609922367486,0.00013349816432474065,-0.009042807869958591,-0.030252554618837982,0.020489975185014782
16,3,0.015215015190808036,-0.004315767466978724,-0.02253245713893487,0.005043320935475336,-0.0030922369878638167,0.012902507308339512
16,4,0.018020314652664297,0.0069785950841991,-0.07319515702892235,0.024119960403332603,0.00709449686647609,0.028024560060040324
16,5,-0.022445088721088143,0.023220552038055602,0.03994700684914487,-0.017649870897614262,-0.03183567803023294,0.0010577920228126486
16,Aggregated,0.006523443483753302,0.011587490281251625,-0.03374746696348254,0.005393979319125591,-0.011239793460977063,0.02408766980750884
16,Centralized,0.011186889068052958,0.008047678048283576,-0.034503843837057374,0.006515588537224326,-0.004867916970173171,0.017324135554148547
17,0,0.025046740499263927,0.01290052994394376,-0.10595265300074248,0.02382635634086466,0.004419957015858788,0.05080683384686885
17,1,0.017989312803720823,0.005645781789770875,-0.06694868116552057,0.018907400611987472,0.008630218249543846,0.015963444844073624
17,2,-0.008812702958956583,0.035350457388370435,-0.00963499868750532,-0.004024515920109653,-0.026573224479624635,0.021013719762867346
17,3,0.009591640489564793,-0.007990669361367917,-0.029129746823670723,0.015886530821695086,0.00531875384612922,0.008044160122596419
17,4,0.020970187265845524,0.008112500334473,-0.07532359671492649,0.014671721955078813,0.0023780022500637958,0.02405615139717482
17,5,-0.019556284017751613,0.026833858198360726,0.03682988416341767,-0.012793317665190825,-0.03313715609640915,0.0032165629911317896
17,Aggregated,0.007542466279349993,0.013473125396437406,-0.04170876926499908,0.00941820800746819,-0.0064885088123494295,0.020523292593008932
17,Centralized,0.01009339873626396,0.008835113450391346,-0.042464792064049746,0.011401358290707916,0.0002272005998773903,0.013561923992943667
18,0,0.015321848132400543,0.006701287910636665,-0.0952988900202399,0.022842397436608576,-0.0016914666707350747,0.04560245588187555
18,1,0.015562182334846679,0.00093366127643953,-0.05708795358378133,0.018292987562735633,0.007366508793894351,0.01658614360749213
18,2,-0.010359034170677838,0.020165821713511143,-0.010606584898300906,-0.00865220508255648,-0.020074858859602637,0.022527358019028013
18,3,0.0069746967706022685,-0.009218264322241541,-0.025732752849605682,0.01233636136234567,0.001105950961595067,0.0072880086284645715
18,4,0.01340245576569864,0.004645668871732833,-0.06670618216663535,0.016087751343932193,0.0047813922136354875,0.022363925472676835
18,5,-0.019875062493001548,0.020699230896176583,0.03649149506610666,-0.014625211206238196,-0.019929903936590613,0.006202405963186409
18,Aggregated,0.0035085278550674647,0.00731759806701555,-0.03650537151972477,0.007718107657836917,-0.004739704004104773,0.02010047589394863
18,Centralized,0.00743788420547265,0.0032221109022655694,-0.03653168781194058,0.010025171827633877,0.0008789823117619481,0.012846823404325192
19,0,0.02073198215259222,0.009514546548200994,-0.09046818896509617,0.02834097111042163,0.0037243181072485303,0.048307532570081406
19,1,0.015099236928393505,0.004030372104810185,-0.05769871257156586,0.017328532308401718,0.011902592506898032,0.014131746603102704
19,2,-3.0452153541826115e-06,0.03242746307674502,-0.00774893486267468,-0.0074843804121006476,-0.021890940298392843,0.019412049787486424
19,3,0.016317473532101327,-0.009233640971077511,-0.029201203520996914,0.021204268303205244,0.010712351761974239,0.003240763077519119
19,4,0.0121519068011332,0.0073143270714041845,-0.05944624838433672,0.01135070572792038,0.00419841041111142,0.023597437623081724
19,5,-0.010734680090890602,0.024634453031293052,0.029740854448672614,-0.013135099476673445,-0.026598101272801787,0.005564235126552155
19,Aggregated,0.008933244808476166,0.011445129068854896,-0.03581841609722873,0.009608641562438035,-0.002987037846033857,0.01904677303616284
19,Centralized,0.010764756963993078,0.0061407443603872115,-0.03554693230512268,0.01117762613433356,0.0025875628488582184,0.011463943345005233
20,0,0.02061929228970142,0.008090268071681261,-0.08191748450087606,0.012563313545116434,0.0025506078738476577,0.03852327115292102
20,1,0.01391492684298461,0.003477099737376932,-0.048047631049932114,0.013098974125396554,0.0059866208031092005,0.009476136869813094
20,2,-0.01759043123582206,0.02626887575497644,0.0053654596925128105,-0.018171481173434458,-0.030774722057368746,0.016461081451845178
20,3,0.009027217490913186,-0.007423882713489789,-0.030609717706041435,0.011788909068232949,0.0073772037018933,-0.004505617431616902
20,4,0.014150593266661605,0.005327983824843608,-0.04870613969613739,0.0014257031464289882,-0.0030545651574694133,0.024436654629607632
20,5,-0.02141652281843548,0.018210239473965207,0.03387544759829644,-0.015903010384053808,-0.030458553317482092,0.0007761357787067824
20,Aggregated,0.003121712476784421,0.008990187689326102,-0.02835497494330924,0.0008054820831694801,-0.008056845594015687,0.014196624796325729
20,Centralized,0.006712374016265711,0.005375131413150907,-0.027854543033890074,0.006024257904071117,-0.0007744308780015483,0.006644282143971219
21,0,0.011559724157682423,0.003501410739432046,-0.08604439194673302,0.020114550330265556,-0.0026019265184840223,0.034566875736809166
21,1,0.012824362251279576,-0.0004779928033316431,-0.0470254611222277,0.015909325114767454,0.00907387942173211,0.009891003012078974
21,2,-0.013468706607270627,0.031047865484882572,-0.003983866880106824,-0.0016350912079215931,-0.015197811856564268,0.022294231133442935
21,3,0.005775510559407647,-0.0053045819582304065,-0.020298473429368434,0.009449189351006243,0.003854913380294061,-1.6730702052936142e-06
21,4,0.012560350028140214,0.007435472400062193,-0.06195132752737742,0.01599241903146967,0.006682629766525388,0.024529219020670758
21,5,-0.025775421201667027,0.019957399411115677,0.035986429997794465,-0.011912090606597323,-0.022814573650877298,0.001331900757572084
21,Aggregated,0.0005836685271602576,0.00935764114811363,-0.030565424447582548,0.007990307657986546,-0.0034983864848678117,0.015438168021248151
21,Centralized,0.004833996671384947,0.0035089056241851746,-0.0300567375515936,0.008932803661136569,0.0019214035508197138,0.007589302405471547
22,0,0.03252785616626853,0.01325182710545189,-0.07456882844793579,0.025091939775334565,0.0024013239387255993,0.03833316161203977
22,1,0.013637810759244681,0.0045969256418891226,-0.043212689941981346,0.014841126832483831,0.004725892588564301,0.008034247801169587
22,2,-0.014995480487140821,0.017645872916595032,0.003961004135553256,-0.009402087644431236,-0.008814613137751955,0.024221987446615495
22,3,0.022279496475230382,-0.0017094629256577411,-0.02411143759755121,0.01270234261714019,-0.00011996553885704244,0.0017794232998007858
22,4,0.007803142205712873,0.006398574307228625,-0.058244166771828344,0.014449633052098348,0.005940709262753682,0.01552439245491016
22,5,-0.019769727029256664,0.017093767473672708,0.041656000903133324,-0.01360069371481708,-0.015626001753064153,0.009595173895685588
22,Aggregated,0.006923839628160749,0.009545084318061274,-0.025765695139653877,0.007351856346411684,-0.0019138982737000596,0.016252354465602754
22,Centralized,0.009923344003234058,0.006345111141434001,-0.026173254807286536,0.009082687542285549,0.0013667426878457409,0.007367826072010728
23,0,0.019724091809851,0.004438856983568054,-0.07985341265909969,0.0197467316481421,-0.0019866991777003763,0.03353926745511125
23,1,0.012349953398709741,0.004422637972577944,-0.04398064038467312,0.01218784184367536,0.006308736318705628,0.008562970026321368
23,2,-0.00697076641278322,0.029327582229722596,-0.006580803368525173,-0.008624342215515828,-0.02897781876993247,0.023736907246940466
23,3,0.007197539194080872,-0.0031039072886836928,-0.013633175436852708,0.013971418342262789,0.006028872158841598,-0.004089025241446145
23,4,0.016937853157588428,0.005386943283723815,-0.05715185258123565,0.011886162320217903,0.0019744152913386253,0.023999998770494458
23,5,-0.015168566886738153,0.017378927563011768,0.03352381794399638,-0.01297170627923566,-0.030993394188952392,0.004063076266490651
23,Aggregated,0.00568147394534497,0.009641101064232063,-0.027957428772747598,0.006037391979117552,-0.007937424017179576,0.014970566569076624
23,Centralized,0.007751229693357885,0.006006333778607317,-0.026550466784119188,0.008001448113855902,-0.0010903389377384708,0.006895116838176448
24,0,0.009678937156038465,0.005912373162673289,-0.08079722081854569,0.016190968649139933,-0.009370839890089687,0.03296651142278744
24,1,0.010228999412311467,0.004101841144539121,-0.046319399715344815,0.012303832437035945,0.0041656823458632135,0.010748225390106189
24,2,-0.009783774530295832,0.031768287782111077,0.0014315050000715814,-0.009496056639466703,-0.030956382190827962,0.01497962954944412
24,3,0.005247596840253596,-0.003501601338330133,-0.029401932442224856,0.013121183600219327,-0.004005359126534145,-0.0020644012605989265
24,4,0.011802638486799655,0.008070231016323202,-0.049250695363122335,0.0017567710495237229,0.003883020879290772,0.025316378945871253
24,5,-0.01166574718618926,0.027679860837129706,0.034058461460289416,-0.01570141604828723,-0.03460216636833022,-0.0032592653132162536
24,Aggregated,0.002585828861559339,0.012334966655809656,-0.028394974765396673,0.0030363868371828,-0.01181359261694045,0.013116617183698099
24,Centralized,0.005528220875150796,0.006678903525568514,-0.02796229166171015,0.006539790139501815,-0.004649097693484393,0.006531436356148577
25,0,0.025393286059131912,0.010833911219538953,-0.06599963869386373,0.020172270620009508,0.0021360632996573797,0.03890281405231925
25,1,0.012896015556984726,0.007848540925581135,-0.03659682947306476,0.00998142438677046,0.005307067618456655,0.005782916189319464
25,2,-0.019507230186480696,0.023442071225985246,0.0036389602637620032,-0.014320906771540394,-0.02743487214195492,0.013954791771752326
25,3,0.012852995830053561,0.010580133086331272,-0.012438765139888572,0.006336794278757256,0.0028476736666462254,-0.0055123435384449426
25,4,0.011879750871869321,-0.0013820596609662216,-0.05222404879629633,0.017871809570333835,0.006085914661036798,0.01920465529550976
25,5,-0.01976283424511246,0.024734062509739533,0.036436009190821544,-0.0151333314074483,-0.025212712448331766,-0.001831987681498102
25,Aggregated,0.003964102109510739,0.012677640807557726,-0.021206493422448142,0.004152879222373217,-0.006043764708151327,0.01175358369375637
25,Centralized,0.006970399591234446,0.009253070732064867,-0.020414398592699102,0.006039111957859401,-0.00032108099082730704,0.004481807029908597
26,0,0.01833971843576422,-0.0038354352177237916,-0.0655448571800933,0.01065017521158097,-0.005837763287572106,0.032379319585059574
26,1,0.01331026196298031,-0.0019112457417633122,-0.026972919436336864,0.0046010917072610005,0.0036482535095313925,0.00765512266769623
26,2,-0.006922343036032904,0.03069684927096014,0.003977162715705108,-0.006056789606872458,-0.01816426700313573,0.01580679524163851
26,3,0.011088122548493517,-0.00827522094045893,-0.00918913721885171,0.0002777160971664916,0.00039299034441468955,0.002143176885859884
26,4,0.009118420291532592,0.0029001900227043787,-0.05016252432979466,0.021750835259219885,0.006958833832114875,0.01511053128005633
26,5,-0.01455064094669026,0.026811633156903453,0.030621519765505277,-0.015735161709805816,-0.025258709603951088,0.0010008631347907643
26,Aggregated,0.005069357093473564,0.007726447762750861,-0.019552367563103756,0.00258066377756731,-0.006375841938687916,0.012353607390401145
26,Centralized,0.006954832011711917,0.0018003424899220263,-0.017815872910701323,0.0028945706791475754,-0.0016371022081345884,0.0051495393252483325
27,0,0.02104652956588339,0.003562800918222071,-0.07658419492370862,0.02280706772545569,0.0001710394525674702,0.031448279780845884
27,1,0.009059081248031122,0.00018812497559687799,-0.03864280058493291,0.011445183839714474,0.009235549681991294,0.008550026004532616
27,2,-0.010340145193600003,0.02225572792734927,0.0013908649743499906,-0.0070295503124301745,-0.02348243038367995,0.014591696840553937
27,3,0.007842885847841922,-0.002156035818097482,-0.020164399474559565,0.012182416816568647,0.008550021576160456,0.004460502702729386
27,4,0.012904431644862834,0.004874052320801689,-0.05210716988137633,0.011400388926486855,-4.917907883651059e-05,0.014436062180141753
27,5,-0.01432425779785825,0.01682022698548427,0.03258679096242205,-0.01076335380349483,-0.023194224648380387,0.00384455385553504
27,Aggregated,0.0043683953441398206,0.007589100503625964,-0.02559839793545434,0.0066784086636089484,-0.00479106304972571,0.012892313210208964
27,Centralized,0.006439708165194081,0.003447348271344936,-0.024420258195285306,0.008054055390686207,0.0008099156217071968,0.007204555299354143
28,0,0.013812039937541303,0.007367227190948442,-0.06689692101646783,0.015160694033990365,-0.0022886664515714863,0.02864207962621943
28,1,0.009135746705442134,0.003290523128634132,-0.034756110794564705,0.007188648416655449,0.0047098365535036164,0.004971031100411819
28,2,-0.026390387001441976,0.02505201611311916,0.007793888577467381,-0.012180959881737893,-0.031210937082754877,0.017218043671463512
28,3,0.004356846748800863,-0.0009320743441319822,-0.022713216619008502,0.00796942047360238,0.0034972776349224267,-0.001521436256489138
28,4,0.009021244312317309,0.0017387232917919287,-0.03536904644586616,0.009739864962701352,-0.001098562137753341,0.017543544780000697
28,5,-0.025540968002654492,0.022115325928263492,0.0326317542625189,-0.012732509415251397,-0.027311629892996816,-0.001692001853831952
28,Aggregated,-0.0025977717785421123,0.00977104511146457,-0.01989854678566974,0.002526944213359832,-0.008947920724573566,0.010863532079753265
28,Centralized,0.002479254954331783,0.006274118966681853,-0.019133617219014815,0.004694673834035548,-0.0024592047315245913,0.004705438290864252
29,0,0.022338031329985707,0.002438594177391144,-0.07193605463731116,0.018927352671431984,-0.0004899984632047589,0.0284737424778845
29,1,0.01528803226515853,0.0010646790440364462,-0.031802755682398806,0.011817967430497475,0.0038715695706701644,0.002759096298849684
29,2,-0.0014403404711096517,0.026575666627400258,-0.0037894324620007364,-0.0044760825346877,-0.011692379896682535,0.005840518397113374
29,3,0.014746875867645061,-0.0031189385688236296,-0.014091557647060576,0.010813891615578176,-0.001103005938662773,-0.011522661468438595
29,4,0.008494084054424441,0.005467993810359019,-0.052446972105612416,0.011053185131641823,0.011457272169386568,0.021068632186797387
29,5,-0.007020307565312368,0.026904421057215522,0.029435390009889487,-0.008315948876893313,-0.016566626160919907,-0.011487252694378907
29,Aggregated,0.00874025359898229,0.009884641471864297,-0.024114830181950177,0.006640463953080167,-0.002421303915807111,0.005856686766387712
29,Centralized,0.009909093765717898,0.0045272868513199175,-0.021513765939619345,0.008431718227415449,0.0008884743765360963,0.00010508303626541624
30,0,0.01557518051804516,0.008657436125512856,-0.06408887880026765,0.012581463801803368,-0.003439518783991859,0.0351661962620604
30,1,0.008353455637423944,0.00527596321928098,-0.029458641324717982,0.0033992790337737475,0.003287037708451341,0.006144316798974606
30,2,-0.022664693169408424,0.02152599736446437,0.0013624958205288775,-0.010286186250107923,-0.026715051201092955,0.015975880157598564
30,3,0.010224914158420214,0.00721335436818163,-0.01825197709352318,-7.998421504468167e-06,0.00202033196565033,0.0010338350726402578
30,4,0.0012818332412923344,0.0020068330910046795,-0.047428953660539334,0.018363658639211893,0.007091120244071304,0.013591313197962562
30,5,-0.022837292886381855,0.017014598590272052,0.03423580442286164,-0.013676423290664647,-0.02440692300765893,0.000978970225980705
30,Aggregated,-0.0016714658599491494,0.010283726197797603,-0.020615656674825143,0.0017282080248387827,-0.007027242083615327,0.012153392995459545
30,Centralized,0.002834339881388702,0.007333444332125782,-0.019474031227162358,0.002643801107106676,-0.0010731998146907293,0.005486589410727894
31,0,0.010930192905227837,0.010161887394522142,-0.06831509586404465,0.016953420651358866,-0.00012606904764301665,0.030395663960578804
31,1,0.004877204905501212,0.0054065868194030945,-0.028126518774841333,0.007745132513102531,0.002563625560273854,0.007533968976560615
31,2,-0.016026177216710614,0.02897287162403048,0.0032770011418604274,-0.01022140333264161,-0.015825399923795412,0.01846929344359423
31,3,-0.0006666071021517684,0.005073050045597409,-0.01788987011933805,0.006367693458551233,0.003749662311978141,0.0033660714053630266
31,4,0.011110020457945161,0.00013490695545408628,-0.04887847239998789,0.012842285890850114,0.007578806624014225,0.015054592599695714
31,5,-0.017136521301797755,0.02509619763565837,0.02813950272401203,-0.014334529086944438,-0.019348474878814977,0.006189246243087556
31,Aggregated,-0.0011512547402399741,0.012475129458435267,-0.021974541419080704,0.0032281633971895495,-0.003566876411494521,0.013504759187978712
31,Centralized,0.0024973106590441335,0.00654178275369354,-0.020960126457864606,0.004769235260817921,0.0005524502453794076,0.007289979798030878
32,0,0.01536534067342082,-0.0018688209624104137,-0.0593439051816047,0.019604259933855013,-0.002722855402833919,0.028965980939572998
32,1,0.01215330802961441,-0.005163761735363256,-0.025368459034214648,0.011898076506606715,-0.0003783771704074361,0.007432435897031096
32,2,-0.00934161943203729,0.02340712935602241,0.00829036735673702,-0.009798945170451231,-0.027314767289399425,0.018127145621182957
32,3,0.009567540713012183,-0.008648041521468844,-0.012586825458183817,0.01530694011240292,-0.0037191352868730532,0.002122457531008164
32,4,0.006197087962425105,0.004684296754412577,-0.03867327994465008,0.007721060563963956,0.011072346363029416,0.016250543419844506
32,5,-0.015532748189776164,0.021862873229335195,0.028696356655133145,-0.014136042754090061,-0.02665456779476487,0.0014110809673086478
32,Aggregated,0.003073429546940497,0.005707402643009582,-0.01650613326553107,0.005105310181954305,-0.008287764134654114,0.012388655882166068
32,Centralized,0.005882505738669017,0.0007014839604806666,-0.014624418736579686,0.007074117465107792,-0.003287015425456183,0.006223808630144977
33,0,0.011185653895110866,-0.0010190349301046884,-0.06474054129373306,0.017056286025880607,0.005406937575636188,0.02515406216037867
33,1,0.010251278691318937,0.001915952157141972,-0.03319547580269612,0.011203493677942884,0.004405661962433782,0.006141090425712402
33,2,0.00019106117908328934,0.017134508512712258,0.016388842291859104,-0.013521232217312239,-0.0054837745931641995,0.007028533501571114
33,3,0.009764744331812961,0.001814496369214578,-0.025522874172278047,0.013289986421870055,0.00428085051072929,0.0007184697269347198
33,4,-0.001045419882043135,-0.002928543867965758,-0.02757818134211695,0.0005069299159210783,0.007506486159807325,0.012429374773456672
33,5,-0.0004039139709455815,0.015504012262675,0.02083025739885946,-0.01991340198773456,-0.012096442248749067,-0.00122813308369825
33,Aggregated,0.004994671812694147,0.005403308134736788,-0.018980880644435483,0.0014450797242595115,0.0006719402034500929,0.008376567826897257
33,Centralized,0.005208132808842878,0.003126427775388935,-0.019533934051031272,0.003549477377454858,0.0026998309036628857,0.0037230316078229724
34,0,0.010103325084207651,0.0011751090186072736,-0.05434971113559504,0.012632225040014284,0.0022129509659353586,0.03221876281657221
34,1,0.00521443382736589,0.0002853739171229481,-0.02083943482347293,0.006962963589352921,0.005443829143797884,0.0048374040321499815
34,2,-0.023456148902562483,0.01958779640028549,0.006228649213102096,-0.010977652891546058,-0.03023932511050934,0.008731875066717475
34,3,0.001906268269956329,-0.0014753320964413193,-0.015488213166212404,0.007150095832491751,0.00551348215142391,0.0013748195600201127
34,4,0.010455240003607313,0.003283330176415094,-0.030172644034584806,0.011775668178773261,0.0036072293540422387,0.008951433364635972
34,5,-0.01952475668980232,0.024018740379398724,0.02608822747341563,-0.0064315464057132475,-0.024073185169161418,-7.747958813741597e-05
34,Aggregated,-0.0025496874316834955,0.007808614366318893,-0.014765445575292382,0.0035188567250489895,-0.0062541167801180055,0.009344264489177039
34,Centralized,0.00190784997302587,0.0042113906524831116,-0.012473402690970999,0.00487710809005184,-0.0008571948330282131,0.0031562294360429617
35,0,0.014780202840620586,0.005134766687602878,-0.06000904751615046,0.013229318347392226,0.001853122184268256,0.02797561223335604
35,1,0.005283841598965747,-0.00014268430666053433,-0.024957899731670608,0.00642459601511459,0.003942744394552052,0.006822831231528159
35,2,-0.004807967560383866,0.02474687389755994,0.003246769029879231,-0.011933986461588802,-0.02545964596996708,0.014272258962634751
35,3,0.0031994974927102003,-0.0018504644644400548,-0.014076090238157294,0.004481622733116286,0.004127267770631725,0.0020752306162416688
35,4,0.006959717721817488,0.003042709603051172,-0.04148550197487104,0.005162545663703187,0.0048138157266576454,0.01461530171754915
35,5,-0.012779497847731984,0.02324680785614147,0.02365050816900253,-0.015862643353963885,-0.024381316486583256,0.006126141663135049
35,Aggregated,0.0021097713430024913,0.009027474208167656,-0.018946193494694265,0.00025411991668436483,-0.005848716930727379,0.01198332490025043
35,Centralized,0.003442353449325022,0.003570403434559566,-0.01661942843765826,0.0028562344687717367,-0.0004723624723509071,0.006543372663665555
36,0,0.011816513434758763,0.0008600925643008523,-0.05062826009866004,0.013304542870452019,9.750581691862184e-05,0.030757737948864567
36,1,0.005554523525045817,0.003725469726659945,-0.02577515814929235,0.005119380864739743,0.005234855025566327,0.0031450951290935
36,2,-0.01391709006979656,0.025752764184206214,0.015666789537759584,-0.015745568414614594,-0.021955285937854715,0.007780138199468071
36,3,0.0039583020898152415,0.002323984274193297,-0.01604829771600154,0.00521695816537652,0.005927362053956238,-0.0013009939812668712
36,4,0.00758536845853952,0.003187427824912688,-0.030131541452614454,0.008689685732964065,0.0018673107104712316,0.01336772067082306
36,5,-0.01847005457466272,0.02638151299608138,0.03617461202894112,-0.021144914394143868,-0.024758519142454343,-0.007462238682290656
36,Aggregated,-0.0005754808830779872,0.010369071760332041,-0.01180089692583395,-0.0007561789342072694,-0.005594366120223054,0.007719262040837196
36,Centralized,0.0015794063492358531,0.006114630134927208,-0.012127887050139978,0.0016051682013532612,-0.0009485774381176608,0.002285256398402832
37,0,0.01583148609943276,-0.0028332432651692534,-0.0523025592698513,0.011231470897920865,0.002238795439451994,0.021382170975052607
37,1,0.0058660604504406095,0.003858933287956806,-0.019102771698885485,0.007172439763735568,0.004644396462177019,0.003183346410933053
37,2,-0.01555476711363886,0.01752197600606735,0.010844127841031531,-0.005226838593867975,-0.010875399010943086,0.008078228907426214
37,3,0.003998163916592483,0.0023703383815343523,-0.015123702531645335,0.005892397235110349,0.005329491719893971,-0.0005010675176611887
37,4,0.010713462026623861,-0.00226385669344877,-0.02929225986531422,0.006510507819886342,0.007716822084283037,0.012291610983803117
37,5,-0.018588915018791546,0.019112475111630188,0.030542671939809543,-0.008443860475997243,-0.01580088761061337,0.003535718550636362
37,Aggregated,0.00038046641087290264,0.006292974713582764,-0.01241585619887655,0.0028586519526953664,-0.001122804139752396,0.00799575066746927
37,Centralized,0.0021561953394964996,0.00400986047598494,-0.010843577487995673,0.0035147194547696906,0.0018809664114300762,0.003009528688159397
38,0,0.011867585834466366,0.0027822635112453517,-0.04813081259007044,0.002461792750174492,0.001164255078503023,0.023646782879046393
38,1,0.004697565472258216,0.002109595484204459,-0.01787202389461454,0.001527424636062532,0.0026504284793731595,0.004472846176668331
38,2,-0.017559277086043885,0.02157572630298962,0.009518018209975472,-0.004390518050176001,-0.021728939597685088,0.012584990220939946
38,3,0.004857540407047092,0.001568972199813015,-0.012318224697348827,0.0023099579261280233,0.004192804902419361,-0.0006110507380585871
38,4,0.00805298509572027,-0.00033291959925582616,-0.031950243670883886,0.01087779822301951,0.0009631852482285294,0.012389194703171446
38,5,-0.021339832845760964,0.023517911301614215,0.02581691729327583,-0.010276194947485929,-0.023164687749419655,0.005780998161211619
38,Aggregated,-0.0015671551119116871,0.008535241550421251,-0.012496627149664768,0.00041831969462039284,-0.005984042303760921,0.009711898067403588
38,Centralized,0.0008858470752611203,0.0038192508808412417,-0.010594360343254158,0.002071399263362699,-0.0013740285376244953,0.004466297837827772
39,0,0.010884331857790738,-0.0020741744783685807,-0.051952692102351074,0.010416888518306204,0.004049772938221858,0.022834108683694076
39,1,0.008335137980858222,-0.0005185422206513292,-0.02423252636417673,0.007069720463205669,0.0039745697218978625,0.005371640418866165
39,2,-0.017037985507689205,0.01931704018208074,0.024288169969705793,-0.009166191952853649,-0.019614146558066734,0.010605650986193416
39,3,0.004373900985268554,0.000457465918946445,-0.019257390117111396,0.006958634304476209,0.0035146563571642857,0.0038628962301192823
39,4,0.0015360112933480617,0.0003146466391964827,-0.02988197908472056,0.010574201003379111,0.0056764733729675896,0.010153077633318592
39,5,-0.01812215160649686,0.0182649383021894,0.03129190057912495,-0.01350443838659996,-0.020518090575440455,0.0029216438724805325
39,Aggregated,-0.0016675905009766135,0.0059583205871059555,-0.011632762256349962,0.002060415870576062,-0.003817507721639485,0.009294393500378448
39,Centralized,0.0017825190058043787,0.0027148315658796565,-0.012139069294076798,0.003733990393423224,-0.00015149577034777255,0.004030978908712557
40,0,0.007246450614635794,0.006564688596265802,-0.04786572726657457,0.00799602875468942,0.005109672947324161,0.025400765476821553
40,1,0.006041600619749936,0.0020370030784104217,-0.018112065289167232,0.006553595905110021,0.0007012814217041542,0.005192747910240378
40,2,-0.0289695185918453,0.020936523225204774,0.01469257913309982,-0.003667807086141601,-0.024005166838305714,0.011464977925176137
40,3,0.005505793800687745,0.0017830849324610284,-0.014684457653568225,0.007522020646075114,-0.0035424768777253504,-0.0005773658503078702
40,4,0.0005753408833226506,-0.0007425483360304653,-0.03402593710566537,0.0022361316788871853,0.008334295114913466,0.013380459463642927
40,5,-0.028686355226071374,0.02237251110196462,0.026955034325869282,-0.00958689328467753,-0.02010324067120377,0.006968627442023519
40,Aggregated,-0.006376360848158598,0.008824482252875679,-0.01217991692018364,0.0018461938489134086,-0.005584906493798761,0.010305868879561262
40,Centralized,-0.0007959854387586448,0.0040301602040734175,-0.011232540746743068,0.002741109801692171,-0.002217376640761825,0.005149086776119425
41,0,0.008792263705225864,0.0032168105039058893,-0.05720281584640705,0.01396286818744595,0.004493591258388602,0.022167911499891575
41,1,0.0016157246676409176,0.001668805159336561,-0.023674452156134843,0.006872349635912608,0.002855991370203246,0.0058435627144624025
41,2,-0.0007051044069903814,0.017124472451760908,0.010563169723049971,-0.007779710378035338,-0.02016616455617644,0.009229511766923276
41,3,-0.00036319307257185986,0.0005352046551770194,-0.014470357009342112,0.006550119258980959,0.0026615283168105186,0.003996242616942392
41,4,0.01326044708083147,0.00010859631323809997,-0.03452771485696649,0.012522944542161771,0.0067785098594519005,0.010801159474718195
41,5,-0.005911494137584509,0.018533188014017057,0.023173831267343025,-0.01696627909718929,-0.021528959625615653,0.004526346984610096
41,Aggregated,0.0027808478924972978,0.0068631636952965975,-0.01603075127578889,0.002530462659433851,-0.004149172716931762,0.009429458685962693
41,Centralized,0.0027260995275193854,0.0026955482435267277,-0.013919608991107868,0.003922764915229137,0.00012306990886177136,0.004641390863364624
42,0,0.012610631979876594,-0.004804608379782782,-0.043737292636347236,0.012941011738554383,0.004201908644581642,0.019409470824220464
42,1,0.005891415589077948,-0.0029786278038838377,-0.015402686580166407,0.007537771862299123,0.0018575518650934255,0.003941298768195872
42,2,-0.009934679419375654,0.01735135079732629,0.021116083270221107,-0.008726077390058505,-0.017014464911196493,0.005016069743250941
42,3,0.006318746135000003,-0.004100697772461666,-0.013685847899164279,0.008915020842777201,0.0016077010934655066,0.00020796754454009908
42,4,0.009673299075908677,-0.0014047780070568614,-0.029114235833537137,0.006220253113429366,0.004695083786096134,0.009930377865159903
42,5,-0.01296484179017826,0.020013312382938103,0.025731980893906516,-0.015231599750327748,-0.01795885457877585,0.006143495107840136
42,Aggregated,0.0019349042366066326,0.004009158131037714,-0.009187474779443535,0.0019474091841825958,-0.003766878789531331,0.007441436350784328
42,Centralized,0.003570708130864866,-0.0004565781983840028,-0.008653977891026725,0.0032690441791044366,-0.000127940910985708,0.003039736207917577
43,0,0.011159196372763339,-0.0015002787466715788,-0.04075210856898913,0.014784055067247297,-0.0004221554284394174,0.02827755782071499
43,1,0.004107413082916308,-0.001590558229525278,-0.011998019081511331,0.006440479736105333,0.002496268303016025,-0.0005250233472564505
43,2,-0.01866433090611234,0.015966158651188896,0.013354504120109039,-0.01610218460503961,-0.017953949477468978,0.008417630695201352
43,3,0.003926706216452265,-0.003519277098231231,-0.009599668787258573,0.007294902931791632,0.002420135123443251,-0.0004713955830242265
43,4,0.010364857068570797,0.0011714713791063488,-0.026131518542847197,0.007950248714842949,0.006376313070536369,0.01010275868524063
43,5,-0.02427195576935258,0.02181188500429939,0.025620211060313574,-0.023185582473254147,-0.022628648663084273,0.00027072534629672945
43,Aggregated,-0.0022265743757952762,0.005385710960282177,-0.008257352724825046,-0.0004645934709264247,-0.004950366606317243,0.007681982728618241
43,Centralized,0.001560001349867346,0.0013960329048099405,-0.006305472746484937,0.0020454446864705137,-0.0006721007996857449,0.0017408473848693384
44,0,0.011659179139674004,-0.0010307040835387262,-0.04876141438896662,0.012360333872491231,0.0009145960602460603,0.015569211040345506
44,1,0.007684989335818697,0.00560538171279716,-0.016922757789026927,0.008198240280760776,0.002570745347026485,-0.01244768103964636
44,2,-0.00864062028852252,0.01574878192226059,0.018332200332596763,0.000976864555630516,-0.0149928047363273,-0.004315163830720701
44,3,0.005752586950312674,0.0037858937260739894,-0.010347186804541402,0.008160785629891294,0.0031323097047593388,-0.018472399459730636
44,4,0.009139074074592376,-0.0008739185918222425,-0.033933656666996395,0.011888860833721853,0.0028993471578192846,0.001192070732152421
44,5,-0.012046323956895897,0.024281940437122198,0.03441008202232422,-0.005733989989609474,-0.016616063478624293,-0.007571275561200463
44,Aggregated,0.0022605289638324196,0.00791667937194472,-0.009544370395294384,0.005977326376783913,-0.0036801678398986444,-0.004340703475845821
44,Centralized,0.0042112795611170045,0.0054700847148761765,-0.008896542650847139,0.006378073350940141,0.0005624582528890288,-0.009948005501754705
45,0,0.007556278915109226,0.0007316190520999688,-0.04832318673755591,0.01223248099219634,0.006199560855887485,0.022179155301707512
45,1,0.006212378285353347,0.00313476128930493,-0.019753838692302128,0.0070575192083569055,0.0058212147375899794,0.00546561812213763
45,2,-0.010450297209509301,0.014008516136932185,0.014076519943803436,-0.011651129979010112,-0.018330228525223907,0.006580175105005202
45,3,0.0050914247070733805,0.000920157771125697,-0.01784765353097367,0.008301563121179002,0.005259152231024434,0.0009271278565597662
45,4,0.009097254782227102,-0.001274178679395248,-0.03323557550301932,0.00712722027274261,0.004015897117150756,0.008753944236791768
45,5,-0.011830074748913101,0.01666292660168673,0.024335133200992943,-0.015246218555851105,-0.017600100445707936,0.0038575206105691774
45,Aggregated,0.0009473779817046055,0.005695968550489728,-0.013464851462022635,0.0013073084753266026,-0.002436559219468593,0.007962346761205375
45,Centralized,0.002675987630505914,0.0032017293694717817,-0.012733275358297429,0.0029156971799017255,0.0014844416531466312,0.0038113792905702
46,0,0.006452449477949989,-0.005919049561967587,-0.04415789744418477,0.008950537702638275,0.001824766128377009,0.0226868732479134
46,1,0.008844776060775425,-0.0016748788719550712,-0.020640187211537413,0.007591853539575238,0.006351950336730498,-0.0004735138535887254
46,2,-0.003691167224308145,0.013997601548674571,0.021021961565734836,-0.0038668912410860837,-0.016913325943216838,0.0012172250229268162
46,3,0.011259788880863073,-0.0029608956784945087,-0.017493601053824845,0.009403018044372519,0.0072535864775229025,-0.0035908192964438147
46,4,0.006128440878934289,-0.0005556511920019658,-0.023887162395370698,0.009864199351180887,0.0034785561057877113,0.01034114711005491
46,5,-0.009256502926266437,0.02230116157474573,0.02662016426251939,-0.014875608115048343,-0.020531527591482232,-0.00010219903514489536
46,Aggregated,0.0032929628000367725,0.004193216170528079,-0.00976401683936842,0.002848385596646171,-0.0030860549313857163,0.005013804360324578
46,Centralized,0.004789879632274088,0.0010366009542289636,-0.010818082868349803,0.00403414559334813,0.0012578425922930123,-0.0003118699939246745
47,0,0.011654501623833689,0.0014779127881590674,-0.04072572305157386,0.010021836782066544,0.004833322608459098,0.01875725748684719
47,1,0.005071000309320681,0.002718582177116154,-0.018659694103775513,0.0034167009850903083,0.005182780696610379,0.0007134986737227902
47,2,-0.016035193367670373,0.011255281405035471,0.021385337857173257,-0.003989604455991627,-0.01767892184163974,-0.003063948070255108
47,3,0.003668880856642302,0.0010327269683650352,-0.014682384492498531,0.003641859159687381,0.005175630816688735,-0.001713927198960585
47,4,0.010367498484955233,-0.0014922876417077938,-0.02769280418074288,0.00888533055905514,0.0030958207763675982,0.006836442002072796
47,5,-0.01695227190327215,0.01690449758521357,0.02893096584244987,-0.008654466307412036,-0.016992029117772096,-0.0035718073126421094
47,Aggregated,-0.0003692218005880532,0.0053144587107262185,-0.008580422918572484,0.0022218924980637518,-0.002728107098542331,0.0029943957277794794
47,Centralized,0.0023396354128586592,0.0027889285894990273,-0.009217185662365623,0.003089948275057572,0.001089369578787951,-0.0004543692201624634
48,0,0.008852665938276664,0.0033141097615080406,-0.04469718091989166,0.005700854682577394,0.0029758675884520042,0.019201304451886652
48,1,0.00303615827010087,0.00023030804872710512,-0.014938785983775656,0.006534243629282515,0.006513389152721311,0.0017486400938464448
48,2,-0.008501920290047657,0.012376101331883138,0.018164507123322553,-0.003946654841698911,-0.027511494289355325,0.005781105710519239
48,3,0.003823744006095448,-0.00018357482394401974,-0.01547692076765305,0.006784280932854954,0.00795101222304568,-0.0038195414784315
48,4,0.008018395144366442,0.00030526308485004806,-0.025581917895348468,0.00732732702284298,0.00043500373582660814,0.011215487321462695
48,5,-0.01266326812436306,0.016608790896361948,0.022616673178744322,-0.011054393655857074,-0.030151403213754296,0.0050601194098157335
48,Aggregated,0.00042959322707419227,0.0054400120915146935,-0.009992116964809377,0.0018934713876533225,-0.006626150354635159,0.006530499199837332
48,Centralized,0.0025505824156587162,0.0026777995386830433,-0.009339824847050239,0.0032959058106162165,-0.0010911266084939236,0.00267451226483974
49,0,0.00722837548884474,0.0010493438472125157,-0.03738539101505767,0.013634391565659756,0.005172338014325957,0.024714519512767187
49,1,0.0033218502019746188,0.001136898132717205,-0.01250682627662655,0.003877455087871158,0.001617238750835319,0.0009865621542407463
49,2,-0.0011072499200987743,0.013965698647716011,0.015378860684162492,-0.007229527174700706,-0.02101216518626501,4.3829491859076475e-06
49,3,0.004335677706429736,0.0012072474700383473,-0.01413242737165472,0.004428245304588007,0.0033737875344015313,-0.0012511293113556525
49,4,0.0064110928719024645,0.00031308905834597254,-0.025482771632272753,0.008545540484034013,0.005261681731325246,0.006715896902068625
49,5,-0.009225339741365324,0.021315062439005283,0.02493216794710287,-0.019133269391699417,-0.025640225192787674,-0.00504686188416202
49,Aggregated,0.0018299336473176328,0.006494986479501898,-0.008205510929817125,0.0006917619206876066,-0.005201293360554322,0.004357356611569475
49,Centralized,0.0025165418580948666,0.002535369834938829,-0.007455422147902495,0.0019414231908635713,-0.0011861608196721775,0.0006089970712381287
50,0,0.009878914340466892,-0.0010981474400446004,-0.04601804906020593,0.007895612494215373,0.004371209612188408,0.018951023814583
50,1,0.006949427711331811,-0.0015119501860398324,-0.009960817292625239,0.003358033853692684,0.003147213258475534,-0.0004150853958474458
50,2,-0.013194006506028044,0.011448974962335417,0.01609552091441502,-0.004047029210499851,-0.0150656364760164,0.004762176315793737
50,3,0.006777879243711108,-0.002882995200479667,-0.008853401960647702,0.004985443416139568,0.0037139217986278273,-0.003835970079800549
50,4,0.005279549965674243,-0.002586805086190281,-0.027769739900738888,0.00774633982802143,0.004619573496994543,0.00937290178175222
50,5,-0.019283503349866483,0.02117723038817514,0.025021462738391134,-0.008277428024618826,-0.01902954403926059,0.004431507263862754
50,Aggregated,-0.0005942583216905293,0.00408742873615614,-0.00858675573783204,0.0019451693216368652,-0.0030378858862492126,0.005544116389744745
50,Centralized,0.0016707491074732018,0.001668117746206851,-0.007569061197779568,0.003128273912102369,0.00031837163785562635,0.000733372773182449
