Round,Evaluator,4,2,5,1,3,0
0,0,,,,,,
0,1,,,,,,
0,2,,,,,,
0,3,,,,,,
0,4,,,,,,
0,5,,,,,,
0,Aggregated,,,,,,
0,Centralized,,,,,,
1,0,0.17558070953020843,0.11202741785208975,-0.27910678144129164,0.17475197783664928,0.12033295884843985,0.26339844873724416
1,1,0.17407056445610847,0.018719011889549986,-0.1294948055229575,0.18903061137784422,0.16840436908157622,0.08457895781307645
1,2,0.10542074615671002,0.1691632071005601,0.08485530006117076,0.13597442782590632,0.13151134142590684,0.061388866494668015
1,3,0.15577035736848271,0.026285512774775747,-0.13110474780054912,0.17062217620755474,0.1673837316789472,0.04589968151265505
1,4,0.18566892400733354,0.01962995004002345,-0.19997876217143762,0.2068014301083661,0.16862741472234685,0.12038426777624509
1,5,0.022033749238916215,0.18296788398025565,0.46699686160041104,0.07377689569862823,0.07299671089760712,-0.08042638903279352
1,Aggregated,0.1364464839968841,0.08813080845157786,-0.031431418509381547,0.15850404452085973,0.13821991018051052,0.0825900849287783
1,Centralized,0.14090994166352339,0.08687233816873761,-0.048339499884469235,0.1613699007416896,0.13910516055875902,0.08227559198479456
2,0,0.07254749384210385,0.050669484514756245,-0.37082899054670776,0.07607604109101512,0.050329326845826916,0.1441676448975819
2,1,0.11949911660900739,0.005944143308386792,-0.25484473409221214,0.1395066098976025,0.11682458690898727,0.0675468659938771
2,2,0.023690374286962586,0.060443580485501275,-0.09771908623009838,0.025265395523210544,0.018834765256537062,0.00872670573608099
2,3,0.13793038706305988,0.0162626627606398,-0.23872023860065228,0.1479189307747536,0.1499706808876888,0.04809771538007587
2,4,0.12686494073012103,0.014016289814459265,-0.316306037657851,0.13050868556397638,0.1213770689522977,0.09572403366475633
2,5,-0.056701033111959384,0.06577317683069411,0.2234190264451695,-0.020764767259530133,-0.06386060939304625,-0.1000578214119941
2,Aggregated,0.07066180105687898,0.0355186916385964,-0.17593193352713773,0.08310110539129112,0.06560329322708855,0.04407005863487827
2,Centralized,0.07849590067795742,0.03742225049756109,-0.18933982537241836,0.08936796749300849,0.07216453277478596,0.049541467294426045
3,0,0.06767974335536987,0.05476960461663043,-0.3187177473465648,0.06167044179744771,0.03716475333860501,0.13248528563851023
3,1,0.07865902961618859,-0.005085089278773467,-0.21986366888934164,0.08134896509972418,0.07208111203629455,0.06702717200602766
3,2,0.023048379429258154,0.04346014181616872,-0.1015099018556627,0.02729896968057555,0.01668160719175784,0.027780318247706267
3,3,0.08658942663618134,-0.018029520701669858,-0.20599669111575633,0.09184581150483571,0.08640960347901805,0.04314840561813934
3,4,0.09364136271268549,0.003112448527110744,-0.26924304500520785,0.09354830028287156,0.07529758594348235,0.0906875708880123
3,5,-0.042202661962547884,0.0421567441163056,0.1662612605538766,-0.036370856627669625,-0.0455391429884641,-0.06421124884569959
3,Aggregated,0.051253648383564734,0.020065429922855885,-0.15826008023398436,0.05324052653110719,0.04036637296478399,0.04951451973053139
3,Centralized,0.05389711809635807,0.01905060226715492,-0.1695819786823207,0.05585729471168731,0.0430021162891886,0.05163583571419971
4,0,0.0479304749255296,0.045280260586121515,-0.2646852080536429,0.04374149454439519,0.021836944645893717,0.12354803702792459
4,1,0.04637849278909934,-0.004822519480094442,-0.18150799040948778,0.060280255653931816,0.034427336894749756,0.05983109658943911
4,2,0.016503297292718988,0.026914498483490056,-0.07420865638145381,0.02533289996353661,0.008240320961770162,0.028219227341419097
4,3,0.0595502040476784,-0.012365708435361802,-0.1608702620851863,0.056716182581212186,0.05572329801472149,0.032539955687712833
4,4,0.05865833738054761,0.005926851536299273,-0.21774828729330586,0.056022392197106106,0.03922332771873765,0.07491188305860118
4,5,-0.04752519855422111,0.02012704205161152,0.1445785735490991,-0.015319470402641618,-0.051861426190518235,-0.04015120318416527
4,Aggregated,0.030267925829312634,0.01351307253419403,-0.12580805076539678,0.037807244639228084,0.017949873232297322,0.04650596674091425
4,Centralized,0.032259220320892894,0.014839451316236773,-0.13397816406760105,0.03910741188092261,0.01995956437804567,0.04700068078085339
5,0,0.04841584724847976,0.043948574701485,-0.23038380853646734,0.03862895143146929,0.014084769868816596,0.11616854929010628
5,1,0.046067776722524524,0.015508995879806588,-0.14921415178819314,0.04830394565490362,0.03291212805612127,0.04800320198812376
5,2,0.015667286329054134,0.01951638545229036,-0.06314938021584406,0.01228968350128818,0.003741986807574629,0.014877030940156022
5,3,0.04424197728877507,-0.004962182452911087,-0.1332264679245374,0.047753896483884804,0.03856266828287561,0.019283149056726713
5,4,0.05069646502440469,0.01680129248859471,-0.19099425165622003,0.04518932932857531,0.029398693681552932,0.06124578972690705
5,5,-0.028646501680078477,0.017292574362488888,0.14379997316506962,-0.02370210184726102,-0.036271109556349275,-0.06244057658733793
5,Aggregated,0.02942037981540689,0.018018784831477057,-0.1039230235573371,0.028089128480740303,0.013750047638267574,0.032882427763030936
5,Centralized,0.030732020025541616,0.01942108555791934,-0.11121906357737821,0.028926123968847757,0.015341342803034497,0.034161192612348984
6,0,0.03706930474711733,0.04239854843254363,-0.2119702161976722,0.03909290585902801,0.013835624849126388,0.10072966051307285
6,1,0.03606740747537583,0.00900031687562684,-0.14261991439865218,0.04132425567737156,0.01853300092743974,0.04801295488897504
6,2,0.008430268191912988,0.014023716246999952,-0.054767133709202595,0.011696596871852212,0.0015441857601116195,0.01615385342068798
6,3,0.041943482008709024,-0.009307744065706737,-0.11962197146003925,0.04152781402916052,0.03249538889348638,0.0233141093878416
6,4,0.03919521498763718,0.013559771852818897,-0.16897299630698204,0.03725703283437512,0.03056583665599147,0.05820473778906312
6,5,-0.0371851841754394,0.0191794981850365,0.11856594384604449,-0.0068363461890656564,-0.03998687574378429,-0.04033926997691596
6,Aggregated,0.020934834514033267,0.01480851530542165,-0.09661840506651957,0.02735202592987394,0.009508635727461343,0.034365633387316505
6,Centralized,0.021741081861567164,0.015777041163476026,-0.10228850425597624,0.027851298543586995,0.01151496128943341,0.03465514827277417
7,0,0.048138954286863246,0.03648020552601464,-0.20326997758509288,0.03617370496477134,0.006259730694788503,0.08409103239100217
7,1,0.028262550418728362,0.02396496982012988,-0.13502988016004747,0.028240622902057953,0.012615904742754282,0.04431036951650467
7,2,0.01799997457773905,0.023116935402428738,-0.0567992401770845,0.010264520494077774,0.007473270143834968,0.016172610242507972
7,3,0.03018952163552462,0.00860987747075785,-0.10740721006443815,0.02787638534122458,0.02026234707982471,0.02265249031411474
7,4,0.03793743287100055,0.018599713411207995,-0.15727635728746495,0.02999482815080556,0.015608325162538178,0.05489920564099123
7,5,-0.01587871283317695,0.043015862011976755,0.0852251760508967,-0.028221340521232714,-0.0324982376294025,-0.03198126484059516
7,Aggregated,0.024452457517085944,0.025627104962827517,-0.09580470152121351,0.01740058392275138,0.004963839284882913,0.03170611888310795
7,Centralized,0.02498111248336134,0.025267351494094942,-0.09928695543420289,0.01830338673798134,0.0062061120408923465,0.03178005306223696
8,0,0.04521018157644299,0.03224184874308025,-0.19363518689108075,0.032799656528808174,0.0023231392383366335,0.07590084858511026
8,1,0.026218112816555502,0.026398456552441572,-0.11828183224508847,0.022262877859009527,0.010421320936186305,0.037945537547233794
8,2,0.013772420253657148,0.018963208141544032,-0.05842052003338687,0.006273313528739193,-0.0042445406438092435,0.011786058621919006
8,3,0.026160161901119756,0.009838340979949158,-0.08652489799300087,0.02468541719333433,0.01676607943995023,0.014644618579345105
8,4,0.0291060433747197,0.019018828729891284,-0.13973106049021083,0.025036373711576635,0.010319823077475,0.04642193137922523
8,5,-0.023922064892068464,0.03689313575122878,0.07712792578192237,-0.029165690716071904,-0.04282546722967154,-0.029940555380508715
8,Aggregated,0.019437460609025722,0.02388850161880441,-0.08662000333256435,0.013660769664572558,-0.0011954878697424127,0.026139907924020885
8,Centralized,0.01977393350261985,0.023785893048709095,-0.08863220540421247,0.014442850263166237,0.00048512548097960997,0.026215568378137162
9,0,0.042738414881653294,0.02351811452913895,-0.18185544015190117,0.03532039890605364,0.007105651243064661,0.07321869400087806
9,1,0.02996343834552235,0.022589646897431374,-0.11155096354494429,0.027142715184282476,0.009196686398376296,0.038606000976490355
9,2,0.017069625700198484,0.018590923460223827,-0.04748432263051655,0.010767697030994554,-0.004555618659955154,0.013969643499611332
9,3,0.025539533029204822,0.009315344479085691,-0.0751515678710277,0.026326811195529765,0.013305170808625998,0.011576869202403877
9,4,0.032956772325055006,0.021254843671405625,-0.13491669066209624,0.025633710852795602,0.012960312838311637,0.04530753313250497
9,5,-0.01643927972515354,0.034213152758560066,0.07746974260934048,-0.01765865329234885,-0.04587274590169386,-0.02217262098800343
9,Aggregated,0.02198191990110302,0.021574974806010238,-0.07895283670983295,0.017932630336117188,-0.0012987276190679095,0.026762224042807085
9,Centralized,0.02211551685093313,0.021267984482387103,-0.08137358158527457,0.0184547100895039,0.0004712507646357938,0.026471896715785957
10,0,0.0348670671088065,0.027504660400744108,-0.16442947827501425,0.03122103500272728,0.011170154296219035,0.06256201365625712
10,1,0.01747857474581096,0.01557113611476065,-0.09889409066553831,0.020990578014251464,0.009547672886203541,0.030247929909415532
10,2,0.0007787849446135598,0.013874384396319927,-0.03560813687191198,0.006026754231411252,-0.00040823371368647947,0.01754034309527814
10,3,0.008545455259432884,0.0008662742820355469,-0.06893027820766441,0.012259355921004213,0.013549039258371679,0.01303652927344482
10,4,0.025831786295689132,0.01906816724786548,-0.11283530354144757,0.020803922913620862,0.010751421669656137,0.04010916629522454
10,5,-0.024540993504000568,0.02335297457789021,0.06401237923737793,-0.022847824795763597,-0.02560870826166321,-0.0205526399975056
10,Aggregated,0.010500812296097133,0.016702605672494663,-0.06948152537239878,0.011418160645636775,0.003174977043165368,0.023834896977957386
10,Centralized,0.011423965448436959,0.016449270415853076,-0.07173652841445931,0.012293341020678538,0.0044488515212478584,0.02351650396950888
11,0,0.023964016548234292,0.022628865755729425,-0.15214591686775675,0.02598830412307611,0.01697513018882694,0.06270810259009849
11,1,0.017691961342016532,0.021073635211747956,-0.08634467763150284,0.014741730361950454,0.007972776747592157,0.02715171452920135
11,2,0.013248482674717963,0.027694669315393123,-0.03223471121459032,-0.0076828735052362354,-0.00558115448319483,0.010144816722280434
11,3,0.022883590577650534,0.013029552277889222,-0.051831248440945304,0.0020507883946064153,0.00888571672488096,0.007889652135431793
11,4,0.01736314060472346,0.01774687288231279,-0.10281671152197223,0.016281203854554605,0.012035093753976472,0.03905269319936166
11,5,-0.01473965676080014,0.03425106715573841,0.06378912917272292,-0.025465420424129158,-0.0288163182497409,-0.025218384414231743
11,Aggregated,0.013411572016293869,0.02273491225947561,-0.06029490366889485,0.004325041089924637,0.0019197567682598389,0.02029847125384461
11,Centralized,0.013746322976109315,0.02178218453626091,-0.061915237760015215,0.005527589747962641,0.0031570187400587037,0.01981859970656043
12,0,0.02985358101177118,0.027251153751748986,-0.15850109237450616,0.03087847377189778,0.01959608432869354,0.06134289188598338
12,1,0.01474729830956321,0.015651938593800336,-0.08824430783128231,0.02271091988901566,0.013951168712646345,0.026063045588300963
12,2,0.007146867229299451,0.01694794176418362,-0.036804740210049265,0.0071380100610224815,0.004339929344328139,0.010285852689576215
12,3,0.02351683846212971,0.00045566402641478957,-0.047887589704143224,0.020475276300596992,0.014921569745526192,0.008989215104793823
12,4,0.016276094009449283,0.014798578267158531,-0.10497639740643808,0.017543377396911027,0.014269371624975942,0.03824704337682623
12,5,-0.021741405693523043,0.026448430930404814,0.07731339675891014,-0.02170634135492797,-0.033120041645060466,-0.027595458884099835
12,Aggregated,0.011644958456750546,0.016922661061443883,-0.05988514477532683,0.012851214891575551,0.00567130464194218,0.01956658251369473
12,Centralized,0.01202410030920583,0.016782236781023495,-0.06146387500669152,0.01339882807823073,0.006656206950667219,0.019198249597668502
13,0,0.03805933676554397,0.022511585193979326,-0.13979505529535252,0.027976885846401192,0.009599689611551198,0.052484235409333044
13,1,0.02149644435904327,0.014431139715932934,-0.07909408212467542,0.02051640881080139,0.009172034092494532,0.016159988745948938
13,2,0.009784272838551782,0.019993424239874425,-0.02551862393803566,0.006049763032570559,0.0010759390551530823,-0.00035258767362291474
13,3,0.02386585220514035,-0.0015563489437487093,-0.044590148374059314,0.02378736128848148,0.004472739672767301,-0.005818648956431402
13,4,0.02459603529164549,0.014914015306845206,-0.0877008313189821,0.012035697416085863,0.00995446157005516,0.032882573934221365
13,5,-0.02080596669808354,0.025772430069971784,0.06343472960854762,-0.014584127870655708,-0.019993700303249203,-0.04048791733027495
13,Aggregated,0.016177348164687265,0.016007589327290045,-0.05224086541990128,0.012641011641524239,0.002385510935481144,0.009154598630548228
13,Centralized,0.0160904250950806,0.015603968893097732,-0.053422828199714126,0.012995448083724213,0.003443243650158244,0.009221836558122287
14,0,0.030028780188563028,0.014469736082602788,-0.13743234353415837,0.03307210454271539,0.009850172614337573,0.05274500047558103
14,1,0.019978759265649074,0.011805283719455035,-0.07557995479366332,0.02304206042382175,0.01249250461836403,0.018929710190230063
14,2,0.00906972186408642,0.01556488838140258,-0.033159256914875944,0.0027938065152189368,-0.00022907909596622995,0.00868406655757893
14,3,0.01669040475410551,-0.004152115996995685,-0.04182418667596598,0.01564136997343616,0.011079814001738676,-1.9535484904100053e-05
14,4,0.020403453921614696,0.01069863927497605,-0.08889770209265445,0.019468797931940847,0.009039630854886618,0.029258787647524896
14,5,-0.009897091156858651,0.025359096712622486,0.05623998286570301,-0.021472396127218144,-0.026811291288372355,-0.017246909410523516
14,Aggregated,0.01438595450025293,0.012286122544000055,-0.0534705967820375,0.012100515450425793,0.0025786073078705356,0.015399315174066702
14,Centralized,0.014434376758964435,0.011987747436738427,-0.05435569818969984,0.012318015068636754,0.0036320102769054723,0.015044626070998851
15,0,0.03343803311924145,0.013071639439511845,-0.12326649765029173,0.02088133451214431,0.0028987241766984,0.046933992054991304
15,1,0.022208570533792747,-0.0005183579542513238,-0.06631415268597424,0.0133123879487252,0.007142839740134218,0.016220080514412115
15,2,0.012483153820033241,-0.0028881060321978395,-0.02885613486318852,-0.0003309152374624554,0.0005763656801565409,0.007508076199693503
15,3,0.013983095515152252,-0.012238912884792442,-0.035214695361963845,0.002888200662559934,0.008450037411455934,-0.0009266292418530929
15,4,0.026735539944061228,0.005408666906142296,-0.07744380409288756,0.015835405130148358,0.0027700782732615658,0.0302931477528827
15,5,-0.015534995970380988,0.01607990834458702,0.05464481622993681,-0.006836669825990782,-0.02596912798331813,-0.01435510650854017
15,Aggregated,0.015559733947771395,0.0031465518533326086,-0.04610163178629728,0.007626804520074339,-0.0006803652309503049,0.0142840050199667
15,Centralized,0.01506337099239608,0.0033933751368869264,-0.046409566272181776,0.007833472333447144,0.00027200899284713487,0.013600693798397148
16,0,0.02432703875959116,0.009827707092256275,-0.11470480681072079,0.025041741796112345,0.0017367801117346311,0.05645628526329058
16,1,0.018475306194246272,0.004225353951778015,-0.05251277394142254,0.012679738310767526,-0.0020943613082091777,0.024224254187438933
16,2,0.010991446267860376,0.009006762538128942,-0.012649882892981452,-0.002365082456910909,-0.014426698931771677,0.017969275559024382
16,3,0.018189972164158796,-0.005172124672886916,-0.018023340151804557,0.0035222562096289306,-0.0017232149331393135,0.01295849941892757
16,4,0.018009612565576868,0.009503825926155016,-0.07550800938239281,0.023440025494969246,0.003957905214534032,0.03033968320256084
16,5,-0.01964142633147192,0.023356290392342875,0.06693582668412193,-0.024643643295704384,-0.03243196173131254,-0.023309383826597807
16,Aggregated,0.011735009286958585,0.008451804929431117,-0.034433492823738164,0.006284104858553582,-0.007491971487540652,0.019786264546467574
16,Centralized,0.011731838698005538,0.008440105065557903,-0.035445529551209595,0.00662339025491674,-0.006015759678489166,0.018743540981371692
17,0,0.03017672470405475,0.014860743676385724,-0.12627972297445297,0.025726227073796595,0.010590736186579918,0.05063833569240722
17,1,0.01756135466367933,0.005377351450784294,-0.06453619827950437,0.019023635746793582,0.007006881609340681,0.01565680790688774
17,2,0.00598233649110454,0.012521543429138443,-0.026473575625049657,0.006507660098230508,-0.00170846123464549,0.01170179986868049
17,3,0.009454807135887162,-0.009817224968066331,-0.025376991615400288,0.015068500978900463,0.007246373966846034,0.005863832270731936
17,4,0.022029746367842544,0.008924038982693729,-0.07770319940025594,0.0154715741107931,0.0016094621651349746,0.026188013905632912
17,5,-0.022211276244242177,0.02389421483269521,0.06184350484963206,-0.01181932770904867,-0.03416538622063757,-0.021095574243861902
17,Aggregated,0.010506933566321274,0.009287962027907212,-0.0431144890020084,0.011670349014338662,-0.001558801565354581,0.014835834871436776
17,Centralized,0.010518637726955863,0.009174898793280624,-0.04360302314655873,0.01173976861685849,-0.0004992789882133652,0.014346224071260825
18,0,0.02145843139682517,0.009891444030776133,-0.11493991884426465,0.026711946637265595,0.006684761674874771,0.04452514017482196
18,1,0.01552250881053584,0.0011747502092873448,-0.05556068240359312,0.018598187514606065,0.007105843194963966,0.01579592688679618
18,2,0.004210464894424469,-0.0023246321905668584,-0.022701578433826402,0.0048235745812002925,-0.0029641801003877327,0.010429644965246116
18,3,0.006782940550497207,-0.011662713826716693,-0.02300896858390963,0.010305036898815954,-0.0005126712618213844,0.005332583528498837
18,4,0.013895021215634238,0.00780888352474032,-0.06947255648758013,0.017111627216836376,0.003573363041986738,0.023883076098933396
18,5,-0.016550979548206394,0.014595544441723333,0.06113883268308685,-0.01385228661757787,-0.016293927620597632,-0.015378783890814507
18,Aggregated,0.007559471568421548,0.003240757510136964,-0.037449793183781374,0.010622842576479625,-0.0003971414128682367,0.014106043370196181
18,Centralized,0.007721284121241916,0.0033788847048673563,-0.03809794816491921,0.010570719496293563,0.00041781616538594463,0.013509804282822809
19,0,0.022321415093338057,0.01155012137977529,-0.10445441436770397,0.02815620233347373,0.007831983043961759,0.046147074207503885
19,1,0.014911232934415373,0.0033261438439182605,-0.05645618076328437,0.01831959348705114,0.011536794706749686,0.013798986884430368
19,2,0.0063486205270525745,0.013058519842749666,-0.018021725703132256,0.0006586087090878502,-0.0025623019307542926,0.00903834128538603
19,3,0.017604287004087907,-0.011910653729726597,-0.0248459745805396,0.022960139800129644,0.011529980684615542,0.0028547910686233914
19,4,0.013947442043165302,0.007332230122978927,-0.06515756095703748,0.013618590260007522,0.002658285714773255,0.024114446927235387
19,5,-0.004533329475241141,0.015563088623079755,0.0489291307916839,-0.011232361116803721,-0.020538313339973274,-0.02006983144993249
19,Aggregated,0.011772155354023348,0.006482813374465256,-0.03668921175076444,0.012088482174064727,0.001750415575544833,0.012656151802080393
19,Centralized,0.011628902569608374,0.006332425686644663,-0.03684664649111057,0.012037662603445883,0.002522604269146696,0.012092690230688386
20,0,0.024289164665616644,0.010825625908441185,-0.08995618811894368,0.015906163414940073,0.0076074283222325075,0.03901217083360498
20,1,0.01354202341823479,0.0034302982106771246,-0.04799195566642192,0.013131435207704668,0.005153074418865767,0.009811728910541152
20,2,-0.00016059637053643258,0.008021644148175754,-0.01405696474213869,0.0008055009004945496,-0.005944431352473725,0.005742342183979761
20,3,0.009572687374645906,-0.010775395857040213,-0.03033329107660896,0.0139331944138698,0.009801380625820038,-0.008007916649300374
20,4,0.016862303708241558,0.00816511460441773,-0.05212903904461534,0.003442475698994199,-0.002535774031012318,0.02575833415040646
20,5,-0.020928793043312483,0.014473052569635844,0.05640957272659397,-0.01008788763427356,-0.02672744615695094,-0.027850677760886726
20,Aggregated,0.007203063672133063,0.005685601005195804,-0.02970071135776875,0.0061955670242668185,-0.0020980305186776484,0.007417831707983642
20,Centralized,0.0071061212625106954,0.00561428161549954,-0.02964495478428115,0.006412108579437923,-0.001284916872309805,0.006968205657832094
21,0,0.017122076913946502,0.006290602030420167,-0.10224413109336669,0.02192792506190346,0.004180608335781446,0.035979040446527964
21,1,0.012208473886103554,-0.0004771721238328419,-0.04546689202707443,0.016180271060624054,0.008372595862069905,0.00926864776802948
21,2,0.0022913555720088215,0.00642045739372407,-0.019990524515518956,0.006596655018287709,0.0013134927474883588,0.005947356231066385
21,3,0.005675673207467809,-0.007506579646486095,-0.017473765971776682,0.009537550050154374,0.004428146574905534,-0.002344200505591863
21,4,0.012963488583488076,0.008053211702369245,-0.06351018863400469,0.01645776520067466,0.004990565842561987,0.024317160948023074
21,5,-0.02199823952620412,0.008429026937347582,0.05904745002519635,-0.012410564253172381,-0.016092004131539887,-0.023201970742717345
21,Aggregated,0.004717239300209048,0.003531499375453753,-0.03162930107559306,0.00972054413254541,0.0012036123132900221,0.008334130647973212
21,Centralized,0.004905945262342451,0.0037087033649693397,-0.031733604423577415,0.009526432517114288,0.0017711927321318554,0.008012890392987143
22,0,0.03246168925260442,0.01397307843128645,-0.08788555610674664,0.025311675390798517,0.0071089684346896395,0.03716821527198577
22,1,0.01410255349771611,0.004472517302895029,-0.043604965145328904,0.01560607880088052,0.0054621372824784084,0.006658094048781149
22,2,-0.0010948624093264062,0.006929406265710135,-0.015562116831534504,0.004134908274653266,-0.0008166383139493438,0.009294797969529403
22,3,0.026111630906667533,-0.0031799574649232962,-0.022292656976243518,0.013116555836255718,-0.0009742615709413051,7.241071804277608e-05
22,4,0.012645603373898107,0.006812845213715742,-0.061358679467712,0.015468160788433436,0.003928541645655533,0.015731713554041397
22,5,-0.01432392412098506,0.013857668628862018,0.06140145795410628,-0.012811974459191834,-0.009167648434843351,-0.019740722027361553
22,Aggregated,0.011660696620871156,0.007141930556577653,-0.028238865110560698,0.010144267330378955,0.0009258803978411975,0.008206290143177369
22,Centralized,0.011248854677073233,0.00687550232859412,-0.028303268172744752,0.009886904629112965,0.0014205784223556416,0.007846484012242914
23,0,0.02266346831546313,0.006824026964467311,-0.09316537881893977,0.021789833566861698,0.004090614963803309,0.0349679777277014
23,1,0.01230909759261591,0.004082973052224103,-0.042749559677094096,0.01261341768853113,0.005971265182843854,0.007677862014832604
23,2,0.005435369860157848,0.014351568711341788,-0.022331346424590094,0.0014795244362707204,-0.0056443347204658215,0.009731865211699773
23,3,0.00714919289798655,-0.004669258280524429,-0.010351540852651941,0.014538552966595505,0.008134463017527484,-0.0069713789785140964
23,4,0.018355108419163386,0.006217615442183324,-0.05808117745919835,0.015015326845234345,-2.8478856449400587e-06,0.021757525165369152
23,5,-0.013795520263496109,0.014697771727175062,0.05517538404842511,-0.012744405240917776,-0.025814030739570552,-0.020589618396360247
23,Aggregated,0.008691041706174386,0.006914847172818174,-0.02860494891803599,0.00878798658664467,-0.0022028937428934066,0.0077684734987216
23,Centralized,0.008462475524395042,0.006674078257992913,-0.028607226407014612,0.008663673293120375,-0.001339015402194247,0.00742748993464871
24,0,0.013577009329786687,0.006102865890094762,-0.09113919536625667,0.016883329896511548,-0.0020027830325663218,0.03425983491568341
24,1,0.010784762532015126,0.003358426380792715,-0.046769953440060304,0.012876020333926586,0.004191623382135036,0.0104688171017211
24,2,0.0019479571352923907,0.011210850303857666,-0.018431375821902116,0.0024251820318402116,-0.006653307880519315,0.006321779350329362
24,3,0.003965532939753996,-0.0049935188398574975,-0.027484242466030928,0.014331955099237471,-0.003233059368232046,-0.00344117201910076
24,4,0.013358623213181299,0.008370764210942521,-0.05179976274646876,0.005833055248445177,0.002295792927506051,0.025470613948106683
24,5,-0.008090007923910533,0.02129958639222943,0.051743804622368224,-0.011163997155973214,-0.03300351998554699,-0.028101977833074828
24,Aggregated,0.005926082923571405,0.0075525830963834315,-0.030670481822400862,0.006871491650091084,-0.006394778469069964,0.007503370835809111
24,Centralized,0.005957876979265805,0.007163130343815751,-0.030447103543042045,0.007038162119524997,-0.005325162230637377,0.007114488135589779
25,0,0.027142449638506108,0.010684659484568069,-0.07669880531442212,0.020964394932472055,0.006938825879972716,0.038860952531014153
25,1,0.013366206071773253,0.007378886845891573,-0.03699638242562425,0.010747780028350248,0.005588093744337283,0.005014990218255699
25,2,-0.001398631391770146,0.009682407086044943,-0.014059013448817896,-0.0012788927300873079,-0.004924174956677839,0.006918345448111394
25,3,0.014466093530525524,0.010400150400736647,-0.010772007506419285,0.006269134890055649,0.002142249013206157,-0.007239349529782733
25,4,0.01500927318090647,0.0009475966092914487,-0.053880334288355,0.01737122162216731,0.003925551308275684,0.01597973238909635
25,5,-0.020503203509791946,0.025430465763220854,0.058809738838291596,-0.014072087968602775,-0.021000618257878412,-0.027417381705657145
25,Aggregated,0.008022069398938358,0.01075243928035427,-0.022285030499467496,0.006670604373356435,-0.0012164356496589183,0.005362321418345247
25,Centralized,0.007810664768842095,0.01026317684676568,-0.02224651503527548,0.006458395604657604,-0.000624731033539761,0.0050459716623426154
26,0,0.01888318061805037,-0.0024771683473757663,-0.07709148432739105,0.013447219096305502,-2.641152489284642e-05,0.03305030404203201
26,1,0.01343921194487572,-0.0031063541207893824,-0.026564239416040372,0.005837689223359241,0.004018560003205046,0.00657653514696698
26,2,0.001652668679591963,0.00798317658181311,-0.012225433252650901,0.0006576452882056053,-0.0021777871068589584,0.006402073612451232
26,3,0.01192053582586774,-0.010820856848838368,-0.006681318980016866,-0.0016239530320133458,-0.0007965405185033322,0.0007871019102308135
26,4,0.012028101303147389,0.001066647708529872,-0.04893618180045544,0.019995626526883525,0.005072091744230631,0.014421411797500977
26,5,-0.011673079187413535,0.018183544445846574,0.05163411946319115,-0.019884354100481668,-0.020930200481664624,-0.024915371169918245
26,Aggregated,0.007714014754555225,0.0017988920249253763,-0.019994582890335226,0.003073812899217148,-0.0024696711349472813,0.006063188271356076
26,Centralized,0.00755171986144451,0.001877389220234205,-0.019740637582594773,0.0031655374971902247,-0.0018619615587397364,0.005760463301520782
27,0,0.02206657991680598,0.005477071747553519,-0.0869007544314416,0.023528995296644463,0.004400357978576891,0.03152911609264604
27,1,0.009532131416000648,-0.0005085284950327282,-0.03887499971107616,0.012554555973617005,0.009722554114249599,0.007473140869790995
27,2,-0.0011220541342581837,0.007879021537087432,-0.015403883110432533,0.0012954041115347944,-0.005356268265522246,0.007114037690367211
27,3,0.00930932854593487,-0.0039744847018205595,-0.018384934446982863,0.012746517392102868,0.009710567602184954,0.0035326097162975867
27,4,0.014745743238186022,0.0038798093053603647,-0.053472455541422735,0.014530848590104865,0.00016505406332050252,0.013448332384392931
27,5,-0.010930370477233593,0.009172996461466425,0.05189116358646035,-0.009617765190070748,-0.01625368883990668,-0.014415151725587872
27,Aggregated,0.007271119014098024,0.0036524664809330708,-0.026878057434921644,0.009178312240784322,0.00040393946000863456,0.008121064279666891
27,Centralized,0.007005405863740246,0.0037215896288606454,-0.026734576124552482,0.00886178564593957,0.0008998023390862463,0.007882972841452418
28,0,0.017170752576843466,0.007648324390199064,-0.07553196424977153,0.016625136605969155,0.0025626945093526043,0.028723355424480554
28,1,0.009734684650510304,0.002695827474489381,-0.0342131010145825,0.007948898735272778,0.0047608563048117955,0.003774566551791365
28,2,-0.004250945183608884,0.013554639656574276,-0.011042952350536742,-0.0018153073387432346,-0.008806102989451371,0.00964700513158935
28,3,0.005685988298651642,-0.0020745307631588957,-0.022072953271719795,0.008692876202778794,0.005478930088663736,-0.0038355262947200627
28,4,0.011403946917560626,0.002150560704116386,-0.03639572133917912,0.011531694895138792,-0.0016787246879379396,0.016482116988867757
28,5,-0.02409536112140846,0.020879571305553683,0.05091715262863477,-0.011417546925702427,-0.02321430789753281,-0.022224562641758958
28,Aggregated,0.0026147656724796395,0.007472981371761586,-0.021412414522479373,0.005264993103848264,-0.0034763373775794303,0.005435099654955731
28,Centralized,0.002710984198893906,0.007091484438002454,-0.021206934533021436,0.005126180089120316,-0.002822633949225744,0.0051812877338341294
29,0,0.023468888705171963,0.003889460377477162,-0.0832560208276307,0.020547745746333796,0.004055209564242564,0.031198678598812465
29,1,0.01497954805799032,-8.72653519358332e-05,-0.029871564378499072,0.011942752630869613,0.004118373006305358,0.0016264855365764237
29,2,0.005132056375556014,0.009243327668723093,-0.01648714560398379,0.006072984051478851,0.0014445347065488359,0.0001223928466128618
29,3,0.015778219916953915,-0.005713533433617418,-0.011377121878045923,0.010479862364143127,-0.002319074237852654,-0.012043367706913442
29,4,0.011382664889351732,0.003503602508795277,-0.05229004204356828,0.012433890487292073,0.00967554460578011,0.018803274021179515
29,5,-0.003037223526591495,0.020295371786797547,0.05298956746828489,-0.00477188297934388,-0.01377360724009299,-0.039187435807110135
29,Aggregated,0.011289535747434472,0.005183546916277132,-0.023401268653012616,0.00945530707475726,0.0005351806436753111,9.517297285837473e-05
29,Centralized,0.010829397654761657,0.00495481776731382,-0.023148429564327187,0.009079123779766447,0.0008407580596076634,0.00018543331469540953
30,0,0.01914474472082216,0.008626886487729947,-0.0755784706402335,0.01419282723451787,0.0020767941806106886,0.034434956595072196
30,1,0.009176287996117626,0.004798699885833279,-0.02964106945066238,0.004305664558597452,0.0037455792316243384,0.004906508277182734
30,2,-0.010057483510083098,0.010494272361508792,-0.016248544973133078,-0.0010952323962413642,-0.002493167658675653,0.008394177327356271
30,3,0.012280352540845554,0.006417716832465606,-0.017494119373890647,-0.0012072633782318292,0.0019997834404674587,0.00034261522395192905
30,4,0.006448753785127606,0.0031105270753823706,-0.04780618318218368,0.016965142441757345,0.005345490623778561,0.012427334787307285
30,5,-0.019415703373869952,0.018170869103893143,0.05376263163508577,-0.015391185156919307,-0.02111143979878984,-0.022454943710198197
30,Aggregated,0.002936593822754529,0.008601971408570034,-0.022187900514382682,0.002963313638016893,-0.0017350573320045583,0.006351610568257417
30,Centralized,0.0030906882144431484,0.00818956738687779,-0.02195871878572123,0.0030012647288006084,-0.0012059180944004788,0.00612451867739794
31,0,0.014787877955863156,0.011866962171648914,-0.07992910829743241,0.01843871802956403,0.004257080183164968,0.030578469957191354
31,1,0.0052887219841719485,0.003917100609749042,-0.02715034524424028,0.00855229709795597,0.003081389230308994,0.006310836322054262
31,2,0.0010256474730040055,0.009265185259770551,-0.019075137118749513,0.0006960668847514628,0.0008704742842800113,0.010061215907892477
31,3,-0.0004924053842264116,0.004199759938399491,-0.015547512289753252,0.006159993146661023,0.003358905189049631,0.0023212593998694657
31,4,0.011740232125675617,-0.0003309466759174259,-0.04826210869419485,0.013921395727297113,0.0065053354999728575,0.012793739305725032
31,5,-0.015304810912618068,0.017422525079760613,0.04670672168490762,-0.015840113165316156,-0.015938113526754245,-0.010880060282327868
31,Aggregated,0.0028444529393162094,0.007723271609869067,-0.023895379845312297,0.005326264098104618,0.00035976255615385985,0.008537649038157121
31,Centralized,0.002890904500128643,0.007359982995562359,-0.023477941283744568,0.005218548669277022,0.0006568770282106636,0.008178427007610607
32,0,0.01750382789133241,-0.0006977539697378268,-0.06934017614092049,0.02036365479904182,0.0026122426076015874,0.02955820481268279
32,1,0.012431226514474725,-0.006039676713131402,-0.02427012309117926,0.012521333641302194,-0.00019239869377677072,0.005689054084858335
32,2,0.003503185165616312,0.005094079252050492,-0.006024257065304988,0.0016267450610811616,-0.006510373459084038,0.010521955775574103
32,3,0.010332498435902338,-0.010328958643506535,-0.010526645977411967,0.01581933475172666,-0.0035986181103147825,0.001158319233328653
32,4,0.00894517842715056,0.0028929703381906503,-0.0377646547797534,0.010551756406004874,0.00863866045978379,0.013877376328895775
32,5,-0.012597294147984241,0.016014071492836426,0.04949343048813242,-0.012293225959793371,-0.026183823810575633,-0.017254030046279602
32,Aggregated,0.006692845952030073,0.0011497670046837526,-0.016423183875644058,0.008105249475508102,-0.004202411861835932,0.007266291464747371
32,Centralized,0.00653854379907913,0.0011502113122274502,-0.016431989344023196,0.007820767578159134,-0.003641999077065732,0.0069269007727428954
33,0,0.012198228565588649,-0.0010429838859801908,-0.06900148522694871,0.01726317725775515,0.006022653723487961,0.026399892658568996
33,1,0.010843357303578863,0.000934289984840736,-0.03409457351940177,0.01252113484225807,0.005436636832841925,0.004518275312715674
33,2,0.0006346865099560851,0.008968562210492269,-0.00871302914054448,-0.006481753563704285,0.003814539096228763,0.007344884731224884
33,3,0.009361230321308981,0.0011122378885444447,-0.02374062352645821,0.012949839499619746,0.00313026997583572,1.3505801461850974e-05
33,4,0.0013891626226578543,-0.003520566561140429,-0.029406685707328014,0.004393737349745915,0.007280975196438584,0.009733530312929808
33,5,0.0011751939565243655,0.014872524849952244,0.032285317788309745,-0.019005104999429038,-0.007630167953861972,-0.02217961380077832
33,Aggregated,0.005936894885183704,0.003552581073019289,-0.022130130769817877,0.0036148351228441336,0.003011508701991402,0.004313979993521256
33,Centralized,0.0058674649144689955,0.003446110114970965,-0.021832895058303648,0.003857771441760613,0.003038401014272147,0.004253978638745379
34,0,0.011395355807277179,0.00042112290479783514,-0.057872846650954046,0.013629833747819033,0.005760036581006764,0.032069110569247564
34,1,0.00576901669056498,-0.0005472148612356777,-0.020480607686429838,0.007985142484422487,0.006050484728483976,0.003756556148141134
34,2,-0.0037076808994346857,0.01066609250858392,-0.003935997107572567,-0.0015956727369171178,-0.00934782267704126,-0.0003749060703094905
34,3,0.0012032828026370393,-0.0023091579075278108,-0.011107034024445475,0.006051742287161043,0.005109091860943316,0.0009824625783266794
34,4,0.011016115684720044,0.0016060375928343789,-0.030489470904036874,0.012056543598653019,0.0038723870416451423,0.008739478177047847
34,5,-0.014573553678149569,0.021296785186540643,0.045069127230031175,-0.005373420174979446,-0.021319999635463105,-0.025098938927979726
34,Aggregated,0.0018529473007599898,0.005184442803171949,-0.013152427081933062,0.0054604672911794435,-0.0016410543935315603,0.003355345899333237
34,Centralized,0.001871978071236492,0.004739897889397159,-0.013198560981316351,0.005256337722971378,-0.0011639027074466695,0.0033828228962882426
35,0,0.015370949324678944,0.006202308552135785,-0.06769563321398557,0.014505336657142313,0.0057851194318062505,0.02858982319655601
35,1,0.005531251560780961,-0.0011796086790598545,-0.023662669585960933,0.007155973228435111,0.004087251659174506,0.00537530355584941
35,2,-6.904865664099523e-06,0.009229916001642137,-0.01242095985914501,-0.0013535860156216875,-0.005016716654913456,0.00963003274192986
35,3,0.0030518727270577393,-0.0031749071374543684,-0.012345687732592824,0.0042443880089989205,0.004666611904103947,0.0007035542368983846
35,4,0.009612843955948332,0.0007549848375049819,-0.03895101658153613,0.008137487298581542,0.005010459988576592,0.011621909463685113
35,5,-0.011052739697259072,0.013578524673189037,0.0417718551418478,-0.014864940199539862,-0.020483212913430946,-0.008949487004807001
35,Aggregated,0.003754753369461849,0.004233481777567806,-0.018900558717250774,0.002975558317476335,-0.0009867444030553767,0.007834376945199974
35,Centralized,0.0036683139771922805,0.00411505989391411,-0.018576352570328303,0.003026396784585467,-0.0006170683568103485,0.007443882419740232
36,0,0.012515476420200065,0.00045028374102549845,-0.05647322530073458,0.014748826547309257,0.0031265909905873334,0.031196250707007777
36,1,0.006293662123459042,0.002775008105038146,-0.026535777395253538,0.006538244187757552,0.006065781587718427,0.0021497292642568564
36,2,-0.004978469117647572,0.011595283233238985,-0.005154487060476689,-0.0036440826559060256,-0.008796551576150967,0.005461764987205321
36,3,0.003886809714488427,0.0017577045316781966,-0.015263080880334472,0.004801428221588735,0.0064386722131563184,-0.001832020986154893
36,4,0.009276754547104377,0.0010352972654110244,-0.031718693570774524,0.01061188599739771,0.0028835481005426633,0.011263655156190601
36,5,-0.018786391403822336,0.027176707115762876,0.053995361693237535,-0.023600241774492974,-0.020416349815080843,-0.030580837276794892
36,Aggregated,0.0013724712488773438,0.007460076924854238,-0.013544066053144196,0.001582154424014639,-0.0017782371561617482,0.002953892436323522
36,Centralized,0.0015576044635382885,0.006982321966047402,-0.013666660715809378,0.0017298517381300676,-0.0012325716543932306,0.0028100260114037362
37,0,0.016558737037914856,-0.0017500719133672306,-0.05572875829980249,0.010975087931928095,0.003927134233719988,0.02311657228547932
37,1,0.00600045443153727,0.002815797326988828,-0.018302599125788174,0.008071789356239175,0.005343258020081329,0.0014771503787458142
37,2,-0.002172450196818607,0.00816749537133191,-0.001635861255398834,-0.0008836753020970016,0.0016973827173800585,0.005897593413975259
37,3,0.004238478904095513,0.0027896025266508752,-0.014061708284420606,0.005670226413709354,0.005032790518992216,-0.000604734900461485
37,4,0.01107361169956518,-0.003193808390168906,-0.029010451702356107,0.00775685941425749,0.008216735783076422,0.008801801576203035
37,5,-0.021681261654683395,0.019609490984202074,0.04862386892724801,-0.008565369419569627,-0.0119486040240927,-0.016394091628181208
37,Aggregated,0.0023422247076112794,0.004737081029767174,-0.011703214922431836,0.003840485995494321,0.002047633974368528,0.003722403965527337
37,Centralized,0.002352177737004822,0.004527013925615108,-0.011782684696017549,0.0038255948858969095,0.0020652249687682514,0.0035609069493937632
38,0,0.012210937726793651,0.0035248357255010954,-0.051947626905331924,0.004442798916360053,0.0028752781195733584,0.02333313345731654
38,1,0.0051635987627955005,0.0006662706435794293,-0.016793829943215998,0.0024929756166211033,0.0030504296097923797,0.0028642483158017396
38,2,-0.006275036451960251,0.00785904463744861,-0.003947260682069245,0.0023876091149764187,-0.005504879425537124,0.005480522807141572
38,3,0.004127902354864268,0.000296989996390187,-0.010105230838674435,0.002924120347012187,0.004154663209143354,-0.0013984450687355308
38,4,0.010319511111860568,-0.002660129241692005,-0.03003902923746829,0.0115829229504483,0.0016849266742842185,0.009111797742567016
38,5,-0.02290598601495157,0.017178069819126063,0.043913238330763396,-0.008285542025517022,-0.01866663850266513,-0.008174024468498419
38,Aggregated,0.00044519867997186956,0.00447569294110577,-0.011501501646120816,0.0025916271860726443,-0.002062978264711891,0.005207218594494788
38,Centralized,0.0006353462834162317,0.004265258023868516,-0.011474795790517286,0.002427220922160261,-0.001663119157604353,0.004951766359835022
39,0,0.011286861710628334,-0.0018456549272984775,-0.053415749463836086,0.010809710073347387,0.004602112949221986,0.02306623409439803
39,1,0.00926785556013782,-0.0014244920059580412,-0.02558503633842703,0.008392832091658751,0.005169508106767292,0.004179332585821037
39,2,-0.005275591913981407,0.0061465582254653685,0.0020576908110096067,0.00040394354290798813,-0.004149682886858575,0.0035886173706004307
39,3,0.004386051456530451,0.0004421947068981901,-0.017796465233774338,0.007131890496393553,0.003261859546772266,0.00285142258722678
39,4,0.004659188291108249,-0.0004843957592805259,-0.02985863634057884,0.011904247040314972,0.006230670926662434,0.007720745686111968
39,5,-0.013910410790978925,0.01683755296908848,0.045818913622676566,-0.01309237059930257,-0.017771397333003938,-0.014797342164376196
39,Aggregated,0.0017399903720916178,0.0032751372270459814,-0.013146027098567145,0.004261907204872473,-0.0004390956006793743,0.004441634730014391
39,Centralized,0.0019196749992249499,0.0030623270156674275,-0.013311977916806203,0.004151406718790209,-0.00019626008426704145,0.004432015779509653
40,0,0.010599431808535505,0.006048220784068535,-0.052369382966278674,0.008240214345716333,0.005693654140346254,0.024682182612280102
40,1,0.006702602322745626,0.0008284077546156615,-0.017892366309899183,0.007446074337415562,0.0017877722601790788,0.0036838166295692612
40,2,-0.010313522219156693,0.008047552903992925,-0.0016901066483870492,-0.0012859210587720094,-0.008270274406708146,0.007964173051201874
40,3,0.006414196265100274,-0.00025107262785905736,-0.01230361666225978,0.0066213336878247755,-0.004522912813759994,-0.0019313960116912206
40,4,0.005043205778752346,-0.002295068327243385,-0.03189602179290767,0.005252566888715512,0.007498018516377726,0.009405715146544438
40,5,-0.028896855146230502,0.015307612835574873,0.0420212011130529,-0.009785684835476986,-0.018123951552067443,-0.007178264917917623
40,Aggregated,-0.001734377528448944,0.004613205836284018,-0.0123690413157546,0.0027516869292665393,-0.002654656966322563,0.00610894685628008
40,Centralized,-0.0012171588867980207,0.004394732320335785,-0.01226752653207204,0.002872510181176184,-0.0023718044819122258,0.005783653147282554
41,0,0.01017473362112201,0.0045346465910316575,-0.060271873845871106,0.014050459623659374,0.00637284610679741,0.02215426808348039
41,1,0.0015317748238320643,0.00021107957829505795,-0.02264363295862539,0.007820266334265124,0.00381360781818932,0.004165390644111969
41,2,0.0015679122327191997,0.005505629244534082,-0.005155838557447122,-0.0002850576165469684,-0.0039025440980370234,0.005024211457826973
41,3,-0.0004156715717371652,-9.17817150839091e-05,-0.012002845190572277,0.0071566134398852,0.0027946689814923424,0.003528172768628448
41,4,0.012281837792998126,-0.002963068995047764,-0.03352266624610548,0.012947179673212537,0.0074838813969869775,0.007527932235752114
41,5,-0.006044901630503235,0.01124765685374052,0.04180281796236244,-0.015188680376373945,-0.016795876758781535,-0.011124439386891635
41,Aggregated,0.0031829020265003913,0.0030735254905499515,-0.01531445817177657,0.004421013135576811,-3.553077261257806e-05,0.005218684628621668
41,Centralized,0.002969365372486913,0.003015436592096122,-0.015213528001488674,0.0042899323591312636,0.00010493082192057789,0.005137949853227817
42,0,0.01191414367258794,-0.0023635233993594537,-0.0451217233127936,0.012067074333345394,0.004933803008688515,0.02094800109303001
42,1,0.006319624340533931,-0.004808368497368041,-0.015698523079689334,0.008505323186784897,0.003135695110550506,0.00245291277642034
42,2,-0.00034877545646312035,0.0013520019220335448,0.0036833150748796467,-0.002306882851252953,-0.0026519774741482617,0.0030557638476839035
42,3,0.0062406215133816055,-0.005010123869502794,-0.01146521986029909,0.008670737400130107,0.0014619920630051138,-2.5305014715587702e-05
42,4,0.011028851099659027,-0.004406880715429273,-0.028941061439284165,0.009027750382665237,0.005913203453528704,0.007378137218860553
42,5,-0.011267569249756353,0.012292981222690028,0.041289799676975866,-0.015725693404782397,-0.014183152014482931,-0.012185194036170575
42,Aggregated,0.003984297146280579,-0.0004938028659138814,-0.009387865822293508,0.003378028160781861,-0.0002289043059240135,0.003609311607818989
42,Centralized,0.0038338521600794137,-0.0004078412639152287,-0.009471512689570324,0.00342513507898499,-0.00010039147677901871,0.0035228636955578208
43,0,0.010594863278716594,-0.0006908142582452003,-0.0434717182665166,0.013644567954692963,0.0014971220771389491,0.027195931437152484
43,1,0.004699713288425144,-0.0026012075851386835,-0.010873763639018928,0.0074605793775675226,0.0034106132208021117,-0.0021513201940626912
43,2,-0.0019406795580261624,0.0009199107454567713,0.0010363567549428851,-0.004273454688866513,-0.0037754422277974445,0.005302860892132547
43,3,0.004105597974543226,-0.004572596374047927,-0.007574849116378347,0.007333628851537543,0.0016790439469443487,-0.0012286041230237144
43,4,0.01092035477581816,-0.0011999608332563805,-0.02586131933298948,0.009580901764851154,0.005921827941987844,0.006975039717953842
43,5,-0.01927874683870456,0.01815094661137843,0.047326243688496,-0.02264304450851425,-0.015766023800074035,-0.02347457280347666
43,Aggregated,0.0015212324203890382,0.0016625415879406539,-0.006583910632681405,0.0018568467093666276,-0.001169609989823901,0.0021126064092928144
43,Centralized,0.0015355466428159227,0.0016184844547504813,-0.006658902493562254,0.001965743284151368,-0.0009230093731656098,0.0019919503367432367
44,0,0.011690559735977598,-0.0001468293976783534,-0.053325334473364946,0.012271087564476943,0.0030901773034986515,0.018296794895922088
44,1,0.008055189173057184,0.004405707161636226,-0.016605415080863377,0.008574261706597652,0.003509644475321753,-0.012915412503544466
44,2,0.0028893470683184525,0.008199021353469178,0.00022729117713975286,0.008026788744648343,-0.0009813995547934026,-0.018326804174210364
44,3,0.005533030513086384,0.003707174550558424,-0.008587394033330212,0.0076484265405444875,0.0030433704383500708,-0.021113377847671273
44,4,0.010322416477729555,-0.002022242022129002,-0.03208350057242717,0.013012501660448036,0.0034694403996555026,0.0009869197601290413
44,5,-0.010109272598679052,0.025563696144634947,0.05277856625611736,-0.00482779235550383,-0.009954194920877986,-0.03761064187198325
44,Aggregated,0.004733663850585061,0.006613696129400639,-0.009615228067228893,0.007453569173845369,0.0003654530787008003,-0.011774719224652001
44,Centralized,0.0044910235723540325,0.00616217286650937,-0.00990289524542033,0.006969656991011419,0.0005044510735975588,-0.010549261241579096
45,0,0.008117857142963909,0.0007917038614331777,-0.052058235283470075,0.01271954034738086,0.006296255868894598,0.021433001145169238
45,1,0.006939981600582573,0.0021273426536663515,-0.020647908573920355,0.008339353710701271,0.007017909092039998,0.0038932750442243437
45,2,-0.0018523840969651866,0.006931698671273122,-0.0027156678157755844,-0.003197180474881889,-0.0007675438212986866,0.004353121167859098
45,3,0.00465387860786677,0.00060072645604017,-0.01661457520383009,0.006620031480886281,0.005403228316717531,0.0005597293796198243
45,4,0.010276481254980013,-0.0029782963292712206,-0.031980521780566575,0.010169370145036043,0.004392128660677805,0.006383102226471841
45,5,-0.010597991585046512,0.016390193799677856,0.036958841448991274,-0.016608417736657735,-0.012609322491096182,-0.011150272793643558
45,Aggregated,0.0029250184646062304,0.003975174963673417,-0.014523230080099762,0.003011644395104293,0.001626207735190526,0.004250999083402264
45,Centralized,0.002907774475842548,0.0037226410891733775,-0.01432855798525221,0.0030735996263455342,0.0017460832979003169,0.004210688970457563
46,0,0.007501909200430576,-0.004087299061334513,-0.043993993582180195,0.010026239492462898,0.003445566440714231,0.023574367477619398
46,1,0.00963448159130777,-0.002438678467366935,-0.0206419314825303,0.008679778628120026,0.007354896498482577,-0.002588546768013301
46,2,0.001161693374579689,0.0008274820915112999,-0.00420595297331373,0.0020242869984594836,-0.0014056739333375892,-0.001269754082018106
46,3,0.011365305332610307,-0.0032534942671549718,-0.015478892149917833,0.009741414089137916,0.007247087265721869,-0.0032433619100284794
46,4,0.007848449976085543,-0.001946968430023488,-0.024208627599488167,0.010959007184440036,0.0037066508875261504,0.007356844066360795
46,5,-0.006022995708871861,0.019753448279516864,0.038645685551490984,-0.015233005045497482,-0.01377761417189523,-0.02610262192516112
46,Aggregated,0.005251198190252318,0.0014700010759499268,-0.011662017486325716,0.004371193751528354,0.001099467739044931,-0.00037090349587441673
46,Centralized,0.005152202129974195,0.0013187031272488036,-0.011615034379044105,0.004324296379204223,0.0012965163501041561,-0.00026352987303327716
47,0,0.011609824471267672,0.00144632828050088,-0.04300773467082153,0.010244909488700367,0.0048173807556227445,0.020426468644106154
47,1,0.006117178633508681,0.0016382194639033294,-0.020128167873414475,0.004279025115182907,0.006176030232918518,-0.000720828500172544
47,2,-0.002344498728204424,0.004299080951707479,0.0017320736708868305,0.0009848767759374649,-0.002379947259856359,-0.002244170652272406
47,3,0.003576198071808794,0.00011794078600434403,-0.013240655991066793,0.003228426589505866,0.00506766914038414,-0.0014371679037505258
47,4,0.010891438367213275,-0.0023359318817407788,-0.027711539290021164,0.009462099643187056,0.004910795330642005,0.0047831378307195424
47,5,-0.014730421039857054,0.014891377837939106,0.04224185812702115,-0.007612347902266357,-0.01255488000617294,-0.025287333496844325
47,Aggregated,0.002523210675067725,0.0033405872557441606,-0.010032260526083478,0.0034331711547792836,0.001009539529502141,-0.0007385892261832453
47,Centralized,0.002509883767077526,0.0031448897563779257,-0.0101348770500225,0.003338903892597584,0.0011518408673607343,-0.00047109096004612123
48,0,0.009162088954873214,0.0027271065573353263,-0.04865188302800262,0.005984831520940578,0.004650876649152252,0.018310380675480225
48,1,0.0038769812835124915,-0.0003532949090728457,-0.013977136106479928,0.007410287729511137,0.007654814043901959,0.0006786232620275871
48,2,0.00029813871281782634,0.0054365863573103135,0.00021053108845781954,0.002118999239274027,-0.008085764931103726,0.002842013299164093
48,3,0.003202028329339806,-0.0010129806468769645,-0.012270751721431538,0.006502008920910709,0.006898623208840399,-0.004056035781366929
48,4,0.009646111234066205,-0.0007136054349772809,-0.024365841762530843,0.008792031582803733,0.0028495798535147165,0.007263290281971488
48,5,-0.007464161340924179,0.014356983422201377,0.03771559883752335,-0.009066535717671397,-0.02649213607687925,-0.006540016822260922
48,Aggregated,0.003121812248548818,0.0034044339981808163,-0.010237050998476705,0.0036262588279488564,-0.0020804546449046672,0.003085690987710615
48,Centralized,0.002908169405809269,0.0031105732690184314,-0.01027123201506758,0.0035867822935112337,-0.0015356817105331075,0.002971904254044258
49,0,0.007844616524425344,0.001511869035908829,-0.03926175824044685,0.013202499885507223,0.0062295780033198266,0.02417060928428415
49,1,0.003675627393385012,-0.00034495066302986035,-0.012327108534007447,0.004452291191640808,0.002295538693717132,-0.0004031304570323092
49,2,0.0008743950936400124,0.002514563989201725,0.0003637479549547592,-5.8835928499123556e-05,-0.005353686952215637,0.0016598158429182535
49,3,0.002865360927540256,0.00046449391686425776,-0.012482435115326705,0.004650109312107179,0.00256532525606398,-0.0009319426645178183
49,4,0.0073303365693811314,-0.0027136897351589286,-0.024288704547023556,0.010296027851726626,0.004927456792100552,0.004197380313875861
49,5,-0.006605557175779212,0.017202495227383097,0.037690179374426494,-0.02048707361275406,-0.021021800439183055,-0.024962637272517033
49,Aggregated,0.002665939438270184,0.0031027740738252397,-0.008396585700934215,0.00201485125290135,-0.001721471385588176,0.000631162315397435
49,Centralized,0.0026472395189492404,0.0028960643602936463,-0.008282477947716523,0.002043044162230059,-0.0014396351959854183,0.000769152865810339
50,0,0.010722003902184932,-0.0010828084170767653,-0.04721069164860696,0.008419595023527697,0.00485770232024241,0.018767825666181855
50,1,0.0074788993321478385,-0.0024108381973768234,-0.009093018339005636,0.00426303427565502,0.004161204479383829,-0.0017475491754775938
50,2,-0.00362369488600981,0.002735847582286454,4.605058294381971e-05,0.0023008377976457056,-0.0020958720818448173,0.0006368310049786546
50,3,0.006713822038133038,-0.003037901854613106,-0.006422439893131746,0.004727598071322753,0.002912697236434544,-0.004611323145217139
50,4,0.0075168956555943306,-0.003959704155903935,-0.026137737204820485,0.008849449716593573,0.005287301558634986,0.0052458011679230206
50,5,-0.0200191859106259,0.02132775287255852,0.03847474953863105,-0.006684952923705976,-0.01404879309906469,-0.013074569034123908
50,Aggregated,0.0014704851302861262,0.002257270907860758,-0.008402765536006019,0.003648014504364687,0.00018234510934676828,0.0008739309068580021
50,Centralized,0.0016210622182983856,0.002005994681789987,-0.008262021321432769,0.0034928810571339874,0.0002765596656766308,0.0009039355747746416
