Round,Evaluator,4,3,0,2,1,5
0,0,,,,,,
0,1,,,,,,
0,2,,,,,,
0,3,,,,,,
0,4,,,,,,
0,5,,,,,,
0,Aggregated,,,,,,
0,Centralized,,,,,,
1,0,,,,,,
1,1,,,,,,
1,2,,,,,,
1,3,,,,,,
1,4,,,,,,
1,5,,,,,,
1,Aggregated,,,,,,
1,Centralized,0.9544191360473633,0.9347991943359375,0.8767860531806946,0.9740709662437439,0.9701166152954102,0.9640990495681763
2,0,,,,,,
2,1,,,,,,
2,2,,,,,,
2,3,,,,,,
2,4,,,,,,
2,5,,,,,,
2,Aggregated,,,,,,
2,Centralized,0.7720839381217957,0.6725306510925293,0.38147884607315063,0.8709695935249329,0.8500680923461914,0.8199500441551208
3,0,,,,,,
3,1,,,,,,
3,2,,,,,,
3,3,,,,,,
3,4,,,,,,
3,5,,,,,,
3,Aggregated,,,,,,
3,Centralized,0.7431136965751648,0.6318596005439758,0.2994673252105713,0.8508831858634949,0.8283325433731079,0.7933983206748962
4,0,,,,,,
4,1,,,,,,
4,2,,,,,,
4,3,,,,,,
4,4,,,,,,
4,5,,,,,,
4,Aggregated,,,,,,
4,Centralized,0.7598180770874023,0.6573955416679382,0.3483225703239441,0.8525692820549011,0.8337215185165405,0.7999345064163208
5,0,,,,,,
5,1,,,,,,
5,2,,,,,,
5,3,,,,,,
5,4,,,,,,
5,5,,,,,,
5,Aggregated,,,,,,
5,Centralized,0.7364223003387451,0.6317005157470703,0.3107474446296692,0.8198142051696777,0.8006726503372192,0.7667456269264221
6,0,,,,,,
6,1,,,,,,
6,2,,,,,,
6,3,,,,,,
6,4,,,,,,
6,5,,,,,,
6,Aggregated,,,,,,
6,Centralized,0.6658989191055298,0.5572810769081116,0.19229328632354736,0.732499897480011,0.717426598072052,0.673723042011261
7,0,,,,,,
7,1,,,,,,
7,2,,,,,,
7,3,,,,,,
7,4,,,,,,
7,5,,,,,,
7,Aggregated,,,,,,
7,Centralized,0.639072060585022,0.5237641334533691,0.15886077284812927,0.6696626543998718,0.6551004648208618,0.6031070351600647
8,0,,,,,,
8,1,,,,,,
8,2,,,,,,
8,3,,,,,,
8,4,,,,,,
8,5,,,,,,
8,Aggregated,,,,,,
8,Centralized,0.77269047498703,0.6798772215843201,0.39145636558532715,0.858648955821991,0.8396643400192261,0.8075708150863647
9,0,,,,,,
9,1,,,,,,
9,2,,,,,,
9,3,,,,,,
9,4,,,,,,
9,5,,,,,,
9,Aggregated,,,,,,
9,Centralized,0.6006079316139221,0.53114914894104,0.16366884112358093,0.7029953002929688,0.6815053820610046,0.6498579978942871
10,0,,,,,,
10,1,,,,,,
10,2,,,,,,
10,3,,,,,,
10,4,,,,,,
10,5,,,,,,
10,Aggregated,,,,,,
10,Centralized,0.6356493234634399,0.5108610391616821,0.13093362748622894,0.6416612267494202,0.6133045554161072,0.5415477752685547
11,0,,,,,,
11,1,,,,,,
11,2,,,,,,
11,3,,,,,,
11,4,,,,,,
11,5,,,,,,
11,Aggregated,,,,,,
11,Centralized,0.5367119312286377,0.47792690992355347,0.135978564620018,0.4567471444606781,0.4606471061706543,0.3962666094303131
12,0,,,,,,
12,1,,,,,,
12,2,,,,,,
12,3,,,,,,
12,4,,,,,,
12,5,,,,,,
12,Aggregated,,,,,,
12,Centralized,0.6303326487541199,0.4704221785068512,-0.004978796001523733,0.7386844158172607,0.7028898000717163,0.6395842432975769
13,0,,,,,,
13,1,,,,,,
13,2,,,,,,
13,3,,,,,,
13,4,,,,,,
13,5,,,,,,
13,Aggregated,,,,,,
13,Centralized,0.6820383071899414,0.6094258427619934,0.30142706632614136,0.765164852142334,0.7542470097541809,0.7225621342658997
14,0,,,,,,
14,1,,,,,,
14,2,,,,,,
14,3,,,,,,
14,4,,,,,,
14,5,,,,,,
14,Aggregated,,,,,,
14,Centralized,0.5941756367683411,0.4307720959186554,-0.025266826152801514,0.6380055546760559,0.6100583076477051,0.5333108305931091
15,0,,,,,,
15,1,,,,,,
15,2,,,,,,
15,3,,,,,,
15,4,,,,,,
15,5,,,,,,
15,Aggregated,,,,,,
15,Centralized,0.6716570854187012,0.5712496042251587,0.24645152688026428,0.7595568299293518,0.7547146081924438,0.7241597175598145
16,0,,,,,,
16,1,,,,,,
16,2,,,,,,
16,3,,,,,,
16,4,,,,,,
16,5,,,,,,
16,Aggregated,,,,,,
16,Centralized,0.6854546666145325,0.5502338409423828,0.14704129099845886,0.8118970394134521,0.7833762764930725,0.736037015914917
17,0,,,,,,
17,1,,,,,,
17,2,,,,,,
17,3,,,,,,
17,4,,,,,,
17,5,,,,,,
17,Aggregated,,,,,,
17,Centralized,0.5759791731834412,0.40179333090782166,-0.09382020682096481,0.6536518931388855,0.609936535358429,0.5307965278625488
18,0,,,,,,
18,1,,,,,,
18,2,,,,,,
18,3,,,,,,
18,4,,,,,,
18,5,,,,,,
18,Aggregated,,,,,,
18,Centralized,0.6739063262939453,0.5314752459526062,0.100354865193367,0.8109714984893799,0.7805675268173218,0.7309218049049377
19,0,,,,,,
19,1,,,,,,
19,2,,,,,,
19,3,,,,,,
19,4,,,,,,
19,5,,,,,,
19,Aggregated,,,,,,
19,Centralized,0.6453450918197632,0.5038639307022095,0.08181019127368927,0.7796206474304199,0.7463365793228149,0.6901810169219971
20,0,,,,,,
20,1,,,,,,
20,2,,,,,,
20,3,,,,,,
20,4,,,,,,
20,5,,,,,,
20,Aggregated,,,,,,
20,Centralized,0.5623089671134949,0.49358320236206055,0.3014023005962372,0.5235900282859802,0.4745088517665863,0.38972800970077515
21,0,,,,,,
21,1,,,,,,
21,2,,,,,,
21,3,,,,,,
21,4,,,,,,
21,5,,,,,,
21,Aggregated,,,,,,
21,Centralized,0.7266845107078552,0.6542919278144836,0.42015019059181213,0.7991840839385986,0.7931440472602844,0.7568155527114868
22,0,,,,,,
22,1,,,,,,
22,2,,,,,,
22,3,,,,,,
22,4,,,,,,
22,5,,,,,,
22,Aggregated,,,,,,
22,Centralized,0.726987361907959,0.60429847240448,0.23363438248634338,0.8495292067527771,0.8246533274650574,0.7862945199012756
23,0,,,,,,
23,1,,,,,,
23,2,,,,,,
23,3,,,,,,
23,4,,,,,,
23,5,,,,,,
23,Aggregated,,,,,,
23,Centralized,0.6377437710762024,0.504436731338501,0.12947684526443481,0.773766815662384,0.7397351264953613,0.6842249631881714
24,0,,,,,,
24,1,,,,,,
24,2,,,,,,
24,3,,,,,,
24,4,,,,,,
24,5,,,,,,
24,Aggregated,,,,,,
24,Centralized,0.6986405253410339,0.5684037804603577,0.17356668412685394,0.8307452201843262,0.8034372329711914,0.7601954936981201
25,0,,,,,,
25,1,,,,,,
25,2,,,,,,
25,3,,,,,,
25,4,,,,,,
25,5,,,,,,
25,Aggregated,,,,,,
25,Centralized,0.7012798190116882,0.568450927734375,0.16892366111278534,0.8335272669792175,0.8062587976455688,0.7635408639907837
26,0,,,,,,
26,1,,,,,,
26,2,,,,,,
26,3,,,,,,
26,4,,,,,,
26,5,,,,,,
26,Aggregated,,,,,,
26,Centralized,0.7159829139709473,0.5942052602767944,0.23911117017269135,0.8345310688018799,0.8084120750427246,0.7668681144714355
27,0,,,,,,
27,1,,,,,,
27,2,,,,,,
27,3,,,,,,
27,4,,,,,,
27,5,,,,,,
27,Aggregated,,,,,,
27,Centralized,0.7090042233467102,0.5842106938362122,0.20320962369441986,0.8366943001747131,0.8100948333740234,0.7680277824401855
28,0,,,,,,
28,1,,,,,,
28,2,,,,,,
28,3,,,,,,
28,4,,,,,,
28,5,,,,,,
28,Aggregated,,,,,,
28,Centralized,0.6656543612480164,0.5250563025474548,0.11705967038869858,0.8075311779975891,0.7774303555488586,0.7284977436065674
29,0,,,,,,
29,1,,,,,,
29,2,,,,,,
29,3,,,,,,
29,4,,,,,,
29,5,,,,,,
29,Aggregated,,,,,,
29,Centralized,0.7542364001274109,0.6449670791625977,0.31255102157592773,0.8634519577026367,0.8410515785217285,0.8076356649398804
30,0,,,,,,
30,1,,,,,,
30,2,,,,,,
30,3,,,,,,
30,4,,,,,,
30,5,,,,,,
30,Aggregated,,,,,,
30,Centralized,0.706426203250885,0.5782766938209534,0.19820429384708405,0.8335369229316711,0.8069208264350891,0.7658451795578003
31,0,,,,,,
31,1,,,,,,
31,2,,,,,,
31,3,,,,,,
31,4,,,,,,
31,5,,,,,,
31,Aggregated,,,,,,
31,Centralized,0.5666372179985046,0.4362844228744507,0.25932666659355164,0.6376113891601562,0.5942547917366028,0.5241822600364685
32,0,,,,,,
32,1,,,,,,
32,2,,,,,,
32,3,,,,,,
32,4,,,,,,
32,5,,,,,,
32,Aggregated,,,,,,
32,Centralized,0.7207751274108887,0.6000466346740723,0.24174273014068604,0.8406309485435486,0.8157756924629211,0.776637613773346
33,0,,,,,,
33,1,,,,,,
33,2,,,,,,
33,3,,,,,,
33,4,,,,,,
33,5,,,,,,
33,Aggregated,,,,,,
33,Centralized,0.7137587666511536,0.5929329991340637,0.23951180279254913,0.8353848457336426,0.8095294237136841,0.7687505483627319
34,0,,,,,,
34,1,,,,,,
34,2,,,,,,
34,3,,,,,,
34,4,,,,,,
34,5,,,,,,
34,Aggregated,,,,,,
34,Centralized,0.6278019547462463,0.4806797504425049,0.18565785884857178,0.7569020390510559,0.7186853885650635,0.6624536514282227
35,0,,,,,,
35,1,,,,,,
35,2,,,,,,
35,3,,,,,,
35,4,,,,,,
35,5,,,,,,
35,Aggregated,,,,,,
35,Centralized,0.7259804606437683,0.6054789423942566,0.24727818369865417,0.844437301158905,0.8194195628166199,0.781618058681488
36,0,,,,,,
36,1,,,,,,
36,2,,,,,,
36,3,,,,,,
36,4,,,,,,
36,5,,,,,,
36,Aggregated,,,,,,
36,Centralized,0.7811464667320251,0.7086438536643982,0.4901069104671478,0.8613132834434509,0.8433133959770203,0.8133150339126587
37,0,,,,,,
37,1,,,,,,
37,2,,,,,,
37,3,,,,,,
37,4,,,,,,
37,5,,,,,,
37,Aggregated,,,,,,
37,Centralized,0.7503486275672913,0.639617919921875,0.30519899725914,0.8593289852142334,0.8370102047920227,0.8026999831199646
38,0,,,,,,
38,1,,,,,,
38,2,,,,,,
38,3,,,,,,
38,4,,,,,,
38,5,,,,,,
38,Aggregated,,,,,,
38,Centralized,0.5665084719657898,0.5943312644958496,0.5019370317459106,0.5944029688835144,0.5559082627296448,0.49917829036712646
39,0,,,,,,
39,1,,,,,,
39,2,,,,,,
39,3,,,,,,
39,4,,,,,,
39,5,,,,,,
39,Aggregated,,,,,,
39,Centralized,0.7570465207099915,0.6487867832183838,0.31863147020339966,0.8644868731498718,0.84275883436203,0.8096487522125244
40,0,,,,,,
40,1,,,,,,
40,2,,,,,,
40,3,,,,,,
40,4,,,,,,
40,5,,,,,,
40,Aggregated,,,,,,
40,Centralized,0.6994650363922119,0.5766618251800537,0.24915894865989685,0.8230058550834656,0.7957422733306885,0.7540555000305176
41,0,,,,,,
41,1,,,,,,
41,2,,,,,,
41,3,,,,,,
41,4,,,,,,
41,5,,,,,,
41,Aggregated,,,,,,
41,Centralized,0.6619164943695068,0.5321218967437744,0.2789728045463562,0.7837348580360413,0.7520327568054199,0.7065001726150513
42,0,,,,,,
42,1,,,,,,
42,2,,,,,,
42,3,,,,,,
42,4,,,,,,
42,5,,,,,,
42,Aggregated,,,,,,
42,Centralized,0.6041861772537231,0.545462965965271,0.4511597156524658,0.615044116973877,0.5800796747207642,0.5277721285820007
43,0,,,,,,
43,1,,,,,,
43,2,,,,,,
43,3,,,,,,
43,4,,,,,,
43,5,,,,,,
43,Aggregated,,,,,,
43,Centralized,0.6985082626342773,0.5721874237060547,0.2602640390396118,0.8198597431182861,0.7926685810089111,0.7517135739326477
44,0,,,,,,
44,1,,,,,,
44,2,,,,,,
44,3,,,,,,
44,4,,,,,,
44,5,,,,,,
44,Aggregated,,,,,,
44,Centralized,0.7053248286247253,0.5808752775192261,0.23827897012233734,0.829820454120636,0.8037592172622681,0.7643805742263794
45,0,,,,,,
45,1,,,,,,
45,2,,,,,,
45,3,,,,,,
45,4,,,,,,
45,5,,,,,,
45,Aggregated,,,,,,
45,Centralized,0.7933416366577148,0.7163859605789185,0.48789048194885254,0.8743440508842468,0.8575650453567505,0.8309484720230103
46,0,,,,,,
46,1,,,,,,
46,2,,,,,,
46,3,,,,,,
46,4,,,,,,
46,5,,,,,,
46,Aggregated,,,,,,
46,Centralized,0.7663881182670593,0.6641749143600464,0.358194500207901,0.8675410151481628,0.8468263745307922,0.8152679204940796
47,0,,,,,,
47,1,,,,,,
47,2,,,,,,
47,3,,,,,,
47,4,,,,,,
47,5,,,,,,
47,Aggregated,,,,,,
47,Centralized,0.6399893164634705,0.5095765590667725,0.3240590989589691,0.7306810021400452,0.7009264230728149,0.6522864699363708
48,0,,,,,,
48,1,,,,,,
48,2,,,,,,
48,3,,,,,,
48,4,,,,,,
48,5,,,,,,
48,Aggregated,,,,,,
48,Centralized,0.6467034220695496,0.5200421810150146,0.35655105113983154,0.7448803782463074,0.7115607261657715,0.6639459729194641
49,0,,,,,,
49,1,,,,,,
49,2,,,,,,
49,3,,,,,,
49,4,,,,,,
49,5,,,,,,
49,Aggregated,,,,,,
49,Centralized,0.7048885226249695,0.5855821371078491,0.3094378113746643,0.822652280330658,0.7966422438621521,0.7573667764663696
50,0,,,,,,
50,1,,,,,,
50,2,,,,,,
50,3,,,,,,
50,4,,,,,,
50,5,,,,,,
50,Aggregated,,,,,,
50,Centralized,0.7179178595542908,0.6010141372680664,0.3434547185897827,0.8277869820594788,0.8027523159980774,0.7649171352386475
