Round,Evaluator,4,3,0,2,1,5
0,0,,,,,,
0,1,,,,,,
0,2,,,,,,
0,3,,,,,,
0,4,,,,,,
0,5,,,,,,
0,Aggregated,,,,,,
0,Centralized,,,,,,
1,0,0.032970298951811805,0.04877741138398113,0.08476999892198843,0.06455818548694094,0.07006958093661653,0.04569382852125372
1,1,0.03886446879809874,0.04983641158493375,0.04979971072711086,0.07267083345184563,0.08164438057003975,0.042657455711073565
1,2,0.05612049677525887,0.05748370582347764,0.05592634126223591,0.06434789550479647,0.07884713010806547,0.037759435246196696
1,3,0.04896164811209788,0.05905707403741033,0.05944011448724609,0.06745895634153364,0.08529370973847081,0.04617119454528724
1,4,0.05543615784892107,0.05973291497894214,0.057517869621716,0.07300539233074317,0.08491940652501191,0.05233117527788247
1,5,0.04061950883054105,0.0504085860223411,0.05869601730592982,0.06377355660098052,0.08520847684338445,0.051574692799156115
1,Aggregated,0.04534527846632965,0.054150819232199596,0.061309663948222085,0.06759890876706875,0.08086611472145985,0.04602725144043801
1,Centralized,0.04139024707448543,0.049857145975120656,0.08193510501678765,0.06339536603844537,0.0767844694138005,0.04161460273683044
2,0,0.03041624798969443,0.025338051717228135,0.07255824514375554,0.016405438590123216,0.003585695212627196,0.023778241278946767
2,1,0.020496443276874537,0.0313582146641619,0.044590466891026734,0.02184972380865863,0.0033991677915897276,0.0399007205512025
2,2,0.029983866734622156,0.02804441708494977,0.033922925315137166,0.025156223370282668,0.009289086056149056,0.03713107715862585
2,3,0.03856972102934888,0.027625152956575076,0.030635310347209385,0.01941020022119764,0.007693680409228567,0.03648890885986963
2,4,0.025155230181799344,0.01818848913265101,0.027880780355195558,0.00932148100916182,0.006004820139082892,0.04067809140530237
2,5,0.031568496965082654,0.02716562488771367,0.033773845533593506,0.021863541190519507,0.015075849736601482,0.03182565689733133
2,Aggregated,0.029377603390730662,0.02627528649884181,0.04094385446667052,0.018969984528528633,0.007461028655975694,0.03483298366062247
2,Centralized,0.024583967128014212,0.02168455012840744,0.06296869096087353,0.014497320373442504,0.0030979515731456267,0.03015402686426241
3,0,0.0014527302341915272,-0.0027797969534384026,0.026958027801431427,0.0029533004082175165,-0.0019958200968501283,0.0056772613656646655
3,1,0.0029123841863079353,0.0021634637822184636,0.004067740138161271,0.01750097344524469,0.010021265167133538,0.017743100316087956
3,2,0.0028881808191452618,0.008992354061090018,-0.0024426011186833105,0.014871276548550706,0.011415590871084687,0.01482493408763354
3,3,0.005337668091346661,0.008326711990403066,-0.013735679107163938,0.01512270373414672,0.020591604195534977,0.004940934160513932
3,4,0.007553396767038383,0.013321982115959122,-0.006812078683078991,0.022126038145456287,0.01569495131387257,0.011281160973024463
3,5,0.005264670321994871,0.007358866374649123,-0.005333801487199417,0.018264941318317202,0.004483480202690533,0.013168129087211707
3,Aggregated,0.004201486457253773,0.006122580185673348,0.0007680432670982302,0.014993779497123796,0.009890950852198608,0.01120550983825718
3,Centralized,-0.0002205583614987951,0.0016419157906973783,0.023169288565156793,0.010478301932791447,0.005425358812482259,0.006821843947052931
4,0,0.0020229715730101833,-0.0037191346507823605,0.03762218631931769,-0.0032306105222473,-0.003303064484182953,-0.0024176157421178218
4,1,0.0025483735717145573,0.005405334232595575,0.006205682551993117,0.0045130109662026565,0.0047207367885611345,-0.0003674421054804533
4,2,0.008009913548983751,0.0023080039883948762,0.004458526564745374,0.006845538787835427,0.00529377338122884,0.0028630183587262685
4,3,0.010084312712706696,0.005639397674821604,0.006035948625773891,0.009151621808750739,0.011286623750160691,0.00174309593027591
4,4,0.008630638859275907,0.00470771046979556,0.006740794280275428,0.009217369243103074,0.00928061167516685,0.001007819753558688
4,5,0.015878918611284792,0.011082647334256868,0.0033537583906834098,0.014590994003761858,0.009266722477651656,0.005163497736925126
4,Aggregated,0.007792516885212436,0.004141944356424557,0.01105845958769882,0.006727165028745118,0.005978285632076357,0.0012871111363976805
4,Centralized,0.0030037488693028325,-0.0001438975156067159,0.03410879133016962,0.001810573190659385,0.0014567321132307927,-0.003612055578782501
5,0,-0.0065815058659359355,-0.017694255315726035,0.03814116552664289,-0.004878510560062945,-0.004590048318847736,-0.001625588411224895
5,1,0.003178163509757159,-0.005113493486411338,0.0026944464659137855,0.004013054956822312,0.0012689054038837833,0.0039800544411418915
5,2,0.005757363635849842,-0.007581505621831318,0.0024359165052538767,0.00583122076582644,0.0031135376638572586,0.0026615618914201905
5,3,-0.001648398255445652,-0.0028551044626082865,-0.002170922768311695,0.003604917490678233,0.0034213466427371886,0.004336292848463048
5,4,-0.0009348890219098904,-0.0021795657029136956,-0.0013316696572471319,0.003953544633019759,0.0010536790866888172,0.005135938288937602
5,5,-0.00385121564385508,0.0022527310440367356,-0.004246753593246376,0.003274942001267948,-0.0043040031523369614,0.007017127224061796
5,Aggregated,-0.000750826634337331,-0.005674375091439597,0.006306627104504592,0.002543144466377647,-6.10495743523963e-05,0.0035217756690110965
5,Centralized,-0.006025322517932089,-0.010136344287839338,0.031331799977930876,-0.0027577189188988925,-0.00554725416865998,-0.0010317653459905667
6,0,-0.00348234215970377,-0.009939799261036584,0.050471774235127984,-0.012129199715759181,-0.009962439279037314,-0.005982734292524082
6,1,0.003473624602283465,-7.789984754551689e-05,0.003500045898819301,-0.002952996373900335,-2.2807989652812168e-05,-0.0005344646891119724
6,2,0.0069134343979122,0.004913399145598004,0.004819713146191562,-0.001823964785152244,-0.0012696444332231567,-0.0015649924409488884
6,3,0.005117347164132673,-0.000700417930090184,0.0025878042685093822,-0.008116958240624129,0.0033209512307394253,0.0008137400442194742
6,4,0.005738670820988583,-0.002467898496563149,0.0029035518646368837,-0.01251999599522901,0.004396030848881592,-0.0004153566411407683
6,5,0.009576788532493196,-0.00317940628214551,0.0041200561893336715,-0.019069648018595106,0.004970589796249725,-0.0010694416591775224
6,Aggregated,0.004459887107170914,-0.0020049477138175094,0.01186887794637349,-0.009467753099296171,0.00011648768963590396,-0.0015131070265201418
6,Centralized,-0.0010289467237319595,-0.008544707956967811,0.039829986490322704,-0.014366584485868632,-0.005492983169593014,-0.007397074559749263
7,0,-0.007196788979496012,-0.006238379876221104,0.04764782724510392,-0.006575940885768203,-0.007394837991430855,-0.007948485200562865
7,1,-0.00207895626256146,0.00394159762986169,0.003122662152461443,0.0019332162961976434,0.0024511874448155447,-0.004764249292280079
7,2,-0.0005504813544440675,-0.00115075879180518,0.004435137660704613,0.001311356207459056,0.0007792209678832596,-0.0005126325956131162
7,3,0.0027724018786488003,-0.0004005576594309594,0.008338997039988345,0.0033220250452385327,0.001989795433589427,0.0015902532902496139
7,4,0.0010536958045254282,0.0001691589001549069,0.004255794332986711,0.003432827281034133,0.0032122590553977184,-0.00313181544096879
7,5,0.00359880085698752,0.0020996470781171656,0.01241956484313331,0.0062372096636170715,-0.0001968437211701217,0.001540843338507584
7,Aggregated,-0.00048169867703026423,-0.00033484579595385324,0.013780920249751525,0.0015119810579948983,4.9800909194474934e-05,-0.002273208439926879
7,Centralized,-0.00642237713272195,-0.0057541631683197675,0.04131747507440421,-0.003728614267147367,-0.005480519161563298,-0.007547594513852346
8,0,-0.011448507392672884,-0.011512237134919409,0.05446166018260864,-0.010267445008900313,-0.008718091416540882,-0.013910948650172674
8,1,0.004988033997214794,-0.0008150183259377034,6.233307150549372e-07,-0.0026549408065903403,0.00710062840625785,0.0019909078595060784
8,2,-0.001993130594150457,0.0009810748690100013,0.0016400530560227349,-0.0006804666596560298,-0.0018180225658701126,-0.004501983702749656
8,3,-0.003633583458015415,0.0014921824896312731,9.993480620452134e-05,-0.00044142570752265056,0.0015819786376023183,-0.0029666797467291475
8,4,-0.0030526633413162367,-0.0006359484269995331,0.003650236835843374,0.00250243487818075,0.007717628973830897,-0.004042485018023254
8,5,-0.004930290740524111,0.0016802764618331055,0.003081856358576601,0.0038128106491712942,0.004968351757938682,-0.0018700013840440308
8,Aggregated,-0.003442168249236206,-0.0015886854429495935,0.01101620481066418,-0.0013958157403845524,0.0016792564101735603,-0.004333077896763366
8,Centralized,-0.009904357563857172,-0.008389383426500157,0.0461757490434346,-0.0077867354755753225,-0.005093467978157466,-0.013124152001389493
9,0,-0.006249915302808927,-0.01746512854640779,0.060340945339207884,-0.013489740652504866,-0.004200909810284196,-0.014659119060969686
9,1,0.0041652620046569,0.0021272942013021083,0.0043757061902317965,0.0006592610949731443,0.003881584147141623,-0.005434075358991808
9,2,0.006825193692703004,-0.005385386032359326,0.00016036793560484744,0.009211061304329384,0.0025953280611808733,-0.0031370829154008534
9,3,0.0078057817827214835,-0.002238064397233824,-0.0038908710246640735,0.0033192602864129056,0.0039336330502698835,-0.0011409175833112868
9,4,0.006014258981477965,-0.006643473354697847,-0.0026460697327963336,0.0041144837740111975,0.004258274727734474,-0.00711662438184832
9,5,0.005146969359227023,-0.012306662110213836,-0.0037790775952068205,0.008515908093809052,0.0047300098436830655,-0.002644189610866891
9,Aggregated,0.0038289666267861226,-0.007110869775610416,0.009707855172255099,0.0018686879788776438,0.0024522606382231566,-0.0057962060249339645
9,Centralized,-0.0032867825683295803,-0.013719473927452349,0.046369413031822924,-0.007517063987445311,-0.003260937244782665,-0.013679997263997427
10,0,-0.011229090611618354,-0.011659080580670904,0.07537297279706298,-0.015678338808309263,-0.0042761344025554135,-0.018878688132208426
10,1,0.003419970515685929,-0.00045519495103344597,-0.001356888927713466,0.0028111327977182908,0.005709343111355045,-0.007970765149253553
10,2,-0.00718256407824823,0.0014780957602163413,0.0016024330203218298,-0.0008123653483356438,0.0014048123099482729,0.003054848059451265
10,3,0.0019023438901536083,0.003636744918567002,-0.003457848945409302,0.0026458074352381615,0.002099738942699001,-0.0028814605184251337
10,4,-0.004726667377118948,-0.0009272184034296323,0.0019194396345956453,-0.00013478875269117656,0.005901423405373559,0.004481157225378686
10,5,-0.006603200157998044,0.0008037974169831288,0.0016775362866361088,0.0034963996509241512,0.0007821323356213596,0.004218890501781739
10,Aggregated,-0.0041556928167116175,-0.001312680357466329,0.013378482155238413,-0.0014513153074215345,0.0018624041879338952,-0.0031864048219527805
10,Centralized,-0.013102611919673025,-0.009374306986285745,0.0628770538696628,-0.012318969654847889,-0.005472567647591732,-0.014048497341261715
11,0,-0.012399761895718594,-0.010563361456549009,0.07328778742147593,-0.01576385563835074,-0.010117895038713782,-0.02488437725955752
11,1,0.005589056475804002,0.0007958254448924266,-0.0022617070901300254,0.004800009807248089,0.00370435336647054,-0.0101881844412291
11,2,0.004212527950185055,0.004124198987473986,0.003354154208951223,-0.0014251179541320993,0.00436317744378135,-0.012402060777106656
11,3,0.0041996587527785975,0.005178718694381556,-0.0009530013256541221,0.0076467358500933395,0.0019635209889559504,-0.009455715464650762
11,4,0.006989973582898593,-0.0008896220288484598,0.0003410605825204434,-0.0043847743808591785,0.008693899160060983,-0.013197418580389956
11,5,0.0031696111532411296,0.0009356219099101926,0.004482646851228046,-0.0028690769296421037,0.007820995769242785,-0.01803162604551123
11,Aggregated,0.0017880305422054564,-0.00019556704473438255,0.013764052779821088,-0.0021643556410093035,0.0025838918878492607,-0.014815402018461618
11,Centralized,-0.0090474950662191,-0.01082341054578144,0.06031845831272803,-0.01244092045088876,-0.006335169808526991,-0.024374099843750774
12,0,-0.01778877102326426,-0.010000423742401109,0.0767273860719014,-0.008698168032374179,-0.01203555913952616,-0.01407449439710355
12,1,-0.0023451422052989286,0.008622418977532383,-0.002643109116595488,0.004174349776178036,-0.0008294657177511581,-0.0016005666423372681
12,2,0.0033159183767134436,0.005592905607431575,-0.004722630870548589,0.0029689462577317366,0.0016649259343472994,0.001566182782168792
12,3,-0.004382780958905137,0.0023732925226242424,0.0039685789273399075,0.0020152168721097115,-0.004585529840926469,-0.003503053736290834
12,4,-0.0009254868001130419,0.010640589753166523,-0.004057397240385686,0.0005636786365209497,0.001210170823531729,0.004710805377830077
12,5,-0.0013989167734417623,0.004933004152707184,-0.0036319733710627683,0.00011620775620928774,-0.00020425245569665924,0.002619187940596778
12,Aggregated,-0.004087111875583967,0.0035294667168874875,0.011728800665903854,8.348661740167662e-05,-0.002578037602349495,-0.0018618383193974297
12,Centralized,-0.01216246471791008,-0.004559688892449388,0.06250753444652542,-0.006960368433438225,-0.010136647861820206,-0.011348361044540803
13,0,-0.017712167953135682,-0.013459909202002516,0.08771458418157348,-0.018511228495764337,-0.014173584937775914,-0.02581347136664635
13,1,-0.004476395907164936,0.006372391146924532,0.003468364184505526,-0.0036059440349458564,0.0010733059347671485,-0.004207620103382978
13,2,-0.008432157576597417,0.0028111971174948087,0.0027676947420420097,-0.002395564621326001,0.005237088839393013,-0.001993692884848912
13,3,0.006251814803120484,0.006387339545214699,-0.0016182532580207136,-0.0010502584866955396,-0.0016803860709808337,-0.0022571513732351704
13,4,-0.007143198129038868,0.002669870122602491,0.0016156559042997732,-0.004196980016687466,0.004569908269292827,-0.0014862371051207234
13,5,-0.007950515157265168,0.005029304885748694,0.007284846387826181,0.00017800070880944732,-0.00311901687462499,0.0004144480336472979
13,Aggregated,-0.006710590608322754,0.0014540739300137723,0.01772140865629954,-0.005093137141840173,-0.001502524712322577,-0.006129456171360292
13,Centralized,-0.0174749368474621,-0.009863549007987606,0.07301910646432196,-0.015260189592850434,-0.008978089775265137,-0.021791979267466313
14,0,-0.019135614573661783,-0.017053706633285905,0.10632151453158763,-0.015388481629256844,-0.01389787487400336,-0.017599644499101057
14,1,-0.00011748576155475494,0.002525612916669482,0.001705990006177969,0.0027341724911812675,0.0014538103826621082,-0.0022445251101343797
14,2,-0.0009206981217363112,0.006121381195795324,-0.0013729062556293156,0.001154111901028724,0.0003424404481230288,-0.0036254370388408095
14,3,0.0004963085769503828,0.00380241565949568,0.0026443645511642923,0.0009557669849445467,-0.001075193584179949,-0.002605549396021344
14,4,0.001634187366385623,0.005933694891040377,-0.00025151866237050534,0.001965676998638155,-0.0002696387329553629,-0.0007792129420414166
14,5,0.0023054178047987864,0.0016376267163866456,0.0030827856381760183,-0.0021623013462821012,-0.00011841009710118663,-0.005048827189413463
14,Aggregated,-0.0028209344366175006,0.000284135963419564,0.019738918802444265,-0.0019531924203222673,-0.002400316336555272,-0.0054644414621306476
14,Centralized,-0.016769294077528325,-0.010190179963242164,0.08946309992821422,-0.009461240769710139,-0.01195525668827542,-0.017999534812427113
15,0,-0.02524134063951646,-0.015028853462805388,0.0886001884731673,-0.029730655601279486,-0.013626469854786983,-0.02018317958678173
15,1,0.0014879259183982123,0.003766798326022796,-0.0034184288667623384,-0.004224540184500821,0.002774242609416403,-0.002776746107932082
15,2,-0.0009662817093164632,0.002139813211187659,0.004022575580720143,-0.006173719607180704,0.003477155545361691,-0.0020552459827524734
15,3,0.0050545597964386435,0.0024330839694353327,-0.003283042131468654,0.0008378259953439918,0.0006364044729434156,-0.0029163630557082062
15,4,-0.0035201831689345344,-0.0007262164096138297,0.004014643523718039,-0.00509596614725835,0.0010737063567124302,0.0023127319918749925
15,5,-0.007897378278292054,0.002824419520008364,0.005185362266228936,-0.010051788995956495,0.003478111246459711,0.0002886884442881953
15,Aggregated,-0.005420939881514219,-0.0009361524794844552,0.016725637384010963,-0.009320783292403404,-0.0005234598913711568,-0.004413032296036042
15,Centralized,-0.022300182537978535,-0.01270576465199528,0.0749705584369415,-0.028051905830680124,-0.010924032639172783,-0.017441421819944514
16,0,-0.027823802006771734,-0.01973518364709121,0.11906385826815795,-0.007987570171263633,-0.0077926419069920755,-0.021939268503833827
16,1,-0.002064311174455848,0.000786742502999734,0.0037392845380032126,-0.0013380331578338183,0.0028778806409789715,0.002332783262641085
16,2,-0.006530653835085239,0.002050307156801068,0.002065027306453641,-0.009991107590073307,0.005203247319160276,0.007019066255498962
16,3,0.0011853360055348538,0.0056121703321798146,0.0008211654218363248,0.0032273243562757174,-0.0037035954832540545,-0.003800253544536834
16,4,-0.005368274093464878,-0.0014201560070678497,0.005901850297797536,-0.010349930238274827,0.00664871367351001,0.006434742255325059
16,5,-0.0062850115500346,0.0030787344920530017,0.003440695604291659,-0.01019941115277764,0.009383925239490207,0.010403053790962086
16,Aggregated,-0.00805432509416716,-0.0018219142783624093,0.023662858564110184,-0.0061290054943032085,0.001984293446766247,-0.00018888697550718076
16,Centralized,-0.023314148916359946,-0.015778807451911667,0.10075790783599121,-0.0077143697168925145,-0.001972141271082074,-0.01614091232162006
17,0,-0.029306388033045305,-0.01852742144931157,0.11600063163670653,-0.006208009941236542,-0.023357727378857343,-0.021356585905302795
17,1,0.0021301998281294528,-0.007681027670348213,0.0031686731477548087,3.7826236120623117e-06,-0.0004009718757367238,0.0009286387995315115
17,2,0.0001251659535860409,-0.00662170767369649,0.004510839563462541,-0.002262638964058409,0.0007376552398494514,-0.000707346283931128
17,3,0.0027205257554237874,-0.001384019418459914,-0.0015218541949369587,0.0030585026901080595,-0.0004552676471529201,0.003183749944294034
17,4,-0.00027660543332148994,-0.00663888455481501,0.003741973981493444,-0.002830389167433329,-0.0009788200806718685,0.00046690061057680734
17,5,0.0005003901186274214,-0.008661427386318718,0.006691628710207448,-0.004774765748586211,-0.0020156036465738755,-0.0016803255268392004
17,Aggregated,-0.004320945374469324,-0.008375591596339977,0.023224346903303217,-0.00221734041288376,-0.004638913365158247,-0.00341189275638931
17,Centralized,-0.02256562270038061,-0.019985874550163478,0.09698974022274662,-0.005893046358695501,-0.02016949141601283,-0.01805686122059995
18,0,-0.03510272043106056,-0.01561038473197418,0.10230368051855776,-0.01991971975993652,-0.023159024190570046,-0.02604862601686636
18,1,0.001817302491367537,0.0022463646925718356,-0.0029381662222038077,0.002415778564124756,0.0001201441852072808,0.0025920158173379005
18,2,0.008054036207993042,0.004487482584806974,-0.0029861985068013828,-0.0023881633887983854,0.0017490884701947152,0.0038170752394597837
18,3,-0.005985567112694765,0.001542419199922354,-0.0014842003873137388,0.003114854211974199,-0.003521514032324526,0.004389612299291452
18,4,0.007668208130110114,0.0043141531592132114,-0.003216624449445929,-0.0018008646152076412,0.0012749309645400846,-2.787586831057472e-05
18,5,0.01081243598099022,0.003855032758576583,-0.0037954521430459093,-0.004996982084144272,0.004390801248826242,-4.62028336891006e-07
18,Aggregated,-0.0025180821265841716,-4.9628002310963724e-05,0.015698000396299688,-0.004120877593558346,-0.0034303066581671507,-0.002828122005412487
18,Centralized,-0.02541598412057765,-0.011595794717659019,0.08406025625472117,-0.01633961618169405,-0.01867363153332941,-0.021886040414477895
19,0,-0.02528420369599551,-0.01218870254332002,0.11464174069266506,-0.019504036522841293,-0.01749324339517485,-0.02649598958731874
19,1,0.0006844113184236444,0.0015027074428161067,0.003932955401577713,0.0008590431885941829,-0.0013167312761655189,-0.0054862010419856715
19,2,-0.0035422773633547924,0.002362758803950586,0.0007355775689984449,0.0037236022670484505,-0.0012191273616184847,-0.004277303078631001
19,3,0.004586495648640557,0.001659399230371472,0.006149333887136218,-0.0019942163490447363,0.0007516113016118301,-0.013118646803665672
19,4,-0.0014170928373164213,0.0023393179220429286,0.0008757619497278139,0.0019460069881637233,-0.0012360911272273863,-0.004111275466245863
19,5,-0.0007070831985623083,0.003107631424334117,-0.0010570478443505402,0.0055133584491880916,-0.002235909958003875,-0.0005689297025348929
19,Aggregated,-0.004531757499644804,-0.0003465015880795868,0.022003740500734816,-0.0017909613630982934,-0.003955837650857229,-0.009219349838192573
19,Centralized,-0.021394820498556438,-0.010113075159629335,0.09550316222632771,-0.01572203539950527,-0.014137523607307934,-0.02420563123091216
20,0,-0.007075211062171312,-0.011197555948670217,0.102518491023741,-0.025720427399401488,-0.02830898733329317,-0.01910948650028381
20,1,0.004071560103586999,0.0015744827842206796,0.0010001460595676155,-0.0018880145934628463,-0.004918134032952267,5.0572002838783804e-05
20,2,-0.000627732037296234,-0.0022047742760301927,0.007295688426589426,0.0013867652763382141,-0.0004061033321595165,-0.003319013637708935
20,3,0.007080902683651364,0.005482047164973607,-0.000709376490453935,-0.005146080694080171,-0.00987666209344712,0.0035442448729813003
20,4,0.003348821901262027,-0.003379863280522508,0.0029523403978468457,0.000935329416486872,0.0005998811906297952,-0.004754431695407065
20,5,0.004043535783774683,-0.003912659438945786,0.006501178078290466,-0.0007759843792372039,5.38449317208714e-05,-0.0037752301108531536
20,Aggregated,0.0017004997544506012,-0.002380040870851474,0.020916526091714852,-0.005447384383950485,-0.0073964352297925424,-0.004734970246536888
20,Centralized,-0.002491640119986612,-0.008666609843842288,0.08694657028709749,-0.021170660263436194,-0.02341675454513437,-0.016507773190081825
21,0,-0.021643282331519763,-0.004770038785621887,0.11812490193506796,-0.014900073260053581,-0.0014958670396316175,-0.03085831076949313
21,1,0.0036822639365342697,-0.0009262724310669453,0.002306288292937484,0.002089123552634862,-0.004798295355447949,-0.006696604958973898
21,2,0.004132165536914857,-0.003912640702329112,0.0010385376812848957,0.004271408572986679,-0.00860634037892694,-0.00954764397198592
21,3,0.006083680401159116,-0.003969904305115855,0.005297397089447785,0.002683771779502268,0.0015933183875620138,-0.005872342801838673
21,4,0.00885000007365256,-0.0033345175815169712,0.007040181022102242,0.0040853994281314305,-0.006545738148492826,-0.012242006855741745
21,5,0.0020835538898769735,-0.0067201911306248785,0.0015579588687050841,0.0019943090409708947,-0.014264515675961846,-0.01197651532988173
21,Aggregated,0.0002655665970988663,-0.003948890861562003,0.023706500152361868,-0.00014174650196590113,-0.005636005464108017,-0.013081267963994595
21,Centralized,-0.01567635245297482,-0.005778022371901323,0.09477768662113388,-0.012089960769721688,-0.0024153793416699255,-0.03184723961715115
22,0,-0.039168657350985014,-0.027151034308181908,0.11247121188441496,-0.006638787222256847,-0.022152757585162514,-0.03654680721990202
22,1,-0.0015282434840009906,0.0020422475639627576,0.0030784680322879666,0.0021209981332082134,0.0011132363660399658,-0.0007784028986390208
22,2,0.0010206533227004489,0.005025337059995362,0.003606059933087056,0.0006294992811119652,-0.0003113009935649095,0.0029239138635949557
22,3,-0.005781366922384664,-0.0035083643617850177,0.0029643269221048224,0.007578814935040362,0.003870286447642118,-0.00514155767899187
22,4,-0.003354737612635038,0.0026521417287620405,0.0020958696783864366,0.0007726636056272422,-0.0012208339497503755,0.001148842932562157
22,5,0.003112887010661695,0.006335908265755659,0.004435496351504049,-1.0077022999784487e-06,0.002020562314257866,0.005353300969959641
22,Aggregated,-0.007994824217534367,-0.002730269250268698,0.022533165883557034,0.0006551955309846359,-0.0030123738037401994,-0.005878893163653602
22,Centralized,-0.029333086704620683,-0.019914314664849848,0.09299151847634594,-0.0031338948261105774,-0.017775854644950132,-0.030277618569649858
23,0,-0.030090127407244458,-0.008765182170543073,0.09495405059791007,0.0006722602394966586,0.012097784371639367,-0.04320324414041552
23,1,0.0038557918179030243,-0.0029568710937705783,0.0018642674512126115,-0.0010510892704805356,-0.0030838642783373475,0.001509787838769095
23,2,0.00392293509603422,-0.0014579966257325901,-0.004824018401500737,-0.0036750701595680583,-0.005576196760016849,0.005255719155219188
23,3,0.0023031051761145697,-0.0024104912321011645,0.003047587606016315,0.0035133921099014293,0.002612558194418533,-0.005132359078484547
23,4,0.005657108418858565,-0.003099981179645272,0.0007323820137728939,0.0010060563234309354,-4.496312017334322e-05,0.0016119790608234306
23,5,0.005027179031157885,-0.004419625534154936,-0.00088362752687056,-0.004126665999102899,-0.007448753710716056,0.007657327208370497
23,Aggregated,-0.001896092732926883,-0.003910594293378503,0.016763825561845518,-0.0005948121436495443,-9.266017983560097e-05,-0.0058368489584273864
23,Centralized,-0.02374166480984887,-0.007579848371940528,0.07479098007834047,0.0016503613600341329,0.008914982057554841,-0.03328243270882476
24,0,-0.023757578034300723,0.002554089336063856,0.10337906031894419,-0.029509970462382566,-0.030630123246938732,-0.027501821995029783
24,1,-0.005038855759652581,0.006006408976716313,-0.00433927451017814,-0.004088183938363708,0.005438269804693894,-0.00017403363647944814
24,2,-0.009103518833568129,0.010120631867939493,-0.005774267516623255,-0.0044474602680278,0.008090880776106231,0.0052029591610134
24,3,0.0006598854625892791,0.0008387395571799054,0.002021589208404477,2.9195559374339818e-05,-0.0006383791376102119,-0.002812113403200405
24,4,-0.0031630217400388763,0.008487601673322286,-0.002538470919942097,-0.005004572686548001,0.00658252062973916,-0.002049749741285669
24,5,-0.005946934602580092,0.006887513546665059,-0.006107224305588533,-0.006154857848892561,0.007992114713683354,0.0033293884967128076
24,Aggregated,-0.007917202608630988,0.005776729030227565,0.01550643507874716,-0.008451487374631802,-0.0008883239182554628,-0.004282624578689691
24,Centralized,-0.02183684127577584,0.007200109757917302,0.08090544765545789,-0.02542592464657288,-0.022046094900433296,-0.022429518323105663
25,0,-0.040828546948691216,-0.016133237412951976,0.10482371417012859,-0.01657951647244534,-0.012573225778988317,-0.04184626001525237
25,1,0.0016733131126502611,-0.00257635688985086,-0.0009923198170860533,-0.001576794390295542,0.005685824169440686,-0.00688157304049769
25,2,0.006629584020487972,-0.0010493233092149945,-0.0013901093432357237,-0.0023570680679346682,0.0060802349491648,-0.007846840366132415
25,3,-0.0068795223186547865,-0.0037075585419010385,-0.003016632635665402,0.000755006181655656,-0.0010600032939129072,-0.004302804987678706
25,4,0.0010472310288504227,8.364150582423902e-06,-7.885579450866987e-06,-0.000476263265223952,0.004859872962165259,-0.007603549071070789
25,5,0.004933987717541833,-0.002630652552934237,0.0027002784729501096,-0.004145739480813626,0.00445705762071066,-0.007310136327480957
25,Aggregated,-0.005993330882593292,-0.004489407465848192,0.018072105426231413,-0.004213439319118865,0.001076014153442997,-0.012982083204682294
25,Centralized,-0.03180019295465188,-0.014641174938816283,0.0860288219730379,-0.015941832241807882,-0.010294423367119944,-0.036970023550443806
26,0,0.0012762282691202189,-0.006415400951739045,0.09946911471741701,-0.003043698925338164,-0.01196327586647776,-0.03471111929340079
26,1,-0.004147579360669907,0.007256108448571117,0.0011926754381941444,-0.0028358323841370815,0.003892374572162989,-0.0005037175452979695
26,2,-0.009044307696544856,0.012773472206624585,-0.0027754414086850064,-0.005933612762144467,0.002348002580802251,-0.0017595418015917328
26,3,0.0036430974235046494,0.0016621165483071722,0.0038625591159811745,0.003542700024459227,0.003111990571774486,0.002290134665393106
26,4,-0.0032772342521273532,0.00848383903835332,0.0008927176700205319,-0.007618908343600306,0.00316313607720607,-0.003760181620399087
26,5,-0.0028410977584170513,0.007570576272157537,0.0011266634818604146,-0.007269677923865789,0.00402618527253952,0.0013246244385307767
26,Aggregated,-0.002354429755682845,0.005082278532561515,0.018279822526686584,-0.0038500544961355366,0.0006105052947607517,-0.006528585403457565
26,Centralized,-0.0005677784975833541,-0.0012810319145954417,0.07955801147481263,-0.003180335937131684,-0.006399031685914123,-0.02733450655164876
27,0,-0.04435440564899174,-0.01131652353565449,0.09219932877833201,-0.036791025421033685,0.013260208237118399,-0.03958617574301683
27,1,0.006578317532275498,0.003097236704699162,0.0016827291404433787,-0.005099144233028286,-0.0018238894839711338,-0.00042238417214333636
27,2,0.0016930408162498444,0.006051186613622608,0.0015332047441250403,-0.0031548426287229914,-0.004523852867395412,-0.0015987366778790683
27,3,0.0029106440037306035,0.001437064434964485,0.0031841786352225943,-0.0010423012816885848,-0.003319794417224052,-0.0028033363805310776
27,4,0.006217887691484425,0.005178597797327237,0.003630321884442722,-0.0039669899985611,-0.003188913221066383,-0.003608365148549686
27,5,0.0053179847733706145,0.002980778225309858,0.0018652377581876785,-0.005029802748700216,-0.0045483828969629814,0.0015752182863733772
27,Aggregated,-0.004094579786789456,0.0010875522482615347,0.018246471462278563,-0.00951167748461875,-0.000523526271276144,-0.008122394757084685
27,Centralized,-0.03388013505224939,-0.007390553348761772,0.07474468630404019,-0.030552601224955574,0.011403930421634007,-0.03337737348178322
28,0,-0.0006627019203833197,-0.010080517298593149,0.08079653226749055,-0.035682587822164984,0.008724409437424262,-0.011530460396904814
28,1,-0.00480171073341098,0.0072399265205611175,0.0030286611359636433,-0.0043956889577600996,-0.004179834440650323,-0.005213858783013474
28,2,-0.005886190413961433,0.009803904079092986,0.005340677422712938,0.003564426274070264,-0.008336314234303569,-0.006355035429179288
28,3,-0.0006272714914293922,0.005791819476777652,0.005908351216048239,-0.004023957112531313,-0.00033448276714304493,-0.00043280552725492215
28,4,-0.004246950299123133,0.011629597607656677,0.008216310241892026,-0.003947974527448345,-0.004596751490075205,-0.009218542809536871
28,5,-0.010635004603874362,0.010548465887248898,0.007142007352616655,-0.0003020978406303779,-0.010397306520064807,-0.011075990963526561
28,Aggregated,-0.0044309167293317036,0.005631557420620261,0.01915336863536121,-0.007802923681286983,-0.003043922653205994,-0.007355110460371212
28,Centralized,-0.0041159439971570335,-0.0011808433352979637,0.06462677307284183,-0.03229240139554074,0.005348334691750089,-0.01428860272347505
29,0,-0.04174361916410617,-0.044053442306832696,0.09144119419722689,-0.007847368485887006,-0.002763926595316298,-0.00537699428913041
29,1,0.0021172083053264444,-0.0017034694310096058,0.003947538085108325,-0.0006411874486706751,0.0025024034424889073,0.003872703090994181
29,2,0.001582298514585904,0.002850351806866891,0.006524289042135809,-0.004271146569018002,-0.0025876669263691808,-0.0022420877043544825
29,3,-0.0047506936764678456,-0.006645826263440712,0.0007099392274208074,0.0010627922378245887,0.00028252107073298836,0.004726669575345988
29,4,0.002066552991037228,-0.001955802545950397,0.005071334146066309,-0.0036554544884579666,3.130959090570003e-05,0.0026501001492484685
29,5,0.00334007899164017,0.003749461514537872,0.00825714569175065,-0.0017796405661863524,-0.0009338132393227524,0.001984396561112987
29,Aggregated,-0.006657083700196818,-0.00839247903303971,0.02018976698761611,-0.0029151787866891323,-0.0006043980140722149,0.0008601200687951979
29,Centralized,-0.0339589568396465,-0.03710365089527615,0.07454815451331138,-0.00527954137901384,-0.0007589335635811415,-0.0010169523417790443
30,0,-0.02379994959474179,-0.0019259933894245876,0.09972534991671413,-0.031367780043100826,-0.014923652971599647,-0.020751054239217703
30,1,-0.00014046420099688336,0.002060023300694992,-7.180928096830649e-05,-0.0008685496907504068,-0.001064426712198746,-0.002000489257250312
30,2,0.003691840892607238,0.0015270480506545873,0.003992255451946345,-0.000497025160750982,-6.274356809011783e-05,-0.002428287119415758
30,3,-6.49919835030673e-05,3.852494973520248e-05,0.0025173309607926034,-0.0025498435513661775,-0.002703497108657325,0.0011128846654788564
30,4,0.002591176866419116,0.001690830088795123,-0.000981592127439405,0.0005188944142321887,-0.0016545775343425994,-0.0002009249314090115
30,5,0.0021986075378328715,0.0008127726837528364,0.0015014509664992145,-0.0015439367003973895,-0.0018228031499999298,-0.002899408502929683
30,Aggregated,-0.0028415942836992544,0.0006690474355050438,0.018762853519278224,-0.006354866841022874,-0.0038397694551031915,-0.004722363505949901
30,Centralized,-0.01865327108422817,0.0003874114810797928,0.07869370469556146,-0.025601330245145434,-0.011737665777355626,-0.018244535871526586
31,0,-0.033385543327823064,-0.004328221174034055,0.08805491879136203,-0.02322984453379587,-0.021893011788716662,-0.004395222521887007
31,1,-0.0018830691908783028,-0.0014991521866621353,0.006531141944691329,-0.0015565241302947983,0.002756745696748848,3.503966874884301e-05
31,2,-0.003696307706430582,-0.002559686032533915,0.0074601764796421305,-0.0013453274283399782,0.004984915774543896,-0.0044059869819450025
31,3,0.002388849282103192,-0.006710045105804138,0.0037173308540813478,-0.007043420172627345,-0.0010507713080052904,0.003624175155711023
31,4,-0.001203869480176379,-0.0009897453843126748,0.006231324597806552,-0.003029763539181174,0.004118870039758672,-0.0028428962716631127
31,5,-0.0012352984647913737,8.579150794784492e-05,0.00648970179681507,-0.004103028714974809,0.0015020332528552208,-0.0009858822126098828
31,Aggregated,-0.006824813583055579,-0.002686759683283406,0.020566303376335023,-0.006915929126196457,-0.0018401801165404508,-0.0015298952181852996
31,Centralized,-0.027297065332042018,-0.003265089911641825,0.07054475849900084,-0.019946694670014357,-0.015227363183353207,-0.0025234932044406228
32,0,-0.009912974396026064,-0.0049194447289185785,0.09045103079175622,-0.028674065338961146,-0.01936991895584964,-0.02802711226617595
32,1,-0.004002707253658714,-0.005234824672647081,0.0012866346913547235,-0.002063153405694118,0.0024105212511290677,0.0018035787968529362
32,2,-0.003960469610311442,0.0010058154917490457,-0.000744320974479451,0.000877980636601324,0.003807912121440946,-0.0009935820738243264
32,3,-0.0001624757339866704,-0.008781084259695168,0.004659019100335785,-0.005077143329320093,0.005691600306780693,0.0013125571866893948
32,4,-0.002193650373514242,-0.007236934210854006,0.0010434984163221034,-0.00013680157412915284,0.0031821212677039116,0.00309704208740495
32,5,-0.0017583484598532326,-0.004247883617929626,0.002134052518026165,-0.0011261435654634018,1.684840739871e-05,0.0010139240950070923
32,Aggregated,-0.003740003846114451,-0.004902597086712671,0.017358518098625625,-0.0063046398083624975,-0.000933846102997357,-0.003924711079469874
32,Centralized,-0.008343274250151708,-0.005349472275389008,0.07068673751120413,-0.023311193999214188,-0.013358201324430078,-0.022776706762392428
33,0,-0.024909131486806367,-0.007639106857761561,0.07148801160255484,-0.002365602347666428,-0.02050503474938582,-0.0011115072398996271
33,1,0.0006197534352359535,0.0009161589404617457,0.0002887704005127204,-5.094757927858555e-05,0.0038838765824999863,-0.0017641804597512615
33,2,-0.0023181384793997395,0.0026465238937148417,-0.0016954138380051748,-0.001388528420367117,3.3057127937606105e-05,-0.004062190656149905
33,3,0.0005075190319131839,-0.00019381878138454895,0.0028268707357801868,-0.0006594354914297291,0.0024840023834082703,0.00039607513991710694
33,4,0.0016857465108759925,0.0019186753225382547,0.0003366945456987995,-6.924579939946071e-05,0.0013594000774086253,-0.0008577765005554756
33,5,0.0030292043134548313,0.0020629567075545942,0.0012736854726425977,-0.003757597742696708,0.0006971834790378384,-0.0011812066132223164
33,Aggregated,-0.0038200580466790234,-0.00013910285549648084,0.013127880610465688,-0.0013936856174959697,-0.00222966282633354,-0.0014263113888291668
33,Centralized,-0.0192324961581924,-0.005924108957619453,0.053343069268677476,-0.001222831731146813,-0.014239961780324413,4.646189902458375e-05
34,0,-0.032519817127385144,-0.003795769757861119,0.08897475742097029,-0.02358970089021563,-0.013688978503650615,-0.020203152359840434
34,1,-0.012173616305050353,0.005813703090761653,0.0005811358621781504,0.0026649270728572537,0.0033152485004637536,-0.00030025356931086944
34,2,-0.012952489741565909,0.010378224785530554,0.0005582272725376795,0.005745263526299788,0.0035737271441669545,-0.002835025721638107
34,3,-0.010193196387673428,0.0010966774765444128,0.0020753301941866015,0.0003507901825971364,0.001542397206051281,0.0028304650124325948
34,4,-0.013853921065993756,0.005932374186522336,0.002537963194702386,0.0021353838052725897,0.002960113391314276,-0.001832727109902996
34,5,-0.0115552553823947,0.00740279344890196,0.004301269838656183,-0.0002368394552380233,0.0005367530835493073,-0.0005504686947892911
34,Aggregated,-0.015744920344176544,0.004372227734315585,0.017373551581073194,-0.0024119883931368155,-0.0004540422076937619,-0.004011652784895784
34,Centralized,-0.030361260907468518,-0.0002819816977479708,0.06786920569158941,-0.018100142964027097,-0.007067900768033197,-0.015757506793868854
35,0,0.006680931265991865,-0.04876089314312928,0.09460566695869822,-0.016167095287839384,-0.02938835054885428,-0.031798958587166394
35,1,0.0022315762195389997,-0.012661379637613428,0.000575209456058439,-0.0026410284107670516,0.004506371404941034,0.0021724326786808643
35,2,-0.0004987939751901501,-0.0034444302251859515,-0.0026157973754569477,-0.005504943788802938,0.0020480881466603,0.003711859717869618
35,3,0.0020330338473018034,-0.015304165629354927,-0.001920100171312979,0.0003644096323450104,0.003513199860604905,-0.0016688025315562465
35,4,0.0017469162574578916,-0.01176732476548518,0.0026845137011005426,-0.003716765418250609,0.0049773114269157665,0.001808327718065648
35,5,0.0019606492098276787,-0.011758011086776623,0.0016729515357457316,-0.005400600187467911,0.004628631286053189,0.003297721188752561
35,Aggregated,0.0024108628762912576,-0.0176600616957189,0.016778059480637052,-0.005638749261311807,-0.0019520225492068149,-0.0040825330029405655
35,Centralized,0.0068825255320151746,-0.04387925724648223,0.07489317536668287,-0.012922568102186362,-0.022565330530134462,-0.026294177595874633
36,0,-0.006645634049257359,0.0008482950947519796,0.0756343769330794,-0.0030958086980519446,-0.019815520024570838,-0.014517843186631695
36,1,0.0032359072075380814,0.0019272275003807164,0.005252593594653678,0.002079815249689063,0.00447341851529921,-0.0108806517749214
36,2,0.0023485558767118177,-0.00023224667688493406,0.0022244710424792363,-0.0025285756367704384,0.0062091453714850035,-0.008004868186377658
36,3,0.0022606028908518103,0.006183418392844247,0.0051772080141126555,0.004518055314633049,0.004386190387623629,-0.009312900974342739
36,4,0.002903295218062061,0.0016154496068996444,0.004597134084195338,0.0016226877006710512,0.004648987605004244,-0.015253293255420398
36,5,0.0026957535384620423,0.0021783317433197464,0.0052152050154409295,-0.0015874168875901725,0.003629135936106896,-0.010652653004561011
36,Aggregated,0.0010398287950908877,0.002071899379929923,0.017060864626643253,0.00012899808339202144,0.00034395528029946957,-0.011473967828419512
36,Centralized,-0.003568416451917684,0.0028182181271705488,0.058321756315516164,-0.0008213009238080472,-0.013208759947282342,-0.018017468932221316
37,0,-0.02502188438308697,-0.0363226083018642,0.0943253353704756,-0.017298067529243285,0.005550221286323848,-0.035963086282891576
37,1,0.0010765609082639294,-0.00030457143415121477,0.0004171981003195657,0.002964884467926663,0.000828851474708192,-0.0026200614927284712
37,2,-0.0013944952368610394,0.003306594581777948,0.004022050418661702,0.0034160452277667143,-0.001211519265625712,-0.0040554697418134986
37,3,-0.0004648165872848923,-0.0019285176383980504,0.0011485754774636632,0.0040522116400343745,0.0015786960100207745,-0.004651802782809303
37,4,-0.0006462225538766575,0.0018942959522761649,0.003519356594272865,0.00415259092929707,-0.00025307780348949503,-0.0025589564526033036
37,5,3.1318166207300324e-05,0.0018435303835067493,0.003189793156573863,0.0023158929242717012,-0.000695329022526936,-0.004261307822700992
37,Aggregated,-0.004650432971306622,-0.00562435567991366,0.018688126517506842,-0.00027265107164716384,0.0010212591312941178,-0.009341460082847874
37,Centralized,-0.02035724089218321,-0.0285222696452246,0.07579570186453824,-0.011078778662054953,0.005032892197430276,-0.0295275895801451
38,0,-0.015906188420356158,-0.007906304337535969,0.09008724318050074,-0.008089981859246986,-0.0033424613414677804,-0.03968888837294135
38,1,-0.0010006012074610382,0.003525230073139198,0.005731955885499925,-0.005662759474365497,0.0011841287314387384,-0.010340388990465797
38,2,0.0012032813750191313,0.007827621866177591,0.0028888842458762998,-0.007203018638494042,-0.0007056476987958915,-0.005863834925160522
38,3,0.0036081743938639788,0.000943904733018329,0.010682209376952474,-0.003018840067044236,0.0014848733549025993,-0.009145523253618719
38,4,0.0007813224868075104,0.0032666266755076406,0.005145673595935977,-0.006676842945207242,-0.001383629402749909,-0.011486480437536173
38,5,0.0008252718468379038,0.004072434863338306,0.006752567756023205,-0.008227871803760924,-0.0002989722223177079,-0.009870642315451263
38,Aggregated,-0.001917850309153537,0.0018367025156064618,0.021052387891331337,-0.0064991876489036635,-0.0005442369299378526,-0.014702465021108673
38,Centralized,-0.011741665901606031,-0.004004018839722697,0.07212225878341968,-0.009712888097333502,-0.001003026187469152,-0.038019311674366216
39,0,-0.026511145948917382,-0.0016787321230124592,0.08646949452155077,-0.014787435597790452,-0.03260702937530587,-0.034259425973062224
39,1,0.007016018857884585,-0.0017359083663924999,0.004037524396145111,0.005817968525429277,-0.004877391576160326,-0.00830950532601622
39,2,0.0033065570284783173,-0.000583746682190254,0.0007202753304434947,0.002840322944775142,-0.0007483612829054631,-0.005258198172801155
39,3,0.0006904695108523132,-0.002961423322271281,0.0021374768779802225,-0.0020688432951596887,-0.0037181510311594173,-0.00372911771269042
39,4,0.004753789921800924,-0.000801565454208425,0.0033784588699707235,0.003422152588921518,-0.0030706171454418143,-0.005516900962569852
39,5,0.007534654062859621,0.0032243857762676662,-0.000177495353057483,0.0019088925895816586,-0.002541841694338798,-0.0035274580340831805
39,Aggregated,-0.000846345796391311,-0.00076722477402169,0.016937947913338518,-0.000649367506259872,-0.00822309372413841,-0.010389723307241104
39,Centralized,-0.01803408967689147,-7.201055235428652e-05,0.06972269055104104,-0.009314234689266336,-0.027217808481480397,-0.02894996451093493
40,0,-0.005414971843897468,-0.011097904631036482,0.06096619861640483,0.0037866554105528577,0.0005139436037664553,-0.033703058049809755
40,1,0.003872359654155757,-0.0013771166171476354,-0.0023176395708464363,0.0013887990207262692,0.0026729652438492605,4.928033685457726e-05
40,2,0.0005828511167221949,0.00017031670858312734,0.0034478323188363875,-0.005641166717603125,0.0006470790504268724,0.0006981545511549688
40,3,0.002335697846718304,-0.003047592619820943,-0.0034471196955918088,0.00512179415186798,1.83678730257264e-05,-0.002948523976267978
40,4,0.003218071816794859,-0.002311126477575509,0.0009577764762304616,-0.0017083761299712381,0.0035307841470089943,0.0002547612873249098
40,5,0.003091833952256716,0.00072069686839899,-0.00034763634848603193,-0.005665950448294662,0.00031139590624271554,-0.0002293871008415734
40,Aggregated,0.0012007026809889264,-0.0029229780065898265,0.010489031729464957,-0.00040221525663039807,0.0012732101015190957,-0.006312142295821465
40,Centralized,-0.002105304868683272,-0.00940865406388202,0.04494728014110935,0.002600177580015935,0.0008099618440469892,-0.027666494922880425
41,0,-0.025331951582124725,0.0027423690466735944,0.08610831498867533,-0.017328671170970332,0.0040013186350726,-0.05942315378848241
41,1,-0.0011904131588133958,0.0023902964111254194,0.0014493596005439033,-0.0007795086003951346,0.0036596117584667192,-0.0032851347495579924
41,2,-0.0014954365942382204,0.005841001098265276,0.003340666501279197,-0.004396043215350019,0.0006328520635496659,2.5465202749006912e-05
41,3,0.000987126970888221,-0.0005139389970078363,-0.0035649248171959348,0.002320015633107503,0.006273413791391791,-0.005111577351483054
41,4,0.0004017643864304495,0.0023591933120974563,-0.00020984562055051764,-0.001688133057347759,0.0017114992991414835,-0.0003545600538108725
41,5,0.0016312229792454296,0.0017980878980028434,0.004013240803825603,-0.004640934879454695,0.0033211430932482966,-0.0017338737984680436
41,Aggregated,-0.004420015477112969,0.0024398388684742805,0.016039644557066243,-0.004573641955798499,0.003275447112478556,-0.012219878526788965
41,Centralized,-0.019188460803859723,0.004088554712120777,0.06715126068750724,-0.014025685095725268,0.005716739997737608,-0.04912030326948193
42,0,-0.0128946603812466,-0.007722252842955,0.06656938373896837,-0.0037929142222299294,-0.0036960866684691163,-0.02124525055152585
42,1,0.004340110250156401,0.0014201276046255328,0.0006067372634181164,-0.002598232510781196,-0.0005146919206636486,-0.001130805934511411
42,2,0.0031116102256104217,-0.0014619937931866888,-0.002103722950518314,-0.0031396665451860336,0.0017046424741300747,-0.00025383039872450597
42,3,0.007446660743954762,0.005045738429184691,0.004360511880081921,-0.0014662961301915424,-0.0036686217460310143,-0.002752868362321216
42,4,0.002909012817354623,0.0012983590309517642,0.0017159329193228384,-0.002146656648173273,-0.000129428339724121,-0.005654716504923782
42,5,0.005743434924363638,0.0010774817144385848,0.0008860378221967086,-0.005401841469672033,0.00030670360771514196,-0.0026118165990420147
42,Aggregated,0.0016001557073528744,-0.00014898004049409324,0.01265992218036417,-0.0030993499279796852,-0.0010319061812602383,-0.0057956716981180665
42,Centralized,-0.005978094207773901,-0.003983746822047257,0.04892387417955217,-0.0039948128418566976,-0.002749836146529214,-0.01788008172773
43,0,-0.04408920834394357,-0.02095891650496418,0.08105485722372528,-0.0004892373715513794,-0.01836789878535009,-0.0021870217671591994
43,1,0.005125919009491054,-0.007587685005994132,0.0022038974706517635,-0.0024935582782910077,0.0021459694843808,0.00028882569116825407
43,2,0.0020355233162571047,-0.0018768983531068,-0.0012658750638499096,-0.0013874432391518042,0.002400771702726526,-0.002055139148286676
43,3,0.002208879533643581,-0.00708710709279409,0.00370936208974091,0.004047853555417156,-6.538147564992084e-06,0.0010647305254785613
43,4,0.003076922171863356,-0.005669461734445956,0.0017381527791822042,-0.0004358192609051866,0.0013716356153940033,0.001890128082425326
43,5,0.002910131862946789,-0.00465874944325607,0.0015025875501190281,-0.00410450249877519,0.0010097275069303007,-0.0008234775639537525
43,Aggregated,-0.005259774441151926,-0.008128810043862551,0.015617808685836204,-0.0008066004671966833,-0.0021050468992957613,-0.0003262368051247664
43,Centralized,-0.03355800266941138,-0.019251054993552365,0.062311548342036456,0.0004303824644898424,-0.013302382191693784,-0.0004019964459240176
44,0,-0.014093897264534472,0.009777847922422795,0.07052128752881616,-0.027422764996365576,-0.015649519298893258,-0.019930203996581634
44,1,0.002041225965878522,-0.0005004968331008626,-0.0031800660509011228,0.00019505105212623276,0.0026817337307617267,-0.004681281505162181
44,2,-0.003712412871739135,-0.0009686007405190322,0.0013126447078757838,0.003063621587612836,0.0032232845780622997,0.0014281296814763296
44,3,0.004010855880372617,0.0013195718727344093,-0.00243096438273994,-0.005358765725707081,0.0037914495512491185,-0.009221325734270504
44,4,0.0020310429477281315,-4.526964990029802e-05,-0.0014376661599355398,0.0001418078824679499,0.002975800671200406,-0.005590914740747868
44,5,0.002058041399602288,0.00033145820164028896,0.0003115690454836247,-0.000942465071379724,0.003411069121843511,-0.0028656831473477533
44,Aggregated,-0.0014311668269012519,0.0017498262079896259,0.01156481394257395,-0.005322077203296702,-0.00011617033586296577,-0.00696749584690618
44,Centralized,-0.010743234010525701,0.008059020014704392,0.05301273062040057,-0.02194543671894176,-0.01010088552372998,-0.01743995294639339
45,0,-0.0112566964796311,-0.002383270324329606,0.0662668670558121,-0.033196597437001325,-0.010087811774249993,-0.010449266622974499
45,1,0.0014673663412463388,-0.006577484126777584,-0.0022160912616794094,0.004970850642806498,-0.007304636619825351,0.002894153721425954
45,2,-0.0023920093169689095,-0.003382932989700553,-0.0013435333731462117,0.005760146474681676,-0.008593065982392949,-0.0004141628983016769
45,3,0.006359564505969187,-0.007959748488290076,0.001653453753196429,0.00020047099536953477,-0.004408744097994409,0.0006700919463171714
45,4,0.0019246427238776695,-0.003971382474219353,0.0003076098096869003,0.0038081756651655602,-0.005959597422673658,0.001698858264488
45,5,0.001652705923997269,-0.003277925239655239,-0.00044542450674488475,0.003429263270599854,-0.007502186810111217,0.0016619429103889752
45,Aggregated,-0.0005045320943600366,-0.004565644176865042,0.01136990413068515,-0.0028725509173443456,-0.007342648798736905,-0.0007737941501906466
45,Centralized,-0.005246247811020082,-0.003930444318865824,0.048886184161739996,-0.024472426798272738,-0.010922671718641691,-0.0062475113900495585
46,0,0.0015788701351151097,-0.008929342853492995,0.0773157864480592,-0.03443065034859565,0.004953660053604524,-0.0353295891267796
46,1,-0.00449613188943467,0.001640466850110154,-0.00018663169495299707,0.00558681037977021,0.006045159538060829,-0.00018661136400278697
46,2,-0.008640121468383636,0.0018688973181224017,-0.0008572051548042007,0.010761823804987497,0.0055586334758561725,0.0017886891841020643
46,3,-0.0030702296664170447,-0.0035617651336526278,0.007208623842382602,0.0017718738273886918,0.004905235428029524,-0.002541322680335247
46,4,-0.007305495240539175,0.0012447715219119822,0.0012533459866054992,0.004949274701387456,0.003756921086024097,-0.0017534832260415736
46,5,-0.007157162182274488,0.0013297582006824942,0.002135573727227744,0.0066006487003216555,0.004011399673794517,-0.0007239139409847813
46,Aggregated,-0.004771328453009381,-0.0011621124586597706,0.015231546013000068,-0.0011966139446481668,0.004872815797106248,-0.006803821683062871
46,Centralized,-0.0001012440828258055,-0.00585049057352193,0.05748613876713065,-0.025121691349770957,0.006371138028104938,-0.028034035713143175
47,0,-0.01605476811071128,-0.025210470960274352,0.06773119374200424,-0.011451128000208194,0.005155556717320489,-0.005710927306422838
47,1,-0.0016810855930532035,-0.0008277214046672366,0.0016276676071801167,-0.001791153548286184,0.0038885626295570835,-0.0012205298493565553
47,2,-0.0043339845568043985,0.0041366587052144846,-0.00031527272221142376,-0.000512873434169897,0.0036057998221970273,-0.00020847555104019921
47,3,0.0017674816768126122,-0.0032990367198025726,0.004105146031424974,-0.005115571850787306,0.0015437836604311765,-0.003681887333991271
47,4,-0.0024724058661877617,0.001447227569615229,0.001202032819979267,-0.0004631563269151299,0.0014910951106351501,0.0011020888862337485
47,5,-0.0028299852218547582,0.0009671068136875516,0.0010846298860947457,-0.0017903858647483266,0.0023333890386798054,-0.0018889802686298412
47,Aggregated,-0.004408764360869167,-0.00405440248241894,0.013233808515299208,-0.0036157814322100843,0.003028835665284845,-0.0019800536735954254
47,Centralized,-0.01151417235462808,-0.01883352093613916,0.049270002924555,-0.010091323674737657,0.005779968207676177,-0.004656209217674027
48,0,-0.021782096172021193,-0.013157169451823297,0.04940966020958658,-0.013797988179572323,0.011069600644810757,-0.023550816821970046
48,1,-0.0019537883942446557,0.002059222952440372,-0.006355395343919575,0.003117981574127419,0.005108876907309147,-0.0021163080083222764
48,2,-0.0016028549027022048,0.005037085220654441,-0.0037909537224985346,0.0036715750005966237,0.0005442262100001353,-0.005959154616271768
48,3,-0.0031120223698001487,0.0014830404988554844,-0.004246536784054057,0.0028777734000541453,0.0037684339652546595,0.0011766112587567419
48,4,-0.0011170357482218802,0.0007397477999489718,-0.00362671527304152,0.003480954126682576,0.0006704964661906953,-0.004466562470187104
48,5,-0.00029679183115592184,0.0030549524578642575,-0.003109547583684671,0.0038197665619848003,0.0006837820738300508,-0.004152161678838522
48,Aggregated,-0.005178886090398256,-0.0002866837157589728,0.005249237664161202,0.00035659950842847584,0.00372995803111563,-0.006715667471247029
48,Centralized,-0.01705017956288505,-0.008068815243318341,0.03444966127361462,-0.00883097845712878,0.009988306306004235,-0.018426313924240913
49,0,-0.011159571633060746,-0.002588572036554598,0.05235562383935258,-0.01906405699484037,-0.0021369106812243683,0.0018677788910801468
49,1,-0.00014671079283799145,-0.002338261630690566,0.0020539555806321865,0.00041434114376142083,0.0015417091266600254,0.0004252501673609515
49,2,-0.00012471570557301415,-0.0020603227773761004,0.0027534515005663085,0.00012793625467574603,0.0003023094765311892,-0.0055267778965631216
49,3,-0.0014458229747363422,0.000902139708841393,0.005028683361297034,0.004809302982473629,-0.0015075468278682002,0.003854676363422012
49,4,0.0018428088604413842,-0.002190561399138345,0.0030416402385954,0.0014377871820649855,-8.806458541863275e-05,-0.0020860225607596565
49,5,0.001331128714618927,-0.0027634008539598564,0.004529020961567445,0.00031047773387276787,0.0008705918076141128,-0.002021296982860204
49,Aggregated,-0.001731541953027894,-0.0018488057620100473,0.012115317060962742,-0.0021986709079158204,-0.00019323546857030695,-0.0005517085624309994
49,Centralized,-0.006824040231548464,-0.002181281036104844,0.037785922747463244,-0.013744116689313607,-0.0009411196565903072,0.0001775090016630124
50,0,-0.015140832614803541,-0.0008887033660199448,0.04740523569635913,0.00706173381990157,-0.021647623354119228,-0.03768453327175592
50,1,0.0018896437761087776,-0.0014869039352160252,-0.0019713126203662404,-0.0038505075885186574,-0.0019296190244840004,0.0012493466383411663
50,2,0.0019312794397155627,2.581895414847842e-05,0.0006821787472955291,-0.0017633213499773336,0.0035625148958129903,4.618802566179192e-05
50,3,-0.0016357421341629689,-0.002610460530628022,-0.00671145033165274,0.005060745965001123,-0.0018882925886001397,-6.176455054253683e-05
50,4,0.002559645160869887,-0.0003206100966953285,-0.002313326942491946,0.0005093920714320095,0.00024010301230144768,0.0013869386892585048
50,5,0.004273749792898236,-0.001033433422988811,-0.0026160629537071516,-0.0013746630545176442,-0.00020494110253274818,0.0009914868090344308
50,Aggregated,-0.0011896522985792189,-0.0010504198840129361,0.006245289824845927,0.0010139439760002414,-0.0038604629709191518,-0.006062408981236924
50,Centralized,-0.009637347989500849,-0.001169663844831647,0.033515989155903675,0.0060804282709758005,-0.01650324755094488,-0.028615002468759112
