Round,Evaluator,3,2,0,1,4
0,0,,,,,
0,1,,,,,
0,2,,,,,
0,3,,,,,
0,4,,,,,
0,Aggregated,,,,,
0,Centralized,,,,,
1,0,-0.03171320404714193,0.16336139308957792,0.18503139261980697,0.17835958833986876,-0.046893559360589254
1,1,0.06721068744415586,0.17104315110539525,0.17281126929614715,0.1792409250425185,0.03692324917237106
1,2,0.01970781937977129,0.17753379538419464,0.1862093106788139,0.18955489261957226,-0.0016231740116176081
1,3,0.15045485713171594,0.14694312873780196,0.14788522090661874,0.14695941882553137,0.12455044358792068
1,4,0.11757889771980443,0.11787098341348796,0.11760013212046598,0.11652837208433305,0.1329449494609186
1,Aggregated,0.0646371735052807,0.15535761065728615,0.16191593073940447,0.1621373442016516,0.04916396769699167
1,Centralized,0.0580365118760415,0.15725437093256872,0.16449287205122567,0.16483301332180866,0.04276312321061805
2,0,-0.01537911401744043,0.10962721993536015,0.12477268890955803,0.09417563927975112,-0.06359754281165873
2,1,-0.011288810325635801,0.06303925178018083,0.062004105321614676,0.06732209846996821,-0.046743873479580485
2,2,-0.022564913709834104,0.09066675559490861,0.0908939857800932,0.09042966164322645,-0.05370032573154501
2,3,0.014099449298647674,0.00985300261496526,0.012132399557285851,0.0024914536321339314,-0.02659481566418958
2,4,0.003081469161868,0.005460153636911793,0.0011733033565573961,0.007715201679735528,0.01975292401169957
2,Aggregated,-0.006412289113523713,0.0557391063540217,0.05820643452374344,0.05243559437128655,-0.034187005875375834
2,Centralized,-0.008260926568093704,0.05986628093818851,0.062445566521164377,0.056768586271834696,-0.035773318601583365
3,0,-0.04375371854207909,0.0430368370332047,0.061272954633941126,0.03203179745821858,-0.06443042009297724
3,1,-0.025780018349910862,0.0266543697217829,0.020602959187049665,0.029659396655972694,-0.04627718683464135
3,2,-0.04196472603501767,0.03731028083134395,0.034239605797051105,0.036893164958635725,-0.05320601829042869
3,3,0.01093876027844449,0.00626726635624066,0.012107597933311304,0.0005781800085159124,-0.019317997582240013
3,4,-0.004902230051676106,-0.005904328230423528,-0.01226956437826304,0.0023358236841460787,0.014435011629997775
3,Aggregated,-0.02109564970026677,0.02147816979617817,0.023197534903220726,0.020303190492899994,-0.033768565056124154
3,Centralized,-0.023588163756254246,0.02337278257916165,0.02501848711383886,0.02224341085921465,-0.03649258579159439
4,0,0.00019445575744171014,0.01980226560797018,0.041576243329534565,0.013757082952416228,-0.06405819253262464
4,1,0.00044242439367507086,0.018442057564287125,0.011319090368319906,0.0210382144149604,-0.04274300207287899
4,2,-0.0037453089377539844,0.02338983258761662,0.019537180968720414,0.021467834240631294,-0.0505563221880662
4,3,0.010198983386994006,0.004482859212814535,0.009454778860910663,0.0019420773828624726,-0.020319270311123874
4,4,-0.0017035124918909092,-0.0029670709236736,-0.009674593901159536,0.006516652550382333,0.020726069279773437
4,Aggregated,0.001077887966768577,0.012632984502458304,0.014447172816533958,0.01294565102020094,-0.03140010887788769
4,Centralized,0.000590309577243094,0.013769772951315562,0.015540465192670697,0.013943437727194224,-0.0340797574708803
5,0,0.01588007195016929,0.01691649781795038,0.03827486881907494,0.006430610680280714,-0.06074339027498345
5,1,0.004591535645975286,0.01458929152698708,0.008884656298708559,0.01637033342224194,-0.0443836783908644
5,2,0.004430060962823897,0.018011093095607052,0.014924919401526552,0.01425921283266503,-0.05079008272589478
5,3,0.013133385750834491,0.005203888764858674,0.01025973609809543,0.0005528718131707151,-0.022674698729384376
5,4,-0.0027055351306388364,-0.0015378221384158694,-0.009985091944959527,0.008317093039848508,0.013992738134090634
5,Aggregated,0.007067736444532208,0.010638925936936088,0.01247612357235155,0.009186237902246179,-0.03292879151603812
5,Centralized,0.00706815740875502,0.011485460391957743,0.013350711043013089,0.009840911351982598,-0.03540118452021708
6,0,0.0007449045553913476,0.001419589206841491,0.021307939652775013,-0.002159600115758892,-0.01995439758288854
6,1,-0.00013807662210793363,0.006626829886940283,0.005835380419667026,0.008676138720658005,-0.019806458670788098
6,2,-0.0025042173284630246,0.007194532294787479,0.00711941240336764,0.004565722460809907,-0.014444927082563414
6,3,0.010272369381700704,0.0023780494983873988,0.00860591296011782,0.0008846015350714257,-0.01989375809116061
6,4,-0.0029255977017000317,-0.004391647139552394,-0.008024758402880406,0.005854087833188833,0.012243845625339677
6,Aggregated,0.0010905845282616175,0.0026467935848820466,0.0069716331795511,0.0035637696154021603,-0.012375773167891905
6,Centralized,0.0006043081655009312,0.0028700019309438013,0.007189589173315891,0.003590624207548008,-0.012378073288768757
7,0,0.0037693856479843117,0.0033547331956670107,0.016495872291929756,-0.0016079923963066363,-0.020227520754213905
7,1,0.004080408225811113,0.009213235533068288,0.0025633731703343784,0.010820798700764717,-0.024204422546780555
7,2,0.0014876947962762584,0.008064146672115578,0.0032877723503507966,0.005791926178358653,-0.0163557868700995
7,3,0.010110957055716855,0.006967926081405566,0.005772449147851174,0.0033625854422598077,-0.023965029818759486
7,4,-0.0008469319078140895,-0.0012837923602477467,-0.010446649940400907,0.003302605024426362,0.010548640536725336
7,Aggregated,0.003721133415144538,0.005264471565493962,0.0035372222954221984,0.004334182101522546,-0.01484559518362755
7,Centralized,0.003378259561375457,0.005294990971194511,0.003689282179380062,0.004296980362883681,-0.014665365618862891
8,0,0.0022065111190059383,-0.0021985150382862937,0.018909808512044626,0.0007492995939784586,-0.019664016136745344
8,1,0.00281834445935523,0.007184243556045485,0.0028710391105953303,0.009252719197279408,-0.02314308533456363
8,2,0.0011669860232266312,0.005849351153844781,0.002065383859516173,0.004500872701583408,-0.014411329024290924
8,3,0.00752786772333305,0.0035481981553448652,0.0072805129503782425,0.00441981598551947,-0.023781010181513927
8,4,-0.0025036957087566647,-0.0013102472883876521,-0.010173670277686472,0.0009094134607520362,0.011814280818117308
8,Aggregated,0.002244070789512441,0.0026153300061748383,0.0041933506766821775,0.003967002359030375,-0.01384185168115659
8,Centralized,0.0019797402580988203,0.0026197865668921407,0.0042777359033358015,0.0039354745795332135,-0.013604398374406242
9,0,0.0029717419537577338,0.0031497159359753445,0.017281358568934417,-0.004078962639672303,-0.019355816618832847
9,1,0.0021505776647099037,0.006270344201817324,0.0034211785058317254,0.008539988561575349,-0.019870791495232774
9,2,0.0014442069777240959,0.005566544810643564,0.0029940204421340156,0.0027154175303436795,-0.012031303724415103
9,3,0.007900850721121438,0.006103900808859828,0.00714503507739714,0.001262633453040842,-0.02150307641681429
9,4,-0.0031966342480124347,-0.0009815386830556124,-0.010164646476803006,0.003424897046470508,0.011599433658533994
9,Aggregated,0.002255146635590566,0.0040227236536315766,0.004138107597377331,0.002372601220489292,-0.012236792851453555
9,Centralized,0.0020401290539943957,0.004013331065410021,0.0042535007462629355,0.0023118837345106726,-0.012085842709123587
10,0,0.004615728257976426,0.0009321398678482677,0.01719459212573981,-0.004706579508451802,-0.017881316953980757
10,1,0.003689834304864137,0.007373595383843458,0.002632148259214743,0.008164354276659153,-0.021523108768590656
10,2,0.002966716619443738,0.005681825061461829,0.001212366461898153,0.0023610885956618292,-0.011878475050994453
10,3,0.00838628770407624,0.006384518158536815,0.006235865367345111,0.0015343181340578883,-0.02274605722881839
10,4,-0.0030802721121048317,0.0018778828857270613,-0.009488586798013529,0.0027810573407939594,0.007993474751521769
10,Aggregated,0.003316840391774064,0.00445046011100474,0.0035597654487068745,0.0020267057522338236,-0.01321107903429167
10,Centralized,0.0031341546894263716,0.004369798747932089,0.003642680256339546,0.0019330485417871487,-0.012917640753931857
11,0,0.0034388236086340803,0.005316276132957454,0.011308907208940061,-0.002659397864880893,-0.016931569559713568
11,1,0.002404066496775187,0.008018362014628947,0.00183324276548269,0.00901829441859824,-0.021103519688709438
11,2,0.002381878737420192,0.006253316796971329,6.5551780865201e-05,0.003087996351977714,-0.011448315755194737
11,3,0.008278621114691449,0.00781873504529396,0.003885009404067704,0.0022129659630232687,-0.02156902586681593
11,4,-0.0019016697355226024,0.002959679390309905,-0.008963191746900849,0.0007860465551892848,0.007444443627509769
11,Aggregated,0.002921222616776889,0.006073853405635859,0.0016279208294102967,0.00248950614328018,-0.012725387589273794
11,Centralized,0.002708073142483051,0.006006641307384414,0.001685439133533928,0.0024670744745150354,-0.012491041723375033
12,0,0.0037747586794919757,0.001816239038060576,0.016005113742729282,-0.0034939499631507815,-0.017822331580994857
12,1,0.0031432062439982976,0.008138535279934434,0.0017051043937950409,0.0085707890744061,-0.020900554522494456
12,2,0.0026641991071926384,0.005644688328759259,0.0007076986039259418,0.0024000178562613604,-0.011292628592886402
12,3,0.008851028967695952,0.00552611476017789,0.005850521345253072,0.0014848437172171954,-0.022222783115679223
12,4,0.0009424312060963372,-0.0011304917669085108,-0.009567800465401394,0.001967861548545863,0.007899120686960276
12,Aggregated,0.003875649051695792,0.003999975908863509,0.0029425101168522416,0.0021859592170742053,-0.012871737896245742
12,Centralized,0.0036269920230386035,0.004003763383844293,0.0030232051019360253,0.0021235795978685377,-0.012620790226996075
13,0,0.002982253748765005,0.0020169885832645286,0.01570238389761002,-0.0027634399419684983,-0.01610944022800618
13,1,0.0022027050952097746,0.007800421170718737,0.002657679372929563,0.008724982160592873,-0.020184313413416036
13,2,0.002102843729913782,0.0054098110370382774,0.0009352956898009801,0.002601345641005626,-0.010235627756948463
13,3,0.0074212165550498,0.005619479214172994,0.006573235712012412,0.0018724061597794218,-0.02118706017225951
13,4,-0.0027704508531942768,0.0017129079333228826,-0.009290320321601146,0.0012014490955170839,0.008540865648110013
13,Aggregated,0.002388658000626956,0.004512442303168899,0.0033180540083321457,0.002327566685120761,-0.011838942953394218
13,Centralized,0.0022022057248403154,0.0044754784552955415,0.0033633346408050934,0.0022910380055599588,-0.011578990582455762
14,0,0.002262014262784212,0.002519655061669211,0.015133834626738363,-0.0033775568598828315,-0.016520483181969303
14,1,0.00303543564865477,0.007802057370936494,0.002360208056802073,0.008419134701478793,-0.02104653980359931
14,2,0.002161827719960289,0.005556578837557454,0.0008615931729592223,0.0023849108054709188,-0.010761960342864522
14,3,0.007713345083345069,0.006485087014850293,0.006323073630574092,0.0017094482952351405,-0.022020640537778798
14,4,0.0012828906045703895,0.0023067661228303596,-0.010485518296131917,0.0018391694182608405,0.005987429071656295
14,Aggregated,0.003291454311257472,0.004934514372028551,0.002841170463179913,0.0021950926428511933,-0.012875981268268506
14,Centralized,0.003049387313214589,0.00486374214897022,0.002901788490049767,0.002132470582114724,-0.01258093748690293
15,0,0.004523042824161531,0.0030748158159437287,0.011467791762357396,-0.003294614291216117,-0.01616339145551216
15,1,0.0033211599778134888,0.007246986313256628,0.002196067173780229,0.008367303767895852,-0.02071070408902084
15,2,0.002595116715492531,0.005456048570296954,0.00045550857237453555,0.0024318064273051313,-0.010869266101052514
15,3,0.00863062674492019,0.0067792994729343175,0.0044659829895087955,0.002021239135063707,-0.021997981260450637
15,4,0.00025083231102291753,0.0013986440755546965,-0.00905457508987716,0.0014596872488545354,0.006041595418696162
15,Aggregated,0.0038648124988646558,0.004791786714333979,0.0019082398431581574,0.002197225848322403,-0.012743474386367274
15,Centralized,0.0036452212461059175,0.004731202994105584,0.001959837585140798,0.0021276191729883986,-0.012448313627917512
16,0,0.004690505816644584,0.002275586287487082,0.009981392806949093,-0.0018097515234541338,-0.01458342030257869
16,1,0.0021611184636182077,0.006399740074346942,0.004905529735619298,0.007478052680139698,-0.021025979755746816
16,2,0.0019160904914718095,0.004684395021791671,0.002223178141896535,0.0020990768365895178,-0.010853918778382009
16,3,0.008071718234530406,0.005546956037606637,0.00529535402078429,0.0025099379156907314,-0.021430970297954797
16,4,-0.0011754081965934507,0.0011679626903752626,-0.008131739065298495,0.0014746954370785214,0.006476665692209599
16,Aggregated,0.003133592961405479,0.004015455477469024,0.002856828989541365,0.0023505700453643652,-0.012287043840889491
16,Centralized,0.002930079203903842,0.003972214506090201,0.002899724151585174,0.002274907651600925,-0.011993406090858715
17,0,0.0033310582287849684,0.0024342030423133505,0.009052860491087968,-0.00036588811296534203,-0.01391058467772439
17,1,0.001412410513504153,0.006219558625264922,0.005394702217153633,0.007454563491250088,-0.0207351059015305
17,2,0.0014989873948113317,0.004758491825582312,0.0022803958919438263,0.00226394460956947,-0.010732542506246298
17,3,0.007653867836751175,0.005946291555381315,0.0051324791402564485,0.0031129417053795756,-0.02163142863683076
17,4,-5.986547773621879e-05,2.0709919399863887e-05,-0.007476092084401907,0.0011141882959786224,0.0065844364671602575
17,Aggregated,0.002767796844303356,0.0038765654126642667,0.0028788351196225538,0.0027162558881404656,-0.012088542789368094
17,Centralized,0.002544031002594355,0.0038322018907021877,0.0029065505431535594,0.002642510544538588,-0.01177651720234247
18,0,0.002901880244013559,0.002950173056015881,0.008450646660893785,-0.0008699484928759586,-0.013521553958905223
18,1,0.0009841269221377458,0.006406359810044826,0.005625536248412349,0.007257921004423562,-0.020274154803244994
18,2,0.0009157832033900026,0.0049135505010990494,0.002473161972569665,0.0023615327750838486,-0.01066478753353309
18,3,0.007313337028763495,0.006289326070942375,0.00517881583136523,0.0030286240288712185,-0.021706687833882046
18,4,-0.0003345150645596096,0.0010785973992665844,-0.00630042161849426,0.00042466017732289605,0.005130512514099902
18,Aggregated,0.0023566018627736007,0.004328202458411523,0.0030873301739848032,0.002440939151519309,-0.012210578603252123
18,Centralized,0.002118459252264278,0.004275374008221316,0.003104896834154858,0.002378485108935713,-0.011878053957021417
19,0,0.001361386177915345,0.0032910920201097925,0.00518280148814099,-0.001987826768749096,-0.007849786569805586
19,1,-0.0014718949013769818,0.003562977498437723,0.0031521085943272704,0.004469485975861074,-0.009709676658482304
19,2,-0.000745712472548582,0.00305137587838538,0.001175571940152879,0.0010684377213372287,-0.00448053465535981
19,3,0.003751560542162561,0.0036075580125006965,0.0016945850953147175,0.00030492106810449854,-0.009467816392771064
19,4,-0.001169729076854133,-0.0005186879274203063,-0.0060227040390486335,0.0006485611978786036,0.0060367412348304545
19,Aggregated,0.00034538810778076356,0.002599448366967132,0.0010378177590333116,0.0009007684729716763,-0.005096310678315101
19,Centralized,0.0001816921432636361,0.00260910956032462,0.0011071880994833582,0.0008893555785833303,-0.0049798280833726226
20,0,0.0007966870090362029,0.0027850345513494635,0.004503809361864921,-0.0016722799319741763,-0.006342022718841058
20,1,-0.0031082890371611307,0.0019146109300130776,0.0015134676694536868,0.002470333602181287,-0.002793123673253702
20,2,-0.001852360904305413,0.002184294119865428,0.0002993255331978935,0.00019435933745802215,-0.0010357632022252945
20,3,0.0015234454522253657,0.002101715018816049,-0.00013289067812899958,-0.0014669124261408929,-0.0021144917194667193
20,4,-0.0011191481822682777,0.0007735151924980125,-0.0045860556570622045,0.0006611858325208497,0.005001004516395172
20,Aggregated,-0.0007518766483793544,0.0019520568824487907,0.000320474883602116,3.723037507612266e-05,-0.001458112707962542
20,Centralized,-0.0008665121098158664,0.00197512763454958,0.00041955102658636966,7.492778604340685e-05,-0.0015230721489611835
21,0,-0.0003675872479322273,0.001832631865165881,0.0034285461071478377,0.0011772017850380197,-0.0059931317054070085
21,1,-0.003374107242494852,0.0016389457030100438,0.0015454825720067364,0.0020916754191193394,-0.0017382583083259942
21,2,-0.001870981302640242,0.0009144278652961894,0.0003723409905605842,0.0006671106207869926,-1.3362968610756513e-05
21,3,0.000914595877374591,0.00036773766048100266,-0.00022396734585934016,-0.00042811844186084745,-0.0006359988758268616
21,4,-0.0009042260413063348,-0.0006468577990178785,-0.003836867024335729,2.5994801882970688e-05,0.005084659519583665
21,Aggregated,-0.001120516378944031,0.000821661752014374,0.0002578947145588329,0.000706913636094755,-0.0006603225356335263
21,Centralized,-0.0012210865709618435,0.0008721006416363511,0.00034923152182833594,0.0007667829094094025,-0.000750611046545178
22,0,-0.0007756889593117267,0.002622490550186903,0.0031183589684628922,0.0009945294603052343,-0.004985387496765524
22,1,-0.0032835565808088606,0.0019048778434898014,0.0017196104286783865,0.0021753762911237576,-0.0013694360139721528
22,2,-0.0018631932895480836,0.0010993945237562919,0.00048439343801728874,0.0007388151939479911,0.0001379173175667936
22,3,0.0006186132935359893,0.0007128505445862317,-0.0005652038572989792,-0.00047485903763384575,-0.00018649913988736945
22,4,-0.0009526518965526606,-0.0002620231019645351,-0.004206305342609245,-6.434028693732737e-05,0.005083876963124775
22,Aggregated,-0.001251365802974355,0.001215806239211172,0.00011100118671771166,0.0006740556272287375,-0.00026493291276440204
22,Centralized,-0.0013450630385865969,0.0012628875413743504,0.00021859124014238506,0.0007370115169945475,-0.00036189997311931733
23,0,-0.0011795700426873907,0.0024783224438913454,0.0028779500508053315,0.0011266890678883663,-0.004860997942067162
23,1,-0.0033708382012583656,0.0017078372648532145,0.001814521166328494,0.002060494441025973,-0.0015629927778446425
23,2,-0.0016035495651181323,0.0008000922146242614,0.0007833144601467761,0.0009126558081931598,-0.0004273902889017948
23,3,0.0006712050731737288,0.0003576339108979957,-0.0004524480893524511,-3.7564870019376104e-05,-0.0006412560527335705
23,4,-0.00035125780221636484,-0.000617144884057678,-0.003286335273254924,0.0003678027982708073,0.0038757317865147967
23,Aggregated,-0.0011669721761215738,0.0009456535639493556,0.00034810092107019825,0.0008861228220108846,-0.0007242643270826117
23,Centralized,-0.0012594973532917201,0.0009990407003064841,0.0004541701909603883,0.0009315177693127989,-0.0008078279222893133
24,0,-0.0013234540052625735,0.002105502299328706,0.0026715674751773702,0.0007985779048101531,-0.00267326484330071
24,1,-0.0030641074800362117,0.0017203521726603054,0.0021274436987360054,0.0022117863063691864,-0.0011873444148776354
24,2,-0.0013650585432996355,0.0010125375871709993,0.001015254422770547,0.001171159476900426,-0.001106828487164402
24,3,0.0006254920213381254,0.00046627085973325135,-0.00042376310770703694,-0.00011415690737959783,-0.0005559042589740475
24,4,-0.00016955838165436294,-0.0003535339541469932,-0.0029019150342032302,0.0010287183394228608,0.0025743689586906465
24,Aggregated,-0.001059520971822324,0.000990487702650668,0.0004983737200259581,0.0010192244693259542,-0.00059039777938306
24,Centralized,-0.0011456195162367325,0.0010400717050159213,0.0006053445116457167,0.0010682412529838647,-0.000670666517217929
25,0,-0.0017479230677103367,0.0015778335995244345,0.002175961902226727,0.0006220976414785102,-0.00210319097310989
25,1,-0.0031285309702020997,0.0013886531409126916,0.001889153623064497,0.001892795377775484,-0.0014715594620932507
25,2,-0.0014481649451805855,0.0007219009212287279,0.0009155903616997178,0.0009465719915612181,-0.0010028887051870847
25,3,0.0004684620498757471,0.00021781216181665692,-0.0005989059870556775,3.668253777071954e-05,-0.0002264480735215013
25,4,1.699373591259786e-05,-0.00038906970053577313,-0.0029697021135093723,0.0009578747430330363,0.0023006848787387882
25,Aggregated,-0.001168072553484594,0.0007036394941866827,0.00028304648446740365,0.0008911990300880656,-0.0005012164050545634
25,Centralized,-0.0012571127985575932,0.0007468512225290546,0.0003879822618266915,0.0009240724763589058,-0.0005787523401009057
26,0,-0.0018993115615640432,0.001351899620450281,0.0019555566517341066,0.0005091500521165083,-0.0017789747283855277
26,1,-0.0031344166738262475,0.0012510722691408756,0.0019583885873522074,0.0016523215831194056,-0.0015670419450837174
26,2,-0.0014234256593878521,0.0007601614752911712,0.0009920213043580614,0.0008645236111348283,-0.0009945500062500075
26,3,0.00040936907512218086,0.00019793817387011396,-0.00029854387042782353,-0.00013013982001476853,-0.00028556067665697814
26,4,-0.00011232798824378036,-0.00048714906018947714,-0.001948037060753908,0.0007141233635765483,0.0017524214150517173
26,Aggregated,-0.0012322505803518723,0.0006149983959450471,0.0005323567448311686,0.0007220040621726433,-0.0005751869403363562
26,Centralized,-0.0013194820468835707,0.0006596059018325533,0.0006183851808475509,0.0007610756499819959,-0.0006407873019060207
27,0,-0.0018807249255389975,0.0012079378477008091,0.0017448136921884572,0.0008478925034108112,-0.0016132733118521907
27,1,-0.003003854034229053,0.0011711042406838698,0.001775378903875637,0.001615289631542701,-0.0014757963620596227
27,2,-0.0013998982834335797,0.0006766251670760374,0.0008874564273226896,0.0007813746283264792,-0.0008790386902124377
27,3,0.0002895025157457672,0.0001276505426338892,-0.0003193916741606184,2.8007640932165012e-05,-0.00023029657572575432
27,4,-3.3124579115421474e-05,-0.00040862266973992203,-0.0018596570250794568,0.0006349425371374322,0.001666461736797368
27,Aggregated,-0.0012058566615522873,0.0005551266622071468,0.0004461657859775658,0.0007815362201511902,-0.0005068050055044042
27,Centralized,-0.0012870965031840616,0.0005959237578927782,0.0005242961273243752,0.0008143280363164566,-0.0005676142302733
28,0,-0.0018689629988952016,0.0010931524208269686,0.001552715142203618,0.0007995489870143128,-0.0015824100038928479
28,1,-0.00285662181246044,0.0011416557912524773,0.001651612233617609,0.001770817541959648,-0.0017087491947252306
28,2,-0.0013228558562958144,0.0006075349948573838,0.0007999566156798773,0.0008280606502180007,-0.0009126964044594473
28,3,0.0002762442424764829,0.00019562552993523016,-0.00023470849581149386,-7.596028060210165e-06,-0.00022689002809028747
28,4,-1.3442879021731876e-05,-0.0002167706167335341,-0.0016549492147260258,0.0006661631759612115,0.0012213492892267789
28,Aggregated,-0.0011573587602326679,0.0005643922430597836,0.00042332683135385475,0.0008114339314294549,-0.0006422381947540759
28,Centralized,-0.0012347676838004196,0.0005943029378217761,0.000491197957662672,0.0008476283237197457,-0.0006986815286621096
29,0,-0.0016344520761167472,0.0009682115676805603,0.0012893059262164127,0.0008646136878800577,-0.0014948074661365108
29,1,-0.0024126049214524287,0.0010578835364469686,0.0014672677924226754,0.001748208181896932,-0.0015322415077402582
29,2,-0.0011454310056808654,0.0006584316448373928,0.0006950817006352769,0.0007385566044648314,-0.0008801157140691148
29,3,0.00024300690887157545,0.00017193493319680637,-0.0002426048984560336,-3.117256611383142e-05,-0.0001411643774985168
29,4,2.6053736191674245e-05,-0.000150332039074715,-0.001575302358806611,0.0005935631469977054,0.0011060175146919463
29,Aggregated,-0.0009848890944021082,0.000541360980642999,0.0003271167958714186,0.0007827976134496277,-0.0005887890852455114
29,Centralized,-0.0010530573258498766,0.000572137408369731,0.00038760207114860537,0.0008180966101211699,-0.0006449947644785514
30,0,-0.0013256400854357198,0.0008843007986635953,0.00107132580195571,0.000812761118084641,-0.0012112485701151088
30,1,-0.002115111342399532,0.001102831376911645,0.001247393284951831,0.0015814126780951084,-0.001322834564477963
30,2,-0.0009671911984579876,0.0005858387271768147,0.0006125042029540562,0.000721238848415795,-0.0008193321724362471
30,3,0.0001350189748802466,0.00012962234778641593,-0.00011054282328210967,-3.825067132182114e-05,-0.00011584782806273175
30,4,-0.00015988612636939995,-0.0001731969889132397,-0.0010332798479953443,0.0003796051261383863,0.000984408082432899
30,Aggregated,-0.0008867098073459447,0.0005060121994457142,0.00035774913951579413,0.0006914194926737782,-0.0004972561974733498
30,Centralized,-0.000938729602424195,0.0005338796281120013,0.00040397467302001887,0.0007265426061244141,-0.0005487686087487342
31,0,-0.0011308617473816229,0.0006407148534059788,0.0008268696913096267,0.0007397911498567722,-0.001075450934798422
31,1,-0.0018145494441349941,0.0008141559153356996,0.0010428057129386807,0.0014285848804717358,-0.001223111313153167
31,2,-0.0007352388349417723,0.00046589033830059706,0.0004996861328577887,0.0006522409920048563,-0.000748669927783524
31,3,0.00016607271866623437,8.340792144072573e-05,-7.044288590537333e-05,-6.626587274712511e-06,-0.00017241116692687426
31,4,-0.0001256298060283915,-0.0001610267237924068,-0.0008117331743837404,0.00027813159563646976,0.000820258108568069
31,Aggregated,-0.0007281647722590718,0.00036873187207033523,0.00029765160155635986,0.000618494983322972,-0.0004801271836023072
31,Centralized,-0.0007713133996632112,0.00039096671298730437,0.00033342826154300067,0.000650033082502142,-0.0005234331368290712
32,0,-0.0007360163592628032,0.0005646595284295989,0.0006542963477195999,0.0005118348806182227,-0.0009267281224776288
32,1,-0.001391817819357416,0.00053997993135817,0.0006956456102937437,0.0009623335747198443,-0.0008939543981065242
32,2,-0.0005894712920941551,0.0004348170365441125,0.00039729618940906135,0.000470501885536682,-0.0005800465908525454
32,3,0.0001225043221785164,8.244861878854796e-05,5.190577299629314e-05,-3.2930816923075015e-05,-0.00022646370852307806
32,4,-8.164596964738887e-05,-0.00021241438739654227,-0.0006091649452763877,0.00017484262103712085,0.000728382681283198
32,Aggregated,-0.0005353818803412161,0.0002819936852598102,0.00023815874961627815,0.0004173665880221916,-0.00037997442300391536
32,Centralized,-0.0005673053941692689,0.000304200148174294,0.0002625220286808616,0.0004433605800403362,-0.00041177346377117195
33,0,-0.0006693910220516538,0.0004429905169119471,0.0004793845593314453,0.00031872051256563635,-0.000571704566757375
33,1,-0.0010277358049710565,0.00046827677488972357,0.0004792948375997197,0.0006023983233952757,-0.0005216499353139891
33,2,-0.0004932540530770043,0.0002922802294128372,0.0002442992247892924,0.00030143852526460607,-0.00034476392638973136
33,3,6.289595793722383e-05,9.483862092566354e-05,0.00010813310000039414,-2.112424494987164e-05,-0.0002447434339134099
33,4,-7.188183772274259e-05,-0.0002559747891026957,-0.0004290649299883468,9.787905739052823e-05,0.0006590424994232569
33,Aggregated,-0.000439948018869452,0.00020857173617315337,0.00017652551767902513,0.0002598957292983427,-0.00020492810103750678
33,Centralized,-0.0004666402781243787,0.00022253480314866995,0.0001896696509588051,0.0002769726673046665,-0.0002225649590524792
34,0,-0.0005425472999726011,0.000304978692178202,0.00023582477900969124,0.00025119247524163133,-0.00024944864645692346
34,1,-0.0008005562913117159,0.00027741985935687184,0.00034613154858392596,0.0003656918836621892,-0.00018868700029127107
34,2,-0.0003152796943521089,0.00019260170361193874,0.00016924266510335296,0.00017456445130665244,-0.0002211291256698352
34,3,6.942824169667294e-05,6.8740807978529e-05,0.00012258137414530856,-1.3238633794154797e-05,-0.0002475117900263557
34,4,-6.761334000564001e-05,-0.00019332160659027615,-0.0003957252809525543,5.170840240661019e-06,0.0006514893873078094
34,Aggregated,-0.0003313678706939847,0.00013014600233185868,9.570442887578716e-05,0.00015670663596199699,-5.118919647565811e-05
34,Centralized,-0.0003498323223518914,0.00013968171882475973,0.00010166320593265979,0.0001690548700791476,-6.056747248467572e-05
35,0,-0.00011773584566392437,0.00016657111935960238,8.644548515790626e-05,3.760873206162992e-05,-0.00017288949091521418
35,1,-0.0003271519382771001,0.00016375360488187589,0.00015663210457610803,0.00015614345228247007,-0.00015074358140469978
35,2,-0.00012854102153564973,0.0001084210700484034,0.00013080289677209017,0.00010339317112755819,-0.00021407611641240202
35,3,5.554763756728254e-05,6.499785614292504e-05,0.00010821116871472247,9.463899065113394e-06,-0.00023822056149004346
35,4,-7.10192674819865e-06,-0.00011773472174039975,-0.0003210216507103625,3.311712810024995e-05,0.00041509092580540956
35,Aggregated,-0.00010501666676124424,7.723904021181794e-05,3.22803758565591e-05,6.795225921048831e-05,-7.22587385514756e-05
35,Centralized,-0.00011289598676490672,8.054063522988283e-05,3.593274073233066e-05,7.301379162372724e-05,-7.677934175586709e-05
36,0,-2.6348222471124966e-05,0.00010962745900649125,4.40175557673006e-05,-1.3937414084841393e-05,-3.2153159446879354e-05
36,1,-0.00020925404352568436,6.884734593700277e-05,6.894039984560914e-05,6.930827374212097e-05,2.1580240009514786e-06
36,2,-5.874352322285762e-05,6.11730134299456e-05,7.819523647222085e-05,5.0547686168842905e-05,-0.00013117241284815173
36,3,5.234990830375596e-05,8.70061993718733e-05,0.00014800909460891966,3.1216057937620095e-05,-0.00020912034591475577
36,4,2.250459609252631e-05,-9.641330533892712e-05,-0.00018492643605585817,2.822794342669151e-05,0.00023060720187556745
36,Aggregated,-4.3911748759964506e-05,4.607496668883489e-05,3.08871572274993e-05,3.307334929082303e-05,-2.7983407090317283e-05
36,Centralized,-4.864710372260994e-05,4.607654719478438e-05,2.8569654096179584e-05,3.468267942326464e-05,-2.75753374834616e-05
37,0,4.956151257448823e-05,6.755415191655271e-05,1.087137525429734e-05,-7.443130971903078e-05,-5.3555730026307497e-05
37,1,-9.706337978255264e-05,1.835148689636005e-05,3.295931909647424e-05,2.5644549524393248e-05,2.01080242653251e-05
37,2,-3.0461203419159442e-05,3.449388209005681e-05,2.8717065981724112e-05,1.8134385488433048e-05,-5.088413014105453e-05
37,3,-3.1070912723799954e-05,9.161936904653796e-05,0.00011807232590337336,1.3337840759519714e-06,-0.00017995456630206334
37,4,3.468951925111874e-05,-4.958225709608688e-05,-0.0001479215857302004,-2.7950057892920748e-05,0.00019076438146808927
37,Aggregated,-1.4878144857563238e-05,3.250250066010068e-05,8.56855955481153e-06,-1.1450862403503496e-05,-1.474205295384548e-05
37,Centralized,-1.3962933509154007e-05,3.092415099342031e-05,5.219960144401773e-06,-1.049912525741085e-05,-1.1682052371257227e-05
38,0,4.969572825112197e-05,4.962432137407176e-05,-1.0265906118892923e-07,-8.522304773844932e-05,-1.3994342825555487e-05
38,1,2.5088226557299733e-05,-3.2922143119525533e-06,4.1296830335768585e-06,3.9044040714530935e-06,-2.9830099350377135e-05
38,2,-1.1439754858805217e-05,2.7205318200618223e-05,1.560809722016924e-05,-7.771183494006036e-07,-3.059654221258164e-05
38,3,-8.375278515399913e-05,9.87432591480671e-05,0.00011687627022400708,-1.1340507181462067e-05,-0.00012052623703661298
38,4,2.018354563316042e-05,-3.578088668360624e-05,-0.00011273415750631307,-3.300314526112717e-05,0.00016133464381788606
38,Aggregated,-4.806219937308858e-08,2.7311399211805726e-05,4.776875446805581e-06,-2.5286677254495728e-05,-6.753535204742491e-06
38,Centralized,3.462548155036549e-06,2.483464710959504e-05,4.948591411054377e-07,-2.4813201556158256e-05,-3.978852849578773e-06
39,0,2.9268251043307326e-05,2.1616828504343135e-05,-1.54147861772073e-06,-5.939584534872348e-05,1.0052244418793747e-05
39,1,-3.189849862324697e-07,8.293456200281212e-06,1.5718981285761657e-05,8.586058038891527e-06,-3.2279510538701925e-05
39,2,-2.8136374379779857e-06,1.942411841197774e-05,2.5227847356038927e-05,-9.033661716595365e-06,-3.280466661344332e-05
39,3,-6.644832070353268e-05,5.544517480705613e-05,8.991300064899825e-05,-1.7788692701746027e-05,-6.112116205077567e-05
39,4,-2.2708198976713798e-05,-2.110850498546942e-05,-7.632046670916029e-05,-3.3277279441244294e-05,0.00015341445011258782
39,Aggregated,-1.2601818457853374e-05,1.6741098140349747e-05,1.061542307820546e-05,-2.2179877509364792e-05,7.425174748662969e-06
39,Centralized,-9.048833608005236e-06,1.5205066425868127e-05,7.262517325434814e-06,-2.199422930270941e-05,8.575479159411703e-06
40,0,8.35106426428182e-05,1.323389465208528e-05,-3.69018258440749e-05,-5.515279816274236e-05,-4.6899132880862116e-06
40,1,-8.820357267295502e-06,1.3794461306954054e-05,1.4122861332710457e-05,-7.5273198021956015e-06,-1.1569645570173408e-05
40,2,-2.1819917503607123e-06,1.4948762785956433e-05,2.0752491730017623e-05,-7.775396472522086e-06,-2.5743866293091258e-05
40,3,-8.11092354652839e-05,3.999332129879796e-05,0.00010008278563897003,3.643150762684029e-05,-9.53983790993244e-05
40,4,-3.8940955463158865e-07,-4.701310269936328e-05,-5.092228997927347e-05,-4.427726374708156e-05,0.0001426020659803499
40,Aggregated,-1.7976257814862407e-06,7.0014658600415775e-06,9.437480275296863e-06,-1.5655288557063387e-05,1.0139682032111894e-06
40,Centralized,2.5377680853699847e-06,6.3336311232897735e-06,5.2180660624715864e-06,-1.713123532681715e-05,3.041770055685807e-06
41,0,6.060389458932095e-05,1.0227190857368488e-05,-2.6277261713651228e-05,-6.442686106195954e-05,1.9873037328921317e-05
41,1,-2.337521747766321e-05,1.350180773119029e-05,2.1096006453885653e-05,-7.591067590032955e-06,-3.6315291173797765e-06
41,2,-2.1118836763941068e-06,3.481521045767266e-06,2.0682383656051016e-05,-2.1118836763941068e-06,-1.994013734903007e-05
41,3,-8.291959129226681e-05,6.35947101356856e-05,6.35947101356856e-05,4.429916162923912e-05,-8.856899060834348e-05
41,4,-1.2005475900404387e-05,-5.577018138874975e-05,-6.0766832675290813e-05,-3.544798458526103e-05,0.000163990474549706
41,Aggregated,-1.196106832389668e-05,7.018545079970739e-06,3.6775006745372726e-06,-1.3052019140962374e-05,1.4317041710351043e-05
41,Centralized,-7.800230519696323e-06,5.406937338453543e-06,1.4376868228064646e-06,-1.527276547786579e-05,1.6228371836302103e-05
42,0,7.181590864477894e-05,1.4670539597181712e-05,-1.556880743076768e-05,-3.4913341514697384e-05,4.411826691920566e-05
42,1,-1.185505887596287e-05,-3.839292164675712e-06,1.8149741731580495e-05,-1.0522839033261232e-05,8.067448342319317e-06
42,2,-3.370064448090145e-06,-3.44017252205675e-06,1.3830798162193607e-05,-3.370064448090145e-06,-3.650496743956566e-06
42,3,-7.521808186313946e-05,5.267967103009622e-05,6.155466948221481e-05,5.181410735370558e-05,-9.083036600287716e-05
42,4,-2.1804136099917716e-05,-3.859923018554127e-05,-4.563517935307996e-05,-2.395005578334867e-05,0.00012998860142188762
42,Aggregated,-8.08308504992728e-06,4.302129510721022e-06,6.475683721595296e-06,-4.185161819191368e-06,1.751825544125565e-05
42,Centralized,-4.678548519748693e-06,2.892857029718199e-06,4.390649692651941e-06,-6.79143985193124e-06,2.0778175610375315e-05
43,0,2.1486075690224647e-05,-2.1208294490134468e-05,-3.94145580799717e-05,-5.816545214215041e-05,2.099490619721182e-05
43,1,-4.54006015557229e-06,-4.22555263705308e-06,1.797178027831044e-05,-3.857051997642931e-06,-5.34911548804214e-06
43,2,4.206484437996316e-08,4.206484437996316e-08,4.206484437996316e-08,4.206484437996316e-08,-1.6825937751985264e-07
43,3,-8.025394083195358e-05,4.744414643545284e-05,5.6530422389703776e-05,4.6778248384891456e-05,-7.049887637809449e-05
43,4,-6.097605752255116e-06,-5.082775948062057e-05,-3.773851571883813e-05,-2.2504542165319164e-05,0.00011716842311703297
43,Aggregated,-1.3873669602974047e-05,-5.746959578289185e-06,-5.15149505074376e-07,-7.539014060110511e-06,1.2410177165882294e-05
43,Centralized,-1.0730441513569685e-05,-7.292333742042745e-06,-3.0597872225627635e-06,-1.0105490395306837e-05,1.4908292985432726e-05
44,0,5.184380902013563e-05,-9.651429607134461e-06,-2.7949913587138608e-05,-5.347012650766351e-05,3.9227660681800944e-05
44,1,-1.6089350646601256e-07,1.821367588472622e-07,5.244181167429751e-07,3.1105636914922443e-07,-8.567177382734492e-07
44,2,0.0,0.0,0.0,0.0,0.0
44,3,-8.026729699370794e-05,3.830904741474739e-05,4.743015899790759e-05,3.830904741474739e-05,-4.378095683369443e-05
44,4,1.3827194200107436e-05,-5.209755730895549e-05,-5.326850155813838e-05,-2.3383904580052498e-05,0.00011492276924703892
44,Aggregated,-2.953974291874304e-06,-4.6428877869714235e-06,-6.6443656663426325e-06,-7.644229992321922e-06,2.1885457737510274e-05
44,Centralized,4.6520132064668354e-07,-5.7006425040695415e-06,-8.337242896555574e-06,-9.904460482984545e-06,2.347714456296298e-05
45,0,4.563733263440173e-05,2.2337640731066402e-05,-1.544874275741792e-05,-2.8665494696152502e-05,5.84971592887155e-05
45,1,-1.5062738182303192e-07,1.9240288349024285e-07,2.4045378901327295e-07,3.213224937922051e-07,-6.03551784472689e-07
45,2,0.0,0.0,0.0,0.0,0.0
45,3,-5.655089181559325e-05,3.466022401600877e-05,4.378133559916897e-05,2.5539112432848565e-05,-4.742978023243305e-05
45,4,1.945313058995072e-05,-5.3796777468712034e-05,-6.112151965897797e-05,-2.508312473980904e-05,0.00012054829127754833
45,Aggregated,1.674917452613705e-06,6.888294938707848e-07,-6.49972646070888e-06,-5.574214171450048e-06,2.618517359222906e-05
45,Centralized,3.514491319691245e-06,2.9061265164701903e-08,-8.124266586286473e-06,-6.949694619051705e-06,2.7878252315013026e-05
46,0,4.2937103082552055e-05,-1.9198932539064386e-05,-3.695104986257691e-05,-3.7727173859101554e-05,5.09400531781908e-05
46,1,-1.4063796404858072e-07,2.5044320678772417e-07,2.5044320678772417e-07,-1.027757376981242e-08,-3.4997087575705523e-07
46,2,0.0,0.0,0.0,0.0,0.0
46,3,-5.837511413222529e-05,3.2836001699376725e-05,4.195711328253693e-05,3.2836001699376725e-05,-4.925400254906509e-05
46,4,3.3695057153225e-05,-3.955485090543775e-05,-5.420433528596965e-05,-1.7579381256638272e-05,7.764351029482067e-05
46,Aggregated,3.6181009022584605e-06,-5.127247333148114e-06,-9.781583092925445e-06,-4.494022702457693e-06,1.5784752226272794e-05
46,Centralized,5.693086928731939e-06,-6.043369604776435e-06,-1.1402863844898562e-05,-6.14578476991201e-06,1.789893129085507e-05
47,0,6.039410039921552e-05,-1.5603449437038654e-05,-3.390418807107109e-05,-5.311479854310612e-05,4.222833565200035e-05
47,1,-1.694685073623988e-07,1.5643246833452196e-07,2.216126634739061e-07,-3.910811708363049e-08,-1.694685073623988e-07
47,2,0.0,0.0,0.0,0.0,0.0
47,3,-5.472666949896121e-05,3.648444633264081e-05,3.648444633264081e-05,3.648444633264081e-05,-5.472666949896121e-05
47,4,2.63701492192255e-05,-3.9554602289837423e-05,-6.152924321996915e-05,4.395093929759897e-06,7.031860236082118e-05
47,Aggregated,6.3703794774597144e-06,-3.6969517528442282e-06,-1.1736443753522032e-05,-2.4565493438647224e-06,1.151956537277127e-05
47,Centralized,8.477266716052275e-06,-4.683857018250581e-06,-1.2838633340322981e-05,-4.786204879464462e-06,1.3831428521985749e-05
48,0,5.78890973301549e-05,-2.4881640896196046e-05,-3.69131362393101e-05,-4.299593762798759e-05,4.6901617433338835e-05
48,1,-1.4339642930664513e-07,1.8250454639027562e-07,1.8250454639027562e-07,-7.821623416726098e-08,-1.4339642930664513e-07
48,2,0.0,0.0,0.0,0.0,0.0
48,3,-5.472666949896121e-05,3.648444633264081e-05,3.648444633264081e-05,3.648444633264081e-05,-5.472666949896121e-05
48,4,3.808973672365101e-05,-4.2484499165943804e-05,-4.9809655715543634e-05,-1.3184287326878374e-05,6.73887054847148e-05
48,Aggregated,8.21664797551895e-06,-6.133296948935085e-06,-1.0004023815644643e-05,-3.953418144383371e-06,1.1874090933444148e-05
48,Centralized,1.0105299405136862e-05,-7.141670401883404e-06,-1.1226501399595283e-05,-5.871557031961183e-06,1.4134429428303008e-05
49,0,5.550130570811292e-05,-2.6627809333655088e-05,-3.289516843815547e-05,-2.0177854721089204e-05,2.4199526784786836e-05
49,1,-6.518019513938415e-08,0.0,1.9554058541815245e-07,-6.518019513938415e-08,-6.518019513938415e-08
49,2,0.0,0.0,0.0,0.0,0.0
49,3,-5.837511413222529e-05,3.2836001699376725e-05,4.195711328253693e-05,3.2836001699376725e-05,-4.925400254906509e-05
49,4,2.9299383120397666e-05,-2.197422657079784e-05,-4.394969621959732e-05,7.325156549599828e-06,2.9299383120397666e-05
49,Aggregated,5.268080403162554e-06,-3.149944421550315e-06,-6.93183468884964e-06,3.982749574394865e-06,8.30949132842531e-07
49,Centralized,7.4368771034431324e-06,-4.496121477970405e-06,-8.515730991089561e-06,2.266589515231843e-06,3.308385850384991e-06
50,0,6.207069718873192e-05,-2.673777092696746e-05,-2.673777092696746e-05,-2.673777092696746e-05,1.8142615592170453e-05
50,1,-3.910811708363049e-08,-3.910811708363049e-08,1.5643246833452196e-07,-3.910811708363049e-08,-3.910811708363049e-08
50,2,0.0,0.0,0.0,0.0,0.0
50,3,-5.837511413222529e-05,3.2836001699376725e-05,4.195711328253693e-05,3.2836001699376725e-05,-4.925400254906509e-05
50,4,1.1719587504425515e-05,-1.7579381256638272e-05,-1.7579381256638272e-05,1.1719587504425515e-05,1.1719587504425515e-05
50,Aggregated,3.0741270657745855e-06,-2.3014556215446436e-06,-4.3782234764124473e-07,3.5539370300047043e-06,-3.888786126593405e-06
50,Centralized,5.5552973011592975e-06,-3.700771214093512e-06,-2.2835952946350288e-06,1.7257805712767028e-06,-1.296711363707459e-06
