Round,Evaluator,2,5,4,1,3,0
0,0,,,,,,
0,1,,,,,,
0,2,,,,,,
0,3,,,,,,
0,4,,,,,,
0,5,,,,,,
0,Aggregated,,,,,,
0,Centralized,,,,,,
1,0,-0.17636554621848669,-0.1469537815126051,-0.19845938375350133,-0.2224439775910367,0.022408963585434313,0.7197128851540631
1,1,0.21036414565826334,-0.126015406162466,-0.011624649859944013,0.6156512605042026,-0.1517156862745098,-0.19212184873949556
1,2,0.2444210526315792,0.13540350877193008,-0.052491228070175484,-0.08147368421052611,0.08094736842105264,-0.09522807017543856
1,3,0.015506329113923922,-0.09827707454289764,0.09064697609001394,-0.16146272855133567,0.2398734177215185,-0.04409282700421949
1,4,-0.09661733615221987,-0.0014799154334038112,0.287737843551798,-0.10102184637068337,0.09992952783650441,-0.15049330514446804
1,5,0.16521892655367257,0.4160310734463275,0.08294491525423728,-0.16553672316384216,-0.08848870056497184,-0.06483050847457617
1,Aggregated,0.060429025408708925,0.02956875693522549,0.032934243915339986,-0.019162751321987574,0.03378084033877444,0.02904046979591059
1,Centralized,0.060406418364956534,0.02932771140782377,0.032776996954790354,-0.018968142422112973,0.033766690091356216,0.029239868821738103
2,0,-0.16123949579831923,-0.1257703081232495,-0.18368347338935556,-0.1953081232492994,-0.0911064425770314,0.7676120448179279
2,1,0.17745098039215743,-0.17387955182072926,-0.18235294117647072,0.4622899159663861,-0.3559523809523812,-0.31621148459383724
2,2,0.23178947368421088,0.07350877192982443,-0.10673684210526319,-0.06301754385964918,0.11301754385964916,-0.09908771929824509
2,3,0.07032348804500696,-0.12102672292545748,0.10502812939521819,-0.13115330520393795,0.3397679324894534,-0.0688466947960618
2,4,-0.09073291050035244,0.015186751233262871,0.3444679351656096,-0.07121212121212118,0.14964763918252336,-0.1930232558139532
2,5,0.0561793785310735,0.4305437853107341,0.03891242937853107,-0.1444562146892655,-0.14639830508474572,-0.06952683615819294
2,Aggregated,0.04733107940949209,0.016185308130091707,0.0023588906800778575,-0.02364639802445758,0.0013575173443934677,0.003693936797384898
2,Centralized,0.047347153900210624,0.015922932771140725,0.002160927617709074,-0.02350081986413683,0.0012707894120402945,0.00388264230498948
3,0,-0.15903361344537725,-0.10605742296918776,-0.18970588235294095,-0.1933823529411759,-0.09145658263305313,0.754341736694677
3,1,0.28217787114846,-0.14593837535013982,-0.10770308123249309,0.6008053221288513,-0.2834033613445371,-0.13165266106442555
3,2,0.2195789473684213,0.019964912280701737,-0.1280350877192984,-0.019719298245614143,0.1290175438596488,-0.07554385964912294
3,3,0.04690576652601955,-0.14978902953586462,0.08308720112517576,-0.15791139240506372,0.3447257383966251,-0.13959212376933922
3,4,-0.13421423537702598,-0.023044397463002127,0.3931994362226926,-0.10193798449612411,0.120789288231149,-0.2970754052149406
3,5,0.025670903954802184,0.38001412429378595,0.04519774011299417,-0.1228813559322035,-0.1986935028248585,-0.10388418079096125
3,Aggregated,0.046940526964769774,-0.004344205254009272,0.01576468432479539,0.0010446277533501386,0.0034106405590421107,0.0014122682857238417
3,Centralized,0.04700749590067917,-0.00456781447645819,0.015571562426797879,0.0012297962052003116,0.003373155305692218,0.001686577652846123
4,0,-0.14453781512604993,-0.10528711484593807,-0.19604341736694658,-0.18448879551820774,-0.10766806722689094,0.7506302521008414
4,1,0.26565126050420146,-0.14821428571428522,-0.171813725490196,0.6354691876750712,-0.3044817927170864,-0.09803921568627463
4,2,0.22105263157894697,-0.003543859649122925,-0.16768421052631605,-0.026070175438596573,0.1093333333333335,-0.0636140350877193
4,3,0.029535864978902964,-0.14831223628692022,0.10590717299578042,-0.1823839662447255,0.36199015471167484,-0.10977496483825608
4,4,-0.15095137420718874,-0.005496828752642715,0.5064482029598297,-0.07910500352360847,0.15133897110641334,-0.265785764622974
4,5,0.04071327683615812,0.3594279661016943,0.06274717514124285,-0.08506355932203322,-0.18975988700564947,-0.10120056497175142
4,Aggregated,0.04367020773608976,-0.008774381747469074,0.02295096967390249,0.013269530464219834,0.0033447042080381774,0.01901439766076754
4,Centralized,0.04373389552588432,-0.008995080815179222,0.02270438041695951,0.013445771843523106,0.003285312719606478,0.019290231904427267
5,0,-0.15969887955182102,-0.08039215686274523,-0.20161064425770325,-0.20409663865546213,-0.0867296918767507,0.7304271708683485
5,1,0.25682773109243584,-0.14845938375350268,-0.2377100840336134,0.6667016806722704,-0.3039215686274509,-0.11579131652660958
5,2,0.21049122807017576,-0.008210526315789527,-0.18238596491228046,-0.020912280701754365,0.11105263157894767,-0.03424561403508777
5,3,0.005801687763713104,-0.13881856540084364,0.12450773558368501,-0.2111814345991563,0.3757383966244731,-0.07376933895921227
5,4,-0.1819943622269206,0.00017618040873853253,0.5287878787878784,-0.12822410147991517,0.13988724453840745,-0.24869626497533462
5,5,0.043008474576271064,0.33619350282485905,0.05526129943502817,-0.0889477401129952,-0.20105932203389826,-0.09149011299435059
5,Aggregated,0.029166380989472183,-0.006774980474974521,0.014136507179127813,0.0024552557077946804,0.005726611330576392,0.028031522884902155
5,Centralized,0.029228156476926677,-0.006980557507613044,0.013867416256734542,0.0026469899273834922,0.005680487233544112,0.028291168892012115
6,0,-0.1563025210084032,-0.002415966386554564,-0.21810224089635755,-0.21071428571428596,-0.11085434173669445,0.719397759103643
6,1,0.25556722689075584,-0.13357843137254904,-0.281232492997198,0.6334733893557416,-0.3362394957983204,-0.14429271708683397
6,2,0.20571929824561433,-0.02782456140350879,-0.19256140350877204,-0.016736842105263088,0.08880701754385963,-0.027929824561403343
6,3,-0.02630098452883265,-0.15921237693389576,0.14187763713080145,-0.2176511954992969,0.37640646976089953,-0.06026722925457096
6,4,-0.20799859055673042,-0.025546159267089513,0.5549330514446784,-0.15923185341790005,0.16088794926004174,-0.2363636363636363
6,5,0.05677966101694899,0.3118644067796602,0.06391242937853099,-0.08742937853107313,-0.2002824858757057,-0.0728107344632764
6,Aggregated,0.021342622659773616,-0.006264644892161022,0.011100282506854658,-0.009486345427291588,-0.0036739441763776713,0.02989136743230568
6,Centralized,0.021404310142890584,-0.006430077301475736,0.010804638088545173,-0.009299601780276327,-0.0037420941672522984,0.030130007027406917
7,0,-0.1700630252100836,-0.014600840336134397,-0.21523109243697533,-0.20577731092437096,-0.05626750700280074,0.7270658263305315
7,1,0.2643557422969186,-0.08704481792717066,-0.2692226890756305,0.6419817927170898,-0.3286414565826326,-0.15420168067226883
7,2,0.203859649122807,-0.0291578947368422,-0.19428070175438583,-0.008736842105263331,0.08242105263157894,-0.022526315789473648
7,3,-0.03006329113924034,-0.16220112517580926,0.13846694796061865,-0.23400140646976178,0.36582278481012664,-0.06325597749648383
7,4,-0.21712473572938673,-0.010394644115574368,0.5468992248062019,-0.18967582804792113,0.1441860465116282,-0.23794926004228334
7,5,0.0475282485875707,0.2943502824858761,0.04918785310734445,-0.0927259887005654,-0.20476694915254157,-0.06179378531073438
7,Aggregated,0.016518723917423185,-0.0016402272834979727,0.008945033721501877,-0.014576537513453593,0.00035623372797866787,0.03148878712070979
7,Centralized,0.016584680252986702,-0.0017919887561490457,0.008661278988053567,-0.014376903256031796,0.000310377137502837,0.031722885921761645
8,0,-0.18557422969187698,0.006232492997198866,-0.24401260504201716,-0.22542016806722745,-0.03781512605042003,0.6991946778711484
8,1,0.22478991596638656,-0.04278711484593858,-0.3114145658263301,0.6140756302521007,-0.35910364145658263,-0.17808123249299798
8,2,0.1965964912280697,-0.03049122807017565,-0.19421052631578967,-0.006315789473684255,0.06199999999999986,-0.02547368421052643
8,3,-0.022116736990154914,-0.16037271448663865,0.16276371308016854,-0.23976793248945177,0.3599859353023904,-0.04563994374120947
8,4,-0.2085623678646933,-0.0040521494009866385,0.5562015503875954,-0.20031712473572913,0.14774489076814684,-0.21913319238900628
8,5,0.045303672316384117,0.27899011299435117,0.045939265536722895,-0.088276836158192,-0.20187146892655325,-0.05254237288135595
8,Aggregated,0.008489082515515233,0.007811858878123357,0.002160546477827617,-0.024103487960861505,-0.004954438521571057,0.029959363770068533
8,Centralized,0.008538299367533395,0.007683298196298868,0.0018564066526119798,-0.023916608104942623,-0.005007027406886898,0.030171000234246906
9,0,-0.17153361344537796,0.045518207282913184,-0.2801470588235297,-0.2342086834733879,0.014355742296919022,0.6554271708683486
9,1,0.23371848739495807,-0.013900560224089704,-0.299264705882353,0.6204831932773094,-0.35231092436974804,-0.167717086834734
9,2,0.19014035087719286,-0.036105263157894404,-0.19908771929824504,0.008771929824561467,0.05638596491228087,-0.013789473684210534
9,3,-0.0328410689170181,-0.16585794655415007,0.14743319268635702,-0.24047116736990107,0.3558368495077353,-0.055661040787623114
9,4,-0.21909795630725798,-0.01659619450317115,0.536187455954898,-0.20116279069767404,0.13608174770965453,-0.22061310782240967
9,5,0.042125706214689314,0.25402542372881426,0.04081920903954813,-0.07782485875706248,-0.20165960451977408,-0.038418079096045055
9,Aggregated,0.007179514621819087,0.011106425418382509,-0.009392969944242102,-0.020503972916696957,0.0013576557935249013,0.02676431999499295
9,Centralized,0.007238229093464618,0.011009604122745507,-0.009697821503865356,-0.020320918247833122,0.0013234949636917286,0.026961817755914712
10,0,-0.1713935574229694,0.04040616246498595,-0.2861344537815135,-0.24135154061624678,0.03816526610644263,0.6350140056022403
10,1,0.23291316526610678,0.0018207282913165596,-0.31327030812325,0.6126750700280096,-0.3584033613445385,-0.1820378151260503
10,2,0.1853333333333334,-0.048385964912280775,-0.19449122807017513,0.013649122807017426,0.050877192982456174,-0.009087719298245641
10,3,-0.03438818565400844,-0.16751054852320685,0.17141350210970455,-0.24648382559774926,0.3536919831223641,-0.05562587904360069
10,4,-0.2255813953488372,-0.012262156448203113,0.5325933756166303,-0.20278365045806948,0.13273431994362217,-0.20355884425651807
10,5,0.03795903954802255,0.24138418079096,0.02725988700564974,-0.07581214689265507,-0.19731638418079175,-0.01440677966101687
10,Aggregated,0.004237132147398542,0.009173240731938091,-0.01082306478547751,-0.02312319167842307,0.0032047617896626863,0.028585176600567135
10,Centralized,0.004298430545795258,0.009082923401264858,-0.011126727570859904,-0.022944483485593695,0.0031740454438979374,0.028759662684469438
11,0,-0.1642156862745098,0.057317927170868366,-0.2995798319327739,-0.237219887955182,0.06771708683473397,0.5864845938375358
11,1,0.219187675070028,0.014810924369747866,-0.3119747899159667,0.6198529411764683,-0.349929971988794,-0.18564425770308118
11,2,0.18028070175438624,-0.055122807017543914,-0.18887719298245617,0.029578947368420996,0.053824561403508615,-0.011263157894736704
11,3,-0.034071729957805906,-0.17208157524613246,0.1731715893108303,-0.25699718706047786,0.3476090014064705,-0.05763009845288353
11,4,-0.22660324171952095,-0.015574348132487622,0.5173361522198728,-0.20845665961944987,0.12540521494009851,-0.1921071176885135
11,5,0.027718926553672446,0.21641949152542345,0.021398305084745696,-0.04989406779661033,-0.19131355932203348,-0.013735875706214486
11,Aggregated,0.0004809968995659608,0.007578888736149007,-0.015135855502905637,-0.016962930115802813,0.008810994057373421,0.02120036580398929
11,Centralized,0.000544624033731503,0.007507613024127462,-0.015436870461466502,-0.016789646287186825,0.008790114780979,0.021357460763644788
12,0,-0.14898459383753457,0.052521008403361394,-0.29726890756302476,-0.23574929971988803,0.06488095238095265,0.5624999999999993
12,1,0.19754901960784343,0.03501400560224092,-0.35066526610644244,0.6025910364145664,-0.36824229691876775,-0.17717086834733947
12,2,0.1699298245614034,-0.057403508771929415,-0.20175438596491252,0.029333333333333423,0.05652631578947365,-0.0029473684210526785
12,3,-0.031364275668072976,-0.1630450070323487,0.18087201125175822,-0.2489099859353023,0.3549578059071724,-0.0460970464135021
12,4,-0.21085271317829565,-0.02107117688513029,0.5345313601127535,-0.1911557434813257,0.15063424947145845,-0.17540521494009917
12,5,0.026977401129943478,0.1867584745762716,0.018961864406779907,-0.03545197740113028,-0.1850988700564972,-0.003672316384180699
12,Aggregated,0.0006328917571271492,0.0054295042858094,-0.019619771227567126,-0.013013484315465458,0.012186037117564583,0.026371116501845107
12,Centralized,0.000691028343874385,0.005375966268446867,-0.019934410869055865,-0.012854298430545827,0.012151557741859989,0.026516748653080412
13,0,-0.14975490196078414,0.07464985994397765,-0.2887254901960788,-0.22755602240896147,0.08974089635854372,0.5100490196078424
13,1,0.22317927170868346,0.033788515406162414,-0.3357492997198878,0.6150210084033625,-0.35217086834733874,-0.16936274509803917
13,2,0.17477192982456172,-0.06063157894736867,-0.18999999999999978,0.0378245614035088,0.05691228070175434,-0.0020350877192984117
13,3,-0.0432137834036568,-0.16881153305203936,0.17616033755274246,-0.25028129395218013,0.3438466947960623,-0.059810126582278536
13,4,-0.22910500352360788,-0.015539112050740118,0.5020789288231159,-0.20701198026779374,0.12808315715292407,-0.17850599013389704
13,5,0.023022598870056473,0.18940677966101716,0.012182203389830547,-0.04329096045197742,-0.1835805084745759,0.00861581920903976
13,Aggregated,-7.674139125631724e-05,0.008781748931564123,-0.02105396279405876,-0.01232369625715523,0.01373410134058462,0.01831237248347453
13,Centralized,-5.856172405781389e-06,0.008731553056921923,-0.02135160459123919,-0.012151557741859848,0.01371515577418598,0.018441086905598487
14,0,-0.09982492997198923,0.0677521008403362,-0.28434873949580003,-0.22065826330532212,0.11064425770308135,0.4348389355742298
14,1,0.20210084033613498,0.04439775910364149,-0.36362044817927097,0.5937675070028013,-0.3742296918767511,-0.18855042016806736
14,2,0.16743859649122786,-0.06726315789473655,-0.19863157894736788,0.044912280701754466,0.04785964912280693,-0.006947368421052591
14,3,-0.030063291139240632,-0.16023206751054855,0.18449367088607602,-0.23192686357243358,0.3469760900140637,-0.06494374120956398
14,4,-0.2163847780126848,-0.010606060606060508,0.4932699083861867,-0.18643410852713163,0.13657505285412266,-0.17202255109231848
14,5,0.021433615819208943,0.175882768361582,0.0037782485875709304,-0.03167372881355934,-0.17733050847457626,0.016384180790960517
14,Aggregated,0.007560000780452311,0.00829632192994621,-0.027892185351170676,-0.005125489618933027,0.015004380246794288,0.003246482226421623
14,Centralized,0.00763644881705315,0.008251346919653318,-0.028191613961115122,-0.0049660342000468535,0.014980089013820606,0.00334387444366369
15,0,-0.10829831932773125,0.08420868347338932,-0.28518907563025236,-0.2074229691876755,0.1002801120448177,0.41432072829131683
15,1,0.20532212885154047,0.06264005602240902,-0.3587535014005608,0.6079831932773103,-0.35241596638655615,-0.1626750700280109
15,2,0.1650526315789475,-0.06645614035087716,-0.19347368421052616,0.043368421052631584,0.05456140350877187,0.00536842105263158
15,3,-0.03090717299578064,-0.16230661040787642,0.18178621659634328,-0.25232067510548545,0.33783403656821337,-0.06564697609001402
15,4,-0.21254404510218475,-0.027343199436222862,0.4832628611698384,-0.18953488372092997,0.12751937984496137,-0.16656095842142335
15,5,0.011370056497175188,0.15512005649717547,3.5310734463165104e-05,-0.013347457627118635,-0.16977401129943398,0.01871468926553664
15,Aggregated,0.005110337887339701,0.007641901509157134,-0.029097844573828684,-0.0016650024164179267,0.01626107451286559,0.007374854790228886
15,Centralized,0.005188568751464062,0.007618880299836079,-0.029392129304286623,-0.0015050363082689132,0.01623916608104947,0.0074724759896931826
16,0,-0.088235294117647,0.0859243697478991,-0.27622549019607745,-0.20451680672268877,0.10927871148459373,0.37377450980392113
16,1,0.21057422969187667,0.06439075630252107,-0.37373949579831944,0.5978291316526596,-0.35910364145658247,-0.16306022408963486
16,2,0.1575789473684209,-0.07414035087719302,-0.19252631578947355,0.058140350877192847,0.047087719298245505,0.001754385964912336
16,3,-0.02689873417721523,-0.15798171589310833,0.18797468354430408,-0.239873417721518,0.33185654008438736,-0.06976090014064716
16,4,-0.21451726568005647,-0.015680056377730713,0.4775898520084579,-0.20225510923185294,0.13234672304439737,-0.15422832980972553
16,5,-0.002012711864406729,0.14837570621468948,0.011935028248587456,-0.01698446327683612,-0.1632768361581923,0.02831920903954812
16,Aggregated,0.006204575298907617,0.008478508788387188,-0.027880202861795204,-0.0010591557582377079,0.01628811033446076,0.002901463614583334
16,Centralized,0.0062953853361441955,0.008456312953853313,-0.02817990161630365,-0.0008959943780745539,0.01626259077067225,0.0029807917545092723
17,0,-0.07986694677871119,0.09320728291316566,-0.26834733893557394,-0.20266106442577142,0.11288515406162433,0.3468837535013995
17,1,0.20759803921568606,0.057773109243697385,-0.39082633053221355,0.5839985994397766,-0.3719537815126055,-0.1496148459383751
17,2,0.1532280701754387,-0.07736842105263166,-0.1922456140350881,0.04982456140350883,0.05196491228070173,0.008280701754385998
17,3,-0.029500703234880618,-0.15411392405063304,0.1844585091420527,-0.24827707454289652,0.3386075949367076,-0.06374824191279872
17,4,-0.21296687808315776,-0.027695560253699618,0.46317829457364396,-0.2063777307963359,0.12709654686398877,-0.12209302325581368
17,5,-0.004237288135593135,0.13993644067796646,0.013629943502824942,-0.010593220338983075,-0.167514124293785,0.0393714689265536
17,Aggregated,0.005833825563842979,0.005292589224118228,-0.0320729730186656,-0.005468966318363208,0.015104527046017873,0.009931816487256422
17,Centralized,0.005926446474584063,0.005276411337549817,-0.0323729210587959,-0.005311548371984088,0.015079643944717816,0.009996486296556492
18,0,-0.05479691876750685,0.0986344537815126,-0.24684873949579855,-0.1854341736694677,0.10269607843137278,0.30255602240896284
18,1,0.22692577030812303,0.06418067226890743,-0.36992296918767426,0.6014705882352949,-0.35777310924369693,-0.14807422969187792
18,2,0.1538947368421051,-0.07042105263157929,-0.18891228070175423,0.060140350877192966,0.05417543859649127,0.007964912280701918
18,3,-0.037447257383966155,-0.14803094233474023,0.17932489451476846,-0.2542194092827008,0.3265119549929671,-0.07668776371307998
18,4,-0.2196969696969705,-0.02163495419309363,0.4554615926708962,-0.21243833685694144,0.12723749119098013,-0.13738548273431944
18,5,-0.0037076271186439963,0.13199152542372852,0.006285310734463145,-0.00854519774011291,-0.16020480225988704,0.03629943502824868
18,Aggregated,0.011002911228613028,0.009128384632121025,-0.027797162936162953,0.0003881069531054826,0.015364033198130452,-0.0024757768342960826
18,Centralized,0.011109159053642596,0.009118060435699274,-0.028080346685406314,0.0005563363785429928,0.01533731553056919,-0.00241859920356053
19,0,-0.04030112044817941,0.09425770308123241,-0.25035014005602163,-0.19509803921568628,0.09912464985994376,0.2881652661064442
19,1,0.22380952380952496,0.06757703081232472,-0.39691876750700394,0.5804271708683485,-0.36834733893557414,-0.14016106442577086
19,2,0.15950877192982463,-0.08224561403508765,-0.19954385964912208,0.059298245614034815,0.046280701754385936,0.01459649122807014
19,3,-0.0279535864978903,-0.14817158931083022,0.18045007032348737,-0.23811533052039405,0.3206751054852326,-0.06156821378340416
19,4,-0.21582100070472213,-0.0039816772374911555,0.4488724453840732,-0.20694150810429887,0.1233967582804791,-0.10324171952078888
19,5,-0.011087570621469034,0.12980225988700542,-0.00049435028248597,-0.016101694915254247,-0.14060734463276833,0.04484463276836162
19,Aggregated,0.014838703445796946,0.009542186834062043,-0.03669936930467671,-0.002539229931537941,0.013332143891057309,0.007169694649621465
19,Centralized,0.014950808151792009,0.009527992504099313,-0.03698758491449982,-0.002377605996720543,0.013293511360974437,0.007214804403841677
20,0,-0.025420168067226752,0.1035714285714288,-0.23785014005602448,-0.18098739495798327,0.0874649859943977,0.2553221288515404
20,1,0.2463935574229693,0.06190476190476148,-0.38007703081232685,0.5950630252100845,-0.3440476190476188,-0.12461484593837514
20,2,0.15154385964912315,-0.07821052631578954,-0.19354385964912232,0.056070175438596166,0.0490526315789472,0.019298245614035033
20,3,-0.03994374120956368,-0.13516174402250325,0.1757032348804503,-0.25675105485232047,0.315506329113924,-0.06779184247538672
20,4,-0.22966878083157308,-0.009126145172656797,0.4322410147991556,-0.20902043692741343,0.11719520789288243,-0.12064834390415778
20,5,-0.008545197740113007,0.1218926553672315,-0.00017655367231634949,-0.003036723163841811,-0.14763418079096072,0.04173728813559327
20,Aggregated,0.015886935174479973,0.010818989860722097,-0.034304437323957965,0.00044466888519692493,0.012843974890889134,0.0006162011284133843
20,Centralized,0.016010775357226534,0.010810494260951087,-0.034580698055750786,0.0006090419301945124,0.012813305223705822,0.0006617474818458512
21,0,-0.024824929971988822,0.10273109243697473,-0.2278011204481775,-0.1793067226890757,0.09082633053221285,0.23837535014005629
21,1,0.23483893557423058,0.07976190476190476,-0.40451680672268986,0.56953781512605,-0.3672268907563028,-0.13760504201680696
21,2,0.14961403508771856,-0.07905263157894714,-0.1915438596491226,0.06424561403508744,0.04621052631578946,0.008421052631578965
21,3,-0.03815049226441624,-0.15080872011251753,0.1829817158931077,-0.23917018284106853,0.3188466947960621,-0.06104078762306601
21,4,-0.22441860465116198,-0.023114869626497662,0.439992952783649,-0.19415081042987994,0.12699083861874538,-0.1020436927413672
21,5,-0.015466101694915262,0.11641949152542352,0.0040607344632766895,-0.0004237288135593431,-0.1417372881355931,0.039265536723163796
21,Aggregated,0.013756678759315012,0.007676031757342525,-0.03316692151809837,0.0036641397401352485,0.012227616584836468,-0.002387760072288946
21,Centralized,0.01387912860154611,0.007677442023893164,-0.033450456781447674,0.0038182244085265948,0.012186694776294195,-0.0023541813070976168
22,0,0.005357142857142592,0.10133053221288543,-0.21561624649860206,-0.1646358543417371,0.07552521008403396,0.21484593837535024
22,1,0.2384803921568628,0.042471988795518105,-0.40360644257703154,0.5671568627450984,-0.3600140056022404,-0.14121148459383728
22,2,0.14150877192982445,-0.08645614035087712,-0.19126315789473788,0.07319298245614009,0.04578947368421053,0.006701754385964855
22,3,-0.046378340365682225,-0.12679324894514796,0.18273558368495052,-0.23118846694796005,0.298980309423348,-0.07102672292545699
22,4,-0.2359408033826639,-0.0053206483439041585,0.43611698379140296,-0.1881606765327695,0.11568005637773092,-0.11180408738548289
22,5,-0.024505649717514108,0.09897598870056491,0.005896892655367078,0.010134180790960434,-0.1320621468926556,0.03944209039548049
22,Aggregated,0.013261391931113753,0.004041205153484296,-0.03131423283586162,0.011290498584620057,0.00722458045410674,-0.010463541928801258
22,Centralized,0.013398922464277378,0.004034902787538115,-0.03159405012883582,0.011442960880768356,0.007179667369407281,-0.010435699226985186
23,0,0.0169117647058824,0.08623949579831916,-0.21708683473389412,-0.16330532212885168,0.06911764705882353,0.20392156862745184
23,1,0.241736694677871,0.07860644257703107,-0.39817927170868433,0.5710784313725501,-0.3691526610644269,-0.12408963585434195
23,2,0.14042105263157853,-0.07954385964912301,-0.19761403508771933,0.06677192982456147,0.05140350877192985,0.01645614035087717
23,3,-0.04954289732770732,-0.1251054852320676,0.17165963431786185,-0.23804500703234877,0.311919831223628,-0.06455696202531673
23,4,-0.230162085976039,-0.0002466525722339903,0.42663847780126934,-0.20014094432699067,0.12167019027484141,-0.1029598308668078
23,5,-0.016242937853107393,0.09841101694915295,0.0010240112994352232,0.002612994350282468,-0.12489406779661034,0.04120762711864396
23,Aggregated,0.017361327509739004,0.009739584771190763,-0.03594529311826984,0.006710149980029348,0.009909054180173626,-0.004958559944217839
23,Centralized,0.017498243148278306,0.00973881471070506,-0.036220426329351164,0.006869290231904342,0.009855938158819338,-0.0049308971656126625
24,0,0.017436974789915977,0.09905462184873941,-0.20241596638655462,-0.15948879551820722,0.06134453781512598,0.19037114845938374
24,1,0.23988095238095183,0.06607142857142884,-0.4078081232492995,0.5606442577030791,-0.3679971988795526,-0.13490896358543455
24,2,0.14649122807017534,-0.07926315789473687,-0.1878245614035088,0.05663157894736827,0.05315789473684196,0.006596491228070164
24,3,-0.04043600562587904,-0.11469760900140649,0.1783755274261598,-0.23502109704641447,0.29644866385372703,-0.06779184247538654
24,4,-0.22836504580690623,0.010747004933051463,0.4172656800563781,-0.18047921071176912,0.11437632135306579,-0.12297392529950728
24,5,-0.023587570621468955,0.09777542372881373,0.00038841807909615825,0.01959745762711878,-0.11871468926553636,0.026659604519773956
24,Aggregated,0.01874648162289553,0.013290354720494682,-0.03401707562854428,0.010512878670902226,0.0063337345890518565,-0.01696065398176368
24,Centralized,0.018886156008432905,0.013287655188568746,-0.03428788943546484,0.010658233778402481,0.006277816818927135,-0.016930194424923814
25,0,0.014985994397758993,0.08841036414565828,-0.19296218487395028,-0.16719187675070038,0.07030812324930003,0.180147058823529
25,1,0.28049719887955216,0.0858543417366944,-0.3849089635854339,0.5834383753501388,-0.33333333333333315,-0.1160014005602241
25,2,0.15238596491228118,-0.07894736842105259,-0.1851929824561406,0.05736842105263147,0.06045614035087694,0.012877192982456228
25,3,-0.05024613220815759,-0.1310829817158931,0.17587904360056245,-0.2518987341772155,0.2944796061884667,-0.06455696202531634
25,4,-0.23763213530655442,-0.013037350246652498,0.4066243833685704,-0.18491895701198,0.1054968287526426,-0.09767441860465116
25,5,-0.02680084745762718,0.09004237288135578,-0.004272598870056235,0.01945621468926556,-0.12002118644067788,0.04159604519773995
25,Aggregated,0.02239224179977414,0.00689634380277941,-0.03113752429148802,0.009582360935778009,0.012813134565591494,-0.007230712948210583
25,Centralized,0.02254626376200514,0.006904427266338763,-0.03139494026704137,0.009732958538299374,0.01277231201686575,-0.007208948231435805
26,0,0.011064425770308035,0.09726890756302502,-0.18616946778711455,-0.15469187675070029,0.06327030812324924,0.17345938375350173
26,1,0.2403011204481792,0.08039215686274502,-0.4038515406162465,0.5585084033613431,-0.36596638655462194,-0.12829131652661055
26,2,0.1316140350877196,-0.07929824561403472,-0.19049122807017524,0.0742105263157894,0.056807017543859674,0.0050526315789473355
26,3,-0.047819971870604494,-0.12886779184247615,0.1754922644163145,-0.2258790436005626,0.30302390998593604,-0.06329113924050635
26,4,-0.2312544045102195,-0.01279069767441857,0.4051444679351652,-0.19097956307258662,0.10806906272022551,-0.07607470049330516
26,5,-0.031638418079096,0.08682909604519752,0.0013064971751411804,0.01620762711864405,-0.11825564971751386,0.043432203389830545
26,Aggregated,0.012221423844821885,0.0072806297551531365,-0.033433209829931046,0.013101576328775455,0.007725013543283622,-0.0075943758887854675
26,Centralized,0.012362379948465719,0.007290934645115909,-0.033696416022487616,0.013252518154134425,0.007671585851487428,-0.0075837432654018285
27,0,0.02468487394957984,0.0877450980392156,-0.18497899159663841,-0.1602240896358546,0.06617647058823559,0.16659663865546254
27,1,0.241141456582633,0.07454481792717102,-0.40252100840336164,0.5613095238095221,-0.3656862745098033,-0.12979691876750743
27,2,0.13571929824561405,-0.08129824561403548,-0.19063157894736868,0.07378947368421039,0.0535087719298247,0.0025964912280701863
27,3,-0.0470112517580872,-0.1147679324894516,0.16395921237693428,-0.23041490857946473,0.29247538677918494,-0.05791139240506325
27,4,-0.23121916842847093,-0.0011627906976744672,0.3975687103594085,-0.19848484848484887,0.11272022551092328,-0.06673713883016232
27,5,-0.033580508474576276,0.08019067796610152,0.002401129943502721,0.004166666666666741,-0.09795197740113007,0.046892655367231625
27,Aggregated,0.015138523188311784,0.0075599419052932645,-0.03603516330712336,0.008568930826126557,0.010099739583533057,-0.00637623937616335
27,Centralized,0.015284609978917837,0.007566174748184586,-0.036296556570625534,0.008725696884516234,0.010037479503396668,-0.006371515577418639
28,0,0.020833333333333332,0.08109243697479013,-0.1728291316526612,-0.15586484593837416,0.06827731092437009,0.1605917366946784
28,1,0.23967086834733836,0.08739495798319326,-0.399649859943978,0.5602240896358539,-0.36127450980392156,-0.12636554621848728
28,2,0.13750877192982403,-0.0788421052631579,-0.19571929824561415,0.07600000000000001,0.05564912280701754,0.007508771929824543
28,3,-0.04244022503516214,-0.11540084388185651,0.15872011251758072,-0.22594936708860847,0.2886427566807309,-0.057243319268635864
28,4,-0.2302677942212827,0.002360817477096402,0.39080338266384745,-0.1862226920366453,0.11310782241014772,-0.08555320648343903
28,5,-0.035204802259886925,0.08213276836158177,-0.0005649717514124501,0.0159251412429379,-0.09653954802259836,0.03425141242937856
28,Aggregated,0.015197962210457768,0.009808363198895475,-0.036867382135452854,0.014223634942868133,0.011205264938159154,-0.011108102825242029
28,Centralized,0.015337315530569254,0.009814944951979356,-0.037116420707425705,0.01437104708362618,0.011150152260482596,-0.011097446708831124
29,0,0.029061624649859855,0.08224789915966388,-0.1650910364145666,-0.15668767507002812,0.06274509803921557,0.15192577030812368
29,1,0.236029411764706,0.07429971988795503,-0.3967787114845945,0.5595238095238081,-0.3658613445378143,-0.12191876750700122
29,2,0.1368070175438594,-0.07336842105263153,-0.1849122807017548,0.06992982456140369,0.05807017543859636,0.0018947368421052642
29,3,-0.04381153305203942,-0.09950773558368488,0.1523558368495077,-0.22995780590717332,0.2935654008438825,-0.06631504922644148
29,4,-0.23213530655391096,0.01152219873150107,0.37836504580690655,-0.18128964059196606,0.10482734319943635,-0.07917547568710366
29,5,-0.031850282485875674,0.08181497175141261,-0.002754237288135585,0.020162429378531074,-0.1105225988700574,0.04314971751412455
29,Aggregated,0.015865350028942585,0.01284658891873178,-0.03678676824888706,0.01381443268572441,0.00703658543352767,-0.011719289593390187
29,Centralized,0.016010775357226545,0.012848442258140053,-0.037034434293745484,0.013961115015226063,0.0069805575076130845,-0.011712344811431272
30,0,0.02440476190476197,0.08228291316526602,-0.1687324929971994,-0.1449229691876753,0.06032913165266116,0.14873949579831958
30,1,0.2553921568627448,0.0738445378151261,-0.3933123249299717,0.5650210084033627,-0.3511554621848747,-0.10567226890756286
30,2,0.13045614035087677,-0.08382456140350876,-0.1763508771929819,0.07649122807017543,0.05333333333333337,0.012526315789473719
30,3,-0.051230661040787655,-0.10407876230661017,0.1633966244725741,-0.23241912798874825,0.27992264416315116,-0.05770042194092813
30,4,-0.2389358703312189,0.008280479210711714,0.3879492600422836,-0.18622269203664585,0.10137420718816062,-0.08724453840732924
30,5,-0.04032485875706205,0.07556497175141223,0.011758474576271168,0.021115819209039544,-0.10289548022598939,0.03266242937853101
30,Aggregated,0.013484961783438785,0.00869210885977441,-0.029541000460844444,0.016719043620597576,0.006719732633066987,-0.009416577719938462
30,Centralized,0.013639025532911684,0.00869641602248769,-0.029796205200281062,0.01687163270086669,0.0066643241977043695,-0.009399156711173579
31,0,0.021988795518207295,0.0814775910364143,-0.16761204481792807,-0.14765406162464992,0.06621148459383755,0.14348739495798324
31,1,0.2352240896358552,0.07794117647058807,-0.41337535014005733,0.5441176470588245,-0.36351540616246497,-0.11190476190476192
31,2,0.12698245614035122,-0.08143859649122846,-0.18792982456140364,0.07392982456140333,0.05294736842105278,0.011298245614034967
31,3,-0.047749648382559615,-0.10172292545710193,0.1586497890295364,-0.21947960618846732,0.2803094233473981,-0.05734880450070326
31,4,-0.22381959126145204,0.026109936575052888,0.38188865398167654,-0.17491190979563073,0.09531360112755465,-0.07709654686398869
31,5,-0.029978813559322134,0.08499293785310763,-0.006426553672316464,0.021045197740112966,-0.10727401129943533,0.04187853107344632
31,Aggregated,0.01394993442067229,0.014566591918810401,-0.03945829723360017,0.01637092407791842,0.0039016450313196956,-0.008259487538237617
31,Centralized,0.014089950808151798,0.014564300773014727,-0.039710705083157626,0.01651440618411814,0.0038475052705551813,-0.00825134691965337
32,0,0.044292717086834715,0.08350840336134466,-0.15994397759103635,-0.15255602240896365,0.0601890756302522,0.13921568627450956
32,1,0.24047619047619,0.08224789915966389,-0.3894607843137254,0.5618347338935576,-0.3506302521008421,-0.11925770308123321
32,2,0.12673684210526287,-0.08357894736842121,-0.17870175438596472,0.07603508771929818,0.05596491228070179,0.001438596491228109
32,3,-0.052039381153305184,-0.11082981715893077,0.15791139240506377,-0.21554149085794638,0.27812939521800323,-0.06606891701828374
32,4,-0.2307963354474989,0.007998590556730162,0.36937984496123977,-0.17938689217758982,0.10944326990838608,-0.08086680761099356
32,5,-0.0338983050847458,0.07725988700564958,-0.0007062146892656347,0.00812146892655375,-0.08802966101694933,0.03937146892655376
32,Aggregated,0.015982958987159845,0.00945136137046075,-0.033898756494697285,0.01662436885423731,0.010738843768204063,-0.014341954946577397
32,Centralized,0.016133754977746585,0.009457718435230673,-0.034141485125322155,0.016777933942375197,0.010675802295619517,-0.014335910049191916
33,0,0.02475490196078432,0.07394957983193276,-0.15612745098039177,-0.15262605042016864,0.07002801120448202,0.1337184873949577
33,1,0.2521708683473389,0.06554621848739513,-0.3969887955182075,0.5546218487394975,-0.349019607843137,-0.12002801120448202
33,2,0.1317543859649119,-0.08526315789473686,-0.18171929824561397,0.0762807017543859,0.05712280701754372,0.008140350877193009
33,3,-0.05133614627285503,-0.08920534458509145,0.15305907172995778,-0.2216244725738397,0.27422644163150406,-0.05668073136427542
33,4,-0.2368921775898525,0.033967582804792264,0.372938689217758,-0.183509513742072,0.09062720225510926,-0.08981677237491173
33,5,-0.04272598870056499,0.07754237288135588,0.008757062146892683,0.014053672316384151,-0.09551553672316423,0.03153248587570626
33,Aggregated,0.01314543674932072,0.012755519729649941,-0.03366440410755448,0.014736470827508633,0.007817974093055895,-0.01549950131860843
33,Centralized,0.013299367533380242,0.012748887327242957,-0.033913094401499304,0.014886390255329163,0.00776528460997891,-0.015489576013117665
34,0,0.02920168067226893,0.07170868347338923,-0.16151960784313676,-0.11883753501400587,0.050140056022409105,0.12720588235294153
34,1,0.25941876750700193,0.09170168067226907,-0.3912815126050413,0.5524859943977587,-0.34677871148459394,-0.104621848739495
34,2,0.12547368421052674,-0.07792982456140277,-0.17610526315789513,0.0755438596491226,0.054596491228070074,0.00684210526315791
34,3,-0.058825597749648316,-0.10520393811533041,0.15249648382559766,-0.2156469760900136,0.27721518987341776,-0.05847398030942331
34,4,-0.24228329809725113,0.013918252290345372,0.36656095842142244,-0.18143058491895678,0.10320648343904103,-0.07054263565891485
34,5,-0.04717514124293772,0.07079802259886993,0.009322033898305153,0.02323446327683614,-0.0972457627118644,0.03894774011299437
34,Aggregated,0.011166087170492778,0.0108497759784696,-0.033736252778543675,0.022766630488913878,0.006753303446595124,-0.010089503844783732
34,Centralized,0.011325837432654116,0.010857343640196804,-0.03398336847036783,0.02292105879597095,0.00669360505973295,-0.010084328882642376
35,0,0.031127450980392223,0.07944677871148446,-0.15420168067226805,-0.13606442577030822,0.05472689075630247,0.12706582633053223
35,1,0.23511904761904762,0.06246498599439766,-0.40290616246498706,0.5448879551820746,-0.35469187675069946,-0.11638655462184921
35,2,0.12466666666666672,-0.07217543859649103,-0.18561403508771904,0.07670175438596451,0.05287719298245598,0.0035438596491228357
35,3,-0.05066807313642766,-0.09085794655414896,0.1508790436005624,-0.2136427566807313,0.273206751054853,-0.06258790436005612
35,4,-0.23009161381254398,0.018498942917547574,0.37410147991543363,-0.1766384778012685,0.1015151515151514,-0.07470049330514433
35,5,-0.039583333333333325,0.07157485875706239,0.0005649717514124104,0.021504237288135386,-0.09403248587570642,0.04209039548022601
35,Aggregated,0.011945279499579967,0.01150083489965485,-0.036512309083418334,0.019658275939429776,0.00549627059890209,-0.01348208010711659
35,Centralized,0.012092996017802811,0.011501522604825527,-0.03675919419067695,0.019805575076130195,0.00543452799250409,-0.013480908877957274
36,0,0.03333333333333335,0.07787114845938349,-0.1582633053221285,-0.1297969187675077,0.05423669467787113,0.12051820728291317
36,1,0.22731092436974734,0.07920168067226893,-0.41242997198879533,0.5325280112044836,-0.36943277310924305,-0.11390056022408965
36,2,0.12621052631578927,-0.07810526315789441,-0.184280701754386,0.06992982456140334,0.05382456140350869,0.006105263157894727
36,3,-0.046905766526019604,-0.09507735583684974,0.13878340365682149,-0.21206047819971868,0.2694444444444447,-0.047855133614627315
36,4,-0.22963354474982478,0.01941508104298799,0.35327695560253697,-0.16818181818181796,0.10109231853417884,-0.059055673009161376
36,5,-0.04622175141242938,0.07030367231638407,0.004413841807909569,0.024470338983050836,-0.08181497175141247,0.03732344632768365
36,Aggregated,0.010866511324863262,0.012281400329990333,-0.0433982022276761,0.019675171564445607,0.004445528279275171,-0.009468379746312965
36,Centralized,0.01101546029515107,0.012286249707191357,-0.04364605293979866,0.019817287420941614,0.004374560787069543,-0.009469430780042162
37,0,0.03714985994397746,0.07640056022408956,-0.15658263305322095,-0.13354341736694678,0.05262605042016808,0.12394957983193303
37,1,0.2619397759103639,0.08042717086834737,-0.3813025210084028,0.5609243697478987,-0.3415966386554621,-0.0984593837535005
37,2,0.12442105263157928,-0.08056140350877183,-0.16989473684210554,0.06473684210526301,0.05873684210526316,0.006771929824561382
37,3,-0.06040787623066142,-0.08481012658227853,0.1448663853727145,-0.2202180028129394,0.2695850914205342,-0.055344585091420415
37,4,-0.23692741367160125,0.028928823114869606,0.34207188160676605,-0.1756518675123326,0.10123326286116976,-0.06599718111345994
37,5,-0.04247881355932212,0.06920903954802275,0.0018714689265536975,0.017372881355932148,-0.08333333333333337,0.03735875706214676
37,Aggregated,0.014147119074266086,0.014941866319888227,-0.03679430260746694,0.019142914116362597,0.009438427408357764,-0.008602559923871026
37,Centralized,0.014306629187163213,0.014944951979386261,-0.037028578121339875,0.019296088076832942,0.009375732021550738,-0.008596861091590576
38,0,0.030672268907563045,0.06957282913165275,-0.15640756302521008,-0.09803921568627379,0.05178571428571435,0.11502100840336117
38,1,0.2476890756302528,0.0787114845938379,-0.4055672268907562,0.5336834733893545,-0.3553571428571424,-0.13067226890756328
38,2,0.12526315789473702,-0.07519298245613995,-0.1764210526315789,0.06919298245614029,0.05098245614035088,0.004070175438596455
38,3,-0.05611814345991555,-0.09296765119549925,0.13878340365682135,-0.2094585091420536,0.2686708860759488,-0.04469057665260185
38,4,-0.23738548273432017,0.02043692741367157,0.3496124031007758,-0.16680761099365732,0.09661733615222,-0.060359408033826716
38,5,-0.047316384180790864,0.06680790960451963,0.010451977401129802,0.029731638418079128,-0.09646892655367255,0.032556497175141245
38,Aggregated,0.010660443976285135,0.011240001041151948,-0.04023708406827964,0.02658466174414973,0.002602416502795033,-0.01400868280963266
38,Centralized,0.010816350433356743,0.011243851018974007,-0.04048371984071208,0.026733427032091715,0.002541578824080613,-0.014013820566877562
39,0,0.03399859943977578,0.07177871148459387,-0.16341036414565785,-0.1024159663865543,0.04744397759103647,0.11260504201680671
39,1,0.24229691876750728,0.07104341736694679,-0.41078431372549,0.5281862745098052,-0.3570378151260496,-0.10521708683473331
39,2,0.12108771929824608,-0.07392982456140346,-0.17536842105263176,0.0804561403508772,0.05133333333333331,-0.0035789473684209885
39,3,-0.05488748241912834,-0.08597046413502117,0.1407524613220823,-0.1934247538677912,0.2608298171589305,-0.06097046413502141
39,4,-0.23699788583509426,0.01828752642706141,0.34742776603241654,-0.16659619450317106,0.1004228329809729,-0.06677237491190964
39,5,-0.04713983050847464,0.06168785310734475,0.014018361581920984,0.02309322033898308,-0.08626412429378531,0.0346045197740113
39,Aggregated,0.009917730691237988,0.01049510367581609,-0.04154449005090126,0.02841687058387503,0.00267942882324565,-0.014875916809393989
39,Centralized,0.010072616537830986,0.010500117123448094,-0.04179550245959247,0.028566408995080735,0.0026118528929492124,-0.014874677910517525
40,0,0.03767507002801115,0.06880252100840328,-0.1581932773109238,-0.10987394957983199,0.05392156862745097,0.10766806722689065
40,1,0.24460784313725456,0.07594537815126065,-0.3851190476190469,0.5547268907563029,-0.3400210084033596,-0.11022408963585432
40,2,0.11533333333333348,-0.06680701754385963,-0.17603508771929866,0.07768421052631554,0.05238596491228059,0.007964912280701683
40,3,-0.05566104078762317,-0.07025316455696187,0.13540787623066114,-0.2127988748241916,0.25495780590717304,-0.04743319268635721
40,4,-0.23347427766032428,0.030091613812543994,0.33879492600422806,-0.1705778717406633,0.09168428470754061,-0.05440451021846364
40,5,-0.049187853107344595,0.06091101694915247,0.006991525423728836,0.02923728813559309,-0.0853813559322028,0.0374293785310735
40,Aggregated,0.010074453226813697,0.01645778958677721,-0.03999422016768944,0.02827294121536314,0.0044926090915167055,-0.009828011640446228
40,Centralized,0.010230733192785125,0.016461700632466637,-0.04023190442726631,0.02842586085734355,0.004433122511126679,-0.009832513469196646
41,0,0.0418067226890756,0.06967787114845936,-0.15542717086834637,-0.12233893557422969,0.04919467787114851,0.11288515406162486
41,1,0.2349089635854348,0.06460084033613464,-0.38434873949579745,0.5486344537815132,-0.3475840336134456,-0.1120098039215684
41,2,0.1191578947368417,-0.07656140350877245,-0.18147368421052665,0.08098245614035092,0.05357894736842085,-0.004105263157894717
41,3,-0.05101969057665294,-0.07137834036568245,0.11684247538677936,-0.2050632911392404,0.2579817158931075,-0.05369198312236298
41,4,-0.22723749119097936,0.031007751937984496,0.3216349541930948,-0.17040169133192404,0.0954545454545454,-0.0504580690627204
41,5,-0.045268361581920956,0.06140536723163823,0.006814971751412482,0.02517655367231636,-0.07980225988700579,0.0380296610169491
41,Aggregated,0.012245472278842224,0.013129627183316043,-0.04628801267325258,0.026367112216507844,0.004698194890152066,-0.011554622375221611
41,Centralized,0.012397516982900026,0.013129538533614442,-0.04652143359100486,0.026516748653080367,0.004632232372920999,-0.011560084328882541
42,0,0.035609243697479025,0.062394957983193174,-0.15073529411764636,-0.10731792717086831,0.06043417366946781,0.10381652661064399
42,1,0.23900560224089631,0.07857142857142849,-0.38326330532212854,0.5474089635854333,-0.35409663865546065,-0.12132352941176465
42,2,0.11687719298245611,-0.0722807017543859,-0.16992982456140365,0.07743859649122789,0.05410526315789474,-0.004105263157894735
42,3,-0.05597749648382558,-0.07313642756680744,0.12535161744022494,-0.21223628691983132,0.26237693389592065,-0.04426863572433135
42,4,-0.23629316420014104,0.03689217758985206,0.3251937984496126,-0.18224101479915408,0.09785059901338969,-0.047744890768145934
42,5,-0.052966101694915224,0.0615819209039546,0.012005649717514149,0.0218573446327684,-0.07810734463276821,0.03139124293785324
42,Aggregated,0.007901673979610722,0.0156762045501824,-0.04052503728732572,0.024362685528519747,0.006987810724993224,-0.013706781911055278
42,Centralized,0.00805809323026483,0.01567697353010072,-0.04075895994378078,0.024519793862731308,0.006921995783555921,-0.013715155774185993
43,0,0.029691876750700293,0.06365546218487401,-0.14408263305322128,-0.11404061624649817,0.06337535014005602,0.10140056022408964
43,1,0.23371848739495785,0.06288515406162483,-0.39061624649859994,0.543452380952382,-0.34425770308123393,-0.1051820728291314
43,2,0.11407017543859668,-0.07592982456140317,-0.1622807017543859,0.07494736842105258,0.0522456140350878,-0.0030526315789473437
43,3,-0.05063291139240536,-0.06828410689170233,0.13544303797468382,-0.212271448663855,0.2513713080168772,-0.05773558368495071
43,4,-0.22336152219873126,0.0375264270613107,0.32336152219873177,-0.1688865398167723,0.0954545454545454,-0.061980267794221236
43,5,-0.05024717514124271,0.05819209039548034,0.014830508474576022,0.02796610169491522,-0.08100282485875696,0.03026129943502822
43,Aggregated,0.009056650340634066,0.01300877984482986,-0.037520361443897914,0.025396027224282337,0.006098380396982274,-0.016039032417473398
43,Centralized,0.00920590302178495,0.013006558913094341,-0.037754743499648566,0.025544624033731592,0.006037713750292755,-0.01604005621925508
44,0,0.0302871148459384,0.06085434173669463,-0.14709383753501434,-0.1048669467787117,0.057317927170868366,0.10140056022408983
44,1,0.24835434173669454,0.06390056022408956,-0.37661064425770396,0.5470238095238092,-0.3441176470588232,-0.09653361344537803
44,2,0.11687719298245669,-0.08484210526315772,-0.15578947368420912,0.06982456140350875,0.0510175438596489,0.007122807017543899
44,3,-0.05850914205344561,-0.07718002812939517,0.12960618846694796,-0.21300984528832648,0.26047819971870595,-0.04349507735583701
44,4,-0.23579985905567366,0.02811839323467228,0.30968992248061966,-0.1662085976039464,0.10859760394644133,-0.05285412262156464
44,5,-0.05600282485875711,0.05183615819209035,0.02210451977401135,0.02976694915254233,-0.0722457627118644,0.02877824858757059
44,Aggregated,0.007729552164852707,0.00711981517599887,-0.03663940731183029,0.027291538587868907,0.010065306762499029,-0.009253570858958598
44,Centralized,0.007888264230498977,0.007121105645350161,-0.03687046146638563,0.02744202389318343,0.009996486296556587,-0.009252752401030668
45,0,0.027380952380952422,0.053361344537814985,-0.15381652661064354,-0.06313025210084063,0.048004201680672196,0.09030112044817933
45,1,0.23764005602240867,0.06610644257703074,-0.3864845938375349,0.5273109243697492,-0.3598389355742305,-0.12044817927170867
45,2,0.11301754385964882,-0.0748070175438596,-0.17192982456140338,0.0875438596491226,0.051192982456140325,0.0012982456140350528
45,3,-0.05541490857946539,-0.07352320675105467,0.11652601969057673,-0.18642756680731398,0.25910689170182877,-0.04971870604781996
45,4,-0.20877378435517902,0.03865398167723751,0.3151515151515158,-0.1614869626497528,0.09615926708949964,-0.06279069767441861
45,5,-0.042725988700564994,0.0606638418079094,0.012288135593220405,0.027648305084745757,-0.08661723163841789,0.024505649717514073
45,Aggregated,0.012031562770286261,0.011741163965551546,-0.045005087550585895,0.038785763661449424,0.0012266944651872207,-0.019472131975873445
45,Centralized,0.012174982431482833,0.01173576950105409,-0.045238931834153145,0.03894354649800887,0.0011595221363316609,-0.01947762942141
46,0,0.03126750700280104,0.06316526610644255,-0.13308823529411776,-0.10497198879551792,0.05129551820728277,0.09233193277310923
46,1,0.2371498599439775,0.05623249299719906,-0.3660014005602245,0.54887955182073,-0.32703081232493075,-0.10721288515406192
46,2,0.11291228070175446,-0.07112280701754387,-0.17431578947368426,0.07491228070175437,0.05407017543859644,0.0014385964912280785
46,3,-0.050386779184246895,-0.06751054852320672,0.11469760900140713,-0.21209563994374128,0.24894514767932463,-0.04419831223628679
46,4,-0.2206483439041592,0.02995066948555314,0.3054615926708951,-0.16909795630725813,0.10197322057787193,-0.06455250176180445
46,5,-0.04597457627118638,0.05165960451977393,0.009569209039547827,0.03382768361581926,-0.06472457627118676,0.019879943502824883
46,Aggregated,0.010902385585050519,0.010400119886909602,-0.04089099727345061,0.02877926207630128,0.010649397364072624,-0.017042549657984397
46,Centralized,0.011050597329585373,0.010400562192550982,-0.04111033028812373,0.028929491684235132,0.01058210353712819,-0.01704146170063244
47,0,0.02874649859943986,0.0589635854341736,-0.13196778711484564,-0.10350140056022358,0.054341736694677685,0.09131652661064422
47,1,0.23221288515406088,0.0640406162464986,-0.3932422969187665,0.512710084033612,-0.37335434173669513,-0.1074929971988798
47,2,0.11049122807017485,-0.07329824561403508,-0.1500350877192985,0.07663157894736851,0.04705263157894747,-0.0066315789473683955
47,3,-0.054008438818565534,-0.06796765119549929,0.1259142053445849,-0.19050632911392493,0.2559774964838264,-0.044092827004219425
47,4,-0.23548273431994535,0.03738548273432005,0.3055673009161375,-0.15581395348837251,0.09721634954193073,-0.04252995066948539
47,5,-0.057944915254236985,0.05413135593220347,0.022387005649717504,0.023693502824858756,-0.08054378531073449,0.031920903954802245
47,Aggregated,0.004191197762457528,0.012211413404012482,-0.037184751454006154,0.02739358104198818,1.959769816435586e-06,-0.01292093793591238
47,Centralized,0.004345279925040934,0.012210119465917133,-0.03741508550011711,0.027535722651674786,-7.027406886863683e-05,-0.012930428671819962
48,0,0.020273109243697476,0.05066526610644257,-0.1343487394957984,-0.0625,0.04859943977591034,0.07941176470588249
48,1,0.24166666666666664,0.060504201680672234,-0.3869397759103647,0.5341386554621864,-0.33918067226890874,-0.10598739495798297
48,2,0.10414035087719314,-0.08800000000000019,-0.14438596491228087,0.074,0.04617543859649124,-0.004561403508771958
48,3,-0.05770042194092865,-0.07194092827004192,0.11969057665260166,-0.200070323488045,0.23547819971870657,-0.03389592123769377
48,4,-0.21863988724453906,0.038689217758985074,0.29372797744890794,-0.15838618745595479,0.09393939393939428,-0.04933051444679297
48,5,-0.05444915254237274,0.04639830508474581,0.03884180790960435,0.028495762711864436,-0.07125706214689244,0.011970338983050857
48,Aggregated,0.0060644764120120365,0.006052077482886964,-0.035858317607146306,0.03615621169877265,0.002187510648973062,-0.01706243002204049
48,Centralized,0.006213398922464201,0.0060494260951042,-0.03609159053642539,0.036314125087842535,0.002119934410869019,-0.01706488639025529
49,0,0.02888655462184872,0.05892857142857147,-0.14177170868347336,-0.09110644257703127,0.04926470588235273,0.09159663865546215
49,1,0.24240196078431425,0.06971288515406161,-0.3810574229691876,0.5294117647058828,-0.34842436974789903,-0.08893557422969169
49,2,0.11677192982456111,-0.07157894736842109,-0.16561403508771913,0.07635087719298238,0.05533333333333333,-0.004947368421052611
49,3,-0.055414908579465925,-0.06448663853727146,0.10351617440225065,-0.20077355836849556,0.2435654008438828,-0.036954992967651056
49,4,-0.2246300211416499,0.03699788583509508,0.2927766032417196,-0.1599718111346012,0.09577167019027494,-0.024031007751938036
49,5,-0.04971751412429402,0.05303672316384185,0.01281779661016927,0.030190677966101552,-0.07122175141242895,0.03124999999999993
49,Aggregated,0.009903367748785238,0.013772775371275543,-0.04683612634106982,0.0308834701465453,0.003940660067178602,-0.0053389870620572984
49,Centralized,0.010055048020613784,0.013773717498243104,-0.047060201452330794,0.03103185757788707,0.003870929960178045,-0.0053466854064183325
50,0,0.029446778711484604,0.056022408963585416,-0.13161764705882353,-0.0859943977591037,0.05322128851540614,0.08312324929972005
50,1,0.24404761904761976,0.08112745098039244,-0.3850140056022415,0.5207282913165261,-0.3491946778711492,-0.10119047619047603
50,2,0.12017543859649128,-0.07073684210526293,-0.16259649122807013,0.06585964912280697,0.05199999999999992,-0.0004912280701754892
50,3,-0.051230661040787724,-0.07489451476793259,0.1173347398030945,-0.196940928270042,0.25548523206751,-0.03920534458509148
50,4,-0.22794221282593333,0.02195207892882311,0.30059901338971123,-0.15510923185341777,0.09439746300211418,-0.04446793516560917
50,5,-0.05282485875706204,0.047987288135593144,0.02425847457627107,0.029131355932203413,-0.07743644067796553,0.024646892655367268
50,Aggregated,0.01046856555872834,0.010257234590652529,-0.03979252270499227,0.02980822980898023,0.004639840274649393,-0.012930150421212747
50,Centralized,0.010623096743968179,0.010265870227219535,-0.040021082220660614,0.029954321855235482,0.004573670648863904,-0.012936284844225763
