Round,Evaluator,2,5,4,1,3,0
0,0,,,,,,
0,1,,,,,,
0,2,,,,,,
0,3,,,,,,
0,4,,,,,,
0,5,,,,,,
0,Aggregated,,,,,,
0,Centralized,,,,,,
1,0,-0.015655906057530804,-0.03040095019564636,0.0011187881644627265,-0.07541178404620459,0.04116582869036658,0.12108615495053938
1,1,0.03968360296112259,0.029417321515626024,0.020605676503226793,0.0221497212222073,0.02687876713979493,-0.023287100424812964
1,2,0.20362146982185322,0.05546000353868433,-0.004643916048675223,-0.042395163779199,0.0495125652780673,-0.057241336030355035
1,3,0.05270498319115539,-0.08899672523262282,0.042935401945034764,-0.11536215341108856,0.21172553779433004,-0.046109410736614294
1,4,-0.07284893252793272,-0.004898078437837844,0.24344822590231294,-0.07142552201755532,0.06859871810270944,-0.13343407099050353
1,5,-0.031340225038425894,0.0022413271926914743,0.0794364996439184,-0.01575192756397614,-0.023679060524679146,0.016683386382648942
1,Aggregated,0.029427006418993935,-0.006176479734513808,0.06372268638408396,-0.049684364824368235,0.06236282966988934,-0.02032987673384634
1,Centralized,0.08614675803781194,0.035265075127301974,0.057588153029114166,-0.039785116653823345,0.053952988439545664,0.027889117529650915
2,0,-0.006062234067487211,-0.025772272278521042,-0.035198687039173254,-0.06297324440831507,0.02100630482062701,0.13528012221056374
2,1,0.03148352804169871,-0.036212901022983135,0.013113538763016555,0.04941013384784586,-0.02688367070374693,-0.08640390059519484
2,2,0.23213431828022246,0.02983875961291765,-0.04547035523516714,-0.02965381458528319,0.04657396454328188,-0.08181910427963236
2,3,0.10274280765744741,-0.13081690605493737,0.03087689719245572,-0.10722681188702271,0.2962994842350604,-0.061235040363626404
2,4,-0.0735615736471401,0.00849922216707847,0.31178812523618615,-0.05975272471400841,0.12313783081085775,-0.17813705413742345
2,5,-0.04506873616082742,0.02592153813447949,0.08643588274784399,0.0054539050111418646,-0.05460789974894229,-0.0046540915851142305
2,Aggregated,0.04034911144731548,-0.021435000045489976,0.06012422269412275,-0.03410686892135531,0.067548598648612,-0.046104782594996355
2,Centralized,0.07379403667372433,0.017142986095238198,0.01287663934066841,-0.043130143233703275,0.011623285518534825,-0.01139726203583355
3,0,-0.0009917459507313995,-0.031410599797704906,-0.05081687393683915,-0.08118514305821425,-0.00613248680975444,0.19581461573475356
3,1,0.08535217721959495,-0.05764864459496671,0.035037246477688515,0.10241320371952034,-0.06343593678543896,-0.07622741346122956
3,2,0.22987852270372885,-0.01436734603029215,-0.05474176005622539,0.024190502031545495,0.04510259674585714,-0.06218357410420719
3,3,0.0833435464612277,-0.15449840210668875,0.01682320477618512,-0.11831596807818284,0.31227230317148424,-0.10091288056997677
3,4,-0.11565984499087721,-0.025442700602849994,0.36624598639380024,-0.09217687898601401,0.10343006068815619,-0.2699891245372887
3,5,-0.05852262414994816,0.05210528927248903,0.1497443495512185,0.0392351477145796,-0.09134737354450592,-0.06281062298651875
3,Aggregated,0.0373407013001064,-0.03856946020787172,0.07687793007047633,-0.020940581254356865,0.04994064741578077,-0.06258475852988832
3,Centralized,0.06977490996804259,-0.01019827766025077,0.03025831033532743,-0.009965789671228886,0.009978343489903738,-0.01222307814311276
4,0,0.0030129529335430442,-0.021495267076553103,-0.043939380297313,-0.08539041964928293,0.005133091825449297,0.1905338587470589
4,1,0.08106482425199084,-0.061234978048161595,0.04619037677475109,0.13488293456412073,-0.10598657073840509,-0.04313098915055669
4,2,0.21783790817866155,-0.024372394787791123,-0.09361634798561394,0.03427765415514007,0.023317776471025845,-0.06328688770207638
4,3,0.06588543466394761,-0.1559595436114704,0.031155082555184278,-0.13050588331241814,0.3172105149192058,-0.06071174361745688
4,4,-0.1390434389590965,-0.008955004034228957,0.46535758527221577,-0.0734838372616167,0.12449470632356367,-0.24803504207030638
4,5,-0.030896660386736267,0.1362514509513805,0.2209552210081684,0.08909426428632021,-0.08365742726621692,-0.06479907749393432
4,Aggregated,0.03307917832198615,-0.022690869665722858,0.1041228674166324,-0.0051679994600240566,0.04668883629184188,-0.04810619710532484
4,Centralized,0.06026159635132133,-0.012354483748901654,0.0352579561431203,0.008999113904660553,0.006021824135948329,0.010543833966132479
5,0,-0.010735874519974499,-0.021786160101874386,-0.047213060085220276,-0.10518653183432358,0.0024220904507415222,0.18103496337123867
5,1,0.08336259687122213,-0.06445787418143012,0.008488781454138438,0.17175957532719663,-0.12381541306569654,-0.03560959490563965
5,2,0.20873820828989278,-0.023230656013427983,-0.11691961219800497,0.04072702674805253,0.026797160857114852,-0.034268970705179064
5,3,0.041136827704200775,-0.14337500282451715,0.041813145921378754,-0.15289598985627512,0.32361365983410456,-0.023881634966846345
5,4,-0.17118155643909153,0.008562950678309826,0.4885483414428295,-0.11303030172699532,0.10998439130385555,-0.23567670860974563
5,5,-0.04974530266206738,0.14844871876698212,0.21147506274523878,0.04645959937080179,-0.11692756035763129,-0.08392789773139255
5,Aggregated,0.017045279238660182,-0.016048048309538696,0.09745135615793042,-0.018638625250320607,0.03695982534593135,-0.03858522338908131
5,Centralized,0.037853514832476745,-0.0016484023158894548,0.021611617364310186,-0.003120404920993139,0.005053838706074116,0.026425526943823715
6,0,0.010159749859363534,-0.0030942192414249053,-0.05001343697945623,-0.10485457496548858,-0.0036807559709857284,0.18289832905716716
6,1,0.06823530982704866,-0.0548052646528132,-0.004047768090017256,0.1457982067900418,-0.11665790233646797,-0.040752157503730964
6,2,0.2046240219526629,-0.03239057698458441,-0.13479933012274248,0.036372721160698146,0.00880661590650361,-0.031265342757011906
6,3,0.004873698564792551,-0.15878039069256056,0.05732202835406672,-0.15913721097099923,0.32290478022480334,-0.00970425420112669
6,4,-0.20699511456162406,-0.015739156745552395,0.5188423694164467,-0.13250174163655049,0.1328056461206472,-0.22260836377540608
6,5,-0.046945495705797424,0.1559520119363231,0.22091194039977502,0.012168476518435428,-0.11949998890464883,-0.07277291357604751
6,Aggregated,0.00578834660173496,-0.018205696735351388,0.10110077299342562,-0.03362559251943388,0.03738639063276185,-0.03224106854611593
6,Centralized,0.0246935869017107,0.0006312527074890896,0.0173670031734846,-0.015746812266520305,-0.0051256065871546986,0.029800828670351016
7,0,-0.010096344570357742,-0.011385827538712284,-0.05382100004776712,-0.10569062345476844,-0.0028053864072581807,0.19960442795849537
7,1,0.07479519918078835,-0.046673200878209455,-0.010951510947674301,0.18904410338199137,-0.12737577833344985,-0.04415907805036721
7,2,0.19936547703543295,-0.02476712144442407,-0.1430363367370672,0.03946601678648926,0.002386032682158459,-0.028684322786721672
7,3,0.001118706159962317,-0.16266998769863794,0.05496153160332831,-0.1730517963619085,0.32038481070109676,-0.014373844709238186
7,4,-0.2154947009485777,-0.002339382653265878,0.5150322528656494,-0.15953012888190318,0.11911864742130981,-0.22395929498586548
7,5,-0.06171490648227073,0.17668191110930115,0.18851401063241444,-0.017039646931666454,-0.13059954202061483,-0.07871070340076677
7,Aggregated,-0.0018712776737538975,-0.011931809316012483,0.09152423434468455,-0.03769973745198083,0.030129005600268828,-0.03157964217616007
7,Centralized,0.019454689233071705,0.004364307819138569,0.014301381230848136,-0.019445450100566624,0.0007048165773698544,0.031197316325418226
8,0,-0.013283072744725821,-0.013059214682456218,-0.06146562376762395,-0.0742888581408147,-0.018831498607492135,0.19096198581596763
8,1,0.08258971914458191,-0.04558601678479345,-0.028583039649587617,0.1762621130654193,-0.1481466613238277,-0.06425356861323238
8,2,0.19099586616108788,-0.017992181130110446,-0.15053688551406574,0.034049107063297585,-0.0175094291827746,-0.0329057920528875
8,3,0.003927383542096606,-0.16513387862408815,0.07484530514418966,-0.18211946125010237,0.31457551161313674,-0.001473456265334581
8,4,-0.2099684976333277,-0.0013392378464515517,0.5262635413099712,-0.16796477198533996,0.12471521298347675,-0.20719875013639444
8,5,-0.062258695592751975,0.19357015491309512,0.15992195893437902,-0.027219819699067945,-0.13690222902609017,-0.06796084213980086
8,Aggregated,-0.0012012467765586746,-0.008335399672416463,0.08647917218806685,-0.0401008637840832,0.019581564217811744,-0.030357246522477472
8,Centralized,0.01040270413972293,0.009924551971656722,0.006110292105528931,-0.02960633469576529,-0.004719486198673493,0.0288010077494851
9,0,-0.024351408911727074,0.011569266673388014,-0.06722762518683774,-0.07977553631753022,-0.01653495136872073,0.20589286904165494
9,1,0.07446705119288818,-0.027219067842618155,-0.011955612352092828,0.1787459056302801,-0.12315065191559856,-0.05883531866733223
9,2,0.18798908512509102,-0.024774057975911184,-0.15896490292620472,0.04799694510366614,-0.018429085024825573,-0.024136677300550437
9,3,-0.004936851781317178,-0.16734703847936372,0.059693425483114335,-0.18500244771395438,0.3192661471856887,-0.014298938698674053
9,4,-0.21874033762196812,-0.012069336230771138,0.5087449452707831,-0.1654957035107507,0.11487271829784033,-0.21027279875360724
9,5,-0.06090298425931138,0.1913606187722613,0.13143493438164677,-0.01988640686857355,-0.13900622318581535,-0.061830959544509984
9,Aggregated,-0.0076178713822620675,-0.004809293933064449,0.07671216593372521,-0.03712531309712297,0.0227787889928892,-0.027124947627166957
9,Centralized,0.008632007920752612,0.012631521193837692,-0.0071123482340742505,-0.022677495261060093,0.0029522538949716985,0.025573713457229995
10,0,-0.03474224842612191,0.005101132406703234,-0.06755565150776956,-0.09245152166141707,-0.013488728297494234,0.22181573507177596
10,1,0.08722186716401757,-0.02253493913930661,-0.046407177526281665,0.16441115127302855,-0.11530476196368568,-0.07120205405570675
10,2,0.18691331410671982,-0.03807982477972423,-0.157946228954956,0.05068844346936525,-0.022332348445560077,-0.019837588063763723
10,3,-0.005394740374763846,-0.1673760785021784,0.08343228135736228,-0.19384013947510895,0.32264369215021826,-0.019494839866540013
10,4,-0.22690730001782383,-0.007680326347781572,0.5057173741461025,-0.16736799550849527,0.11305746306669764,-0.19632380935610558
10,5,-0.060807004587379136,0.19611981354790858,0.11415074300460609,-0.02140020148345762,-0.13924533388974658,-0.04949669895980379
10,Aggregated,-0.00882196992815271,-0.005810177130756931,0.07165095423812945,-0.043221513656801824,0.024166988203577537,-0.022307332049613052
10,Centralized,0.005449771471790919,0.009879243481201335,-0.009039727078848564,-0.025658988250847045,0.005155973450611389,0.027409190321681622
11,0,-0.048281071400627054,0.008664127996101438,-0.07128443460553653,-0.09503327288997039,-0.006872009175166107,0.22900566160890068
11,1,0.09623281476458043,-0.02688351772924794,-0.05967074546637511,0.16715338741774224,-0.1083865101469051,-0.04330443306935445
11,2,0.18453891489832028,-0.047782247522524135,-0.15348906428546727,0.06181045102683543,-0.01178847787588722,-0.02023937918789108
11,3,-0.0029468845851182133,-0.1708501867269425,0.08718317951662462,-0.206337255578825,0.31870752963899557,-0.02561382940357992
11,4,-0.22669432995355743,-0.012168713560910604,0.49434500024302397,-0.1751013822827932,0.10587331008071738,-0.1830923423960201
11,5,-0.06048762366513261,0.18920544209428594,0.09214039367137682,-0.006688265686273555,-0.14545774422575736,-0.04547989248264984
11,Aggregated,-0.009477898110272224,-0.01003515442868292,0.06462997175065505,-0.04226139219522083,0.025302040641501128,-0.014665127687492776
11,Centralized,0.0014971271420880876,0.007015819119023364,-0.013860565881897022,-0.018801638837599968,0.010825327568074548,0.020706965458936202
12,0,-0.03642454799427989,-0.012766283731937842,-0.06871878225788913,-0.09763402204826786,-0.015808678590772184,0.22802985961770392
12,1,0.06344609380616743,-0.017013214076193134,-0.0906330002097592,0.17616389669654403,-0.12344918047253876,-0.037422946629566724
12,2,0.17251299348437024,-0.051224479787501415,-0.1681304014309153,0.05890119326198667,-0.003379499044954769,-0.01367193056612399
12,3,-0.002193088791365265,-0.15987197603338613,0.08991114022633313,-0.20012140399709435,0.325038318544809,-0.014973295555577746
12,4,-0.21525438742124167,-0.018831274573207882,0.514616982036754,-0.162091122645386,0.13125246914484376,-0.1688604111135559
12,5,-0.06678868098669652,0.1735678741093656,0.09491830802737822,0.0016015505596404936,-0.1452454547363168,-0.045452582205154995
12,Aggregated,-0.013997396227341832,-0.014419942181257592,0.06173548883094924,-0.03709792899693212,0.028010646151921503,-0.008605343778796046
12,Centralized,0.0006855597204115875,0.005048968090023923,-0.018517734849107587,-0.01509575223330361,0.014702585527745187,0.026144877900853833
13,0,-0.06026677958095129,0.005210557762077548,-0.06548489192927777,-0.11403268346841174,-0.001121674312540815,0.2503981052681712
13,1,0.09268365985722007,-0.034781818872621925,-0.08505045991101898,0.18968803380773253,-0.12390456084469115,-0.03232816831306833
13,2,0.18346652015655798,-0.05641318166258554,-0.1590141883840597,0.06690481677476846,0.0015637507804742812,-0.013291803889921825
13,3,-0.010416155170131456,-0.1652557671153788,0.08869083176403361,-0.19771656541001756,0.3180904478697166,-0.031920102865091136
13,4,-0.23212699967878,-0.01317874489283951,0.48316345727575777,-0.17612746601413037,0.1090250871249159,-0.17018583811591045
13,5,-0.05996576278831954,0.1897174011680013,0.06705071501995047,-0.002843991014433665,-0.15184561972031993,-0.026396976279915357
13,Aggregated,-0.01431197752868526,-0.012521734251466514,0.054657689393253134,-0.03891701151415828,0.025258287649614686,-0.0038310744788372306
13,Centralized,-0.00019374323052549352,0.007866010483382525,-0.02089022887192078,-0.012906143999941659,0.015974513750237396,0.018824796339024463
14,0,-0.0672964512312499,0.003956874887842979,-0.07386454179651335,-0.10553813607232504,0.020285076884986073,0.23808987597213202
14,1,0.09425007958162472,-0.031707369736868614,-0.10747924676383377,0.18030742281955006,-0.12351598496986836,-0.0411523320452121
14,2,0.17348629824833262,-0.0646101876448371,-0.1696807913629596,0.07155511822644417,-0.0064124541408613345,-0.02041469547042696
14,3,0.003738046169679631,-0.15762578539984975,0.09746652864502023,-0.1816791954361919,0.32214014367894,-0.046929504944192874
14,4,-0.21954705098065525,-0.008509946468202896,0.47805688313590117,-0.1585320882192519,0.11977171056782084,-0.1663759272496053
14,5,-0.05328660411003867,0.18301174005750945,0.05355536736876092,0.005097192150940134,-0.1509011809655206,-0.02067121231752954
14,Aggregated,-0.011327928748045946,-0.012652471613752832,0.04610197739606817,-0.03136978579566112,0.030186654240379175,-0.009461737616269013
14,Centralized,0.006953645258488712,0.007129198636178827,-0.028801829055682977,-0.004555357553320023,0.01756762237684414,0.002565774145306396
15,0,-0.07916277068429384,0.008809835731744545,-0.08534243217511768,-0.10907288671404662,0.0059167270300219555,0.2545895934407085
15,1,0.09392267523252877,-0.029135800136708814,-0.11352538823176801,0.18708142940456896,-0.10664374832538771,-0.03112747041108164
15,2,0.17352684386518138,-0.06337549052387675,-0.1660369990501463,0.06980849578818944,0.004568496474248677,-0.007578680603290738
15,3,0.0035794184333688985,-0.15711663472050003,0.0971835216076466,-0.20093922043092455,0.31436188124108183,-0.046389230460831155
15,4,-0.2133258053190349,-0.02632547808056192,0.4719994291148813,-0.1622494443376755,0.10867973859243157,-0.16007467433111647
15,5,-0.060825432010220865,0.16324154293196538,0.05233871213928643,0.019456847289942288,-0.14932777252272952,-0.021070005702640542
15,Aggregated,-0.013601795978741095,-0.017373741226356078,0.042526408485525136,-0.03255911654072256,0.029557062297234975,-0.001819144308042173
15,Centralized,0.004984003578352544,0.006111149054161613,-0.02908689424441381,-0.0012104479401362342,0.01849690952665428,0.007419265736917404
16,0,-0.07437056466927476,0.015506845822170627,-0.08491005715458043,-0.1227844787627169,0.015001549600512826,0.2515567051638874
16,1,0.12569995307422127,-0.038347591312502774,-0.13486411564635997,0.20787449204372668,-0.1330094185056262,-0.03311184013883975
16,2,0.16756884296032176,-0.0734757590428343,-0.1686143567662927,0.08179560164448775,0.0006546089403049413,-0.010955482696412219
16,3,0.00896013742492286,-0.15440758722823558,0.10184588535343456,-0.18526664256419884,0.30966128617598637,-0.05481919445886477
16,4,-0.2171156582332978,-0.01635276889865867,0.4677464541263052,-0.17473373835732098,0.11482601792811127,-0.1470295837256021
16,5,-0.06735720167575722,0.16152292564757612,0.06674545972568832,0.006562213680060016,-0.14317204066739864,-0.012606297004280164
16,Aggregated,-0.009310181623823187,-0.017653711619066877,0.041069765450060886,-0.030988044121882427,0.027282064719985736,-0.001046220893792596
16,Centralized,0.0056873957227761155,0.006316787272490508,-0.02782726561238528,0.0009228004809993251,0.018602339654285486,0.002529783237848731
17,0,-0.05753013284516509,0.022217150232222656,-0.10311678823039701,-0.11426370001695149,0.01685984649849801,0.24009555773277613
17,1,0.10182609921704457,-0.04493828419584182,-0.1334118598982425,0.21021681654202512,-0.12317219618897061,-0.024561674586882326
17,2,0.16387263960562673,-0.07772608185620639,-0.16793920252126288,0.07302435896272133,0.005800480298309698,-0.0030768725503323158
17,3,0.004591160964779465,-0.15173154203392747,0.10020094466984128,-0.19385110831406438,0.31826289280767556,-0.050204401332478846
17,4,-0.2159306516759174,-0.030137222308963728,0.4567458902272233,-0.17687524051213566,0.10985538189312788,-0.11698626402673705
17,5,-0.07324140717811727,0.15226120813245603,0.06935470142692117,0.013094796115984337,-0.1500023784161244,0.009448796474989632
17,Aggregated,-0.012610014594610674,-0.021730881126990856,0.036714147049563245,-0.03133746772970888,0.02956317785463712,0.009217160117540878
17,Centralized,0.004926203082938079,0.0024535147501766386,-0.03185909291555729,-0.004044104236322732,0.01738580882654705,0.010773477380644948
18,0,-0.08129735024630062,0.03245995801444993,-0.0941329122317715,-0.11109517067565743,0.0324416205889751,0.263533427103078
18,1,0.13161055245871187,-0.03792130467439905,-0.12592970426493968,0.21136997673815117,-0.13457305809742223,-0.040763353857051515
18,2,0.16571430545661325,-0.07091249852235927,-0.16591004029549766,0.08461480753736314,0.013128904248393547,-0.003279742074547513
18,3,-0.0018436302635255629,-0.14658280651838176,0.10034933516710094,-0.1984549550914375,0.30505566495651953,-0.06881652498955837
18,4,-0.22329072903658406,-0.027985240115538722,0.44870992796240133,-0.18387156664757096,0.10752816723614268,-0.13246081501109142
18,5,-0.07350528067048225,0.14407968424673867,0.060408356998129284,0.013252674873748482,-0.14293168970176123,0.003397085690624946
18,Aggregated,-0.01363840270653447,-0.017856929687863985,0.03700205460725127,-0.030586965437082225,0.030072591316566817,0.0037104606138854378
18,Centralized,0.009785372102631168,0.00618497010862389,-0.027408076721462976,0.0033552616930390407,0.017167188673838624,-0.0029025912552051282
19,0,-0.07632777494999482,0.01575735121118932,-0.1195960794787832,-0.13431991624283146,0.008772350891239027,0.2936496792889669
19,1,0.13478997823476763,-0.0411081401354397,-0.1633750412683796,0.2002759506637833,-0.10951298816461422,-0.027151474950374763
19,2,0.17117201757462314,-0.08399010219323491,-0.18094190862518778,0.08073056130405284,0.008626592698314282,0.001459843349127372
19,3,0.010728300320045379,-0.14824555831084918,0.09839479688559036,-0.1815804256989324,0.2998303057992288,-0.05231804534636591
19,4,-0.21606319452058995,-0.00688271795397208,0.4479283336509374,-0.17710185698469438,0.10824557563885763,-0.10126087009082077
19,5,-0.07295180640374906,0.15302973897470185,0.04165523132430474,0.0017854453436995815,-0.1293943207570901,0.01956591774371125
19,Aggregated,-0.007978640419504853,-0.018636908807480985,0.020416644379420396,-0.03493493629721625,0.03105359936550881,0.022430625226571032
19,Centralized,0.01455480350322681,0.006826108512409144,-0.03717874112176955,0.0007816017200585768,0.015239721475044075,0.007885958316393384
20,0,-0.06478958193542035,0.04787491548440231,-0.10844927049113433,-0.13050353320365074,0.01814919426868849,0.24346826790232695
20,1,0.10799301664185595,-0.029499890788847904,-0.143666679389556,0.18633652615144775,-0.1001754946965622,-0.010715308133242842
20,2,0.1633492745324541,-0.08010008653072907,-0.1743709348742058,0.07795961814974904,0.012956706357936441,0.0063995132663334986
20,3,-0.0017020707395119653,-0.13700034933260138,0.09721414553702452,-0.20236251633606092,0.29604106247438333,-0.060244722041816585
20,4,-0.2319854578245119,-0.017298054492809377,0.4290439905017412,-0.18445092315377604,0.10127986835474369,-0.12030981454540689
20,5,-0.07742688018336198,0.14279225351745906,0.04639642603557739,0.016305060059466116,-0.13358358979414472,0.013679212834094387
20,Aggregated,-0.01729542399966534,-0.012249360873196632,0.02411403892554012,-0.03935754504140958,0.03241401495086793,0.012151348953662237
20,Centralized,0.015065328891485283,0.008149593935024178,-0.03468839852290881,0.002924234971049686,0.014527259375987955,0.0004295986542862172
21,0,-0.06548922011930078,0.028525382122042017,-0.11942751662575903,-0.13552763007577676,0.022706325679407932,0.2692126590193852
21,1,0.13687897860858533,-0.03615695812896841,-0.16064667180036435,0.19455459509406006,-0.10774467525788643,-0.03191513675861026
21,2,0.16286934139723597,-0.08236900829472672,-0.17331198293522904,0.08479367428584225,0.010077591851576655,-0.005026044411632025
21,3,-0.0005297517518783799,-0.1476065048210751,0.10589141668794448,-0.18613479252379656,0.29927827469804097,-0.05637368049792928
21,4,-0.22499998501424218,-0.025511876787032036,0.4392406883195388,-0.17090136262674802,0.11346955754067826,-0.10144780513299882
21,5,-0.08392095819512695,0.13669887694300764,0.05320811379371151,0.013793673870088488,-0.12763229758517908,0.012135232985414043
21,Aggregated,-0.012391198803670518,-0.02111669495610686,0.023896983520016766,-0.03314420296756741,0.03498786404526755,0.014530809148451288
21,Centralized,0.012925349154393438,0.005000939267231891,-0.0333812526719293,0.0066436410923902175,0.014224097795903081,-0.0024381712557305928
22,0,-0.07501160000548764,0.04307245694150635,-0.109645150794895,-0.1181701545259939,0.02919907905924237,0.28980700283669225
22,1,0.13578079034716584,-0.07927221428990848,-0.13161116038886583,0.20468280170955427,-0.09618047678316692,-0.04416905301665732
22,2,0.1546768042001862,-0.09323574785319898,-0.1753111077443893,0.0926571418849249,0.014933762553575878,-0.008222101650891453
22,3,-0.006308572354268188,-0.13334653751556103,0.10857768058186783,-0.17909956219630116,0.28514080781973017,-0.06792613248430274
22,4,-0.2343367716173392,-0.015059958030194786,0.43635525580891726,-0.1682415367387904,0.10648572510642648,-0.11125698225887132
22,5,-0.09582771333693037,0.11499907882867942,0.05977507949102419,0.020396876289039814,-0.11950120166297343,0.01511339321844209
22,Aggregated,-0.020027177514693142,-0.027193407463251926,0.031104103866475254,-0.024530748302685153,0.03664823497914804,0.012329031108312884
22,Centralized,0.012036646900832802,0.0002479194012449559,-0.031018342571462517,0.014760874293393221,0.009785261753806142,-0.01133344020037862
23,0,-0.06960425265547707,0.008050481275998084,-0.13346860862626508,-0.13079481240954477,0.022418341517841084,0.24777624503966525
23,1,0.13799073257613484,-0.04942322822027261,-0.1307559388110008,0.18204816865827714,-0.11113859271440338,-0.028480470487541397
23,2,0.15145939289527055,-0.08386908125416144,-0.18073649922524057,0.08581644573846467,0.02160182290171882,0.0032870001149398385
23,3,-0.009787721597014227,-0.12945278608113922,0.09900163095467744,-0.1854554101956056,0.2933141013686001,-0.05996335027380199
23,4,-0.2268819934597,-0.009567260347886209,0.431435016630491,-0.178303486133602,0.10988695933367801,-0.10484210738623131
23,5,-0.08375188613015765,0.11894546465700198,0.05233112793844083,0.011919522473511456,-0.11823992663445818,0.023294895931930935
23,Aggregated,-0.016623178853343554,-0.024275825112047008,0.022712580614323408,-0.035701781176259335,0.03626782739809349,0.013604662870282063
23,Centralized,0.016148204738791326,0.006663665781099253,-0.036090188436573335,0.009674194317620616,0.012154319506618634,-0.0048882018915394
24,0,-0.07188573439739737,0.09029172223274862,-0.09616738905465574,-0.18260339962157737,0.021125177764694705,0.30436992234337096
24,1,0.13404632729321772,-0.05564742644339026,-0.1327476359023745,0.1953261535356867,-0.09219319262554294,-0.05440762004830391
24,2,0.16055122599937008,-0.08413780634959504,-0.17359959231057812,0.07292647362444277,0.026165033071267788,-0.008022843650358704
24,3,0.0019752721511391833,-0.12078824918798967,0.10910486567807035,-0.1888407012995994,0.28561664249598007,-0.06696208277244377
24,4,-0.225971675818943,-0.0003231530113770946,0.42153063312584654,-0.1619121457762786,0.10632977427878411,-0.12387428252011944
24,5,-0.07899269841302707,0.12458812936705822,0.04696046004212013,0.029055921563561658,-0.1153138504195063,-0.000935047626856846
24,Aggregated,-0.01324404047636833,-0.007708322729742988,0.02894053789999811,-0.039272779117977365,0.038589124072739754,0.008476960760886176
24,Centralized,0.018243024083988597,0.010681488890890113,-0.03383678087701102,0.012568715952548482,0.009279102421452828,-0.01788272024000947
25,0,-0.08518560663195719,0.018771129214090052,-0.10939565472075673,-0.1833964216049843,0.02552345291018824,0.2685528015662374
25,1,0.13277255384790887,-0.05780741948728371,-0.14905384390999185,0.2359868527909287,-0.10216615849799397,-0.040576648292518926
25,2,0.16784665238427654,-0.08428481393108417,-0.16879960679450137,0.07591962806953498,0.035100837401604884,0.0005181005944139728
25,3,-0.0090388210315337,-0.13590176156996955,0.10295371017154796,-0.2072913705415469,0.2804754338773393,-0.06327414728827674
25,4,-0.23784911562651903,-0.024823348396348095,0.4080145526532117,-0.16836492751125592,0.09244862659424999,-0.09981773653896797
25,5,-0.0853408110954613,0.10889591056435624,0.0368730290467685,0.03003922488639467,-0.1180031098757256,0.027535756473667315
25,Aggregated,-0.01932669300725814,-0.029238753657509397,0.019859025493211908,-0.036099839581456065,0.035535754309314285,0.015581906393149644
25,Centralized,0.021665182718361504,0.003424880100433352,-0.031866426680924397,0.011169285979381355,0.015095739912683082,-0.00697658523807045
26,0,-0.09246262300997558,0.06798589019757391,-0.10880503176241355,-0.1651389763197265,0.03234681448638322,0.2825163789326564
26,1,0.11922516143993206,-0.053428067398822325,-0.13627695629541994,0.2209805450445929,-0.11246246489702799,-0.04234030342003802
26,2,0.14283189085775633,-0.08422758699201756,-0.17833120521358423,0.09105858497605056,0.03353030190402416,-0.007824798687090533
26,3,-0.00805147295570777,-0.13031370701247985,0.10517010637083529,-0.17959502392549673,0.28907579672946965,-0.06177610613983263
26,4,-0.23109789729020566,-0.01911085595547758,0.40792973489378875,-0.17434699619045776,0.09599086585746221,-0.07695178316078678
26,5,-0.09790229942230692,0.11262161319344223,0.0445470396936494,0.01956277413024973,-0.1233008999019951,0.03975953679453923
26,Aggregated,-0.027777714587176257,-0.01777969335926275,0.022131818451326793,-0.031155875496595986,0.035834844123933146,0.02231406704185561
26,Centralized,0.010425948016676543,0.004191617558607363,-0.03391173043198564,0.015723501080271384,0.00979999425280261,-0.006513160005927791
27,0,-0.06234998287850301,0.03099728779631449,-0.11604245998411687,-0.1485526033978864,0.03611418498037595,0.25983357348381575
27,1,0.13026940186758396,-0.06076630649000196,-0.13064807702424794,0.19910999908023114,-0.09996536984800779,-0.042159963105239694
27,2,0.1495075655002159,-0.09017363727171307,-0.17962317591430282,0.09015900791611069,0.03203912988991896,-0.010735370325491598
27,3,-0.005244612423014451,-0.12124060411142125,0.09457794386842948,-0.1826751414315465,0.27943893620107435,-0.05717559904876475
27,4,-0.22896449370057712,-0.013199131589278632,0.4055445656624486,-0.1784811878678251,0.10184317912408627,-0.06802815952507285
27,5,-0.09000705203206459,0.09872137802677755,0.045868705753582664,0.008369974190861404,-0.10401464141401556,0.04537351292473161
27,Aggregated,-0.01765670784578522,-0.025989335787107465,0.019706418470545602,-0.03525020096656005,0.04087730726883416,0.021255768221694747
27,Centralized,0.013991693770956617,0.003980258363589322,-0.036815004581000316,0.011150109557640063,0.012638422324900646,-0.00543130302531004
28,0,-0.0782713010358938,0.021137025565492986,-0.09928102711453175,-0.157406178483015,0.04268852678940266,0.2802166357719047
28,1,0.129828467501417,-0.056681861054542634,-0.129065749527457,0.20290385952772122,-0.10622470535570928,-0.04076001109142939
28,2,0.15086230037736933,-0.08567317009329033,-0.18433549176718872,0.0928222402222352,0.03494006847966538,-0.005566705296555811
28,3,-0.0008835310297269053,-0.12032372276888134,0.09156633016579929,-0.181679961699596,0.2761554114179183,-0.056950084459077586
28,4,-0.22732430748063695,-0.008474683733584648,0.4004084460846348,-0.17089428292229503,0.10307452515398631,-0.09041737780490183
28,5,-0.08893913364316758,0.10722907510930937,0.041519265875445494,0.02133673363175609,-0.103675170180167,0.022111646722375304
28,Aggregated,-0.018985918645696927,-0.02384949063626096,0.019903734079878298,-0.0320665293870613,0.04112835353370144,0.018199406881670575
28,Centralized,0.014396787726963787,0.006619763474775063,-0.03764744920904143,0.016696869664620088,0.013923254806257597,-0.010893769225801719
29,0,-0.06366061402737556,0.04029120870727929,-0.08728927466173982,-0.1645579185674345,0.045148565798039386,0.2907787065877225
29,1,0.13219437813868526,-0.06395577343317897,-0.12362964616206162,0.20120938291788953,-0.1014511729544695,-0.04692756393878963
29,2,0.15052278433373353,-0.07886189985704532,-0.17268153794598004,0.08710791280667443,0.03634720972737359,-0.010667871030913496
29,3,-0.002597041948363693,-0.10806299843363201,0.09036010658244881,-0.18838364426272194,0.28401610998512106,-0.06754929941968453
29,4,-0.23082510417275157,-0.0025058307954644774,0.3883978426110686,-0.1661312104292302,0.09750082804106835,-0.08331720120182205
29,5,-0.0890615814841444,0.10558678905496219,0.03350458060618368,0.027693788376069613,-0.1151912156947932,0.03746763914172227
29,Aggregated,-0.01709622818077089,-0.017967256304968992,0.021225843748205644,-0.03376385635185485,0.04103787797770255,0.020051553054099277
29,Centralized,0.014983092089285945,0.009661312705237856,-0.037322117326597036,0.01591362040724523,0.009947208537464601,-0.011597912121203884
30,0,-0.07466820874495692,0.03044350589318339,-0.08836465752253925,-0.15472699192132988,0.042927363442236056,0.2564556908384006
30,1,0.13381253605366655,-0.06967284195273589,-0.12608899783279506,0.2066788528905059,-0.10470437670538081,-0.03135750059992039
30,2,0.14680390442075522,-0.09393842502476508,-0.16815870822545367,0.09393023959364691,0.0356263100164137,0.0012719533846181153
30,3,-0.00867558735123664,-0.11514906565472088,0.09658486860009001,-0.19003848965100262,0.2709201342719617,-0.05556150132544081
30,4,-0.23792386245690622,-0.007032906976120862,0.39260338463467775,-0.17034268355286117,0.09123725137899476,-0.091091477996348
30,5,-0.10064769157256798,0.09418896899301755,0.0569818594628782,0.031096812087163455,-0.109724327863509,0.023500274257148623
30,Aggregated,-0.023404475545425997,-0.026909980309899773,0.027030225218942654,-0.030481549245156832,0.037689063570416424,0.01729281380302989
30,Centralized,0.012142640067756888,0.0046360385321139565,-0.029589550189040352,0.019006955587762095,0.00935328996876594,-0.008809695208803094
31,0,-0.10836925914148773,0.06933083277528737,-0.09946923088182975,-0.18572936002384316,0.05699515008494591,0.2551751652019335
31,1,0.13450145733854788,-0.04762111959357167,-0.1414042258397086,0.18400313207131455,-0.09109703805353722,-0.044104132218858866
31,2,0.13992895363109792,-0.08873865617508127,-0.1783646257596841,0.09013215192029658,0.031432164100253096,-0.0005667575375281903
31,3,-0.006344698180330359,-0.1102548780916081,0.0945205202296352,-0.18127637312955733,0.2743321684216439,-0.05552374238916542
31,4,-0.2199211001734014,0.01576366106483317,0.3940772795269573,-0.15991510212996243,0.09263719680732599,-0.0806295659928775
31,5,-0.08337240019495917,0.11332638896470336,0.026515060844505233,0.027673861792827662,-0.11384934356863533,0.03902858730146063
31,Aggregated,-0.023807272816961836,-0.00807677462393669,0.015752019171824293,-0.037452554394345444,0.041725727548932036,0.0189729629601572
31,Centralized,0.013084789604504703,0.011780075319126452,-0.04048050280703935,0.018366766347621178,0.006835307771586665,-0.0072469034994872275
32,0,-0.043544022262395565,0.07573047504089293,-0.08768271297842094,-0.19289806206257398,0.05925065664967394,0.2983236520496737
32,1,0.10834076621555613,-0.05581903442061671,-0.12246506057517322,0.2223922388304582,-0.09557048311647735,-0.05269216296447706
32,2,0.13987183906533526,-0.09065056652316104,-0.17058639442468973,0.09283125059793516,0.039157857216019845,-0.01149505255617219
32,3,-0.012242678559236424,-0.12046965890708985,0.0957058625973159,-0.1748487995915505,0.2687974339281666,-0.06781072877876011
32,4,-0.2293877281215095,-0.004525062347088809,0.38009054358334543,-0.16558682751470133,0.09899184293136151,-0.08576378631407972
32,5,-0.08720949199396245,0.10414665374154089,0.032418168795287486,0.016287821303613566,-0.09752618376110984,0.03618325491519943
32,Aggregated,-0.020556463907948366,-0.015299738286414129,0.021031440188401695,-0.0335557197203684,0.04549392629041937,0.019546602485587067
32,Centralized,0.01471235898261869,0.005958476023617733,-0.034210655832795804,0.01925804607129274,0.013761546291248289,-0.014419691192065058
33,0,-0.0992102783782251,0.02662530454795922,-0.08814086783817517,-0.21348139781810294,0.059004164707140365,0.2598028398718932
33,1,0.13566396895951424,-0.06559243270244694,-0.1299983635580523,0.20816286845025692,-0.0968615469882555,-0.04983883183447147
33,2,0.14814703969998486,-0.0949971295495554,-0.17485029147645909,0.09325889548670771,0.040979748391834304,-0.005371270926672474
33,3,-0.00767826051125317,-0.10237265631455578,0.09129715114025458,-0.1821746638147887,0.2679029753354068,-0.05630132958052082
33,4,-0.23610062022158687,0.019325612037773984,0.3815730559932095,-0.17001539039952596,0.08258801940703075,-0.09739846334592688
33,5,-0.093538664729976,0.10337604988138613,0.04745449151247439,0.017710896891217912,-0.10986821287385376,0.021490613943815372
33,Aggregated,-0.02531762691687136,-0.019001173523045665,0.020998195496215323,-0.041017607838131194,0.040610394468528196,0.012150628897587853
33,Centralized,0.012234099546197662,0.009310808269902519,-0.03407095918861616,0.01691404673734863,0.010609356528060266,-0.016048535390831967
34,0,-0.0981120291331633,0.0388005004416042,-0.08732602602017624,-0.1908539142607727,0.039091437370590634,0.2832762774126668
34,1,0.14461696061334514,-0.05242224165440565,-0.13786789074067732,0.19780269980801524,-0.10028236141504075,-0.03780792364111681
34,2,0.14154444781295517,-0.08632571178248259,-0.17103768095032226,0.0915138953671407,0.0399784005564931,-0.0038342341219922303
34,3,-0.01654989971334309,-0.11514399104097074,0.08852294512321995,-0.17836097899009826,0.26806057293001684,-0.05681815721990123
34,4,-0.2408486619834079,0.0012965059359750857,0.3754411138452366,-0.16962269673941172,0.09229069671011862,-0.07431138437277131
34,5,-0.10506925282690194,0.09496645170669077,0.044456095389626034,0.028968571017283375,-0.11153687755878854,0.04339468029116518
34,Aggregated,-0.02892567875637553,-0.019847971586059734,0.01847534416983579,-0.03668813735780837,0.03791066991239933,0.025733010738140032
34,Centralized,0.009640320216137276,0.007322246594830384,-0.03400692040531604,0.02414159754995122,0.009481589872067315,-0.008693420479626143
35,0,-0.1074099861030982,0.0938842508926102,-0.07542842481296705,-0.23087657784761054,0.048353606802236826,0.2866008852580802
35,1,0.12260333114640502,-0.06318605040199986,-0.12784916501144647,0.21592746773481408,-0.09004053684795929,-0.046567077781137854
35,2,0.13995256688658853,-0.08237547282815183,-0.17940914898321508,0.09327818657317401,0.03679173274099182,-0.008524508609388564
35,3,-0.00941158082176372,-0.10285133745887652,0.09017780144888686,-0.17611655051664038,0.26798371461917037,-0.06211075505607043
35,4,-0.22679763327304675,0.004885899623589803,0.3861223155276833,-0.16320741349070145,0.09581419406957681,-0.07783796519246955
35,5,-0.09162461082322551,0.09135590113295697,0.03726112769323426,0.02745143806053035,-0.10385098353960509,0.04386881759859347
35,Aggregated,-0.028656981404808008,-0.009744396309209997,0.021594920439317027,-0.038861044806283274,0.04248711237792607,0.02265360971010161
35,Centralized,0.010761025916868823,0.008066058716899487,-0.037137251566037685,0.021578753492190676,0.008532242544495555,-0.012750423719256743
36,0,-0.08513588612473764,0.09051097224670313,-0.10573866221876378,-0.20597312333168702,0.04080381652419966,0.25040912871503457
36,1,0.12719978019547087,-0.05130234784694584,-0.12251349322938002,0.15984752745973746,-0.08854313291065777,-0.036320156149621016
36,2,0.1404919270760951,-0.08719263548120959,-0.1807411561284041,0.0854744627209906,0.038948500061904215,-0.005589876905868257
36,3,-0.0060587378491766385,-0.10648295297900512,0.08026021550111703,-0.1772874147845304,0.26378516938577673,-0.0461755145905992
36,4,-0.22781427715984853,0.007471233454899389,0.36887841463221166,-0.1558113003873478,0.0948233840363332,-0.061176018403550636
36,5,-0.09667280902739263,0.09870195711914188,0.03573528796036198,0.03360778330619203,-0.09495140629257656,0.042038652534265336
36,Aggregated,-0.02453045213804007,-0.00808026293121088,0.012427649753716956,-0.04330923013120414,0.04245190105581494,0.023933486127869354
36,Centralized,0.009559333053296027,0.008747526507493672,-0.04410540197545452,0.020600548795453446,0.007634726069528273,-0.007831055761186366
37,0,-0.08334711657668918,0.08423664209960967,-0.08182180681147085,-0.2374289024773915,0.03961314255473224,0.27874804121121005
37,1,0.14176115781192783,-0.05175178061281635,-0.1353583469434065,0.1973321141962557,-0.09775758344023436,-0.0359894012341824
37,2,0.13899872623977866,-0.08846031023321181,-0.16645675295791845,0.08006040744907504,0.045383522487091536,-0.0037489159339331706
37,3,-0.018829023256986845,-0.099531951820382,0.0856460475546446,-0.1845948343482075,0.2625031032688214,-0.05312868594720942
37,4,-0.23653751711957613,0.015012217815777374,0.35416942943170293,-0.16385116210361508,0.09096047648782378,-0.06944827096419941
37,5,-0.0974260186804569,0.097718254318536,0.028644730207969635,0.025130898276284164,-0.09729248271567141,0.04322461859333906
37,Aggregated,-0.02575325397326923,-0.007165437078457336,0.013929864995080445,-0.04717017142023836,0.040542506525123805,0.02669025555010884
37,Centralized,0.01268572134114628,0.011617720712265547,-0.03721029005433664,0.02047602017591155,0.012409294993622427,-0.006890179944012855
38,0,-0.07896766159651906,0.09368930433890009,-0.06185236729481394,-0.1939192941456916,0.07270631544903255,0.2878018777142321
38,1,0.13218277588709185,-0.052473251523939474,-0.13222391541116965,0.17068488494429054,-0.08518128410600455,-0.04080506851727883
38,2,0.14131330952478602,-0.0829352191491936,-0.17358431534241395,0.08552015728079006,0.03516757075655819,-0.008435723477217723
38,3,-0.015349784999013474,-0.10436375389722244,0.08111892265435311,-0.17615767328846604,0.26437948062924677,-0.04431451905028328
38,4,-0.2370668420927386,0.007307568685872833,0.3637130103034172,-0.15707210408497538,0.09152029965435228,-0.06541900990219483
38,5,-0.1057698956517348,0.09105794529568095,0.04113347370430521,0.03925607929346724,-0.1078729542528511,0.032813404883289
38,Aggregated,-0.027131112956597953,-0.007980029733000833,0.019509074948451555,-0.038561926773396565,0.045110225107016434,0.02702346444296843
38,Centralized,0.009032443957259833,0.007904293132283064,-0.04041701342616995,0.027288974043188027,0.0058743538608646804,-0.0127237713948821
39,0,-0.08717769439164011,0.10322609048373944,-0.09938090327865944,-0.2315199558734976,0.04438909488676733,0.2704633681732914
39,1,0.12794423198314622,-0.06441803703022067,-0.12420305860027031,0.19019060131689944,-0.08675678754337676,-0.049805239718942594
39,2,0.13774959016514987,-0.08367306874527736,-0.17379889654167138,0.09730628442352347,0.03858666955463168,-0.016170578856355897
39,3,-0.014133522129670005,-0.09949389782569358,0.08444258291932344,-0.16025232628079075,0.2578569929597835,-0.060435854031367545
39,4,-0.23822298668274608,0.002801381739219772,0.36343719347805553,-0.15731949680772372,0.09330159456204482,-0.0707880749196635
39,5,-0.10227172830596362,0.08160793910087577,0.049997832198747094,0.031170027541385127,-0.09750326611270298,0.03680704104947506
39,Aggregated,-0.029212427483629448,-0.010015206975794864,0.01652778639476498,-0.038353582330606276,0.041623596579191666,0.01842076158615492
39,Centralized,0.008220019238534907,0.006782331737947038,-0.041502949350110785,0.029313884889390095,0.006165296045262557,-0.014097676455946642
40,0,-0.09250061105816956,0.08726545869304579,-0.09429610794013621,-0.21455044761778458,0.06095910277980355,0.25312260514323986
40,1,0.11654408346229612,-0.056512951580252,-0.1253295044600375,0.19875443502591195,-0.0732468262629936,-0.05118604454093166
40,2,0.13112030122902307,-0.0774912228370907,-0.17489178228132593,0.09524657821276682,0.041704511124286366,-0.0016912260323400257
40,3,-0.015919259647193106,-0.0857869978984185,0.0806536763256625,-0.1790568996050784,0.25294526403431666,-0.04711844751932301
40,4,-0.23357576080744688,0.014313778426800703,0.35549695217555194,-0.16035388563313338,0.08577094008754685,-0.058237465074814844
40,5,-0.10518136236369606,0.08085422746068663,0.040871073679782405,0.03935733256522919,-0.1009734083930694,0.04599537625444144
40,Aggregated,-0.033118555650352655,-0.006255637900435833,0.0135365721381464,-0.036709381677959514,0.044518126811569136,0.023544601478519472
40,Centralized,0.008414551905595254,0.013237900557884494,-0.04031481692047239,0.02916397713866451,0.007742284421570449,-0.007959143248026724
41,0,-0.07573917672789114,0.05227363730114494,-0.09897624594908158,-0.2365258749030968,0.03690677972823531,0.273126695182313
41,1,0.11042525194814812,-0.06572480194997686,-0.11465116562283886,0.191767411616399,-0.07728270169225614,-0.0435178800687877
41,2,0.1340479786428429,-0.08769610761770512,-0.17973632477298046,0.09875143603215303,0.04060357424378355,-0.01713554073486759
41,3,-0.012442109542091247,-0.08768344992332112,0.06281247258846277,-0.17017383568956196,0.2544040180620468,-0.055187341330390716
41,4,-0.22823644195950596,0.01466191734383918,0.34122107392971396,-0.16150696108237167,0.08862905450167735,-0.054677377842979505
41,5,-0.09775419274915842,0.0822993068472952,0.039284799116983,0.03566401241674963,-0.09158149665797516,0.045197690234460144
41,Aggregated,-0.028150594976142265,-0.01535660609115184,0.008119098570267151,-0.04028709792984694,0.04192460683217059,0.02470445277665312
41,Centralized,0.010848273931643877,0.009488300367448417,-0.04714898006492451,0.027584519369008763,0.00791395772146108,-0.010385316792824173
42,0,-0.09242879457645158,0.05026195104484137,-0.0863591931813035,-0.19688772841414837,0.09109858930509614,0.2832493611903419
42,1,0.12132340937629012,-0.04718799891027943,-0.11232905154375725,0.1872382165912392,-0.08728141047520888,-0.060201770235249856
42,2,0.1324458957073646,-0.08088210019157015,-0.16825665308630214,0.09413729561183669,0.04326677563128223,-0.0179191272531504
42,3,-0.01628803630925548,-0.08783662878384392,0.07368480810703075,-0.17816105741240446,0.2590903215519185,-0.04774089447757694
42,4,-0.23754710515154404,0.021992723336611415,0.3427383793433715,-0.17208549964130573,0.0891655950884403,-0.05423967590701571
42,5,-0.11110389536995456,0.08724178639720677,0.046273199212618556,0.028529508761225505,-0.09462459947199965,0.03463735853319531
42,Aggregated,-0.03379439183902691,-0.009444410192591048,0.015753907966794385,-0.03947147194221922,0.050111785475921475,0.02303538755226082
42,Centralized,0.006165744077872821,0.012802995135996793,-0.040390620127133736,0.024986802866816944,0.01031780454327397,-0.013120908472106625
43,0,-0.12036339641026927,0.07254180820369799,-0.08385977989038194,-0.23625691466229182,0.09243624088316514,0.27550204187608013
43,1,0.11594388116306958,-0.04533030036358398,-0.11490313476773327,0.16859338393846524,-0.07351792073072688,-0.05104694147249183
43,2,0.13031108643115621,-0.08586631453144117,-0.16337233845069055,0.09241849816296717,0.042108638427457,-0.015230809467207394
43,3,-0.012438826022376436,-0.08507662984966133,0.08283585437559204,-0.180792306710882,0.25003744061665223,-0.05731404508519248
43,4,-0.22417195929773404,0.023596323591742043,0.3416251024512575,-0.16044840843657313,0.08796728285540058,-0.06533363621998889
43,5,-0.10594339581489945,0.08301538497787037,0.04771457262675568,0.03635765600490389,-0.0953710109455372,0.03422679315090606
43,Aggregated,-0.035988283916908344,-0.006221796232061509,0.018134788331060834,-0.04664517355097364,0.050608796485183086,0.02021012190152904
43,Centralized,0.00757905360529859,0.009709227723122054,-0.03702679880595635,0.025544617611076795,0.009404081511402523,-0.015196772870538555
44,0,-0.10139024550893573,0.046552862432351697,-0.07860578097461798,-0.23845457045643612,0.07408496465769801,0.27181533948926034
44,1,0.13414690503753388,-0.05851664489843502,-0.13132890188334598,0.211140651143375,-0.09402678373501763,-0.049463656363671546
44,2,0.133937243497319,-0.09539258704463124,-0.15950351351004088,0.08734393036657845,0.0415322661900003,-0.0019685380832392594
44,3,-0.016652897175740262,-0.09306027890582905,0.07507316695232669,-0.18046094627175246,0.25424812569302024,-0.04176888856299638
44,4,-0.23592405206044711,0.013785778444211605,0.3255771254813435,-0.15760816445721326,0.09759879822484174,-0.0561003720571456
44,5,-0.11030156841634711,0.0733330123654932,0.052225544861492494,0.0449365388371676,-0.08802225144351884,0.03687536573342109
44,Aggregated,-0.032558009949905514,-0.018924360891491424,0.013701498900239454,-0.038800273643138414,0.0475499357632298,0.026637353922964953
44,Centralized,0.0063429419504466835,0.0031485293767643213,-0.03635193146017572,0.027764477411485335,0.013234938983738379,-0.007419344589869437
45,0,-0.09086516370858369,0.053824270014170936,-0.07084729367390542,-0.21436303971387258,0.08234772823377241,0.26590092920909886
45,1,0.10807969546045273,-0.05280803503607329,-0.11272190295358588,0.19174565624239143,-0.09350372599853157,-0.05087457550657367
45,2,0.1293318431452714,-0.08432445154369919,-0.17247059568687334,0.10757569850435765,0.03962971528111551,-0.011504283383980867
45,3,-0.016986430795931286,-0.08844339563523064,0.06756890731557431,-0.15389740774285765,0.2564824296653295,-0.05118913821953096
45,4,-0.2079517340598699,0.026651835648479366,0.3385041458093184,-0.1546256518707429,0.09094499954359453,-0.0674524856590914
45,5,-0.08971518083136155,0.0854580799576628,0.040761634541892494,0.03786392624159957,-0.10404762472953344,0.020632522882032624
45,Aggregated,-0.027899381056606463,-0.009984601552702073,0.0149357713175459,-0.03089627696274662,0.04529992797938264,0.017664715933196257
45,Centralized,0.01113090844198881,0.008741844903277429,-0.04475890264996006,0.039388819291776074,0.004371589276434836,-0.019042769553890844
46,0,-0.09102409298611634,0.10043834387188105,-0.07392514229283678,-0.24801901736633808,0.06713689772962199,0.2453930110437875
46,1,0.1124865199392712,-0.054732380639126915,-0.11801287106940433,0.2158812589844961,-0.08196697692255749,-0.06235781400844502
46,2,0.12791604049291638,-0.08208165229846522,-0.17301709459316175,0.09236657315096082,0.04442547781330511,-0.01217765796194821
46,3,-0.014271787091121268,-0.08448793892101594,0.06415150450604071,-0.17926291092824304,0.24616635634726766,-0.0458301885002804
46,4,-0.22218609247950055,0.01426424984911433,0.32567290714873914,-0.16296580176991204,0.09200405592615407,-0.0724542978996232
46,5,-0.09540500578548869,0.07222861638236855,0.04429913321537662,0.05093296127791079,-0.07801325618404092,0.015004193031581384
46,Aggregated,-0.03028890553260717,-0.005750674995785396,0.011331019268023072,-0.038462806676750366,0.048273277622306765,0.011335104146415025
46,Centralized,0.01005059179476636,0.0070710356037589905,-0.04107953196264408,0.0295130242809607,0.014234065239835381,-0.01727198868666078
47,0,-0.12212571621484389,0.055009049108123265,-0.08799039859061446,-0.24399207926673913,0.06690214908026008,0.26407963863249323
47,1,0.09786007133304372,-0.049440002986888915,-0.09681084368147846,0.17902416226848009,-0.09201259298727178,-0.05559188244263869
47,2,0.12878932731861029,-0.08429496438919089,-0.1531594254506288,0.09414749752134782,0.037833519593305796,-0.01865705928719719
47,3,-0.014935906335953531,-0.08382249024132424,0.08205686238501235,-0.1605552220952676,0.25607578309735535,-0.04576812961365468
47,4,-0.23668230351968372,0.024265941946237025,0.3275644361581514,-0.1474480378638945,0.08953769749533037,-0.048328099072074415
47,5,-0.1138069967684636,0.0737111696970341,0.05547342674687845,0.03088388300073416,-0.09792032189374464,0.03811411636787368
47,Aggregated,-0.043361079807094596,-0.010800022448736655,0.020990341573156247,-0.041282908056683054,0.04338710063050542,0.022371537064502782
47,Centralized,0.00221130715570098,0.009157669219184502,-0.035682185286624694,0.027741265444673237,0.00315227571478855,-0.012711564193884185
48,0,-0.093858443447699,0.07856232032908773,-0.05892664383522579,-0.199125282319755,0.09093466125102098,0.2505307452738921
48,1,0.11284294138464954,-0.05534108228078139,-0.10935236648933877,0.19214649534586065,-0.07992833070976525,-0.05938026465272097
48,2,0.12190913641425564,-0.10015451126878164,-0.15255820325781977,0.09261916804193875,0.03856247577412926,-0.017136791872954946
48,3,-0.021213060305104635,-0.0898610961744913,0.07340831963557468,-0.16998751085055208,0.23597760546756272,-0.039656239385442923
48,4,-0.22104607669568166,0.02789644314409947,0.31478931575692043,-0.14845563569636452,0.08757848068947989,-0.06072239471888276
48,5,-0.10437066049505339,0.06803716380993806,0.07400447640261487,0.04519093782921037,-0.08835030845191535,0.00514388590996756
48,Aggregated,-0.034161832464308386,-0.01184343195738316,0.0233642158049681,-0.03121509362874332,0.04745705161254769,0.013203902792798148
48,Centralized,0.00463861998602925,0.0027014061017471935,-0.03396982026310405,0.0359626705424166,0.0059161034709592445,-0.01818606771957335
49,0,-0.09888456483310738,0.06958407997601035,-0.08143523854521877,-0.25428810776528443,0.05936290064881438,0.25672674515041033
49,1,0.11365490594459907,-0.03795020611109052,-0.11151328962003332,0.18211859679445558,-0.0824431807580955,-0.05808247310509897
49,2,0.1332291903881817,-0.08080869094032787,-0.16671616498871655,0.0939052299661077,0.04676166215512805,-0.01725128854845201
49,3,-0.018299139962478107,-0.08077922958835813,0.055846074481238635,-0.17037087414998267,0.24261409523809924,-0.042825262134224856
49,4,-0.225762464155231,0.02684529197953763,0.31843956440296883,-0.15266919009880006,0.09026096574085102,-0.030311960630536167
49,5,-0.10013330134152751,0.07770034269949826,0.04235136025402108,0.044319890659046124,-0.09073386338864847,0.04038479896253539
49,Aggregated,-0.032571942888932046,-0.004266940627128053,0.009302694224526235,-0.04279546955697311,0.04428877252317292,0.02482815664103253
49,Centralized,0.008784195536708842,0.011414242618463237,-0.04663033205575851,0.030982678796294516,0.0076801930020682745,-0.005132106757704682
50,0,-0.09450688227196082,0.08873769527231856,-0.06580228432212235,-0.21926593954284154,0.0967738861583261,0.24299771007465673
50,1,0.11543922131796744,-0.043455729527472245,-0.10975005140336522,0.19044080391542628,-0.08831325713992194,-0.061517435093807395
50,2,0.1398685290119599,-0.08125873258693955,-0.1661679469652462,0.08278564770484215,0.04257953802115016,-0.012336476613837894
50,3,-0.011385935028043673,-0.08881109877627294,0.07049317511362112,-0.1681259292476523,0.2543314221753327,-0.042468612766580364
50,4,-0.23029831287148797,0.007791374191394336,0.321190915215701,-0.1489114687213734,0.0866526783505578,-0.05317152680213802
50,5,-0.09925794313978305,0.06461444302687727,0.05422348114378449,0.04156615857725847,-0.09588045291946767,0.02568767137362255
50,Aggregated,-0.02989327445181891,-0.008747312999221817,0.017170082766439276,-0.036871873566548655,0.04935290016167779,0.01659394189145855
50,Centralized,0.009737572908261811,0.00707525161484809,-0.039104514666561806,0.029784915645635127,0.00812675031452579,-0.01306288085182648
