Round,Evaluator,2,0,3,1,4,5
0,0,,,,,,
0,1,,,,,,
0,2,,,,,,
0,3,,,,,,
0,4,,,,,,
0,5,,,,,,
0,Aggregated,,,,,,
0,Centralized,,,,,,
1,0,,,,,,
1,1,,,,,,
1,2,,,,,,
1,3,,,,,,
1,4,,,,,,
1,5,,,,,,
1,Aggregated,,,,,,
1,Centralized,0.9940823912620544,0.9942984580993652,0.9942808747291565,0.9786062836647034,0.9947149157524109,0.9751420021057129
2,0,,,,,,
2,1,,,,,,
2,2,,,,,,
2,3,,,,,,
2,4,,,,,,
2,5,,,,,,
2,Aggregated,,,,,,
2,Centralized,0.9573461413383484,0.962273359298706,0.9439986944198608,0.8931306004524231,0.966421365737915,0.8759139776229858
3,0,,,,,,
3,1,,,,,,
3,2,,,,,,
3,3,,,,,,
3,4,,,,,,
3,5,,,,,,
3,Aggregated,,,,,,
3,Centralized,0.8933830857276917,0.9070022106170654,0.868457555770874,0.8369280695915222,0.9121963977813721,0.8205471038818359
4,0,,,,,,
4,1,,,,,,
4,2,,,,,,
4,3,,,,,,
4,4,,,,,,
4,5,,,,,,
4,Aggregated,,,,,,
4,Centralized,0.9282549023628235,0.9323347210884094,0.9180038571357727,0.8500913977622986,0.9345836043357849,0.8453854322433472
5,0,,,,,,
5,1,,,,,,
5,2,,,,,,
5,3,,,,,,
5,4,,,,,,
5,5,,,,,,
5,Aggregated,,,,,,
5,Centralized,0.8168879747390747,0.8304937481880188,0.7780812978744507,0.7855839133262634,0.84214186668396,0.7665522694587708
6,0,,,,,,
6,1,,,,,,
6,2,,,,,,
6,3,,,,,,
6,4,,,,,,
6,5,,,,,,
6,Aggregated,,,,,,
6,Centralized,0.9728172421455383,0.9753811359405518,0.9780099391937256,0.9107606410980225,0.9755798578262329,0.8977279663085938
7,0,,,,,,
7,1,,,,,,
7,2,,,,,,
7,3,,,,,,
7,4,,,,,,
7,5,,,,,,
7,Aggregated,,,,,,
7,Centralized,0.9785375595092773,0.9800319671630859,0.9809460043907166,0.9170700907707214,0.979908287525177,0.9049471616744995
8,0,,,,,,
8,1,,,,,,
8,2,,,,,,
8,3,,,,,,
8,4,,,,,,
8,5,,,,,,
8,Aggregated,,,,,,
8,Centralized,0.9002751708030701,0.913719892501831,0.8702487349510193,0.8514454960823059,0.9240149855613708,0.8331825137138367
9,0,,,,,,
9,1,,,,,,
9,2,,,,,,
9,3,,,,,,
9,4,,,,,,
9,5,,,,,,
9,Aggregated,,,,,,
9,Centralized,0.9669317007064819,0.9713025093078613,0.9709120988845825,0.8980798721313477,0.9723079204559326,0.8838264346122742
10,0,,,,,,
10,1,,,,,,
10,2,,,,,,
10,3,,,,,,
10,4,,,,,,
10,5,,,,,,
10,Aggregated,,,,,,
10,Centralized,0.47486528754234314,0.5579070448875427,0.05175727605819702,0.6066294312477112,0.630052387714386,0.6004423499107361
11,0,,,,,,
11,1,,,,,,
11,2,,,,,,
11,3,,,,,,
11,4,,,,,,
11,5,,,,,,
11,Aggregated,,,,,,
11,Centralized,0.9752917289733887,0.9774700999259949,0.977830708026886,0.9027717113494873,0.977329432964325,0.8893085718154907
12,0,,,,,,
12,1,,,,,,
12,2,,,,,,
12,3,,,,,,
12,4,,,,,,
12,5,,,,,,
12,Aggregated,,,,,,
12,Centralized,0.9437836408615112,0.9519541263580322,0.9377762675285339,0.8772315382957458,0.9553827047348022,0.8616070747375488
13,0,,,,,,
13,1,,,,,,
13,2,,,,,,
13,3,,,,,,
13,4,,,,,,
13,5,,,,,,
13,Aggregated,,,,,,
13,Centralized,0.40456050634384155,0.4771125018596649,-0.03329639881849289,0.55494624376297,0.5413729548454285,0.5398143529891968
14,0,,,,,,
14,1,,,,,,
14,2,,,,,,
14,3,,,,,,
14,4,,,,,,
14,5,,,,,,
14,Aggregated,,,,,,
14,Centralized,0.7264460325241089,0.6928054690361023,0.6175012588500977,0.5271047949790955,0.7251873016357422,0.6650741696357727
15,0,,,,,,
15,1,,,,,,
15,2,,,,,,
15,3,,,,,,
15,4,,,,,,
15,5,,,,,,
15,Aggregated,,,,,,
15,Centralized,0.9636062383651733,0.9689440727233887,0.9652343392372131,0.8919252753257751,0.9708390831947327,0.8782808184623718
16,0,,,,,,
16,1,,,,,,
16,2,,,,,,
16,3,,,,,,
16,4,,,,,,
16,5,,,,,,
16,Aggregated,,,,,,
16,Centralized,0.9803930521011353,0.982234001159668,0.9838168621063232,0.915709912776947,0.9820287227630615,0.9039956331253052
17,0,,,,,,
17,1,,,,,,
17,2,,,,,,
17,3,,,,,,
17,4,,,,,,
17,5,,,,,,
17,Aggregated,,,,,,
17,Centralized,0.7086906433105469,0.7888098359107971,0.4749124348163605,0.7660548090934753,0.8222553133964539,0.7575758695602417
18,0,,,,,,
18,1,,,,,,
18,2,,,,,,
18,3,,,,,,
18,4,,,,,,
18,5,,,,,,
18,Aggregated,,,,,,
18,Centralized,0.9368553161621094,0.9462588429450989,0.9136372208595276,0.8697185516357422,0.9506431818008423,0.8596268892288208
19,0,,,,,,
19,1,,,,,,
19,2,,,,,,
19,3,,,,,,
19,4,,,,,,
19,5,,,,,,
19,Aggregated,,,,,,
19,Centralized,0.5274377465248108,0.6051997542381287,0.17058666050434113,0.6017407774925232,0.6562871932983398,0.6167489886283875
20,0,,,,,,
20,1,,,,,,
20,2,,,,,,
20,3,,,,,,
20,4,,,,,,
20,5,,,,,,
20,Aggregated,,,,,,
20,Centralized,0.9115027189254761,0.9274525046348572,0.879327654838562,0.854301393032074,0.9353036880493164,0.8424904942512512
21,0,,,,,,
21,1,,,,,,
21,2,,,,,,
21,3,,,,,,
21,4,,,,,,
21,5,,,,,,
21,Aggregated,,,,,,
21,Centralized,0.9803186655044556,0.9822931885719299,0.9837314486503601,0.9104415774345398,0.9825159907341003,0.8983741998672485
22,0,,,,,,
22,1,,,,,,
22,2,,,,,,
22,3,,,,,,
22,4,,,,,,
22,5,,,,,,
22,Aggregated,,,,,,
22,Centralized,0.9650278091430664,0.9703037142753601,0.9657183289527893,0.8877763748168945,0.9719134569168091,0.8760175704956055
23,0,,,,,,
23,1,,,,,,
23,2,,,,,,
23,3,,,,,,
23,4,,,,,,
23,5,,,,,,
23,Aggregated,,,,,,
23,Centralized,0.9209197759628296,0.9382486343383789,0.8925231695175171,0.8572847247123718,0.9446089863777161,0.8492400050163269
24,0,,,,,,
24,1,,,,,,
24,2,,,,,,
24,3,,,,,,
24,4,,,,,,
24,5,,,,,,
24,Aggregated,,,,,,
24,Centralized,0.5828343629837036,0.6454276442527771,0.2615065574645996,0.6112303733825684,0.678145170211792,0.6445040702819824
25,0,,,,,,
25,1,,,,,,
25,2,,,,,,
25,3,,,,,,
25,4,,,,,,
25,5,,,,,,
25,Aggregated,,,,,,
25,Centralized,0.8615261316299438,0.8538513779640198,0.81402188539505,0.6000146269798279,0.8544396758079529,0.7494053840637207
26,0,,,,,,
26,1,,,,,,
26,2,,,,,,
26,3,,,,,,
26,4,,,,,,
26,5,,,,,,
26,Aggregated,,,,,,
26,Centralized,0.9540099501609802,0.9633026123046875,0.9519088864326477,0.877690315246582,0.9662359952926636,0.8679220080375671
27,0,,,,,,
27,1,,,,,,
27,2,,,,,,
27,3,,,,,,
27,4,,,,,,
27,5,,,,,,
27,Aggregated,,,,,,
27,Centralized,0.9690834283828735,0.9735139012336731,0.9709895849227905,0.8915230631828308,0.9740982055664062,0.8802661895751953
28,0,,,,,,
28,1,,,,,,
28,2,,,,,,
28,3,,,,,,
28,4,,,,,,
28,5,,,,,,
28,Aggregated,,,,,,
28,Centralized,0.9301899075508118,0.945000410079956,0.9095434546470642,0.8644728660583496,0.9506261348724365,0.8601123094558716
29,0,,,,,,
29,1,,,,,,
29,2,,,,,,
29,3,,,,,,
29,4,,,,,,
29,5,,,,,,
29,Aggregated,,,,,,
29,Centralized,0.973543643951416,0.9774654507637024,0.9779361486434937,0.8945781588554382,0.9776431322097778,0.8822809457778931
30,0,,,,,,
30,1,,,,,,
30,2,,,,,,
30,3,,,,,,
30,4,,,,,,
30,5,,,,,,
30,Aggregated,,,,,,
30,Centralized,0.9646080732345581,0.9714381098747253,0.9671895503997803,0.8900924324989319,0.9728847742080688,0.8809396028518677
31,0,,,,,,
31,1,,,,,,
31,2,,,,,,
31,3,,,,,,
31,4,,,,,,
31,5,,,,,,
31,Aggregated,,,,,,
31,Centralized,0.7121565341949463,0.7580778002738953,0.5231850147247314,0.6941131949424744,0.7744473218917847,0.7217596769332886
32,0,,,,,,
32,1,,,,,,
32,2,,,,,,
32,3,,,,,,
32,4,,,,,,
32,5,,,,,,
32,Aggregated,,,,,,
32,Centralized,0.909250795841217,0.9301760792732239,0.8864272236824036,0.8466074466705322,0.9349199533462524,0.8464747667312622
33,0,,,,,,
33,1,,,,,,
33,2,,,,,,
33,3,,,,,,
33,4,,,,,,
33,5,,,,,,
33,Aggregated,,,,,,
33,Centralized,0.9041714072227478,0.9048298001289368,0.8834608197212219,0.6787753701210022,0.879867672920227,0.7540136575698853
34,0,,,,,,
34,1,,,,,,
34,2,,,,,,
34,3,,,,,,
34,4,,,,,,
34,5,,,,,,
34,Aggregated,,,,,,
34,Centralized,0.8300151824951172,0.8527924418449402,0.7508422136306763,0.764380693435669,0.8605210781097412,0.7906407117843628
35,0,,,,,,
35,1,,,,,,
35,2,,,,,,
35,3,,,,,,
35,4,,,,,,
35,5,,,,,,
35,Aggregated,,,,,,
35,Centralized,0.9796514511108398,0.9824076294898987,0.9822033047676086,0.9136231541633606,0.982850193977356,0.9035870432853699
36,0,,,,,,
36,1,,,,,,
36,2,,,,,,
36,3,,,,,,
36,4,,,,,,
36,5,,,,,,
36,Aggregated,,,,,,
36,Centralized,0.8966265916824341,0.911489725112915,0.8822095990180969,0.8205789923667908,0.9177160263061523,0.8317014575004578
37,0,,,,,,
37,1,,,,,,
37,2,,,,,,
37,3,,,,,,
37,4,,,,,,
37,5,,,,,,
37,Aggregated,,,,,,
37,Centralized,0.9683623313903809,0.9742283821105957,0.9726099967956543,0.8912742137908936,0.975521445274353,0.8833997845649719
38,0,,,,,,
38,1,,,,,,
38,2,,,,,,
38,3,,,,,,
38,4,,,,,,
38,5,,,,,,
38,Aggregated,,,,,,
38,Centralized,0.7796086072921753,0.7585077881813049,0.6739939451217651,0.5774070620536804,0.7230907678604126,0.6687679886817932
39,0,,,,,,
39,1,,,,,,
39,2,,,,,,
39,3,,,,,,
39,4,,,,,,
39,5,,,,,,
39,Aggregated,,,,,,
39,Centralized,0.9213626384735107,0.9390766620635986,0.9224084615707397,0.8435990214347839,0.9431637525558472,0.8456944227218628
40,0,,,,,,
40,1,,,,,,
40,2,,,,,,
40,3,,,,,,
40,4,,,,,,
40,5,,,,,,
40,Aggregated,,,,,,
40,Centralized,0.9808216691017151,0.9834240078926086,0.9828780293464661,0.9186102747917175,0.983907163143158,0.9093103408813477
41,0,,,,,,
41,1,,,,,,
41,2,,,,,,
41,3,,,,,,
41,4,,,,,,
41,5,,,,,,
41,Aggregated,,,,,,
41,Centralized,0.9839197397232056,0.9854984879493713,0.9848490357398987,0.9250943064689636,0.9858533143997192,0.9154589772224426
42,0,,,,,,
42,1,,,,,,
42,2,,,,,,
42,3,,,,,,
42,4,,,,,,
42,5,,,,,,
42,Aggregated,,,,,,
42,Centralized,0.9193305373191833,0.9318897724151611,0.9086100459098816,0.8310711979866028,0.9357283115386963,0.8437656164169312
43,0,,,,,,
43,1,,,,,,
43,2,,,,,,
43,3,,,,,,
43,4,,,,,,
43,5,,,,,,
43,Aggregated,,,,,,
43,Centralized,0.9529539346694946,0.9626758694648743,0.9492921829223633,0.8710506558418274,0.9644767045974731,0.8713833689689636
44,0,,,,,,
44,1,,,,,,
44,2,,,,,,
44,3,,,,,,
44,4,,,,,,
44,5,,,,,,
44,Aggregated,,,,,,
44,Centralized,0.8610513210296631,0.8682597279548645,0.8415141701698303,0.7669329047203064,0.8672995567321777,0.8000189065933228
45,0,,,,,,
45,1,,,,,,
45,2,,,,,,
45,3,,,,,,
45,4,,,,,,
45,5,,,,,,
45,Aggregated,,,,,,
45,Centralized,0.9590445756912231,0.9677522778511047,0.9630399942398071,0.8773775100708008,0.9691821336746216,0.8745139837265015
46,0,,,,,,
46,1,,,,,,
46,2,,,,,,
46,3,,,,,,
46,4,,,,,,
46,5,,,,,,
46,Aggregated,,,,,,
46,Centralized,0.7871379256248474,0.7536022067070007,0.7449008822441101,0.5663997530937195,0.7060345411300659,0.6610028743743896
47,0,,,,,,
47,1,,,,,,
47,2,,,,,,
47,3,,,,,,
47,4,,,,,,
47,5,,,,,,
47,Aggregated,,,,,,
47,Centralized,0.9681918621063232,0.9744380116462708,0.9699081182479858,0.8900718688964844,0.9746516346931458,0.8842582702636719
48,0,,,,,,
48,1,,,,,,
48,2,,,,,,
48,3,,,,,,
48,4,,,,,,
48,5,,,,,,
48,Aggregated,,,,,,
48,Centralized,0.9194319248199463,0.9333217144012451,0.924191951751709,0.8338022828102112,0.9351707100868225,0.8415142297744751
49,0,,,,,,
49,1,,,,,,
49,2,,,,,,
49,3,,,,,,
49,4,,,,,,
49,5,,,,,,
49,Aggregated,,,,,,
49,Centralized,0.779497504234314,0.7382156252861023,0.7579834461212158,0.5386583209037781,0.6680420637130737,0.6361439228057861
50,0,,,,,,
50,1,,,,,,
50,2,,,,,,
50,3,,,,,,
50,4,,,,,,
50,5,,,,,,
50,Aggregated,,,,,,
50,Centralized,0.9754316806793213,0.9795053005218506,0.9779199361801147,0.9022950530052185,0.9801096320152283,0.893957793712616
