Round,Evaluator,2,0,3,1,4,5
0,0,,,,,,
0,1,,,,,,
0,2,,,,,,
0,3,,,,,,
0,4,,,,,,
0,5,,,,,,
0,Aggregated,,,,,,
0,Centralized,,,,,,
1,0,0.08154966615822845,0.11692707067018328,0.12101672495699822,0.09927858454190173,0.07734969852667825,0.060258241524729805
1,1,0.08808758857942717,0.10998577475358914,0.12043472247834051,0.09900192324955928,0.08632385523112213,0.08007283157452946
1,2,0.08903950129306204,0.11175074787067536,0.12230537910777547,0.10198409020202003,0.08601243375220954,0.07348508246463378
1,3,0.09428077960787805,0.10247265825090257,0.12446102402556176,0.09846037994475602,0.09061815411169266,0.07538049840010237
1,4,0.08394346159356021,0.12076297881268437,0.11542972611814513,0.09698286938404663,0.08156222191024665,0.0664743504790744
1,5,0.07238417900829651,0.10553389256206527,0.11034588426621633,0.07933914678353732,0.0613560167389778,0.09272154893382056
1,Aggregated,0.08487289542354255,0.11123521661169154,0.1189933934065969,0.09583064479243181,0.08052483446765614,0.0747435614400041
1,Centralized,0.08184153309516734,0.10837669288402435,0.11581765465255656,0.09320968532118196,0.07764801987423038,0.08842996360287826
2,0,-0.0010464561201134841,-0.005591571449720469,-0.009442475822766793,0.038340136489309846,0.029111009663702357,0.02498546240084724
2,1,0.003625465109383736,-0.002318383023423244,-0.007938839047054096,0.02683667476223973,0.022032223967266413,0.01943907915508006
2,2,0.004117815910348968,-0.00671965328524801,-0.007525830124899339,0.03754262882423653,0.027838784732092167,0.02408987560928511
2,3,0.0035344465125147734,0.00010469984511729905,0.004726658877213913,0.025886628812832695,0.0263159949161223,0.01590799865476419
2,4,0.0062054254225960784,-0.004130626360746877,-0.0019345588603590447,0.023963028522183627,0.023331413635617013,0.02052094831141054
2,5,-0.007016012296419532,-0.00925084528244698,-0.018839075598707136,0.025722027768106354,0.013058298429220303,0.0500002870710888
2,Aggregated,0.0015646399893766076,-0.00465399585872476,-0.00683334592045156,0.029712641683620034,0.02360789068827197,0.025839355539507766
2,Centralized,-0.001959206378890903,-0.007958859368612896,-0.010368243244560727,0.02623557008478423,0.02027311749677846,0.04348720355196387
3,0,0.013763699754517751,-0.00047529072728897455,0.011293706885493209,0.012502557785094128,-0.023978380977942918,0.00980033822660807
3,1,0.012995640332888896,-0.00246413957709397,0.008656581588407193,0.010291116378790426,-0.013056958475895893,0.005414360227321266
3,2,0.011097535658335099,0.0021719636245192964,0.003752964399504215,0.005080298045252043,-0.018398080027496967,0.005160758095453738
3,3,0.008583187472645984,0.0019202553607818806,0.0056277894021016265,0.0018057736137114153,-0.008131006210825437,-0.0017796758885999639
3,4,0.007393772124288042,0.0008295021780833282,0.0037491289134783,0.010809748944069148,-0.011748571480009256,0.007645774851947706
3,5,0.010412307962093574,-0.010547605178537924,0.0013797297689956863,0.007368382195715065,-0.031829583839442774,0.048049982451843505
3,Aggregated,0.010707502229093455,-0.0014333668926728802,0.005740534813542448,0.007975925239836394,-0.017866005019524005,0.012404663229644173
3,Centralized,0.006407567453254288,-0.005435806657903312,0.0015674621118593498,0.004405028006924907,-0.02164226830259623,0.03177745101865796
4,0,-0.0005598391711018752,-0.014586377936533237,0.016890572146836674,0.013135445951992224,0.010688747241545987,0.009549519740359343
4,1,0.0020634841332937345,-0.010314944745365198,0.009744338333317665,0.002709114692236053,0.004248731587293846,0.0027976185513304817
4,2,0.002255074935942446,-0.017600809156408156,0.00806052263569792,0.0064820973090892195,0.007975655273307599,0.010777715955229873
4,3,0.0017498579718156677,-0.0024930195342344258,0.0034668462494542624,0.0037600511576627435,0.007179991290589106,0.004159026985724394
4,4,0.001659323918160491,-0.008848432946038832,0.010861599418515147,0.00900543009665986,0.007005538344634398,0.005994769276288527
4,5,-0.006387390386093509,-0.02709797694040646,0.008252195270007,0.004004764641545116,-0.0033861539782920405,0.047435785112226125
4,Aggregated,0.0001259300053495928,-0.013498935834141268,0.009545187466900062,0.006514549502863362,0.0056130105327262154,0.01347407210145996
4,Centralized,-0.004372359675190828,-0.017461734388802656,0.005833373140220662,0.0026825045248187527,0.0014673400019146186,0.03381464272490654
5,0,-0.010180740832040439,0.003811357053133635,0.015353971804629244,-0.0077495011384138305,-0.011503994280559092,0.0104700403362375
5,1,-0.002985489814040872,0.0012087614961249086,0.009222924827474032,-0.004402540913728003,-0.004936466929532735,0.0052689178842885015
5,2,-0.0059085098854198955,0.001751951176801451,0.006146608259429905,-0.0064872987293337235,-0.00553374666698608,0.007939129435979497
5,3,-0.004969301457089328,0.0032903358833820786,0.005922649093314206,-0.00440395705473282,-0.003132919167711726,0.00906285571452473
5,4,-0.008156554929365099,0.0029592763205021663,0.008716816107839174,-0.0030026395048098164,-0.003209362137662365,0.0065707291813511095
5,5,-0.021701092394506006,-0.008222200777771865,0.006150707688213721,-0.02325676006427738,-0.024092630818181714,0.05750892939428449
5,Aggregated,-0.00899172293610144,0.0007941614601385152,0.008584060585239663,-0.008226704786227444,-0.008744644712134994,0.016163143887765845
5,Centralized,-0.014397098012684417,-0.0040666922174498665,0.004212794659713339,-0.013960687723927704,-0.014020935209997932,0.04199645546406831
6,0,-0.002178829585378703,0.0021664919034268845,-0.0067931986187531185,0.015604941974556169,-0.0006746103666535641,-0.010547391783128255
6,1,3.601465030814525e-05,-0.0016480195821519034,-0.005395256164984615,0.007978320314536992,0.0008196472229656712,-0.00592167116531657
6,2,0.0018912463467527288,0.0009606572236710945,-0.004610324515250222,0.0025935207189759185,0.0003713451497701063,-0.00150959593512145
6,3,-0.000217598357147362,0.002414026575070135,-0.004884480445900763,0.004801863966570767,0.00017359080491811675,-0.00242551993642993
6,4,-0.004529587296430041,0.0024169019799049614,-0.002438576244295515,0.005975346981648513,0.0038889279132894874,-0.0032585025824647816
6,5,-0.019162936700139195,-0.011167697242896173,-0.017003356382710316,0.003504848865851108,-0.012858197105105261,0.04745337429809887
6,Aggregated,-0.004036598466883413,-0.0008162103432228975,-0.006860669342390921,0.0067410758917116915,-0.0013872007501390753,0.003992841500340131
6,Centralized,-0.011346186557621667,-0.007095878758696924,-0.01303505761874921,0.0013851198676108603,-0.007740752523284313,0.03574520358339419
7,0,0.005648994861490575,0.002964928458473905,0.0027665349742868237,0.007352391170238281,0.002959507894518167,-0.00282536695901179
7,1,0.009619488087063855,0.0029591857087751293,0.0022775470211361453,0.0053146045211256215,0.0013750089941553707,-0.00435452731547348
7,2,0.005099293591390128,0.0021426716646773957,-0.00028964152313053676,0.005636062703549342,0.005000316182159353,0.0014629085474073618
7,3,0.005447101490447996,0.0032458270577443334,-0.003950100048828957,0.0019335794842307056,0.004357923397561298,0.0015650518987707963
7,4,-0.0013332996620128454,0.00010900444950716996,-0.001771960959322059,0.0023714991176445495,0.004595713716627803,0.0001949438718610382
7,5,-0.0021955905395225,-0.010191296634985532,-0.0068260667333276195,-0.002325869680019305,-0.0035746366369306688,0.06441114686456216
7,Aggregated,0.003710563423493417,0.0001984252389769077,-0.001302471702778593,0.0033767398577149712,0.0024484631034758864,0.010110334484609428
7,Centralized,-0.003155101662977322,-0.006074846021235695,-0.005641181780528153,-0.0016234978569262895,-0.003008390396833047,0.049774303272107315
8,0,-0.007126687360642924,0.0032463416264729315,-0.0034512455829147663,0.006529648281493047,-0.001744962840033165,0.0004365492185447147
8,1,-0.0041200688511203705,0.004068533282802782,-0.0024079103838461732,0.00634775010075816,-0.002446035896754426,0.00032082800121605953
8,2,-0.001423831113791526,0.0035042935536086727,-0.002157212992314207,2.641728430673266e-05,0.00040065067748425626,0.0018762503307294695
8,3,0.004367878772324776,0.0030212342773536616,-0.005148985767631716,-0.0009579724675932701,-0.001930454998524774,0.0028201813338321726
8,4,0.0017063405160292033,0.0015784104774294594,0.0013662083007643675,-0.0034270276294727712,-9.179664569319475e-05,0.0004453320553180521
8,5,-0.018154801658397682,-0.013751183998845397,-0.01900878286117629,-0.01026670752707537,-0.016038939319008145,0.06569987325256436
8,Aggregated,-0.004134139550292325,0.0002689939110095197,-0.005143500356468575,-0.00029767515552805686,-0.0036498269103951713,0.011967448091148278
8,Centralized,-0.011400287373511267,-0.008287077063720285,-0.012858082853936062,-0.00846523528202057,-0.01047134589870663,0.05064983680552435
9,0,0.007480396172603493,0.0017312025319939418,0.007117372777509027,0.0037220445546274367,-0.005664507456862826,-0.004455496030526262
9,1,0.0056849764029081535,0.0024382356122477447,0.0012386463090819663,0.0015935742340617706,-0.005196000361671142,-0.0034525974120940576
9,2,0.004012987135979413,-0.000476844719890035,-0.004839510159065328,0.0021581915057381136,-4.9534928345471944e-05,0.001021235936908695
9,3,0.002492440172599462,-0.0017252610183060588,-0.009752926683905901,0.0019115318660997082,-0.0012444612985440273,-3.952499060701405e-05
9,4,0.001199492909974126,-0.0018510953254594878,-0.000304981212924497,0.0003123842514621444,-0.0010908075947661615,-0.00019741673080856948
9,5,-0.0037271142370739053,-0.008285861342432158,-0.004365338440056903,-0.014421303312531735,-0.022569652503890047,0.06673064321443183
9,Aggregated,0.0028529985870428803,-0.001366018616353021,-0.0018194137625985236,-0.0007959552238312244,-0.005979744364134335,0.009970684497862776
9,Centralized,-0.0037268939360898465,-0.007206393414045019,-0.00843711164656521,-0.009866311653819394,-0.015760570971770086,0.05153074964699103
10,0,0.0015754337971880805,0.003929799312242634,-0.02253840337621603,0.0024484402768230823,-0.008335384334317523,0.008708441532031649
10,1,0.0022732845917677897,0.002579080518848346,-0.014097626207827806,0.0026059347157970348,-0.004607426350393036,0.009126179855716897
10,2,0.002848891929972524,0.007011472893671442,-0.015011572575538779,-0.0036844365924236294,-0.0013785257332114464,0.00803847978109541
10,3,0.004870209374236832,0.006935886273186908,-0.01423465589127123,-0.004085141696597308,0.002373800596696764,0.0038762950884746647
10,4,0.0009803600727711673,0.004015277815301158,-0.010179308969099429,-0.003201842711652392,0.0011829026594339252,0.005285935509094582
10,5,-0.006601609149585292,-0.012537146699943689,-0.020557557904961235,-0.016350889749517514,-0.014032577982462548,0.08059393543932265
10,Aggregated,0.0009862543604540262,0.0019798004752320415,-0.01610602737936811,-0.0037193810050461396,-0.004139180101637732,0.019310640735057578
10,Centralized,-0.0027284337763688995,-0.0058664518900711365,-0.024638223255241516,-0.015357646303848515,-0.009321103980820564,0.06341237249913548
11,0,0.001178940412076022,0.004095880779220523,0.0018941200287500761,4.95070407370161e-05,2.1697094619086792e-05,0.001383817140637413
11,1,0.0020621824474161493,0.004600854038505868,-0.001183719414320065,0.0005979426027210799,0.00014510934395853826,6.171067797445252e-05
11,2,0.0011661294581094513,0.004288036587856679,-0.0013287906438322432,0.00012151430410141662,0.0001993512729180765,0.0019131521456589788
11,3,0.0016643608963154385,0.0013546324973027915,-0.0025713470351969247,0.0023173342532272516,0.002642425010292357,0.0033445378671301262
11,4,-0.0004102317968496379,0.0037161282418352137,0.000986508308691945,-0.001322124551736063,0.0010026055989639589,0.0026507195103014536
11,5,-0.016049384550694584,-0.022369586789979207,-0.018986711524662164,-0.016160160466123133,-0.0161371457539579,0.06758945106806442
11,Aggregated,-0.0017404623546131912,-0.0007328124723389645,-0.0035415101114589804,-0.0024081043777024517,-0.002029992684207201,0.01285881394524683
11,Centralized,-0.009974255629648035,-0.013858725837978016,-0.01597157825164772,-0.0098510326230381,-0.012159084158494472,0.05343251466514341
12,0,-0.0033039846084065728,0.0010359503268510058,0.00018241191510745918,0.0035650909512204014,0.000462123447262347,-0.0021203617433761183
12,1,-0.0021835697599943064,0.0007014541973596244,0.0028449046509991713,-0.0008362573919301768,0.0007272884777725345,0.0005864585228690784
12,2,-0.0018053232581511896,0.002730400260012901,0.002510093208118692,-0.0025225000073998984,-0.0007415679330930125,0.0018469770788360344
12,3,0.0011002663910809952,0.00045702209116778026,-0.002319217636876673,-0.0028774267042748756,-0.005112238209785856,0.000927391366617029
12,4,-0.002640503649660674,0.0030579960068812645,0.0008965648772994753,-0.0012388041743060963,-0.00010392034851332185,-9.434979786412759e-05
12,5,-0.015787744090921686,-0.01091565759291524,-0.014833282403593155,-0.0006444972511158738,0.005107011368478114,0.07475029577100185
12,Aggregated,-0.004110925821858388,-0.000495453443256813,-0.0017947389482087868,-0.0007589927196066746,5.96694618568942e-05,0.012688994403105123
12,Centralized,-0.011120969803044303,-0.007303010939902209,-0.01057969537858972,-0.004221887715034392,0.0015576789425172754,0.0582076092503474
13,0,-0.0007936446017375346,-9.937314483644543e-05,0.004511845937788386,0.0020176363475598647,0.001049283585944379,-0.0026504397708177973
13,1,0.00027104222462721227,0.0011718158030619688,0.0006203907724879701,-0.0005606556826955526,-0.0020237639320546488,-0.001437560000124057
13,2,0.002172084421144775,0.0012824265731919322,-0.00040746529979157804,-0.0006291581790897726,-0.0008758223517913499,0.00047081946350063797
13,3,0.0009767909076341139,0.0025148878259916518,0.0019075897852880103,0.0013629090718412248,-0.0013441779767137338,-0.0034191864540983868
13,4,0.0039238809095448884,0.0021347831156473787,0.0021717887657209433,0.0005120058073245892,-0.001125692900760487,-0.001547942051298092
13,5,-0.021385872207097062,-0.006677208010895658,-0.017489112732088065,-0.014388608150353087,-0.00830232431059272,0.07843378246350506
13,Aggregated,-0.002484677902498686,5.026351249832372e-05,-0.0014577211581446334,-0.0019555768892823905,-0.002107701560101931,0.011684162431431529
13,Centralized,-0.013837777447302349,-0.002501739665080257,-0.013968199889967475,-0.011021173406823669,-0.005698179544042336,0.05714260017673251
14,0,-0.0038417003580222217,-0.015620267510892825,0.0053090514381421115,0.008764609407512787,0.00018694720145526016,-0.00286969146669563
14,1,-0.0005433240554507317,-0.009647025151965265,0.00376331439711439,0.00211034362915364,0.005098285284394488,0.0012930488148487
14,2,-0.004546880990378653,-0.01008912516294719,0.0025346638201212152,-0.00025567988727637583,0.003654921989832014,0.002737065992484479
14,3,0.0014585180372721819,0.0001775189669197541,-0.002068169707958804,0.00040408919024094897,0.0026998674137212225,0.0030994551631947117
14,4,-0.0007254852426097284,-0.006157519981734401,-0.00011843123604780015,-0.0011196675222912703,0.0017022710880574964,0.0025295086482749053
14,5,-0.023047872770322716,-0.035804555047700984,-3.478145878267089e-05,-0.015500581320797348,-0.011759637007581187,0.06614767354540868
14,Aggregated,-0.005219164872915396,-0.012871459345471174,0.0015632550610646782,-0.000942102123270067,0.0002561104463649249,0.012190599158923444
14,Centralized,-0.0191216481341702,-0.029337996799487783,-3.054831266903572e-05,-0.013668544914938829,-0.009090020742589947,0.053246489031662354
15,0,-0.004544315359994232,-0.0007583795829305385,-0.004011951432024591,0.014901164717916329,-0.006835808434121373,-0.0033394741211851117
15,1,-0.002323223901137978,0.0023065750389549113,-0.0032151550703198033,0.007875396680847468,-0.0024020673856355165,-0.0023215909194855195
15,2,-0.002766081538192839,0.0018450461934863493,-0.0030166796198371273,0.007595568609488767,-0.004028136859354658,-0.0015653581260514598
15,3,0.001260346682130283,0.0004009196172598484,-0.004383773132073729,0.004198570475885759,-0.0008044252962644123,-0.0025117547075193297
15,4,0.0015585892188215095,-0.0011916040569229828,-0.0040246846198930784,0.0010393429784279447,-5.994839297658316e-05,-0.001433928541458809
15,5,-0.018819390821066744,0.0009026144575954467,-0.023340149997083733,-0.005068349124342721,-0.022498115131964383,0.08457572550391194
15,Aggregated,-0.004281620447895929,0.0005843982866286823,-0.007009150812149479,0.0050838057358855975,-0.006115201869359109,0.012280058152565648
15,Centralized,-0.013956658518671361,0.0035145441903837067,-0.019071982924392085,-0.0015518449446730303,-0.01647183141948144,0.06106613229599382
16,0,0.0010251309504604325,-9.12182396894945e-07,-0.0005900588314717662,0.003368847099875953,0.005352986680396304,-0.000675000338665821
16,1,0.00030660508469896875,0.0009084382088046368,0.0011206535821265203,-0.0004232158525438438,-0.000416500099117223,0.0006773143068964538
16,2,0.0007233513602416345,0.0031703574862354564,0.00040834593065920043,0.000549815382403603,0.001061286607218165,0.001987518811867445
16,3,0.0015494249308580176,0.000895821200017947,-0.0047421881717939875,-0.00030115850290442686,0.0003685104568736145,0.00020805395597261098
16,4,0.0025993094250464682,0.0048228735095590825,-0.0024283792910168383,-0.0005658821638580207,0.0018823783531520622,0.0014481535323540551
16,5,-0.01771539214700629,-0.01055755031723423,-0.004809338441837586,-0.002166220257241297,-0.018768854613346587,0.06890779175082282
16,Aggregated,-0.0019286663423805112,-0.0001334788078671611,-0.0018420538750640516,7.560076210725875e-05,-0.001764213691575409,0.012128528152234138
16,Centralized,-0.012371323163623436,-0.00359922681197965,-0.005961028769152695,-0.0015863517293246588,-0.014654727173412013,0.050762151875748965
17,0,-0.002264785878028739,-0.00049737490006083,-0.00032208494531712513,0.0007685542141429839,0.0024010210153014924,2.6955422994701107e-05
17,1,-0.001553340941671096,-0.0007409073960855198,0.003248795577197607,-0.004597195013974836,0.0015941342030405992,0.0018696045499323188
17,2,-0.005944783900339126,-0.0011861352021770393,-0.0005027310631470703,-0.004581814734097652,0.0013490549033073952,0.002862961034158602
17,3,-0.004041568358616205,0.0009446262959205957,-0.0028066953730251083,-0.0006020580998034708,0.0030622898029943526,0.0013698168131448085
17,4,-0.004419334194284767,0.00032019413243413917,-0.0008886765685653495,-0.0035571159697498885,0.0013373172793304134,0.0032273430354876433
17,5,-0.019495533834195937,-0.01484314955843451,-0.012898685343630641,-0.02703140532405706,-0.013018417591192984,0.0742421586854091
17,Aggregated,-0.00629497925761775,-0.0026748872848127263,-0.0023683975063921187,-0.006613198457216361,-0.0005537186922231982,0.013971590047054434
17,Centralized,-0.018494265918643883,-0.008161460276667585,-0.00950545693314785,-0.02259779264835986,-0.00867239452526776,0.0567961878889086
18,0,-0.0015142486665730552,-0.001394945070593484,0.0012789645670442014,0.0021283704619755343,-0.0030430044602600837,0.0006402610816779324
18,1,0.0005198215377706964,0.0003359992024663916,0.0006309376240695682,-0.0038110611530847846,-0.0019299965151111118,0.00033678091345160457
18,2,0.0022590290452227713,0.002681399086184305,0.003302112547441818,-0.003674552322476918,-0.001231902688829976,0.004985820616013132
18,3,0.000263455967789461,0.0002883095019781253,-0.002894185165264689,0.0011637345715761953,-0.00035264696089318444,0.003651125354456474
18,4,0.0029648323425543995,0.0016571045671158913,0.0021263659648805442,-0.0012729533990033053,-0.0022061848913059417,0.003023459715244476
18,5,-0.023015024373251005,-0.018271885813263142,-0.006250898861728074,-0.003339957794485194,-0.012330111728642266,0.06222050741196899
18,Aggregated,-0.003099727491324775,-0.0024607565991456807,-0.00030491051459413307,-0.0014689302439072115,-0.003521260889063444,0.01250804034135114
18,Centralized,-0.018660582864116072,-0.012495613987138469,-0.005853380603658478,-0.004748258400217292,-0.008548248700188187,0.048945686038696125
19,0,0.0016166305327928602,-0.0018022525690988074,0.0013981016005871279,0.0030655797837161767,-0.0007942719276785489,-0.001521088245424588
19,1,-0.001916565944023147,0.0027405676949857553,0.0014187315643407294,-0.00037910748220299124,-0.0009896928912186613,0.001084010855454141
19,2,-0.00044951783515386384,0.0006565163143539184,0.0009024975870232414,-0.0014637211842274825,-0.0023200013157531935,0.0010326350600911175
19,3,0.00020566532083130345,-0.00036786904328970174,-0.0005922169137040523,0.0014979321321644372,-0.0008019279679438569,-0.0020613767977005243
19,4,0.0003694118496280578,0.0014159505096450404,0.0009704656410057818,-0.0012226369099674228,-0.003038805753411507,-0.0004816793904336573
19,5,-0.0027775603176074626,-0.015711264425949438,-0.014025876068729688,-0.007542427815102959,-0.012010250579421218,0.07265263365447858
19,Aggregated,-0.0004934465687777546,-0.0021866867063162136,-0.0016626033535668211,-0.0010115633333254007,-0.0033313618436944343,0.011822995975808718
19,Centralized,-0.0009148291606711026,-0.009922698870936855,-0.009227088844043925,-0.006326703055467231,-0.008785929074235489,0.0502783398591059
20,0,0.001737682861901846,-0.005844858238032654,0.008276293303386197,-0.00895277267913895,0.00499893533400377,-0.010369982327181919
20,1,0.002378482462494415,-0.000952342515190526,0.0060317204646061695,-0.008484029010380006,0.00419184176693458,-0.005409626562154365
20,2,0.0023226395601235105,-0.00016097330621878033,0.0058875283553427036,-0.009707545485881248,0.0032599440733234297,-0.006044045658370225
20,3,0.0019169518986603114,-0.00046258971244041993,0.0010410127452325298,-0.003141289105089108,0.001757196371976342,-0.0012681313494020531
20,4,0.003358485180428024,-0.0020720815514925373,0.0018804209822965456,-0.006672042349703876,0.0010910467708921735,-0.00555213793788814
20,5,-0.008637958847542418,-0.014828940609422437,-0.004822532651707951,-0.029827751754476415,-0.0013541046253148059,0.04904134930716678
20,Aggregated,0.000506879824816461,-0.004060500806855423,0.003044055309612909,-0.011142825272393629,0.0023217982083911263,0.0034286699100488367
20,Centralized,-0.0045957424382718735,-0.009731002981822301,-0.004673238567202554,-0.026771299943561897,-0.0013105057545319105,0.035189793733414305
21,0,0.0026107190332521736,0.0035876349707843888,0.00421843307221946,0.004464040267801742,0.0006492477703949932,-0.0031766466133797498
21,1,0.0005169542443164254,0.001962019148899759,0.002496802627652192,-0.0004763123360935891,0.0003675359366476264,-0.002677943021760027
21,2,0.004077797479208789,0.0017831520311694246,0.004079755331951155,1.8084462628144745e-05,-7.233508438161025e-05,-0.0018392672477665394
21,3,0.0009289189482076188,-0.0004009292427325728,-0.0012481918724260373,0.0004838431087616261,-0.00036923864607767235,-0.0012634220620354553
21,4,0.003831194650783648,0.0026830597667819368,0.0013223305548026698,0.000364879728449193,0.0010119489799700436,-0.0012471047753197131
21,5,-0.0137210004046799,-0.010972692446365674,-0.010142709828962199,-0.023486584924845972,-0.0025992798717742807,0.06597559744467411
21,Aggregated,-0.0003011306618952771,-0.00023314401513612121,0.00011452628956918525,-0.003118335713929979,-0.0001702364481818517,0.009331338975420767
21,Centralized,-0.008409605720753395,-0.006064868346584699,-0.007506669027114329,-0.016477746286547433,-0.00014481595308852291,0.04728701656517143
22,0,0.0007047397619236359,0.0017286803544809641,-0.004117069721475656,0.004097137495731529,0.0035046139978526136,-0.004125132021682143
22,1,0.0008213316579463022,-0.000231092672420391,0.001372243400724917,-0.0019936166073718686,0.0012908804744466837,0.0007547251338035355
22,2,-0.003134360108396103,0.0021334064263551,-6.495544541928281e-05,-0.0019900238110275104,0.0012035005304318262,-0.0003677235387760306
22,3,-0.0011581891514218198,-0.0007254584749959196,0.0002308546375945538,-6.103382684430336e-05,0.0004060956581695437,0.0013077311574979452
22,4,-0.0036451745794520794,0.0005157204135088097,0.00036526849556043907,-0.001373358195886624,0.0017808538280567295,0.0003738038925842661
22,5,-0.02599597456009689,-0.01042130535225164,-0.013750408672472451,-0.00887239052095505,-0.007537432150614143,0.07009769552393917
22,Aggregated,-0.00541440135349294,-0.0011725751905437712,-0.002667748162085481,-0.0017034543950308527,0.00010321097624581521,0.011377644315603124
22,Centralized,-0.02268925686923196,-0.006715833349301501,-0.009591580126176027,-0.006987315298490366,-0.005759417047511194,0.052245295749445024
23,0,-0.003991449236941934,0.000537824551949014,-0.0040442386423230675,0.00342214843383594,0.0005496692077362308,-0.00269403533880605
23,1,0.0008006788430428346,-0.0004965605950178827,0.0005976338220692194,-0.003956360058881837,-0.00023714198972081638,0.00133217538540667
23,2,0.00032899571102788946,0.0011745542890921241,-0.0015332253686770115,-0.005320347252915958,0.0008290184290534865,0.0025578610549568557
23,3,0.0019615677798801583,-0.0016919625348436656,-0.0021440649109371684,0.002372882019387284,0.002785270089498522,0.0008157653937647817
23,4,0.0002312984149955418,0.00046827424849070395,-0.0032969827282835584,-0.0011538117010781962,0.002502727614808202,0.0010000104645622157
23,5,-0.016277016042730363,-0.017707235135891505,-0.023059173298428534,-0.015540967315001566,-0.0007114932730678493,0.07261019481626156
23,Aggregated,-0.002832897545231026,-0.002961924426154722,-0.005591152394081916,-0.0033705068948475902,0.0009519471403792403,0.012641919235788595
23,Centralized,-0.01189009534597559,-0.01386801641350953,-0.020952812863278873,-0.011272039466651158,0.002848714468053001,0.05387600003978625
24,0,-4.9855982257461054e-05,0.000978540946251353,0.000244581769777367,0.003229002129509235,-0.00021015085748920896,-0.0003919875191839563
24,1,0.00030035013877775704,-0.00133898372322623,0.0030617510364700554,-0.0020018692180804607,-0.00012976136093068765,-0.0017582510358857713
24,2,0.0022586961077089257,0.0026629371240945165,0.0002296827884848788,-0.0038944962425543944,-0.002403324984146491,-0.0008152732699301402
24,3,0.0015874690459499888,-0.00022895385567327508,-0.0006058214564894249,0.0001915344998670021,-0.0003433234527598805,-0.0005547004306370377
24,4,0.0012413196777928865,0.0032171584778357054,0.0007560916740490641,-0.001563213569495432,-0.0012670286510227224,-0.00039703355562580495
24,5,-0.002316927349234429,-0.008236165507787455,-0.007327112869495942,-0.01971079921480544,-0.012195886549739318,0.06679813922279144
24,Aggregated,0.0005017104324328859,-0.0004958490906549692,-0.0006110890542327327,-0.00396834996575054,-0.002764262960760478,0.010516054538083948
24,Centralized,-0.00011431447202359113,-0.0021800884258919772,-0.006286462880340664,-0.01437387655023714,-0.00839661179084894,0.04569040058971504
25,0,0.00286691565248615,0.0011142627524635036,-0.004496991078239757,0.00511941878423226,0.0005015493425976884,-0.004910967805080154
25,1,0.0023317864812388528,0.002814046309378811,-0.0022310349019705003,-0.0024877149302307638,0.001725496893926739,-0.00024202698637615743
25,2,0.0031693726971157034,0.0031061721854846536,-0.0017913859734078755,-0.0022166363876799243,0.0007107456088502069,0.0009466534834425463
25,3,0.0023040402791745,-0.0009813765328276344,-0.0017349276103029814,-0.00476690743849007,0.0010331935686049454,0.001952599829210771
25,4,0.005371897653258962,0.0007545670316006577,-0.002797178270506114,-0.0045273918983650754,-0.0008973505246839652,0.002149654815198464
25,5,-0.008892992787795859,-0.006287459111088759,-0.02578849968406109,-0.02200192308993336,-0.003838712915970646,0.056639943705351026
25,Aggregated,0.0011854070614000084,8.263824787095673e-05,-0.006485650670315035,-0.0051576051364436845,-0.00012987908663361332,0.009452746315499918
25,Centralized,-0.005613067812476317,-0.0028480473487362433,-0.021127920585657538,-0.020186057692276573,-0.0021679757718088507,0.04271298847526451
26,0,-0.0011769538496646228,0.003624433648158534,-0.002441468490785122,-5.718325867669812e-06,-0.0025879949431140644,0.0025566410065792104
26,1,0.0008686118283928457,-0.0007310448009643552,0.0009356797743603374,-0.0014439517861077624,0.000639407383011692,-0.00026870239869276056
26,2,-0.0012408624268890685,0.0010188255594149468,-0.0017033845589925268,-0.0033870743823477484,-0.0011283464975084367,0.004214274566299332
26,3,0.0002011756470771157,0.0006582669389159857,0.0014196283165054762,-0.001604449327475501,0.0009084040257637964,0.00037232262560811064
26,4,-0.0034117548125722555,-0.00037868100510312085,0.00012828241623831228,-0.002767394976326945,-0.0013439518132661644,0.001510534709499687
26,5,-0.02100863874017682,-0.00848685410196259,-0.004997932890599979,-0.027589634038539312,0.0025679585816248732,0.07228114070080821
26,Aggregated,-0.004305393037092123,-0.0007207967161647715,-0.0011123447496546397,-0.006146716831442304,-0.0001556829735445934,0.013481880025081225
26,Centralized,-0.015597058388046967,-0.004095959700625703,-0.0038542969832875925,-0.020680907303266043,0.0037798963702670688,0.052226147748722515
27,0,-0.0005871901509194514,0.0014981453790774819,0.003866705093178165,0.0051301485416897705,-0.007585691434394939,-0.0022640203404657483
27,1,0.0004803579164142887,0.0004279870908063532,0.0016507580771240222,-0.0005010473248250713,-0.0025454387941774553,0.0005339445566292178
27,2,0.001444257395493803,0.0013711704836242363,0.001571147969472512,-0.0005965288278728813,-0.0014077936928742559,0.00010132722154960195
27,3,0.0010407716933089413,-0.0009227279826234003,-0.0006867058793520971,-0.002662337218327006,0.00032731207877986036,0.0009483390818187183
27,4,0.003847614341612989,0.0023226218826273397,0.0017307084478053643,-0.0015038674399468642,-0.0007474819968524374,0.0006133702462840988
27,5,-0.007891744589783105,-0.011599770642319488,-0.0030503654842253584,-0.02302381441130142,-0.0107698198243627,0.058725085879704125
27,Aggregated,-0.00028250994181637404,-0.0011570909614078886,0.0008445565719072082,-0.0038717926424697057,-0.003792603452032844,0.009807548467976924
27,Centralized,-0.0043320091200108645,-0.008806982019067893,-0.0017072208313157083,-0.01970493498442625,-0.007726275208699326,0.04127442675999334
28,0,-0.0066768234009893755,-0.0008148284099494048,-0.005688365422904421,0.007848490162126388,-0.0005551634598147319,0.001562666306725386
28,1,-0.0020320844053239953,0.0026183861233386747,-0.0004123326653119578,0.0006704591127888404,0.0007624728676022041,0.00030554319900703006
28,2,-0.003006914518113705,0.0021083756346513883,-0.005907059899424813,0.0010473843233698183,-0.002598917189441921,0.004088111476663567
28,3,0.001234654004188468,0.0006071850596941486,-0.0025368324573594326,2.451935864536218e-05,-0.0005971666274035965,0.0011843761461607298
28,4,0.0004865731099358099,0.0017510573242927657,-0.0024721027624355816,-0.0030856429910376903,-0.0030814252296702156,0.0019315842409159377
28,5,-0.018006235238958997,-0.01833637349673209,-0.021889896434484406,-0.017149114275436497,-0.013915136347584898,0.06963832025445285
28,Aggregated,-0.0046753096526035084,-0.0020214412110460865,-0.006494253388834073,-0.0017837864935567405,-0.0033376373368006994,0.01315446795951864
28,Centralized,-0.013159065774405265,-0.01054107910634534,-0.019772812472204623,-0.00995648212317492,-0.010743010922253347,0.05070305632325489
29,0,-0.0014573661324327075,0.006198290560488329,-0.008100698278541419,0.013092636847477282,0.003375273914072328,-0.006818422597766168
29,1,0.0013525498568625154,0.001564208966938394,-0.0038091019436419073,0.0029856347254360064,0.001171380181024756,-0.0033626202212904688
29,2,0.002395596702769408,0.005053449628918592,-0.004030384351123247,0.004173070707623663,-0.00014729929252336183,-0.0034324260327388656
29,3,0.0015009110329051501,0.00032597562146188255,0.0005989526582297899,0.0013903898583406053,-0.0001973862422177619,-0.0015802301862503528
29,4,0.004834682326919517,0.0026711865352177125,-0.0014059007188779522,0.0015499165671260147,0.00024858715035121676,-0.0016369172165188897
29,5,0.0010011839013727116,-0.009532265231316643,-0.01228234310247676,-0.013554526055998372,-0.00452672723917744,0.0683973991225507
29,Aggregated,0.0016042082435415894,0.0010400629732961225,-0.004842991953615049,0.0015965213683505647,-1.5573183966868664e-05,0.00863259128044876
29,Centralized,0.004664458162875548,-0.005448825930995576,-0.008233389072924356,-0.008122598184400536,-0.002285205894190919,0.043508227267697444
30,0,0.001009618953415799,0.0021102805166990295,-0.001746950756924358,0.0008975892842324251,-0.0016414007061148058,-0.0006169614290458795
30,1,-0.0012786349132662227,0.0009977792489220612,0.0011322036996005722,-0.0026282883750149938,0.0005332729867377798,-0.0005708284444092789
30,2,0.002302694539188207,0.0012977746857932681,-0.002324183152440917,-0.002062759810479907,-0.003477821500723906,0.00033937362485795636
30,3,0.001008043407421235,-0.000567618385584262,-4.4096910761417156e-05,-0.002141369014319766,-0.0006371698203742486,-0.0013880957857103989
30,4,0.0060752029571405205,0.0012123957217333428,-0.0025698703245972993,-0.0012417641703917222,-0.00306145025740452,-0.00021393673181896444
30,5,-0.0149980501204864,-0.004079705445718487,-0.011628577108935735,-0.01776702806757911,-0.011792374617771733,0.05780940090537576
30,Aggregated,-0.0009891246429734161,0.00015911353290486168,-0.002869167232615167,-0.004165946951344163,-0.0033515422203262406,0.009257466144267916
30,Centralized,-0.009026888123254273,-0.0017906840661337587,-0.010087055931540499,-0.012942805412177311,-0.007713617669205317,0.03687703866203367
31,0,0.0031320411426787992,0.0023744314121268454,-0.004540924042148138,0.0018026596818841217,-0.004410934011369435,-0.0025947533753418604
31,1,0.00026784871292318544,0.0008598234628712657,-0.000929159028512037,0.0010804252565674835,-0.002911927384661985,0.0014877419617217317
31,2,0.0029166116518405593,0.0027179501617904263,-0.004322965043792411,-0.000310539633582698,-0.0033855038587180457,0.0023844467224621657
31,3,0.0009479040913448441,-0.0005677531419998827,-0.0014613199285452847,0.00045415866762354057,-0.0015042722806426526,0.001993956592776497
31,4,0.0006701884572546853,0.0012151875383341394,-0.0036369179670844654,-0.002480109820474638,-0.001620736185547833,0.003420440950723189
31,5,-0.013580627878130011,-0.012564840919889611,-0.01817388228483088,-0.010146941942539393,-0.009341197978124889,0.060558497089281856
31,Aggregated,-0.0009490640509394985,-0.0010015771305946575,-0.005518934714268989,-0.00160550704636041,-0.0038659216157850267,0.011239851574331172
31,Centralized,-0.00902441814656002,-0.007796957470625888,-0.016078711706695926,-0.008695507089950677,-0.007324702100689109,0.044594882293966895
32,0,0.000783076510288172,0.0010795538506730114,1.5965801876960395e-05,0.0025907375301769957,0.004073824362985887,-0.002046428599088984
32,1,0.0017924524309986811,5.184438600365215e-05,-0.001146469358375903,0.00030802413374887244,-0.0031583311448664603,0.0003406121836431785
32,2,0.003915112738939575,0.0037061121720321855,-0.005139339591791213,0.002454655342877333,0.00011906357869396385,-0.0010694658088345004
32,3,0.0008505585300760325,0.00020071689885078903,-0.00341884501852152,0.001469033650254068,-0.0023658132455214656,0.0014506342367588707
32,4,0.003938187794476745,0.002058572801139884,-0.0031470658612733743,0.002147258074948552,0.00041133450106222715,-0.0011752977390011596
32,5,-0.013448682791571655,-0.011875355701449514,-0.019989505108818147,-0.010574615039978225,-0.012220723067770386,0.061842782787409276
32,Aggregated,-0.000369892856768313,-0.0008034893237535126,-0.005480132900621471,-0.00027405571437537026,-0.0021965025395889455,0.009923595132256331
32,Centralized,-0.006752776925274513,-0.007781958039462446,-0.01706645705726415,-0.00493538640998281,-0.005279172466079189,0.04024912464354781
33,0,0.003443363902867518,-0.001036173049708201,-0.005029458272916904,0.003030459411693588,0.0008414471401985591,-0.0035088893968769313
33,1,0.001529878117832593,0.0017221000815081993,-0.0009692557892869491,-0.0004083456270355649,0.0018356795247339562,0.00190854049980204
33,2,0.004342593839149103,-0.0008983200358506342,-0.0049281892946522075,0.00010348129576078409,0.00023088004794524775,-0.002836584284269572
33,3,0.0018343918915574753,0.0012791743817440785,4.822992659665459e-05,7.240509975488714e-05,0.0020415963251614877,0.00039200968777317415
33,4,0.0013733428565896526,0.0012381531756972893,-0.004195959883640798,-0.0009275552687867286,0.0032286393384994253,-0.002718239957578161
33,5,-0.007541340093185151,-0.007958935847502034,-0.018411395672860563,-0.005308595780218318,-0.0028360039786284002,0.05423803087547274
33,Aggregated,0.0008250343525031804,-0.0009468069964514373,-0.005589184869916551,-0.0005760443163929927,0.000887997307921856,0.007942012843787014
33,Centralized,-0.0033954782789418435,-0.005762398599508971,-0.016418179365719827,8.209932040534699e-05,-0.0007965781151083099,0.03381112153620465
34,0,-0.0029118502436840487,0.003849575330021451,-0.006366808875563749,0.0016095006678463204,0.005005334897679888,-0.011350518652476249
34,1,-0.0024712340966522206,0.004088920555900321,-0.00550897516701164,0.0006955139780193172,0.0016452201382310553,-0.008297594324513288
34,2,-0.002295145305972382,0.003362074739975587,-0.0045771218026087095,-0.0008795321874801439,0.0024636515234119577,-0.004223586743618107
34,3,-0.001522797950327144,0.0001131732992228703,-0.0008084651533621978,-0.0007334492402697771,0.0009497670210733592,1.669942548084465e-05
34,4,-0.0010541352967690229,-0.0006852347200363392,-0.0004372586750830465,-0.0006143203688096806,0.0016673377973744252,0.0011236112633236527
34,5,-0.02470524094184561,-0.010666853656434987,-0.017242494991591552,-0.01558933639169755,0.013307671335338498,0.057659414209232825
34,Aggregated,-0.005838769998661791,3.4687015799115585e-06,-0.005830800965113517,-0.002593561355971616,0.004178987507258598,0.005854386988723452
34,Centralized,-0.019058447227348604,-0.007724879696201273,-0.014559256943508528,-0.010978637437309886,0.011927885455733141,0.0386922428229551
35,0,0.003792863200026507,-0.008194220517664162,0.0019325367798193555,0.006923314616483046,0.003580942117217968,0.0021293306802935654
35,1,0.002188959751073707,-0.003926450581878246,0.002325128605877662,0.0012648053418785165,0.004596260401849481,0.0016967760767207765
35,2,0.003469793519533568,-0.006383256480067525,0.0018712921161677517,0.0035968601528225267,0.002757262671634499,0.0027994862725436863
35,3,-0.0015755801091178658,-0.0014965238563104518,0.0002511833762729047,-9.656159808862363e-05,0.0024884258619917434,0.0016475036334499397
35,4,-0.002335494595659799,-0.004657756196012724,-0.0011525990915965737,0.0019518953443222078,0.004439307115949944,0.0017546474229969409
35,5,-0.009882372926333444,-0.018067404070761607,-0.00653323756435097,-0.018180256928782085,0.0012565948075359456,0.05721998161839189
35,Aggregated,-0.0007294776943583263,-0.007127914224673099,-0.00022164249889523722,-0.0007677656259628523,0.0031852351034966217,0.01123728933496465
35,Centralized,-0.0070976568273802484,-0.01330123668744541,-0.004414453354874417,-0.010066008827295393,0.003956526414278722,0.038128735834685665
36,0,-0.007473008507576248,-0.004456101652781903,0.0015748759552275482,0.0032816556547960846,0.010051637948862937,-0.003018271394262248
36,1,-0.003942726750679452,-0.0004409207742937568,0.0018446268424405004,0.00013462286372476113,0.00417620119603196,-0.0018181722442345803
36,2,-0.004458891230079996,-0.0029074853062049694,0.0013987974218002666,-0.0006938922402447108,0.0038497602094728182,-0.001196727673308771
36,3,0.001161644725782864,0.0005018643145568658,0.0011337996739739361,-0.0023194873837826197,0.0004997928131476555,0.0008401072784226468
36,4,0.001033834723535861,-0.002268921485037844,0.002064023062874531,-0.0031131812891071107,0.0016212456264579715,0.0006629993612765913
36,5,-0.003985944442630803,-0.01813512062404655,-0.0046020630436589185,-0.028830596690861614,-0.0026393307712011937,0.060242385296878795
36,Aggregated,-0.0029448460911846424,-0.0046263989255747075,0.0005657131585197374,-0.005271842689047663,0.002923002632405497,0.009317874496983536
36,Centralized,-0.0008840085069672284,-0.011553001899400495,-0.0021730231116854977,-0.021941536916922137,0.0027817022360414967,0.03856823835763715
37,0,0.002873502756901081,0.00042003415919134035,-0.0026427521406276,0.0006218353450140916,-9.100601361264893e-05,-0.0013751423228751938
37,1,-0.0028728358708255395,-0.0008080311033091203,0.00010895870325219141,-0.0010797984665202043,-4.981536228232016e-05,0.000831963479645866
37,2,0.003240140112216949,0.0035362078316081725,-0.0015867981173249219,-0.002221260994289665,-0.0007477162851597608,0.0018212501745472527
37,3,-0.0012482877832051542,3.098399709926721e-05,-0.0002654740442635195,-0.0019397192570740555,-0.00043863516027329853,0.0008565413517678051
37,4,0.0010861675418780117,0.00389599750987993,-0.0018961170363321171,-0.003177440579500445,-0.00284891181660505,0.0004719678119000315
37,5,-0.010591837426490372,-0.0019804787717540855,-0.013115285759294047,-0.022201867468321795,-0.010922677665112294,0.05768298412233373
37,Aggregated,-0.0012581462861586885,0.0008473149220036159,-0.0032392119246706635,-0.005010675837503428,-0.0025218197828088718,0.010078630373220944
37,Centralized,-0.005682237449594143,0.001421610795338361,-0.012041620762136536,-0.018076329394236913,-0.008742950620857538,0.03803262359411369
38,0,0.0019333312146412155,-0.0003368686992571701,-0.0031759106454025245,0.00277749271260717,-0.0009388124329969346,-0.002031394022074181
38,1,0.0006109337792202722,0.0016827940575940537,0.00094899366405784,0.0015077965983828225,-0.0004897911015446528,-0.00034479951066061684
38,2,0.001075504281212895,0.0012116175707339917,-0.00314165467244164,0.00029020123993326875,-0.0025251179717803865,0.003056065649309218
38,3,0.0006312257417083873,0.0002566060989108184,0.001061312059705453,-0.00036416130664235766,-0.002081941568848555,-0.0003323896962365754
38,4,0.0010723432653629776,0.0021821535779083584,9.367315417204148e-05,0.0006467931473227125,-0.0023995721148662497,0.0008729455388798102
38,5,-0.012405902611172744,0.0010904126068218044,-0.020526699380131002,-0.01688681731706346,-0.010381974284512863,0.06179354309956239
38,Aggregated,-0.0011875842101176123,0.0010145009639322884,-0.004133838935202765,-0.002014270555685973,-0.003140821134530192,0.010535029316038157
38,Centralized,-0.007549755259700855,0.0029114297867916575,-0.014672311051193002,-0.010118530181018486,-0.006891007616051976,0.03891298749740055
39,0,-0.0013341705775466312,-0.000480717228886494,-0.002716164454788174,0.007857885348571188,-0.007832555125377194,-0.003654142753923738
39,1,-5.73760353376566e-06,0.001517389145956989,-0.002820033140356258,0.0024461281350226754,-0.005890168852788803,-0.0033930572798227397
39,2,-0.0017720694380296935,0.000865496604318768,-0.0019720414249504805,0.004135115088781779,-0.005332372530756189,-0.002008172134711064
39,3,0.000989095583383524,0.00201100034172079,3.663463074821867e-05,0.0005846537707902518,-0.001564198060092377,-0.00026185944166781476
39,4,-0.000373324276872522,0.0050464925308306725,-0.0006596518089957278,0.0026807130062330214,-0.003923988921273935,-0.0008088056410136268
39,5,-0.0054618454529757055,-0.001549769039968161,-0.011037345270833443,-0.022267066244652,-0.021035444507242537,0.057504673291994796
39,Aggregated,-0.001328978558628875,0.001233206635916713,-0.003199766961487426,-0.0007741400781826712,-0.007605022718433043,0.007928067159047227
39,Centralized,-0.0020969728694820015,0.0018166001840807559,-0.006465210823552295,-0.014015100108233562,-0.01614179796388905,0.03558793675590387
40,0,0.00036875543599906857,0.005892532384425146,-0.010929001947479559,0.00575721343790495,-0.011045658832471125,0.005853613888151617
40,1,0.001478392840118814,0.005550871327042943,-0.009514296808140152,0.0041930646874455,-0.008940962631914306,0.0050825197102818374
40,2,-0.00016913229708678072,0.004637917259046823,-0.009295421765981866,0.003651947348334245,-0.0077530730065148495,0.00486583319575423
40,3,0.0015371009316049121,0.0012147542216381425,-0.00323126215369996,0.001076626495380545,-0.0032150974808902366,0.002617877985966589
40,4,0.0018539469133142842,0.005014379087745546,-0.011122734884424583,0.005098035096134118,-0.008714463302869874,0.0057451222647363406
40,5,-0.006440620968171043,-0.00376223449660155,-0.02740513872901962,-0.005770696849680617,-0.0215740224211696,0.060993666391700854
40,Aggregated,-0.00023255334708054847,0.0030870004360151436,-0.011926184312504843,0.00232919763911673,-0.010214459875825154,0.014222943354607089
40,Centralized,-0.00383476606448065,-0.001021258494405016,-0.02362632653021608,-0.0011282097298006986,-0.01864287447869736,0.043153271746236156
41,0,0.0027669773821167322,-0.003016374708872585,0.003409849934835966,0.0029687702085034315,0.004428005806505538,0.0017051818023318898
41,1,0.004224142162098424,0.0009505985360501308,0.0035419217583959805,-0.0006604460803588933,0.0025504806996222915,0.0014722638398366314
41,2,0.004810089059862632,-0.003144429502410309,0.0034607128487370155,0.0006003470012379932,0.0013050500752681252,0.0031142036190996486
41,3,0.0019467364871791255,0.0017120567776616278,0.001160169265205426,-0.0022080732640205694,-0.00026870863578202603,-0.00035710803206143914
41,4,0.0034225040928799674,-0.0004215477301510506,0.001818922440452506,-0.0026182669338566575,-6.513790955204694e-05,2.942571590287731e-05
41,5,-0.013373902692888429,-0.006737216824788304,-0.007792105059683818,-0.01017449357110272,-0.007245905682849698,0.056677365369887274
41,Aggregated,0.0006238277769498057,-0.0017793151777450772,0.0009276823352186451,-0.0020205623099559624,0.00011260296881978541,0.01046970062649845
41,Centralized,-0.007240403232790325,-0.004637352603359551,-0.004109071219961859,-0.006176615439179234,-0.004591889972737467,0.03738578948882817
42,0,0.002609200702481852,0.0020101919892869264,0.0016555317102299788,0.002558902119046146,-0.002015295622458876,-0.004813628814360816
42,1,0.0004821375691461923,-4.9938454959406556e-05,0.00028199066744951837,-0.00048489402786203726,-0.0007207017572324109,-0.003250477540610545
42,2,0.0037355877784100186,0.0029324876280483925,0.0022560485277198714,0.0010854922401425178,-0.004328393156628902,-0.005681223017691911
42,3,0.0012042580753734192,-0.0015340098522522564,-0.0008332742691406769,-0.0005288010706407128,-0.0003746991017733477,-0.00171387320463116
42,4,0.003148383649911531,0.0018115679140754675,-0.00016280248988257602,-0.0014520809236762558,-0.0019567691942056716,-0.0013882989562224951
42,5,-0.011567182614518955,-0.011306426456285271,-0.009158498231244464,-0.0059801946679493186,-0.012155086178708833,0.051318499728880175
42,Aggregated,-7.193596388553331e-05,-0.0010292442880706354,-0.0009987062897055148,-0.0008035651967650211,-0.003597283691619101,0.00577422172666084
42,Centralized,-0.007127748293671304,-0.006138516821190353,-0.005983997530175182,-0.0020253545763156593,-0.008933340404455379,0.031791759392557434
43,0,-0.0003012030669534242,-0.0020912360901561107,0.0003370964656824386,0.0005234479752504888,-0.0009470886242869829,-0.001758495851706053
43,1,0.0029712404027512945,0.001168800840932621,0.00036196917567280683,-0.0019926028661107664,0.0013201575031356308,-8.768151231290747e-05
43,2,-2.6370108862725875e-05,0.001103044180698178,0.0021814512824976555,0.00039872554394424495,-0.0037856888966671825,0.00012883799838981358
43,3,0.0019725973482415215,0.00017606997521903977,-0.0009762593470979982,-3.6784017089323364e-07,-0.0005700225347851695,0.002180825833828328
43,4,-0.00011940708714602288,0.001626986977062428,-0.0008693025416426451,-0.003021498849143022,-0.003940968756517606,-0.00014738578983138537
43,5,-0.01698333530480375,-0.016626722881726133,-0.009800670901524595,-0.0047371004739781685,-0.01645813864035676,0.05193851410153594
43,Aggregated,-0.0020905805960706268,-0.0024495539455539573,-0.0014662696467974163,-0.0014736480323658582,-0.004071527136080015,0.00873666345256703
43,Centralized,-0.012627974438815866,-0.012063983132361018,-0.005962232249847219,-0.0028805664864495,-0.013361291037031079,0.03537751023824105
44,0,0.0031108555323017878,0.0008072323301364907,0.004896228824924914,0.008551730761989047,-0.007150731291095668,-0.005756976160829305
44,1,2.4998245612910097e-05,0.001348107803670423,0.0011578284717300583,-0.0001445561741528736,-0.0037028880662203154,-0.002817414493761721
44,2,0.005474772468352996,0.0006813392546755282,0.0024449858537195063,0.003159907904232541,-0.008213522418494412,-0.005335765934219562
44,3,0.0017622323117153236,0.0012985166465704153,-0.0003870573279023219,-0.000542615239731505,-0.0010791129515182259,-0.0002078114529963852
44,4,0.003936074497961196,0.0024168489243472794,0.0023568243450817015,0.000567025502683007,-0.0050763644293539,0.00026954746727964605
44,5,-0.009356742614114517,-0.004936725850617563,-0.01631295106469908,-0.005374575886405534,-0.005814600197022868,0.054069414513041
44,Aggregated,0.0008188734525431266,0.00026590079140505576,-0.0009838028437640345,0.0010320656398082116,-0.005173279028595828,0.006733697214504136
44,Centralized,-0.0037507395087878026,-0.0017437143140180003,-0.010354966175538226,-5.8490363009522064e-05,-0.006359122417844382,0.03367120965209196
45,0,-0.0015010473087017251,-0.0023432013285515528,0.0011218479965062478,0.0033936173067962943,0.0021292897661111697,-0.0007956043479352082
45,1,-0.0002496658875957662,0.003249937592733445,0.001706150685733491,-0.0021918610456346417,0.00046872338120021266,-0.0008900550523476529
45,2,0.004106142952738899,-0.0026929282695557833,-0.0010007065317963213,0.0013450523122166453,0.0009873537341831458,0.0012969085238115593
45,3,0.0004385256506701777,0.001196924107102093,0.0002168233500482138,-0.0011017831640958802,-0.0009476288391241483,0.00035054289709215796
45,4,0.0037845424910862404,0.0004745107786031414,-0.0016670505313647961,-0.00043346079902014853,-0.00012670016041705368,-3.02220396680708e-05
45,5,-0.008910160059355028,-0.006342908283786879,-0.0058576524289240366,-0.01705774597277323,-0.009885331711667377,0.050397987871633985
45,Aggregated,-0.00039404328955159327,-0.0010796353171415656,-0.0009165834404213852,-0.002683533711781167,-0.0012345678002706171,0.008415043019993578
45,Centralized,-0.0033556594580007606,-0.0045547394803247395,-0.005224795346370366,-0.010754100187442817,-0.007302441726363293,0.03329119027386317
46,0,-0.0028783358198060547,0.0017465681923371835,-0.003327071185666854,0.0048696639230489,-0.003037377198137894,-0.0018709999049363465
46,1,0.0008176062450323966,0.00044099246406219353,-0.0009108053997343657,-0.00041399258874575654,-0.0014333956821015585,-0.00030298805069364006
46,2,-0.001090690282414484,-0.0007267906912492258,-0.004479145188524197,0.0009022165735969698,-0.002933004985303996,5.29792393857161e-05
46,3,0.0014398784843816608,-0.00013688047537963044,2.1580486934704343e-05,-0.001882590599250045,-0.000958720158486374,0.001363328260107068
46,4,0.0015982228573664498,0.0016990491197150415,-0.002716528262452238,-0.0050502729389675805,0.001050744698243733,0.0014171647868752894
46,5,-0.012942707080078966,-0.0020594277093197197,-0.03371252436982987,-0.008254653861084971,-0.009050995349176968,0.056924464813933186
46,Aggregated,-0.0021828685966907343,0.0001591697768307343,-0.007537447600114666,-0.001642489868339167,-0.0027311565742322444,0.009627498360764618
46,Centralized,-0.007352579580963343,7.216462573748084e-05,-0.026320276916864907,-0.004611428490765699,-0.004787841554255467,0.03637170377050631
47,0,-0.00017255354690950224,0.003647134275481993,-0.0009055270591174595,0.001688928546270189,0.0017054838359552686,-0.0034708161427446575
47,1,0.0010112984168723508,0.0019828700225240003,-0.0005769247548720102,-0.0004593233738625135,0.0019507493312873238,-6.539209073598654e-05
47,2,-0.0004168416303251395,0.004524927673577544,-0.0025303108676796786,0.002762279140214353,0.0003574595579848331,-0.0006782381283467586
47,3,-0.0003507651014505009,-0.00092929260463591,-0.0008705873077606508,-0.001496436954002583,0.00016113009807313487,0.0015328147496674845
47,4,0.0009443549472646399,0.000935617776273658,0.0006238846510671544,-0.0017443735239198158,-5.596083068739599e-05,-0.0007035230199982404
47,5,-0.018618434052228024,0.0016851890259021562,-0.0057067808817694845,-0.011674820480058417,-0.003378402042024037,0.04718272718640725
47,Aggregated,-0.0029438232461730975,0.0019742233029706097,-0.001663620405413636,-0.001826907001326134,0.00012117740519565555,0.007325022988195079
47,Centralized,-0.01433172775265425,0.0035355653942838313,-0.00492439092523985,-0.0073196665672152226,-0.0025036809387602864,0.030799890129819207
48,0,0.0001829274256757422,-0.00017382423238025598,0.0017698901741644896,0.0004473693848203971,0.0011975839076771892,-0.001419044575732348
48,1,0.0004153988879575373,-0.002279295929708603,0.0018026607940199153,-0.005601864281379405,0.001766441128686937,-2.0858990013911118e-05
48,2,0.0010566168248409855,0.0014167582099558424,-0.00037426937305081175,0.002017725176524718,0.0023204270608596415,-0.0024112782043364763
48,3,0.0006548339494291567,0.00046404050583431035,0.0007005496847063623,0.000585699522478228,0.001304763924085911,-0.0016033464647323278
48,4,-0.0013134301564982631,-0.000448908357837848,1.7405963421453692e-05,3.869818629091785e-05,0.004492652414368537,0.0001887930245115447
48,5,0.002828375405943645,-0.0035254433651550053,-0.004813608304426822,-0.022074575977083257,-0.010670874530763192,0.044901424406391485
48,Aggregated,0.0006388505489565309,-0.0007595433910376633,-0.00015253541474905365,-0.004109285774901564,6.16520772255574e-05,0.006630363549177158
48,Centralized,0.0015040726334484445,-0.0009956240800056818,-0.0023758993641471845,-0.013641258837410386,-0.0039869535296894135,0.02451530639808818
49,0,-0.00038351840189995343,-0.004180692121878419,-0.004356341652243562,0.008229463743871021,0.00010178595990825897,-0.0034800105953725928
49,1,0.0018254122335597423,-0.0005508922340162148,-0.002646306881945559,0.000898429844731774,-0.0015033709129031255,-0.00024972541521148066
49,2,-0.0009682197970042383,-0.0012521848711094074,-0.006157423706815434,0.002651134539204694,-0.0011178792325564236,-0.001200682371938246
49,3,0.0006201439552054618,0.00011861291068208287,-0.0011384726945290395,-8.517576456082421e-05,-0.0011396885741379351,0.00147117616564764
49,4,0.0010525667318665721,0.0023753003991262714,-0.002861560877018718,-0.00032486733526948715,-0.0013319329082485194,7.671780419539568e-05
49,5,-0.011365304538608147,-0.015054199441539653,-0.017146086556385744,-0.017861076937136726,-0.004076694884466257,0.05823048989209819
49,Aggregated,-0.0015427530167029997,-0.0030983032591081587,-0.005724984917399715,-0.0010927128391489118,-0.0015129323329295579,0.009172624463748986
49,Centralized,-0.007873121349976636,-0.009115687152028097,-0.013993688981134629,-0.010729875021053402,-0.003039311060650501,0.038250844414038254
50,0,-0.0004716617184143105,0.000835675421318612,0.002101825757746639,0.0024432602050926916,0.002456290240050929,-0.003296076838179297
50,1,0.001987032256376266,0.0013790055737134077,0.0022526656608796384,-0.0005562039889291751,-4.621159121925289e-05,0.001127683845401506
50,2,0.000367444318571003,0.0033916368102917,0.0003941771045148035,-0.0016445180107399371,0.0032382634974321292,-0.0017277279746445405
50,3,0.0011431680368121403,0.0008321170003220764,0.00016288751118053167,-0.0028282364775899967,0.00031227116712815304,0.0004591904911986836
50,4,0.00230427682885951,0.0006546771493896838,-0.0005696970552240444,-0.0019119708688047799,-0.0005414302360143471,-0.0018972907071139015
50,5,-0.009560927008901328,-0.0020284720515285183,-0.014698866205482405,-0.013689562114488569,-0.004438921688752716,0.0484891765655273
50,Aggregated,-0.0007107572557592727,0.0008422752328592065,-0.0017344386382521651,-0.0030380004638848276,0.0001604426943509731,0.007218821338962448
50,Centralized,-0.004831965724009025,0.0004869737228337612,-0.01146369445698332,-0.009202089927534426,-0.001329570632428265,0.03131527183386891
