Round,Evaluator,0,3,1,2,4
0,0,,,,,
0,1,,,,,
0,2,,,,,
0,3,,,,,
0,4,,,,,
0,Aggregated,,,,,
0,Centralized,,,,,
1,0,10.322087306620094,10.796522059496143,10.471513572375324,10.4595707236305,9.887949644287614
1,1,10.051954659551168,10.587083883353758,10.17348613552801,10.226929917468274,9.591468245608503
1,2,10.237451837851443,10.724611132374203,10.37801191236735,10.394659560015201,9.77327220254847
1,3,10.344819642172437,10.77235757978037,10.457799084639216,10.467164089591432,9.90821356586002
1,4,10.359704290078668,10.723902461796902,10.433353734837887,10.47716782701361,10.537117927011495
1,Aggregated,10.263766137802962,10.720912031626677,10.383126811959793,10.405518560627465,9.94309788869073
1,Centralized,10.263788133318142,10.720916042103527,10.383141396468313,10.405535398860858,9.943203292232226
2,0,0.9954591975483283,1.2250784528514842,0.6633750139194059,0.9636222945530669,0.7644550210475323
2,1,1.0747853379297845,1.2681862515787414,0.7415336233482638,1.0539638120234343,0.8934050372893876
2,2,0.9902528524463879,1.1681289425835013,0.8282225967630013,1.0234238861793798,0.8187268815111259
2,3,1.0929827959207736,1.2281257565489796,0.8130358779700866,1.0524315872504337,0.841050103939402
2,4,1.0344098263517068,1.0991525845806032,0.7959498740219357,1.02230000395487,1.9991264500136825
2,Aggregated,1.0375584365326536,1.1971575292471384,0.7685834717926439,1.0231428054635294,1.0688272912564716
2,Centralized,1.037557112779639,1.1971413454962632,0.7685849466777926,1.0231405860301779,1.0689804500384512
3,0,-0.18664330576637525,0.09216539374961655,0.22503520321181086,0.02927343417336908,0.07174694373814239
3,1,-0.14715452702726647,0.08408159466507925,0.26478831918215867,0.05021047672790401,0.10215854063457591
3,2,-0.07937925689251589,-0.05668149139403453,0.23753979935223235,0.07622523580831103,0.1027738316556718
3,3,-0.012024807890623369,-0.05327533829417774,0.20190589971006512,0.12391726309163854,-0.03990471378443372
3,4,-0.010156649121375594,-0.11097404675622365,0.2246223540160749,0.064970601183958,0.8895023456045149
3,Aggregated,-0.08662349003007974,-0.009532436865521037,0.23074287268524105,0.06889528093932905,0.22914348318779282
3,Centralized,-0.08661227305401271,-0.009547331232034809,0.2307409662856826,0.0688941377483312,0.22925275362728606
4,0,0.10983661411474407,0.3358509248809339,0.2964882132691561,0.11871366761647138,-0.6203506240400662
4,1,0.1377309819740938,0.3299814899733523,0.2932072300817708,0.12903716412235114,-0.6704822186277397
4,2,0.24521932222697565,0.30524948292654125,0.34169439561792286,0.1458236820787171,-0.7849777082759152
4,3,0.23863691434988157,0.3190466393645526,0.28434026138998075,0.19993784841492362,-0.8639269443235361
4,4,0.23878342500256575,0.16898926212651472,0.3416915073251012,0.06332771174885311,-0.14486809785890695
4,Aggregated,0.19430216579023907,0.29110497463921087,0.31166142032527044,0.13096896778843142,-0.6141569057933247
4,Centralized,0.19430744578100928,0.2910854134223709,0.31166603008100735,0.13095706732963563,-0.6140758110270971
5,0,-0.2436657147154361,0.15878538799451772,0.2601999681144142,0.032406025344723324,-0.1099174708366232
5,1,-0.24930611817655082,0.1398430006362836,0.23581089027717855,0.0030860648972787174,-0.07838050433450222
5,2,-0.10768414459215254,0.07777275839466448,0.29193816562929203,-0.03415338511739255,-0.08571235973344248
5,3,-0.12905881399854532,0.14848052129818043,0.2541664945861128,0.0322528952015323,-0.1039323232279085
5,4,-0.15452042428199936,0.0519343060297406,0.24468684077555344,-0.01695775286653382,0.32607162030969733
5,Aggregated,-0.1767174260826388,0.11499177408455812,0.2572864438604434,0.0032076435786131995,-0.008405628772636647
5,Centralized,-0.1767159163102297,0.11498592592491352,0.2572834537509813,0.0032045415155402307,-0.008351620429642015
6,0,0.14534575130734917,0.22981907185516798,0.08709773705843894,-0.14647698746758106,-0.13972592922998003
6,1,0.12756691859757602,0.1864196229355643,0.08139703404409068,-0.18438215748637035,-0.09748175077974391
6,2,0.1375147595798918,0.11843471201871533,0.11864337472630852,-0.12413763764894474,-0.05595008997813409
6,3,0.11900961288141125,0.156905913717779,0.07420007510331468,-0.09361495155904571,-0.11373726466219501
6,4,0.07749119139737418,0.09041393075093448,0.07012614053150118,-0.09112656023359082,0.12207474635776325
6,Aggregated,0.1211290908092502,0.15601290339429374,0.0861985919169215,-0.12773305540039132,-0.055916351640014614
6,Centralized,0.12112228099708204,0.15600449190913365,0.08619570179844842,-0.12772600167197842,-0.055887789740974726
7,0,0.06306197946303642,0.012159281644133024,0.09812583954873748,-0.2564547677449888,0.018040050862944253
7,1,0.07884733879016421,0.0014664606192929122,0.07668306714636174,-0.2700363923666695,0.04441531917384296
7,2,0.07191641935638948,-0.06847357853012906,0.10061983928080179,-0.2290108093190182,0.04785244733807783
7,3,0.05647362253042194,0.0018308162713682149,0.07591571040057002,-0.21653377231783258,0.016219524784951922
7,4,0.14959656576382466,-0.026572468819473727,0.08348280216263741,-0.21193624790404986,0.15456557003691498
7,Aggregated,0.08436329375425351,-0.01598051756988913,0.08694530100504208,-0.23664946278403365,0.05679425924284826
7,Centralized,0.08437382606730193,-0.01597983331713664,0.0869454359362983,-0.23664511100956157,0.05681088586765168
8,0,-0.11207624068278417,-0.10463724677017253,0.04956580333763728,0.03588391845513792,0.16831890621130652
8,1,-0.10103424384302873,-0.11150303764661214,0.03905795055072921,-0.008708857089220541,0.19739099448344577
8,2,-0.04449979754076437,-0.14372768235558733,0.09146367860661672,-0.012331480311820305,0.15790875950225652
8,3,-0.06880423942647879,-0.09002808822914173,0.0399021428956084,0.04248648831690956,0.11187411279943849
8,4,-0.05342434806386051,-0.14971407406749482,0.055105456906295675,0.004989541446138013,0.23064782011877394
8,Aggregated,-0.0758361233338079,-0.12009674962334421,0.055019796904268156,0.01241966184193477,0.1735649430298688
8,Centralized,-0.07583313925646659,-0.12010063116535236,0.05501961299252202,0.012420003388998483,0.17357457548652794
9,0,0.05622745480148224,0.06636337115401236,0.16908897682226948,-0.2092883391143062,-0.031169422926885442
9,1,0.05698081773612952,0.045468310358951554,0.18113759725437725,-0.2534583534933265,0.013294993780950353
9,2,0.009159720580172396,-0.062742879095339,0.20201053257158186,-0.3629916072091129,0.06963699171931852
9,3,0.02072641146176665,0.00716912237868339,0.14524095405367732,-0.3163895108592668,0.026208067557378603
9,4,0.08757767501401374,-0.024276391183126952,0.17512556389375813,-0.25191089964585917,0.08219179452272864
9,Aggregated,0.04637716645755015,0.0062169839149943664,0.17452481286823612,-0.27864979824271946,0.032325818962848515
9,Centralized,0.046384358499792396,0.00621394642678507,0.1745241927814022,-0.2786426011240773,0.03233187491714995
10,0,0.020097660734462095,-0.035174491211361375,0.27335596002410184,-0.0838893756276786,-0.1772430689902331
10,1,0.0091121477856265,-0.023036489267322817,0.25144292471841434,-0.10212258595791314,-0.12868400208893022
10,2,0.08194187662292067,-0.06339447030339909,0.24261717982493594,-0.05057689820232335,-0.05073179401319588
10,3,0.06480589705345752,0.0012993581748377873,0.21226981872034906,-0.04920880186592743,-0.10558180410571406
10,4,0.059868844336509915,-0.035733103407676124,0.2463220622797542,-0.056858973075212066,-0.13042456698679442
10,Aggregated,0.04723921584813915,-0.03123490626253348,0.24520876025480978,-0.06846345639998117,-0.11860280760140762
10,Centralized,0.04724107823167237,-0.03123481816162054,0.24520983764756812,-0.06846130602918461,-0.11860693089713935
11,0,-0.15710281368453222,0.08020607463866944,0.04071661904534561,-0.043698426671427065,0.15244382895953928
11,1,-0.1484606889672421,0.08011391056736338,0.04109260797064188,-0.07221471038376143,0.15638764173519956
11,2,-0.031699089048312805,-0.0559669732730477,0.07037410171906938,-0.13514510255837248,0.13794725093430169
11,3,-0.06746358578052761,0.00639414485343206,0.04395299778094737,-0.0907287899511197,0.1177909573273608
11,4,-0.07278427255272006,0.02725571687444409,0.0352934632464209,-0.06728476334134582,0.12754920656695792
11,Aggregated,-0.0953698136124959,0.02759895864463492,0.04622174138421657,-0.08172925252686283,0.13836059499588396
11,Centralized,-0.09536834611208876,0.027600412844461443,0.046218973384132264,-0.0817254178574012,0.1383583092124115
12,0,-0.20597233541601725,-0.1774361259919079,0.30712384983661495,-0.19816423097651262,0.26194600104088633
12,1,-0.1892997937422089,-0.17428133353095923,0.3009350408182069,-0.24404136952042385,0.2781357732001227
12,2,-0.0905365364088686,-0.164978446046274,0.2862613869811209,-0.11087508234398309,0.14981511849667775
12,3,-0.12493791169804289,-0.1132955853254001,0.2514869883785494,-0.1274961187109656,0.13799320161840647
12,4,-0.12569194702796238,-0.19344498981935326,0.28047534354161846,-0.19532356142432394,0.22774237305438272
12,Aggregated,-0.14716188059011895,-0.16485637865895977,0.2852292086343162,-0.17529872777431177,0.21122500667222271
12,Centralized,-0.1471597863490901,-0.1648611876668278,0.28522840079802597,-0.17530239056449595,0.21122895630660382
13,0,0.008845908208678477,0.06912677034456192,-0.3029802705749027,-0.05313746330399708,0.20668700463721787
13,1,0.024168245892737725,0.07804397974107401,-0.32895934968933704,-0.06835759062693718,0.21723205961142938
13,2,0.013391477863652017,-0.011604818176833771,-0.1901990846310007,-0.060704534556901425,0.20310554221725857
13,3,0.00809361363817412,0.061230222656404515,-0.23434659925747955,-0.05584410619256908,0.16354487968153383
13,4,0.0793024685777004,0.03431634395082786,-0.31256025386227027,-0.040158778149036616,0.1811681204517116
13,Aggregated,0.02706784864827376,0.046152614998494566,-0.2740363894436648,-0.05554998681162456,0.1942710572788814
13,Centralized,0.027076158050787315,0.04615214660509756,-0.274044284279798,-0.05554657102149904,0.19426880099401614
14,0,0.06509591740116101,0.22610891516823528,0.22896016167220118,-0.4279217626966183,-0.071506973969561
14,1,0.09031781660428173,0.23609686637318308,0.21492098602156698,-0.4745091305628007,-0.04327809877698341
14,2,0.02536919585460679,0.06034175854915104,0.2587844919987997,-0.3487195997880665,0.023693052229352585
14,3,0.029105086447323753,0.13041821228103231,0.21719899659240346,-0.34360726894499527,-0.025794068228084152
14,4,0.13437654763799756,0.186891852768232,0.20248644508746916,-0.42760056554540893,-0.07872694841829911
14,Aggregated,0.06923670419810524,0.1680828347647566,0.22434183938923108,-0.40460802152802505,-0.03935438012774482
14,Centralized,0.06924755329722662,0.16808786465168699,0.22433834180077772,-0.40461191445497563,-0.03936258809020699
15,0,-0.10105554311075172,0.0998973039981486,0.20960501642296084,-0.16744753319666789,-0.02605000748787966
15,1,-0.10198621858499338,0.11683142265293925,0.20530914140710738,-0.20489692898593911,-0.006861298689302142
15,2,-0.05851180748517413,-0.004208916672138703,0.19898886694510626,-0.17109460048688427,0.044994518483623985
15,3,-0.08249484310357573,0.06580655783665877,0.1723537339327127,-0.12096505514400707,0.00493988115800228
15,4,-0.03787441157153027,0.0675754141580959,0.2024753117296077,-0.15583894480512175,-0.0429391618390546
15,Aggregated,-0.076159324661638,0.06917103775220929,0.19777453739642822,-0.1640014324253743,-0.005404120481117014
15,Centralized,-0.07615352488249716,0.06917180653808273,0.19777547387886854,-0.1639992515176756,-0.005411500186960113
16,0,-0.18930035300410936,0.13135881293167462,-0.03767323638437041,-0.3701925130378857,0.2925471936456493
16,1,-0.18480572321164032,0.14549287611403242,-0.025565186126350406,-0.3839523233062581,0.30475087925961863
16,2,-0.14904780412242327,0.03834200588589113,-0.004896505186721534,-0.3084901734925902,0.2729082608893541
16,3,-0.17644943544387776,0.10595877353380713,-0.03738772638768226,-0.3055330901030864,0.24708994732165068
16,4,-0.1521961768524229,0.10402479304937033,-0.051476640182240366,-0.3532144123856619,0.2770481543438182
16,Aggregated,-0.1702536011564747,0.10502952672091809,-0.031517111947900266,-0.3443294828246684,0.2788588426217817
16,Centralized,-0.1702509736334015,0.10503023727798262,-0.03152119157691304,-0.34433166975810997,0.27885833915285596
17,0,-0.2016805332827883,0.07524219971860627,0.28259715009768793,-0.241552991137281,0.2208030900993709
17,1,-0.18950847938734158,0.06503860188949608,0.2693027988022457,-0.27835443513132196,0.2480750712309441
17,2,-0.15698044905833977,-0.028471292358092863,0.2732785050329711,-0.18235544203940293,0.197095422580936
17,3,-0.1668617476082174,0.07410176076653817,0.24676979556104062,-0.16759751749070417,0.13508628080447474
17,4,-0.14348435293531783,0.04442649113878219,0.2514287296630505,-0.2493005496945843,0.2294811389300482
17,Aggregated,-0.17153824089193384,0.04605743016300616,0.2645982953597343,-0.22398213197927785,0.20624617490860758
17,Centralized,-0.17153405211556685,0.04605906319069876,0.2645964625426194,-0.22398652364804453,0.20624945767895195
18,0,0.18850192909865035,0.1337426658791983,0.15841322297578267,-0.2865264609317759,-0.1321048187412572
18,1,0.17082196215195192,0.11897191966617673,0.15779812365060103,-0.30346706000191676,-0.08725884133724128
18,2,0.14960839430689502,0.02214717850212349,0.12829153477679114,-0.20265584905802023,-0.08898405984830052
18,3,0.11507126451904202,0.09912292074189027,0.09925852015628296,-0.215585539911753,-0.10037896181610456
18,4,0.2113336756786408,0.08009425982268757,0.1554444011618562,-0.2845999311420423,-0.1105120234910958
18,Aggregated,0.16732719976915422,0.09075295573391964,0.13993314016356248,-0.25871996373867057,-0.10388676490802605
18,Centralized,0.167335840128046,0.0907528460726129,0.13993617356131044,-0.2587251507329252,-0.10388893894416062
19,0,-0.04066470138006612,-0.11913113689096987,0.11685012305040138,-0.1462728598233016,0.13332870092692936
19,1,-0.039156949298586215,-0.11651970471693485,0.0985370558747482,-0.16709540799919195,0.17333352614320816
19,2,-0.058158727895080836,-0.11081919013080949,0.16511898804428668,-0.17382278926756548,0.14090052188347427
19,3,-0.040914659313878145,-0.08000257785046504,0.1313592512295189,-0.15139171473673435,0.10289608170260618
19,4,0.005508380507144335,-0.15602593203022547,0.10096903246436156,-0.132221631153174,0.13272687779651512
19,Aggregated,-0.03444229389208009,-0.1167314612605654,0.12244046632232805,-0.15403267908056956,0.1366149191189884
19,Centralized,-0.03443540458879332,-0.11673756478965289,0.12243649399866656,-0.15402816550123102,0.13661366085446106
20,0,0.012101795940285183,0.06785942099398386,0.2533832168277733,-0.23618496458296825,-0.008381061044707335
20,1,0.014036419392857151,0.07559027275552535,0.22547685640087145,-0.2437508878428039,0.012359191544744992
20,2,-0.057709357686258164,0.006590606772380317,0.28453844832594,-0.1931528585457029,0.018510255140209608
20,3,-0.06235017415722102,0.05855046329568934,0.23189253751400088,-0.17312369164405766,0.00477256046932002
20,4,0.04491786014223707,0.013313654010052467,0.21028726338908665,-0.21469172229582872,0.01080263196939176
20,Aggregated,-0.009479823438627796,0.04419900175101106,0.24093561996467594,-0.21219623985527652,0.007631416972120657
20,Centralized,-0.009469330133909182,0.04419533101555132,0.2409307963724581,-0.2121968098917131,0.007631780229355053
21,0,0.1826202689472913,-0.20647885437968025,0.3329149992720896,-0.28296184409414354,-0.12346732927433818
21,1,0.18276103998633042,-0.2161443593083287,0.3113498222430277,-0.28710276882803715,-0.09625662317594201
21,2,0.12735618405658228,-0.1984860123453324,0.2948904123952938,-0.2023094911315847,-0.02411175364799929
21,3,0.12277454084390185,-0.14460273913170782,0.2539934073892204,-0.2040659733763309,-0.06456482707621572
21,4,0.21397577615754143,-0.21835059022825878,0.3143995544304279,-0.27485658361495163,-0.134224110523202
21,Aggregated,0.16617943360462997,-0.19693940418070618,0.3015858878018403,-0.25040399534228897,-0.08879253149377955
21,Centralized,0.16618799702638695,-0.19694282919839612,0.301588949431241,-0.25040918736370077,-0.08880224243292426
22,0,0.10278546666563328,0.100004158190421,-0.3112164277719931,-0.11558899470622318,0.17195587105605664
22,1,0.10147325612396688,0.12123636568701807,-0.3465794988415634,-0.1449909055894939,0.18863638903056892
22,2,0.08481898669724236,0.02096152308233954,-0.22525175327725347,-0.10506028221516944,0.18528699609646176
22,3,0.05921907722593067,0.07286957541545197,-0.25707170747001146,-0.09234497595458961,0.16281154523542943
22,4,0.13404752946351664,0.06863215656210182,-0.327885906822626,-0.09875511848377946,0.15508551213815336
22,Aggregated,0.09668924522090298,0.07669342706960472,-0.29380217204318043,-0.11127479722240602,0.17265215537458978
22,Centralized,0.09669507815950423,0.07669306631564098,-0.2938090856482129,-0.11127308447008859,0.17264843607977037
23,0,-0.10141262675903175,-0.0049373265514167505,0.1885861227922057,-0.11915784478105926,0.07197741985681973
23,1,-0.0817291674401545,0.023093187415008862,0.17004409901192177,-0.14774496933762446,0.09420273758436304
23,2,-0.08822409193518842,-0.09367601374600883,0.18303164617482548,-0.08127991047634436,0.0808837761210912
23,3,-0.10401184785770826,-0.0023850073801927013,0.14674337376653676,-0.09959671454185415,0.07627286985117507
23,4,-0.05603604871659407,-0.025215487189242165,0.17570829143766148,-0.1290956543155985,0.07051752651374109
23,Aggregated,-0.08610560425681377,-0.020651313861351488,0.17284006714920241,-0.1154555251180722,0.0787226652416923
23,Centralized,-0.08610078794613946,-0.020650943670553416,0.17284129071901858,-0.11545749935371766,0.07872130653179571
24,0,-0.07739403586910637,-0.028572091375220172,0.15573318093238597,-0.1329480815026854,0.18340034676055436
24,1,-0.08368214425278502,-0.004937835840480768,0.13379934221778442,-0.15665303000948108,0.20283608490049052
24,2,-0.03956358234396585,-0.12412680622662485,0.1899649768528525,-0.09583708866408844,0.1583351086774757
24,3,-0.07548719835130031,-0.04720853963258393,0.14411378018345367,-0.08692560788476884,0.14328643529192678
24,4,-0.04127322056636782,-0.051903764541636595,0.12456256944191711,-0.11967229232835692,0.14933293776014506
24,Aggregated,-0.06334999196072176,-0.051353123971735075,0.149488305516389,-0.11841520917836536,0.16733279743273982
24,Centralized,-0.06334616260214819,-0.05135158358004557,0.14948457249607855,-0.11841475473086055,0.16733061318287903
25,0,-0.23248600641368164,0.055235684587380825,0.3135938242017475,0.026936226290572456,-0.3833491223864089
25,1,-0.23255203435159524,0.08523439122946831,0.3176830479155503,-0.01804712227063258,-0.37398465277161713
25,2,-0.19988951206576883,-0.02510942399772859,0.3079466557181097,0.0373108061422531,-0.285992137995331
25,3,-0.19992004307722963,0.03284211180166065,0.25958568101194723,0.040667450749369775,-0.2916846579878559
25,4,-0.16967698840119555,0.03617675032338227,0.28826972373182,0.026584091577597075,-0.37079183284174916
25,Aggregated,-0.20668741939920338,0.036871891710492495,0.29736303331744274,0.022712714099530577,-0.34133463446641094
25,Centralized,-0.20668205651597854,0.036871832800698424,0.2973607149047971,0.022714576304933735,-0.3413409786763377
26,0,-0.060279994763181875,0.032670139408389906,0.3208427027161546,-0.17617184967163116,0.12901495151550682
26,1,-0.07168211749240484,0.039883832162503435,0.29757318210460465,-0.18223892104023812,0.15311577895334774
26,2,-0.05525391165450042,-0.03186309848911639,0.2902743433101314,-0.13726073219197157,0.12716164498398222
26,3,-0.06161483838114978,0.015866407543794855,0.2386639281104851,-0.11897347020184287,0.10107295546109227
26,4,0.003053865755163443,-0.008605513786934438,0.2773090386012819,-0.14590638762632982,0.09500816748638527
26,Aggregated,-0.04884995640600194,0.009483864562128248,0.2848889450010234,-0.15207462999966645,0.12092269562123051
26,Centralized,-0.04884226935034599,0.009480383621335608,0.28488736442760304,-0.15207444130371398,0.12091681107200669
27,0,0.010910165946345411,0.015362617803640373,-0.049268071365900716,-0.15711685061633537,0.028939231225930614
27,1,0.012874609503034288,0.021139899404352392,-0.046237562692414406,-0.16863474203047274,0.03785671039746523
27,2,0.014082776102886522,-0.06406115120901147,-0.005833779384690689,-0.11906826143683621,0.062008191524187746
27,3,-0.0089103601224043,0.012857790472695196,-0.04365069388039814,-0.10836581312440415,0.04381450423021853
27,4,0.04308095921720181,-0.014009414469656681,-0.06750498093313888,-0.14252120337667856,0.036326920377411476
27,Aggregated,0.014575690059026097,-0.005790732176861138,-0.042645177242119976,-0.1391617124720249,0.041757142163415105
27,Centralized,0.014580284600551519,-0.005790768882296563,-0.042649731903050964,-0.13916147534836254,0.041756521469761436
28,0,0.06516733763296848,0.07939663689439085,0.1014811726581302,-0.44273153471934173,0.12014454816295543
28,1,0.07486764725938719,0.07470831808607882,0.05561998942926539,-0.4391092232166465,0.15344874917894377
28,2,0.02440620912210146,0.024693754792306333,0.13297320740389856,-0.37459146294196705,0.1276014565812681
28,3,0.029511808724134732,0.06683379747391652,0.08650476418178986,-0.34536677316307185,0.10010863360602758
28,4,0.10385556569431292,0.04154330946149779,0.06374718139642892,-0.40240507111011786,0.10939283443067938
28,Aggregated,0.05982121592172322,0.05734208458591995,0.08792313239098712,-0.4008510035683239,0.12206514613484733
28,Centralized,0.059828046369396135,0.05733971725690408,0.08791871696006377,-0.4008522282169436,0.12206130670363363
29,0,0.026376344485772366,-0.05495627037845671,0.09076765451824338,-0.0974150427660066,0.15012549033293413
29,1,0.04408675821392099,-0.04764697538786056,0.07502989605515854,-0.12851137772668253,0.18125650563355616
29,2,-0.025346456619801453,-0.07851296866336245,0.11164581003203852,-0.05399163369068658,0.11346221611342451
29,3,-0.011349214670317605,-0.025317493407417638,0.09010039781772633,-0.053851941211048436,0.08080514971774187
29,4,0.06875333014851889,-0.07476876124298615,0.06380495094853122,-0.09220181631465749,0.15331416922914354
29,Aggregated,0.020786810828588992,-0.05634939056878913,0.08613834366123085,-0.08523591796520563,0.1358961711225537
29,Centralized,0.02079473564626711,-0.05635203892319008,0.08613456680142212,-0.08523801410410213,0.13589917998773376
30,0,0.001302782784898593,0.017334447243061924,0.28504654031660187,-0.1689805898878662,-0.19389343357802197
30,1,0.015105689709806865,0.03634404192449582,0.2645746660214921,-0.18355800720232493,-0.17030400413651525
30,2,-0.0036758120327466354,-0.07256245017313935,0.23831534489501746,-0.10961952743481958,-0.12227747131481476
30,3,-0.018834829660048267,-0.005436821581089054,0.20627922939134297,-0.10632258741200644,-0.13777473172197016
30,4,0.031870525301472045,-0.002775301557262466,0.25508715934607434,-0.15374048216681774,-0.1752875196659692
30,Aggregated,0.005310306519587066,-0.005403760543755326,0.2498919636277725,-0.14449930222171148,-0.1599977592601152
30,Centralized,0.005314514139635781,-0.005401730752896317,0.24989304625052414,-0.1445016342804844,-0.1600016881920034
31,0,-0.0468193730029846,0.14105846165819322,0.1293907518032105,-0.0976122608506115,-0.01623389476541662
31,1,-0.0574944447335828,0.1442190433614981,0.113577762532022,-0.11117237802362254,0.001545983264426957
31,2,-0.024158226291526398,0.04740937061280519,0.15456577557382545,-0.10371810487746908,0.04598393785135689
31,3,-0.042022708792829544,0.09518701595852488,0.10742633894285473,-0.06801781679402072,0.001445128213785374
31,4,-0.022750253551194533,0.10488309207040022,0.10203393693094025,-0.0791025047368267,-0.026151641969873622
31,Aggregated,-0.038555995833971755,0.10654185836526986,0.12128597174610212,-0.09185010765790105,0.0011573170652888608
31,Centralized,-0.038553774660268866,0.10654267095408608,0.12128223909647427,-0.09184533991385259,0.0011514812357668268
32,0,0.04076815021009983,0.020046634284537092,0.14498173209036505,-0.12180835200864196,-0.02538181711459826
32,1,0.05633123930335948,0.014077417428779644,0.1287138364567378,-0.13112264506826002,0.009997024258265727
32,2,0.0044150360739597435,-0.10596230095192999,0.15743132520843553,-0.0534404765057818,-0.0061168356763954415
32,3,-0.011221400069912088,-0.04150533803665984,0.12671523990472766,-0.05581951857534741,-0.02755358971977507
32,4,0.07644438239811062,-0.0037979880931159706,0.11503754120859089,-0.11231268429889744,-0.01021320539520095
32,Aggregated,0.033600260404792776,-0.02331321808171234,0.13446186453359457,-0.09500326004970748,-0.01184379865779448
32,Centralized,0.033608075935509726,-0.023308326611092087,0.13445932555600767,-0.09500677822839393,-0.011844643625874991
33,0,-0.3559055463587629,0.08375881036689829,0.18809076673430178,0.044964238258691044,-0.18960893882820898
33,1,-0.34779100023812975,0.07481267977085805,0.18965237487171815,0.01911716422390928,-0.17983103720658927
33,2,-0.2983211933755852,0.043893460764169966,0.16668383125149752,0.06482475766143926,-0.11482248117041963
33,3,-0.299527600744244,0.09258853325005939,0.1530405117284736,0.06867151243189035,-0.13998309748600699
33,4,-0.31542620460701226,0.05590382589524368,0.17661336770512703,0.05056318034153892,-0.1828296539326339
33,Aggregated,-0.3233481787271283,0.07010751616346267,0.17482708725479285,0.04963327740585787,-0.16154063266046123
33,Centralized,-0.3233476484266808,0.07010629348044489,0.1748286989465801,0.04963411505683467,-0.16154484303616007
34,0,-0.08527438639085473,0.03654599000743906,0.3331812727303595,-0.12941861323116308,-0.2234928273750154
34,1,-0.10626454965274765,0.040079325786886305,0.32171665939848615,-0.11733159158088456,-0.2261940984232935
34,2,-0.05361030656960659,-0.03313430335832012,0.30988436729759367,-0.11467162710386013,-0.16215077522435228
34,3,-0.08313464748346559,0.03166113462193332,0.2893229195852684,-0.11637300180292215,-0.1773441856054274
34,4,-0.04964139860088282,0.007696005260941696,0.3081239459956302,-0.13500284450172753,-0.2190569952452291
34,Aggregated,-0.07543325242689539,0.016517471921902043,0.31242100390685157,-0.12263239412305135,-0.20175000650234168
34,Centralized,-0.07542821568126493,0.016517499003636558,0.3124217313313099,-0.12263405682237458,-0.2017529820439018
35,0,0.10015623167556956,-0.1638007513443408,0.20046034890492015,-0.10307138653071005,0.13620192271835851
35,1,0.10881614197620584,-0.1677035256477692,0.20502695787299344,-0.11936928192916216,0.1656552547085288
35,2,0.04507123229780958,-0.18265424591920543,0.1802474870677947,-0.07312643232909384,0.15542951477819333
35,3,0.040598226985429045,-0.11742128149370708,0.15344803669986273,-0.06286284459625184,0.11387532922130968
35,4,0.1342562217775668,-0.1775073590156759,0.18101580977337342,-0.09221893823281632,0.13349176146135638
35,Aggregated,0.08606385033497732,-0.16190999096949235,0.1840226275531501,-0.09014250385404457,0.14088777946957703
35,Centralized,0.0860726645065486,-0.1619118774264898,0.18402217483643193,-0.09014315539714393,0.14088573183008934
36,0,-0.02717735355254923,0.02756789648829511,0.07253032979708889,-0.09906249487769428,0.05579394004469087
36,1,-0.024298006555991087,0.02063334749497307,0.04924242680429428,-0.10445477781258816,0.0820177082905631
36,2,-0.048395258928351184,-0.029752358996973795,0.11695807547320207,-0.06342090526143863,0.04002609704290645
36,3,-0.03569307788834004,0.020861029514420083,0.08106520818846115,-0.06538177422213844,0.017956132663946446
36,4,0.006762875046948894,-0.007599898530298906,0.049447581236852285,-0.09605178486534166,0.06080466446381626
36,Aggregated,-0.02556985199687284,0.006260227023292059,0.07370594259876986,-0.08573539510221523,0.05137578536335915
36,Centralized,-0.025564267027526188,0.00625910319700426,0.0737014569229752,-0.08573721391231587,0.05137718689767234
37,0,-0.09803639117486845,0.00448939507610507,0.18975528362242908,-0.1080033194894203,-0.0651003881444502
37,1,-0.08851415327120919,-0.0008330808417768528,0.1876189612668012,-0.12266401452117962,-0.04102239535876414
37,2,-0.09561458578543333,-0.03693532042200009,0.17299290215985097,-0.07430498622845719,-0.01839132174874892
37,3,-0.0942569529625174,0.019516712114931452,0.1424929135336365,-0.0697017988700714,-0.05031756621973938
37,4,-0.0569306538853778,-0.033387016631965236,0.1700369167120526,-0.0909869950170845,-0.05902892471812568
37,Aggregated,-0.08649654916209554,-0.009570458125524536,0.17256509984844634,-0.09312012396996391,-0.046843703922796
37,Centralized,-0.08649323901951321,-0.009575193270978399,0.1725634872786211,-0.09312093744071373,-0.046847902079032444
38,0,0.002561769149857884,0.012776889327908414,0.05211113621177829,-0.16704138443715275,0.13630161114803563
38,1,0.0002192050940300838,0.00989302903510693,0.02739459099399868,-0.16578830253271165,0.14852814281249113
38,2,-0.003737330963990182,-0.06371357273504594,0.09082448814040414,-0.13505151522077743,0.14261101856115316
38,3,-0.013494603041018453,0.0035236407543850195,0.05804730232126699,-0.1359552045757956,0.10695628249697085
38,4,0.03582128206062531,-0.012943643308304064,0.03983312206381481,-0.16372454356814578,0.1267960121590626
38,Aggregated,0.004458820086515149,-0.01010965418343815,0.0535613193887099,-0.15357222111730176,0.13220727352596923
38,Centralized,0.004463959109793543,-0.010108756179930723,0.05355875990611851,-0.15357494707772804,0.1322061976035252
39,0,-0.14025597134762588,0.08247600485092069,0.17482701485268815,-0.04049572869348964,0.03660056686003343
39,1,-0.14394785460791998,0.06890190443476994,0.1630358118020519,-0.03148588630032994,0.058165044823165396
39,2,-0.1195598152088237,0.016424931610329808,0.16326941961741617,-0.04565689631627056,0.05759861841826049
39,3,-0.116167365704821,0.06219753006043603,0.14858741816194865,-0.044619488534339107,0.022965399389178298
39,4,-0.08406175780062343,0.06054354113125292,0.15254377890792156,-0.03800803604978,0.027221565792480865
39,Aggregated,-0.12058388218203261,0.05812293856707529,0.1604066780561885,-0.0400411652898497,0.040432886214363487
39,Centralized,-0.12057803464711657,0.05812474343243898,0.16040585455446457,-0.040041015534152034,0.040430042798010594
40,0,-0.044933165113972634,-0.009331217057455632,-0.07256615009013773,-0.016096892567193422,0.12721271259068023
40,1,-0.0320077188066322,-0.001366425296236843,-0.10021961162003447,-0.032109052163934136,0.14292070260528764
40,2,-0.03449024148320182,-0.04438177750542597,0.004669961575249815,-0.03587063054600386,0.10633426198861894
40,3,-0.05302819622489873,-0.006601268497632044,-0.03713035245354481,-0.007050512727787073,0.08651826760172593
40,4,-0.004947122951926275,-0.03646922303397903,-0.08760769289412661,-0.005881838445190723,0.10944221787712628
40,Aggregated,-0.03371178282783105,-0.01972866777755356,-0.058740919142604896,-0.019322982517023385,0.11445667684470023
40,Centralized,-0.033707135494540276,-0.019731899725185926,-0.05874639902104842,-0.019320874583953113,0.11445461375284642
41,0,-0.15007620529051427,0.12672935697344206,0.1635885880410659,-0.26196229526553977,-0.040625483292697655
41,1,-0.15953208374366432,0.1184713062400587,0.14929372609115665,-0.2622486047602436,-0.022452341367962553
41,2,-0.1163826876369679,0.06156133052743507,0.17384650092149986,-0.2314205254061898,-0.007584094718726142
41,3,-0.13215583235320327,0.10486194811070831,0.14573576835831925,-0.213682250676085,-0.021281372637827693
41,4,-0.11039296099798594,0.08629805155798896,0.14314054840072973,-0.24700989860768605,-0.020641757378092093
41,Aggregated,-0.13357168713708592,0.0995066290623251,0.15505116717399403,-0.2432871666092235,-0.022506070720524213
41,Centralized,-0.13356792417362406,0.09950606167219436,0.1550489865712951,-0.24328808973633836,-0.022506273868070477
42,0,-0.093128481445898,0.17645550399052018,-0.0004789222083468066,-0.040116230520630285,-0.02562030682842747
42,1,-0.09153487616425746,0.17286941721798557,0.004988839298389062,-0.03699219850310656,-0.007035807255044801
42,2,-0.06992099313722505,0.09100412297423081,0.017253929308462427,-0.05202695621638161,0.015642011687317967
42,3,-0.09617981912558331,0.14578081176430294,0.0076270171654267745,-0.033191079409952154,-0.015357217379856358
42,4,-0.05384845623816439,0.14547363857700688,-0.012940552896639593,-0.03906573353222219,-0.016521469731506942
42,Aggregated,-0.08076396634540424,0.1463117805994579,0.0031950984793377535,-0.040271483979514494,-0.009817870805910973
42,Centralized,-0.08076079382804989,0.14631250855664973,0.003191038438934631,-0.0402692046012412,-0.009820342740813478
43,0,0.10672834251691468,0.043659883127613125,0.10012466841791683,-0.072153325099084,-0.1125973514224106
43,1,0.11473879021129071,0.021763207921621765,0.10075455360517462,-0.07345769133228602,-0.10503906879067718
43,2,0.07020199226215418,0.014112700758166745,0.11254666581834014,-0.08653058361809454,-0.05822282524382268
43,3,0.05996860170875147,0.04855474175528152,0.0909038524655737,-0.06655187563864533,-0.07865764590170701
43,4,0.12758030913620128,0.018270062539815512,0.08933323782023986,-0.06857658536362811,-0.10451003622311576
43,Aggregated,0.09602981193456499,0.029207439136139348,0.09867779594647233,-0.07342562962372687,-0.09187990303428425
43,Centralized,0.09603625454502739,0.02920653896114273,0.0986766097059359,-0.07342451632728807,-0.0918820820696984
44,0,-0.02829456544935211,0.009698480675382223,0.10346972870965618,-0.15327654262381876,0.10012425250801886
44,1,-0.016159759707471986,0.013044956045254708,0.09295033106480774,-0.16958944673855528,0.10799784409733432
44,2,-0.0901531384548751,-0.02981207352253164,0.13124202371380933,-0.1026064106950557,0.10367821180870408
44,3,-0.07684818977094622,0.013504886848130523,0.0973023190566885,-0.10061702237043159,0.07717857260801268
44,4,0.02117754647366817,-0.02218744933646827,0.08657458407658408,-0.14008974286089143,0.0854887096838107
44,Aggregated,-0.037708621162979655,-0.0032618427558008703,0.10221591758626909,-0.13327651515338995,0.09483887302857265
44,Centralized,-0.03769817806044117,-0.0032648548858749274,0.10221325524847863,-0.133277994728778,0.09483670471535183
45,0,0.016797717573549243,-0.09089130743875093,0.09316705623504783,-0.005331357612004487,0.044711926951877305
45,1,0.02525734803928999,-0.08547190923787523,0.08602303818659429,-0.018443443537640884,0.06079989039469572
45,2,-0.0008445537931784485,-0.1109668309621901,0.11672979306567785,-0.01983256490972387,0.053008856565044095
45,3,-0.009130486283827318,-0.05470681754545058,0.09439278826723646,-0.0275641877771663,0.019969545774041107
45,4,0.060046334694640595,-0.11150491159803982,0.07638253964955671,-0.01797471783246607,0.04147749796595358
45,Aggregated,0.01866910250073999,-0.09083060797243939,0.09323989789971646,-0.01782992111520565,0.04397928812050513
45,Centralized,0.018675460268571104,-0.0908344120741873,0.09323612599292967,-0.017830050063392465,0.0439781667612519
46,0,0.09948114954714408,-0.09083726454702656,0.1937502499188086,-0.38438080604156444,0.04141047889102879
46,1,0.10027643529420197,-0.11383075395072127,0.19992772616883286,-0.40409840654487994,0.07092094716418354
46,2,0.06611008047202291,-0.08561045182613848,0.16788187252707512,-0.31647796630570324,0.07259254813210238
46,3,0.07064064330535279,-0.06051403245941467,0.15513855917774014,-0.29066512158166835,0.043484408189359766
46,4,0.1301444718281339,-0.12764026877172768,0.17534333242505393,-0.36593333763035774,0.05294660859563291
46,Aggregated,0.09354619288794928,-0.09587401445554317,0.17839086921016842,-0.35239192362130606,0.05625180540965257
46,Centralized,0.09355216938814269,-0.09587893753042526,0.17839004923525167,-0.35239441087460566,0.05624972663335275
47,0,-0.05654831915957181,-0.07463366280855019,0.18327231087182044,-0.11846541229286674,-0.00685624833443302
47,1,-0.05372783183040376,-0.07044693094269844,0.18527858229892555,-0.13269799773739546,-0.008759048381002514
47,2,-0.06149431565552342,-0.12094925474432223,0.1613142288480201,-0.08652288016121537,0.042349003624133866
47,3,-0.059005051619289234,-0.06605779184945056,0.143594396557042,-0.08204021082510703,0.003895910401432001
47,4,-0.016046077247605754,-0.08820437786097358,0.16424277556672875,-0.11607897312141358,-0.010302971138237875
47,Aggregated,-0.049169363593087184,-0.08408297986590477,0.16752163260608416,-0.10721370119685203,0.003981337386584301
47,Centralized,-0.04916387734418259,-0.08408387300332801,0.16752069457737082,-0.10721556067778654,0.00397798237746505
48,0,-0.07431415602408796,0.011221820522525287,0.12979379792076873,0.006119316850829174,0.0402826058234212
48,1,-0.05906164211561317,0.00197762796419146,0.1207572134746273,-0.0038260349635563648,0.05404903146440153
48,2,-0.0634059982170814,-0.03276733244103482,0.1351710871103976,0.005340640424206811,0.06465108323550932
48,3,-0.07329218047784683,0.01270457670938446,0.10733878053943673,0.007587764485856911,0.031066372908647645
48,4,-0.03477608910660249,-0.014894088886627561,0.11162085025116998,0.0031822699248897023,0.03979092434421903
48,Aggregated,-0.06081665486294136,-0.004413431460950517,0.12088214521296967,0.0036778033828920656,0.04593217423685226
48,Centralized,-0.060812771221803175,-0.004413898204413632,0.12088045498497395,0.00367805556675842,0.04593009328846579
49,0,-0.01683116460980217,0.11750368451696108,-0.11008342533826584,-0.027145118433651513,-0.0754108609903985
49,1,-0.00704465571345887,0.13010002863823308,-0.11327631356774535,-0.04476477780206913,-0.07404867860993646
49,2,-0.02593683362668348,0.030852739458210217,-0.06724775864778669,-0.014732177261640207,-0.024367516611504523
49,3,-0.026671062414416042,0.08620880727238343,-0.0871493380432377,-0.003116004071286079,-0.0533790287110679
49,4,0.010451860583813696,0.0908606062282403,-0.11881181653536146,-0.015359062653535874,-0.07043340908611345
49,Aggregated,-0.013067814582713035,0.09110383585264281,-0.09942794285903778,-0.020990652660265525,-0.05959176681851628
49,Centralized,-0.013064066187131296,0.09110384749114162,-0.09943178270617553,-0.020989409653623347,-0.05959409838532599
50,0,-0.020945938241148394,0.11616685335706664,0.041915535385737265,-0.12138767389369978,0.032797359312035944
50,1,-0.019923538397237907,0.10656593526322596,0.03624348888889042,-0.1255132019640545,0.05289920487818502
50,2,-0.014275364451557327,0.06629781081618609,0.05730499361635714,-0.12179039235413068,0.05393562108753237
50,3,-0.025616080178546774,0.09657660551179405,0.037592114692850426,-0.1014074142435566,0.024401169379945565
50,4,0.010295171998687931,0.07546214753638554,0.03200265287491696,-0.11208791170353519,0.035136421753517354
50,Aggregated,-0.013950361894454456,0.09211586003373634,0.040959155634720905,-0.11641217624367993,0.03980678519402732
50,Centralized,-0.013950021619882324,0.09210946228575535,0.04095338599888043,-0.11641531837540446,0.039801085391895766
