Round,Evaluator,0,3,1,2,4
0,0,,,,,
0,1,,,,,
0,2,,,,,
0,3,,,,,
0,4,,,,,
0,Aggregated,,,,,
0,Centralized,,,,,
1,0,8.998695042179895,8.753729646731584,9.014393793036529,8.776985834491958,9.099657695251608
1,1,9.464389382746749,9.260574895807226,9.436473013294192,9.269050265596904,9.4299160311036
1,2,8.896931046296778,8.633188008844748,8.87903502662595,8.702718506005981,8.968843002547453
1,3,9.110325471950764,8.79454347382898,9.06861710505273,8.888034364695752,9.214351170641695
1,4,9.030357543661058,8.396158528828073,8.859918345936668,8.698959501806232,10.644799079848765
1,Aggregated,82.84276956683732,76.9137393391242,81.95597235606832,78.65388579762755,90.21257587670672
1,Centralized,9.070632618045584,8.726325148528035,9.018108670671305,8.834585259698256,9.487635721578295
2,0,0.8644260756133242,1.0915997954947647,1.1449064815798715,0.9736983450883376,1.1523942725684173
2,1,1.1309595598410316,1.1462566388141289,1.183761272639255,1.2416314235292496,1.2821844856697362
2,2,0.8821395658637592,0.9293174580218133,1.0460251404638221,1.0046488670207756,1.091336727836171
2,3,1.0235627756666696,1.040935497175958,1.1842572469715569,1.1106569573770821,1.2249347396846584
2,4,1.0285579369159747,0.7467943239168948,1.441033519893396,1.2385902004140819,4.1021204412981875
2,Aggregated,0.9824594204848981,0.9994754831868208,1.4606852320687478,1.254985858224964,4.570307912195261
2,Centralized,0.9806967430262724,0.9790005797760594,1.2042551264837784,1.1105164417573425,1.8249624288041868
3,0,0.04656191543769914,-0.031352636173225965,0.26277049722745943,0.06713182529866604,0.11977322015353332
3,1,0.11002767392967332,-0.07013356755211611,0.29515088413287177,0.20417189256636034,0.19937348480941425
3,2,0.22905534739392805,-0.20390721258534572,0.15724523023635661,0.21423602060941468,0.08319238043123184
3,3,0.31150792549581535,-0.1657753854511179,0.17888136207673486,0.23643551944938276,0.08532399243168486
3,4,0.5645876934686375,-0.515601805682622,0.23905046656989334,0.33863572600444736,1.9631062755182862
3,Aggregated,0.09780662382597319,0.06931771055663961,0.05402518509610801,0.05289636907233862,0.8023743171475511
3,Centralized,0.262644694900984,-0.2046985675964116,0.2245038193343437,0.21498472242208574,0.5160350651525705
4,0,0.11982260961786076,0.21375916439173875,0.31794594500751877,0.02997317109567549,-0.5501570044838856
4,1,0.15725166957232084,0.12829675418972536,0.26866507684576374,0.09530202794578232,-0.502499000796788
4,2,0.2810875469587053,0.12662502626578334,0.23001409949943524,0.13732184598923217,-0.6636114792332323
4,3,0.324691545953969,0.15740377354188226,0.2691491702775377,0.13849292291793233,-0.6852182159479931
4,4,0.4382458926986196,-0.16269163325258174,0.3553384503972509,0.052453063724762806,0.34649197125239606
4,Aggregated,0.08375241090930574,0.025889714895742842,0.08521834881015998,0.010110509159349175,0.315873431374862
4,Centralized,0.2695841707795758,0.08901189522567053,0.28877414134773166,0.09049224715544918,-0.4008200005451706
5,0,-0.08430632636486225,0.18429726238141714,0.24280717895583148,-0.09183349148898377,0.05860442439822826
5,1,-0.08806113896183423,0.04262975719589335,0.19157496413222735,-0.013547292872310735,0.030772783843530445
5,2,0.08528805033474321,0.045954352332780245,0.18113158442903252,-0.03609263167611889,0.025581013096633853
5,3,0.12769986361203986,0.11124603928319132,0.22018607477427127,-0.057534027258649915,0.01760695964092219
5,4,0.19542018500838113,-0.03763047808419291,0.19875482166303057,-0.09374889744002873,0.7405962144824106
5,Aggregated,0.015460167764588813,0.010285072185916871,0.043267832359052676,0.004429378967910864,0.11332663231957119
5,Centralized,0.053629617534627805,0.06953655493888267,0.20685045717898162,-0.06004296651894674,0.18238856871406325
6,0,-0.07362020652450679,0.08806391231501524,0.09911535544251808,-0.04821596522495331,0.012723342327061833
6,1,0.01631943232755013,-0.014034592873403185,0.07524616296118805,-0.06527161535724654,0.007635517325921744
6,2,-0.013321089131760526,-0.053388650123210486,0.04958693671603675,0.06242875778138319,0.034073099763637295
6,3,-0.017676820279185653,-0.009939743533226953,0.07398630756533867,0.04834341798697093,0.031213936831577863
6,4,-0.12478080013563246,-0.2066623090611932,0.028081472515337918,0.16731998336131207,0.3893482021552173
6,Aggregated,0.004414957907681437,0.010909328586470306,0.004817744675748857,0.00827916510996526,0.03149625524832156
6,Centralized,-0.04508606300348307,-0.041003304732442736,0.06437909831521556,0.03754733181722004,0.09934249690611523
7,0,-0.08303531439273434,0.127468123314355,0.11491533838010988,-0.06298474969844611,0.0018207465500233628
7,1,-0.00042806642497451955,-0.06765140806366503,0.08858699900844845,-0.12843200732079804,0.050302318871715164
7,2,0.019644647144782586,-0.01870821511048639,0.06621037265087573,0.018072823311768717,-0.025739222827168482
7,3,0.030223200595920416,0.03914207563005986,0.10040765715549037,-0.02485615576144511,-0.02702472814937368
7,4,0.08487923518520392,-0.03599282158830987,0.0642862494801685,0.12464546081404558,0.13638521924934263
7,Aggregated,0.0031039303577108496,0.004780055514907537,0.00790804428030191,0.007436320424254302,0.004587953156146268
7,Centralized,0.010986606727472885,0.01155901457268822,0.08638555921070795,-0.009459379738283206,0.026377847914714123
8,0,-0.1463957677835482,0.11385200197576957,0.11414925772357591,-0.05000299714024863,0.023573482684326366
8,1,-0.08652087792262578,-0.10018580510622996,0.03838498192219302,-0.00019751048777874776,0.12913117566277207
8,2,-0.01848359236749803,0.004451457770404469,0.06909011968425513,0.015751371066920386,-0.008979392185611227
8,3,-0.004907625089799635,0.0406852260885799,0.09564022029377028,-0.010562502911345521,-0.02579672748004699
8,4,-0.019824514195751892,-0.005970364838187336,0.09267421971637108,0.00843900917788858,0.05000632205118644
8,Aggregated,0.005902976741368184,0.004913424318370983,0.007409393842275666,0.0005832437203427734,0.004086202040343862
8,Centralized,-0.0535784085221529,0.014767903298856015,0.08342117231702696,-0.007383273921829906,0.029621379905680693
9,0,-0.08755869336421665,-0.026226000116052837,0.12578021529572106,-0.24046636605251173,0.07819579548213944
9,1,-0.017982555550746206,-0.08359436215946978,0.08186268246019797,-0.19217564107100849,0.10258382120378227
9,2,-0.07095107361314922,-0.1341415271390828,0.06681540293520362,-0.23610770238357598,0.12994991126778074
9,3,-0.05072857287286243,-0.10983002348732107,0.09812432709708699,-0.2928517874473037,0.13091057649659046
9,4,0.0034885314662524538,-0.22715441825670374,0.07701778394580407,-0.23275645820318486,0.2039285796541222
9,Aggregated,0.0031037332698861837,0.018063613446805363,0.008494227150226486,0.05806463357560682,0.01858516959904544
9,Centralized,-0.0456176577570193,-0.11759490527982089,0.08978386926412091,-0.2398369758407726,0.1299959399610617
10,0,-0.021355331096182144,0.10957877327026093,0.08834660018412048,0.006713039974206876,0.03830512331204521
10,1,-0.005094393931327564,-0.04485011841063897,0.10602398063193223,-0.03226039191128081,0.02022996999740319
10,2,0.07578571195220558,0.04244269537976202,0.022365555653642843,0.06982937157966886,0.07893137755518408
10,3,0.0868212950103129,0.06851930228605495,0.0475480696127106,0.04289229134181382,0.07858405632409096
10,4,0.09805647695529641,0.049797589105876956,-0.011894744961458177,0.14452582824182586,0.07759084805016012
10,Aggregated,0.004704518329394896,0.0045866330577329145,0.004364951056967985,0.005826517812117421,0.004071915099045715
10,Centralized,0.04897748196632392,0.048452323953948336,0.047848625329237865,0.04966947754090256,0.060204736338603126
11,0,-0.05064364397153736,0.04118082583760329,0.13728806892780857,-0.14179041701872705,0.006161917031671808
11,1,-0.10331988826008942,-0.021570987033435074,0.04515277740104325,-0.06843596308648732,0.1337146143649921
11,2,0.08814186652682908,-0.1254724565901188,0.11125372037310513,-0.11756698193214063,-0.0006229402082691256
11,3,0.09377950168904843,-0.0869423722401357,0.10571346695260088,-0.16208985723165614,-0.015258820969622692
11,4,0.14243137831074318,-0.13446861306924748,0.11079208005744844,-0.11826728882508372,-0.06251802129790812
11,Aggregated,0.01007806416530737,0.008763871303472563,0.011348331443275036,0.015763410445974887,0.0044089942596052195
11,Centralized,0.039761151023015986,-0.06743244932493209,0.10402704146174606,-0.12319824279485977,0.00728237897608229
12,0,-0.09585063723310648,0.08698623447128023,0.09076121037652776,-0.023699249971879926,-0.035159951156821974
12,1,-0.14544598933291428,-0.15439894973335058,0.1443554308996329,-0.0804889905425109,0.16315701633565832
12,2,0.0541834577489098,0.004289897818092037,0.04160110574631843,0.10895746755180204,-0.12898148309222462
12,3,0.0628606208176971,0.041793451366055064,0.05870071272887127,0.0528598800337648,-0.13286661440025405
12,4,0.08032812249006677,0.0013648304121971933,0.005812537197610368,0.1273423752365255,-0.15755382162416715
12,Aggregated,0.008723098241933097,0.006595838447470482,0.006817435072072641,0.0076349716293138,0.017437306101912433
12,Centralized,-0.003054177497574943,0.001798957358536827,0.06487713874413477,0.041993764635928285,-0.06714271499812524
13,0,-0.09120518593066447,0.09030226777922312,0.00813466238042165,-0.030940822544694293,0.03063993261508357
13,1,-0.060906048351014284,-0.04421283090228781,-0.16022454659050092,-0.03498038795820821,0.19943200597156086
13,2,0.010094065197353489,-0.06521273988131988,0.040677000984018656,0.03973017239417285,0.003397254896588938
13,3,0.0043370395758640734,-0.012769115185284955,0.0593436271096912,-0.020510086356587406,0.0032287869414716398
13,4,0.061233033250219886,-0.07262082842135058,-0.023430217153556872,0.09990091726834223,-0.03678411985245956
13,Aggregated,0.003183014349864487,0.003967515276210998,0.0062591429695456734,0.0028738935489015884,0.0083762551825385
13,Centralized,-0.013172155534126932,-0.020297317903014308,-0.00941129393931958,0.012808735150036377,0.03343221108972797
14,0,-0.05509796733495011,0.09518541404462552,0.10235536636998456,-0.12915947870583774,0.01423578310881813
14,1,-0.011159008963124132,0.049259928151725654,0.08009129522063159,-0.22253226498315398,0.08351521465378316
14,2,0.0038549393481953115,-0.09087172137708142,0.06792435657139784,0.015956179551666713,0.04090676953597245
14,3,-0.017593372279559698,-0.05095925218373694,0.08374657267209044,-0.02659765020946748,0.01675255427451976
14,4,0.07269630396979625,-0.07083557827020541,0.02495256680846314,0.0027072916348913623,-0.013563675707446876
14,Aggregated,0.0017745580394919911,0.005469199060573385,0.005797761310081593,0.013356175883081594,0.00185330073564177
14,Centralized,-0.0008066956922377837,-0.016465043847224928,0.0711536177192805,-0.06551378789566027,0.026181340970833904
15,0,-0.10253205755928037,0.03563630095554728,0.06326558228850647,-0.07116793666082787,0.04186505604960189
15,1,-0.10241901110207294,-0.05027456751203978,0.08222541841723477,-0.08206228218898536,0.11244538801814107
15,2,-0.0024581824992318127,-0.10596721914912947,0.018896817815306298,0.01800577772825438,0.05682359442674396
15,3,-0.008470398422123597,-0.05713214966833083,0.03484227643625518,-0.04020879438562872,0.058645710328643415
15,4,0.040073475435147186,-0.11844359018281854,-0.007061907778556531,0.02491645739392432,0.024993623043248665
15,Aggregated,0.0045201780535810004,0.006508183407260473,0.0024627353143945804,0.0028590383051595924,0.004316223838534333
15,Centralized,-0.032194636584632084,-0.05979646680278368,0.03645754209336983,-0.02765077407816007,0.056662297093655965
16,0,-0.10789176583185439,0.09482687650684683,0.046773442524190995,-0.1398471140148375,0.0923892478155422
16,1,-0.18086672993133307,0.03791604544744149,-0.02937468172084158,-0.22184652784686978,0.2832550273361182
16,2,-0.013673104268809114,-0.04448480993540696,0.047508963232196305,-0.01981989934794311,0.04639016782547862
16,3,-0.016928138851499065,0.007550968081367474,0.05074524750799713,-0.0928483019428762,0.047890050032106043
16,4,0.011312061013781616,-0.020780913139133144,0.009558535482745434,-0.014804650094881567,0.028739810656483716
16,Aggregated,0.008939329325582125,0.0025669976200375323,0.0015860272842443653,0.01551139271349577,0.018703323277048135
16,Centralized,-0.05661257789566297,0.013780538489904733,0.027077361225202167,-0.09234458315130538,0.09217382508277729
17,0,-0.14690171840901195,0.07328526407897845,0.09781723130081825,-0.08715344033750162,0.04911096470519425
17,1,-0.2081208842195748,0.00162938048412092,0.0991952019597095,-0.11211720715438674,0.22721314054331276
17,2,-0.020430379852471366,-0.06080981086734679,0.049062001982212125,0.04127057097174873,-0.004295935964114861
17,3,-0.018850761623490562,-0.013669936492598171,0.07133510449297376,-0.0030221232921954664,-0.018032547733307543
17,4,0.0017966235811255635,-0.0700788421857391,0.005494071098621234,0.01694984003784015,0.02242502632133642
17,Aggregated,0.01305755924603265,0.002846018877352894,0.005355463936369593,0.004408983567549235,0.010915813132171825
17,Centralized,-0.07306999686188398,-0.014814493685450477,0.06289053599479424,-0.025210989388911288,0.04842488215724163
18,0,-0.07259142014553793,0.10156511038253437,0.035607551713872115,-0.08184004639866369,0.04921996840238627
18,1,0.013349955966103444,0.053653507789291885,0.037381048149108885,-0.16159217325569047,0.07427952579928476
18,2,-0.03495025730289966,-0.0631552460012557,-0.02522018819098939,0.06372406598190541,0.05067321202933884
18,3,-0.053376486697174146,-0.01498721120985754,-0.002448934792758628,0.0015203600657933691,0.0290104466887574
18,4,0.014657139839817054,-0.05767003268192982,-0.03248068176644902,0.04750848439866952,0.03310468860177108
18,Aggregated,0.0019364865847473116,0.004141916593722658,0.0008735414948586385,0.007793581906321791,0.0024809577247521877
18,Centralized,-0.027862530024239027,0.0015414754064049538,0.0010600017626169725,-0.02046595366972633,0.0461339758219682
19,0,-0.11626951760225618,0.0517684283048468,0.05660127532733252,-0.08001504587269241,0.0528076963074542
19,1,-0.10808185619450596,-0.11270571035833553,0.039953518307071494,-0.09723279800301761,0.21314458114473583
19,2,-0.04052379827685755,-0.030427099133039568,0.07340470339751691,0.01734591327090289,0.005267461151560582
19,3,-0.045034364749558325,0.01148105815442797,0.08963405097409757,-0.07313395048077218,0.0035491217226073955
19,4,-0.009271125850735255,-0.05620624676330799,0.039874127495276745,0.03038667291363512,-0.002505527357263837
19,Aggregated,0.005758021179177005,0.003915486880464357,0.0039485431864360356,0.004465043628815137,0.009596964462943789
19,Centralized,-0.06175665112291367,-0.024100536730806255,0.06046026378903721,-0.03779412260415918,0.048033816722132805
20,0,-0.17249338451298973,0.09215136268715814,0.106977388737709,-0.040474173823401335,0.02845142705522529
20,1,-0.11298533055191934,0.030384150861725936,0.1020496315570508,-0.10032629617533359,0.12381187396150181
20,2,-0.14290282437043064,-0.03872760352247795,0.0775376084664389,0.05758192127256929,0.02740522233500832
20,3,-0.1534261475376491,0.016616266212588292,0.10551635781579313,-0.003678682145677925,0.0189697835615954
20,4,-0.0921404618646882,-0.051724699795285586,0.023261775642760087,0.057681869396429164,0.025808672745009472
20,Aggregated,0.018932571687801873,0.00277276359237905,0.00786590368143888,0.0036700399785570045,0.0035661779990952542
20,Centralized,-0.13508927525453565,0.008530129518604745,0.0818992343980817,-0.0018445278931219279,0.041708722368432365
21,0,-0.037483797296384874,0.034250673763746714,0.03567531869325122,-0.09154802163991439,0.03444351519794756
21,1,0.025276709825187045,-0.1079446808210483,0.12074385230160191,-0.1734196829892086,0.07204511215355959
21,2,0.002419343482820639,-0.03732186368937077,-0.011457249792985635,0.04189047835439699,0.05898925360612341
21,3,-0.013309153594480467,0.010142299304138487,-0.004938631067714875,-0.005494109875758646,0.06074536504652042
21,4,0.054686388441260544,-0.03570038851746027,-0.030051792138260147,0.00653449000354603,0.017067184214922964
21,Aggregated,0.0010549057715802175,0.003108367401228852,0.0033676864273200274,0.008009927830192522,0.0027530814122835334
21,Centralized,0.005768826949917027,-0.02435664299423609,0.018016478311577742,-0.039058221654659775,0.047610252716773556
22,0,-0.06628662075413742,0.12829457025086585,-0.07257495856598363,-0.06330460446601525,0.054103483239788495
22,1,-0.039096336580733984,0.04384592629737831,-0.18294022530972728,-0.0727852006689164,0.19900074564209433
22,2,-0.015269468695328924,-0.018099743252453258,-0.02189405071757727,0.04431597309578882,0.028297918313682047
22,3,-0.02581221320212966,0.02356226270985052,-0.004819468879923802,-0.02884381789727441,0.030255308807893164
22,4,0.030168982946185235,-0.006285373807011396,-0.10110771448821972,0.06251289197262745,0.004175079356851323
22,Aggregated,0.0015427040690215105,0.003838573076273533,0.009894039667405935,0.003205950621813103,0.008800915787559992
22,Centralized,-0.02239439516105476,0.033513632034042944,-0.07247875123309075,-0.00884957127328801,0.05767262854872636
23,0,-0.1307215932761842,0.0786595204788684,0.08596212651622655,-0.07304014120044684,0.048955016507137884
23,1,-0.18148077402356363,-0.00338468045670884,0.09566648156382698,-0.06415998072527411,0.15218543525109
23,2,-0.03039332084359986,-0.06360834956048163,0.0529069246689294,0.027707030165114332,0.016709375886162784
23,3,-0.05719567474810402,-0.016745535937261854,0.06636962794399531,-0.025583456823220628,0.027616903225889246
23,4,-0.014965972070098133,-0.043156583774540104,0.04048081995812479,0.02144023680623602,0.007249375619983608
23,Aggregated,0.01082629754511198,0.0024739863503677687,0.0050567795957103595,0.0022561155207694475,0.005299523310825336
23,Centralized,-0.0787216059553981,-0.010151431104718138,0.06695081233004838,-0.020787813440041467,0.046402311308002986
24,0,-0.0844799171178448,0.07832691104931198,0.02413152463564856,-0.07375296264113865,0.059716368214478815
24,1,-0.11487894515775873,-0.0474112157207891,0.04429774148181949,-0.06779897452657858,0.20552540027432234
24,2,0.0073138020820434115,-0.07990349012468533,0.02664061033613366,0.02541089831646855,-0.010984260184746474
24,3,-0.005216814914718645,-0.039579562760333434,0.03623864116483837,-0.018673138437770298,0.02008807810400241
24,4,0.024057665218728867,-0.05362772388404971,-0.0292720377375043,0.025142764751216854,-0.01618376637262345
24,Aggregated,0.00417761837770441,0.0038363895845128786,0.0010835493976317219,0.0023226489374815395,0.00926579100014016
24,Centralized,-0.031256736289053795,-0.027925208688403914,0.019343378698929332,-0.0198241770691664,0.04531555304736739
25,0,-0.1713085642561656,0.11246369293144139,0.12060705191803946,-0.03397005313992837,-0.06856999456347398
25,1,-0.2451477175588164,0.027519550583758108,0.15957630225647243,0.02177655081131628,-0.08356499516282258
25,2,-0.04332560249179877,-0.02829535503473005,0.07518132714019275,0.04395521239609597,-0.020057030642250714
25,3,-0.06292138879006277,-0.004177002058653123,0.07918268756488013,-0.01509549749446813,-0.003165019870249471
25,4,-0.02858798034547488,0.0018662734570455677,0.05277096553946929,0.05549266288871249,-0.07836750770980659
25,Aggregated,0.019112212803153242,0.002828832991954904,0.010895905708103283,0.0013835048095762325,0.003662390677031599
25,Centralized,-0.10461103061605215,0.02140982321581646,0.0947402882285972,0.014426813861484967,-0.049407249557603033
26,0,-0.11950935584799674,0.10310528793020027,0.027048669549213915,-0.0635812604388858,0.0760261783901374
26,1,-0.12543737113758488,0.032961311022251985,0.09860863444050375,-0.08494086189934365,0.19164121305351134
26,2,-0.02711098271988573,-0.03085669891128576,-0.026241773369160983,0.054217530806077954,0.023838089371613868
26,3,-0.02206867003869828,0.017495179683811497,-0.011876400903055225,-0.019148653876273573,0.03181196445872215
26,4,0.019153009429898542,-0.010183994827617286,-0.054733107393194244,0.04561851646187805,0.0014102148812140077
26,Aggregated,0.006286479704543172,0.002601174034771704,0.0028570043254119663,0.0033217182333598132,0.00876632743637777
26,Centralized,-0.051953841365596706,0.02176486134695222,0.0028519072391406533,-0.01042372267439801,0.05974418627777875
27,0,-0.07980745132379781,0.08403810940842209,0.025559638049031243,-0.0945507519533022,0.04084558359436314
27,1,-0.07442607688090722,0.0020003765846351956,-0.05380907886774195,-0.10191677187465978,0.13804517426737112
27,2,-0.016922424819570913,-0.048517975106862996,0.03957402868026243,0.014436857672109286,0.0343408816570775
27,3,-0.020355240357260898,0.013062051604234704,0.04353046443197215,-0.048610948782621816,0.02336299795046936
27,4,0.015780288307606107,-0.02929926809464251,-0.012969196829608383,-3.599116368751728e-05,0.019726736678700854
27,Aggregated,0.0025581013652903085,0.002082730047101057,0.0014281658375787914,0.004354099457344216,0.004543468258384359
27,Centralized,-0.033397736823478574,0.004017151951204963,0.010668401802872474,-0.043574848263907145,0.04780146579315261
28,0,-0.04605754400440307,0.10193030888234969,0.06601944566515912,-0.18668356183085505,0.07029753040948765
28,1,-0.05465119731306404,0.07213700398033278,0.045377328660603546,-0.26974350274582487,0.16887192945188248
28,2,-0.01140134222109257,-0.027339900712785515,0.05472251207151177,-0.04519749825230779,0.03131922855504173
28,3,-0.025087440747933995,0.02452533800512177,0.07768246923923598,-0.0978019529827577,0.028701576424797655
28,4,0.04963483030188627,-0.0048319879475054485,0.005203331400458566,-0.08473127678203991,0.026970587509369183
28,Aggregated,0.0016708885700885616,0.0033735222883327295,0.003076783870895006,0.02517442998400031,0.007160603950677585
28,Centralized,-0.01585275602849432,0.031446044359939467,0.04969796735452713,-0.13118178370370331,0.06106308493636329
29,0,-0.09120400884757399,0.04056920587073461,0.05247683263952414,-0.06683875911906488,0.06807877804918191
29,1,-0.07384405042300042,-0.02459150408208579,0.023651994384593245,-0.06076144432571695,0.17487733011864998
29,2,-0.04411918952742149,-0.037697224122029915,0.04431804336985407,0.03422468220731278,0.0033695204668839907
29,3,-0.06279389137570122,0.004375458738157197,0.05037964181290615,-0.00023348529304136889,-0.01668770979114639
29,4,-0.003216494126969849,-0.03753730711688477,0.0034265452416464724,0.01777430627535589,0.023637453049681647
29,Aggregated,0.003911268801310276,0.0010222688062414464,0.0015563336449292372,0.0019199410508831459,0.007174303048093843
29,Centralized,-0.053979938649014396,-0.010640893804476192,0.03510491527366817,-0.013183709674700535,0.04575380077823095
30,0,-0.08200563989925698,0.07591504277974129,0.0662155870633196,-0.05627249024973692,-0.0062331422945594165
30,1,-0.08584872651622912,0.03193572036343977,0.11768141132726194,-0.08121505253646978,-0.02446545894544562
30,2,-0.020308337836041208,-0.060705304383286494,0.0053275448786225844,0.04432998165347482,0.03687387156219225
30,3,-0.03283949008693234,-0.02822741057651334,0.011059212244711958,-0.0038668045697974663,0.027174662087671622
30,4,0.0015544188979013996,-0.028871012449516797,-0.004630327346075447,0.02352344445421295,0.007276739279435773
30,Aggregated,0.0030994684387969365,0.002410446181717994,0.003659782678961264,0.0024480908218690546,0.0005547471610158394
30,Centralized,-0.04201656490401954,-0.0034985109750914254,0.035922174892670654,-0.01190057943305612,0.009389556271552735
31,0,-0.0904972585359344,0.09083792582777701,0.05555878460867068,-0.07310176714293964,0.03679565697747235
31,1,-0.096125808295139,0.08276011985048773,0.03245696987434012,-0.0760044381164524,0.12076139210971591
31,2,-0.007835742265449912,-0.08047089775166706,0.04604141797640947,0.020571872923471506,0.036555783087721255
31,3,-0.0033490725976956645,-0.016215614538674632,0.05701236910856575,-0.04268087489436212,0.03475603289649717
31,4,0.014255907666090195,-0.03865799543199096,0.009587403146597496,0.018211899603937334,0.01869355094888559
31,Aggregated,0.0035217077150501604,0.00464828188348768,0.0019097602669946915,0.002725357049859326,0.0037462724402700124
31,Centralized,-0.03421458801063603,0.004398786208326181,0.04023189219381464,-0.02848175092561487,0.04663672661496765
32,0,-0.10908349011659582,0.029816996252972672,0.06470443790138909,-0.03401782739174794,0.021687504509488302
32,1,-0.056479164670790755,-0.008186021543166196,0.06918733613513854,-0.07101274773919511,0.07344060667787371
32,2,-0.06769574299068891,-0.1368090224527355,0.053491397988170715,0.0672671307602138,0.02067593549627643
32,3,-0.08114959282602902,-0.09453461795398302,0.05668015323837204,0.03524284355968969,0.008185563640010567
32,4,-0.019739443335044626,-0.12188703383668695,0.027955367974025928,0.04592603519837854,0.020717447361854605
32,Aggregated,0.005300443445349535,0.008729228035642885,0.003151865583926207,0.0028111320278097203,0.0013521137946327655
32,Centralized,-0.06686459425868017,-0.06871003155480869,0.05363456470541331,0.011899064831647977,0.027194983137429317
33,0,-0.21197400772539599,0.11985962597675683,0.0788726009405068,-0.006218313963024376,-0.0037798002356321803
33,1,-0.3303115864113019,0.08389103708643593,0.09024693798749243,0.044625013216533206,-0.022275949481518374
33,2,-0.06814613796043462,-0.003312309572030851,0.043761537179643935,0.050565206857366304,0.03207201666435425
33,3,-0.08947147285867794,0.05951272263083134,0.04468885531882935,0.016140484879981484,0.025771417460579354
33,4,-0.10298952131640794,0.01170693030002082,0.04519680954768249,0.049232043606973856,0.007688518329072203
33,Aggregated,0.03531415721406194,0.004990254816601401,0.004052285582259887,0.0014599321257267078,0.00045017611229852274
33,Centralized,-0.1536000178434413,0.05277331448324709,0.05925486666956286,0.03046567611158005,0.009075773823231496
34,0,-0.11604064342783851,0.09381317123885982,0.11650593663764143,-0.0728834185413867,-0.04023380086876903
34,1,-0.10812240530917462,0.01660396355713433,0.18552587204200605,-0.09471031344712001,-0.017542936665065057
34,2,-0.03667515561854729,-0.02857941078308599,0.0776285810754659,-0.0009221679065941401,-0.009267183567063065
34,3,-0.015669714476410412,0.01158516844274787,0.07912540258113866,-0.07088398875760742,-0.009657109657046921
34,4,-0.017593849527608302,-0.01563473421798527,0.06422014286389217,-0.022056189519121597,-0.0392908314387677
34,Aggregated,0.005381481009112326,0.0020438647088973326,0.012829881327233401,0.003938461685964367,0.0007346545105463276
34,Centralized,-0.05674112040914512,0.015234672683529205,0.10118476750024848,-0.05029049814431653,-0.02334657344035307
35,0,-0.06582907364623872,0.02197953028681982,0.05816814317612084,-0.04240149031271869,0.0700924191251041
35,1,-0.04133644245770191,-0.07627213263956101,0.07734466314164531,-0.06094662978789967,0.18562459089122071
35,2,-0.03159381966954555,-0.06379347308016807,0.017654198126018154,0.041980673759487705,0.04821541257156685
35,3,-0.05112689290734795,-0.008499107236485356,0.020105740526757822,-0.007140688404741506,0.03705739728043203
35,4,0.02006258784364642,-0.06326974956264735,0.0030394285313924147,0.027907768634248833,0.04693627550036575
35,Aggregated,0.0020019444002445813,0.0028956534888526027,0.0020064623575051805,0.0016160245625280254,0.00901417977686565
35,Centralized,-0.03340360015617338,-0.03667650542253765,0.03349576788065113,-0.005868368323367138,0.07325396137561135
36,0,-0.07832784450042253,0.09097201069490043,0.03346165525307541,-0.06400600332579624,0.027790194868653847
36,1,-0.10014603098136607,0.03654343558015552,0.016759278080068482,-0.06287028693224742,0.12218565180001993
36,2,-0.020555240769411516,-0.0439941883766424,0.0463668590450844,0.009744878092679758,-0.003495374571119747
36,3,-0.03211761747258534,0.017133342949601626,0.06238598657336928,-0.03003607756541111,-0.022163595732927217
36,4,0.012440730337207858,-0.032765814135096306,0.005822188800681083,-0.00929453418924086,0.0028740849123813916
36,Aggregated,0.0035348342634005593,0.002574014238156048,0.0014866819477073444,0.0018164361333121476,0.0032238102920958116
36,Centralized,-0.041309284380674785,0.012327039376236294,0.033404521599493836,-0.029815955471963265,0.02169034309074481
37,0,-0.12089789635720471,0.08251649397740562,0.0687122995510741,-0.06106169905670432,0.002631736647519034
37,1,-0.153870940615632,0.04315074022373058,0.09191002277211198,-0.06841947539343576,0.046559552702540564
37,2,-0.025937734494787947,-0.04329639821740176,0.02532145049143697,0.02539340979355179,0.020410955307606157
37,3,-0.04507372324190602,0.01971872006206065,0.031655591000006214,-0.02145852997621951,0.011090032950191463
37,4,-0.023445205481740197,-0.036285335833741605,0.01815095280719466,0.022644045424674176,0.0014197085649655012
37,Aggregated,0.008264086948208498,0.002443610124792244,0.0030125694647893672,0.001996862848777624,0.0005401097500099764
37,Centralized,-0.07043330254804143,0.011649692049241623,0.04523719913245371,-0.01846514705830747,0.015261678831944772
38,0,-0.10237035872677312,0.0790134039512464,0.022033933571317554,-0.07003931085145325,0.07476145887041839
38,1,-0.11262327926408625,0.018148355855774057,0.020983978228616352,-0.10940025329500523,0.1911901101288594
38,2,-0.02042164662270801,-0.05756839992272358,0.05190825275863116,-0.005731545513020464,0.038722463964082306
38,3,-0.03183795379888418,-0.013512591534487407,0.058697837679991476,-0.04328456667829196,0.03560331290488659
38,4,0.003907035713055507,-0.04355219030005528,0.022911331469428062,-0.01596771709234351,0.037151544943954444
38,Aggregated,0.00489332147713876,0.0023903367620047946,0.0015122882468817113,0.003786330004690139,0.009212137437604241
38,Centralized,-0.05007082933952797,-0.004584821163783203,0.035743608141925405,-0.04627350003752415,0.07082057854626331
39,0,-0.13440686846370908,0.04751166920088702,0.05757879987856048,-0.036357592885855126,0.04119762305989703
39,1,-0.1874811181838023,0.053418240691604287,0.09548616570719333,-0.035322172955145587,0.10561169031256146
39,2,-0.022534103133964162,-0.0812922726313456,0.023470499334551437,0.014682935590749284,0.025244534776120393
39,3,-0.04056088012291372,-0.013588502550976796,0.039650008547090346,-0.03188672799580227,0.0041408245060379064
39,4,0.011744179743590759,-0.07272743544766153,0.007592509789459593,0.011538614439254857,0.01591164003010886
39,Aggregated,0.011037143926759266,0.00344952550896316,0.002905988653287911,0.0007831776877319512,0.002737182664205428
39,Centralized,-0.06991185361286517,-0.016200221858892583,0.042589211338112186,-0.014454975248882047,0.03577878754520866
40,0,-0.09677910974207524,0.09017342110631343,-0.004535050198229662,-0.04749313162486726,0.08327502663439959
40,1,-0.13403970660237588,0.01568138519072756,-0.0337997208358732,-0.03120443971827799,0.18028016839056527
40,2,-0.013631958583372673,-0.018174544475604768,0.029016135454220954,0.009541017237637502,0.02285420522790466
40,3,-0.03444751988209269,0.010301443314694876,0.050708615028607615,-0.02989456865615073,0.01961633478876704
40,4,0.002929192438854026,-0.023657164469181247,0.0011446801537859485,0.01112601090545624,0.0350141458686353
40,Aggregated,0.005709340846059495,0.0018669955069533547,0.000910144008457508,0.0008632152951614182,0.008272470431229428
40,Centralized,-0.05184460166377398,0.014568736918103238,0.010046875631255088,-0.016816068399401078,0.0636703338261493
41,0,-0.11831213945692784,0.12150596791111964,0.05595655906174481,-0.1076579632659362,0.03143973789499028
41,1,-0.1603472055953696,0.1097344917520541,0.07215521792880603,-0.17578719129052314,0.08062474235657285
41,2,-0.013311996728637372,-0.04006125442538687,0.050585045594066715,-0.019966081944794566,0.03859978284737645
41,3,-0.028574676933179135,0.02726212399337289,0.06744519205386172,-0.07982001663469725,0.026200442134250206
41,4,-0.006640142193549773,-0.02491879023893097,0.026068824189631693,-0.037651726125083704,0.03216953619229503
41,Aggregated,0.008102116348365513,0.005923803328888406,0.003210054397948999,0.010084887176938128,0.0021335852557269612
41,Centralized,-0.061490392598853916,0.035531905562474125,0.05355091043293232,-0.08023444315834283,0.04027705494654944
42,0,-0.1229806475809402,0.12008498498465853,0.007729928691623359,-0.041229337892374276,0.021968592834335256
42,1,-0.15253028265915233,0.14686954502219046,-0.03191835150192996,-0.045964903645555326,0.07475781286470168
42,2,-0.029510231625025203,-0.025234667530854082,0.01178798490992167,-0.005724299395778587,0.038231801399221034
42,3,-0.03980383719295221,0.016200169903597288,0.033315765116650554,-0.050184846398131575,0.018570465620015082
42,4,-0.008049267540483384,0.009222675454969458,-0.019389661221379424,-0.014240361749682387,0.027955444417622686
42,Aggregated,0.008134616042056071,0.007352472914467608,0.000539704085682034,0.0013068261345283213,0.0017263482938746381
42,Centralized,-0.0671197763554599,0.049484206710325294,0.0014312983807936775,-0.030665585829467604,0.03481244728673095
43,0,-0.07493060317782797,0.06824247056359774,0.04924105173824932,-0.061831334632722876,0.01341996993710648
43,1,-0.015454011877165108,0.05197334816390343,0.033124194931012894,-0.0580098708882223,0.02126954108572991
43,2,-0.03718032540883384,-0.03893898643518003,0.045636518897177146,-0.015271727587858901,0.03689941539665641
43,3,-0.045264465119158714,0.01881748809475757,0.04752848713120527,-0.05950262408385629,0.026680687976767044
43,4,-0.007994871733851265,-0.02814534777187087,0.025250327787782172,-0.012984546785596508,0.01822527205583994
43,Aggregated,0.0018591578033011911,0.0019970993449803325,0.001694001683647118,0.0022140762720688004,0.0006060028620460787
43,Centralized,-0.03673712062983447,0.012635123309729875,0.04027646937498724,-0.040595337871796686,0.023345044629642805
44,0,-0.1292783521990436,0.09136916767063379,0.03654427331348783,-0.07283120953120127,0.07105660812148808
44,1,-0.12922481983631956,0.0406196589018176,0.06268592174804623,-0.10920792651275449,0.14416445324626945
44,2,-0.08640370599920123,-0.024234341148609378,0.049609305224234686,0.02035016077028858,0.03939245223904949
44,3,-0.10729991200969877,0.023367063434170277,0.054470039620229296,-0.020884402438949637,0.037960044316495946
44,4,-0.03809979560133267,-0.01723721125426826,0.02913094187716716,-0.008960321519145371,0.03596265439740171
44,Aggregated,0.010714003223539367,0.00227415277256847,0.0022997919993262414,0.0036115621004033315,0.005996128057974103
44,Centralized,-0.09641708667191687,0.021771004693376915,0.04572668823658142,-0.03532687524679178,0.06249165837673954
45,0,-0.11709291596239245,0.07936887479229479,0.03431371686811128,-0.0339400315541124,0.0330086842502699
45,1,-0.08686070052567198,-0.027998013275767047,0.037757149473119436,-0.003797340966101122,0.10044128863588722
45,2,-0.04635495823340919,-0.014895169770156614,0.03632432175841913,3.7328833336699084e-05,0.014392183351641918
45,3,-0.05055069110711473,0.02474022357794722,0.049384073238113696,-0.05493085924104933,0.005591667419389405
45,4,-0.01800225186625622,-0.005438095660254068,0.008393182459011328,-0.005995499801028832,0.012154518191930919
45,Aggregated,0.005227968811123101,0.0015802650391235854,0.0012792147063255353,0.0008391740544832718,0.002300218099522373
45,Centralized,-0.06257186871104939,0.012402255587472292,0.032900348639971294,-0.020094216703450664,0.030444792222161787
46,0,-0.025433035658553513,0.054073870237124726,0.07146102473632296,-0.1457864470424744,0.03014297892220187
46,1,-0.003850892402532343,0.000231370669413522,0.11247200369913575,-0.25920366571925313,0.08471479503232514
46,2,0.0008329346715780635,-0.025658683010005668,0.035972577273852654,-0.026951323974862853,0.035396303408324434
46,3,-0.004718770762747345,0.033976993080320324,0.038528982014353313,-0.06471712882609679,0.025905119122574226
46,4,0.0416824163110789,-0.03158518067523577,0.03441453626461837,-0.07585631716906131,0.031198797292508237
46,Aggregated,0.0004917442686128827,0.0011460201877775654,0.004325483452975577,0.01973987539164587,0.002189385276364163
46,Centralized,0.002042699403308686,0.006163092777323876,0.05633066222988532,-0.10859301921179933,0.03976425697519019
47,0,-0.09102780280167912,0.039755847607501595,0.04679491726569225,-0.06535255112356021,0.037106961881275366
47,1,-0.10811469365480336,-0.03499491695311292,0.0807764764220206,-0.07533365869536428,0.09422709108809127
47,2,-0.022046408037975893,-0.058117228159678604,0.026906733313130538,0.0052757598193625315,0.04323137465869197
47,3,-0.04438337293560484,-0.016469374535542456,0.020295233521442548,-0.02000473856502817,0.04368785950314204
47,4,-0.004619508880784788,-0.03826237850983869,0.016182531278842303,-0.017792401849272346,0.02938615336324689
47,Aggregated,0.004464345031474009,0.0015829323496659754,0.0020122074923522235,0.002127525889522467,0.0029670110750566626
47,Centralized,-0.05168477788678576,-0.021246575295200642,0.03645958538045661,-0.032894514079623606,0.04769021567660463
48,0,-0.12150933616902317,0.08320357121063791,0.0481230231481194,-0.01526808025948257,0.03765927451298398
48,1,-0.14097894549810147,0.046109141803154445,0.06680947384446322,0.007499457481069882,0.09885971914913068
48,2,-0.03809825780328519,-0.03499719898061375,0.03338881666361733,0.025712037910378824,0.03176512659027709
48,3,-0.05063385682367467,0.019194618511911028,0.04025559479151764,-0.01652727100643213,0.029668167895791873
48,4,-0.019014462746550127,-0.02580313055507304,0.02226525343174508,0.027562780080348168,0.020287816742231967
48,Aggregated,0.007759874780630516,0.0022522921922496063,0.001993281086788597,0.0003987891357761173,0.0026851224195388527
48,Centralized,-0.0711528275589794,0.016132501794173613,0.04107144076578771,0.0058895235751185385,0.041413104311142784
49,0,-0.07348850722885576,0.10642095585738977,-0.02062379721057296,-0.04226608430915633,0.010693233299073176
49,1,-0.09983228479702433,0.10410267421144823,-0.07884050676203162,-0.021950509782940605,0.03644371681718539
49,2,-0.023223137729283926,-0.04235386806793038,0.0069521246287366145,0.02397201099555068,0.038145820538574134
49,3,-0.038531403992088306,0.00534258318511327,0.010413160171766538,-0.012743880761434963,0.028458253467018697
49,4,0.0024629897816415298,-0.0023350990180451467,-0.027238398868787723,0.0010529747161119947,0.014422343566963924
49,Aggregated,0.0034591519536854667,0.004770199181836369,0.0015035207846052032,0.0005977836030241457,0.0007797315096413605
49,Centralized,-0.04423765650011173,0.03124629811091288,-0.019681249989368925,-0.009773882172141117,0.02518539166015851
50,0,-0.09011718107934967,0.10718253137022658,0.018919576815212835,-0.06300180770434356,0.03090206502311356
50,1,-0.09073439538849026,0.10912392983746375,0.011784754204014073,-0.09046130477647327,0.08151508289856609
50,2,-0.029923791946081895,-0.028901179709568816,0.022996407656871654,-0.0015100509544376806,0.03868486949437807
50,3,-0.03567660268685931,0.03232065720701751,0.02810856577306211,-0.054039664882023906,0.023374044554834463
50,4,-0.008853505513310959,-0.01748626025215169,0.009240508671309832,-0.014905017718537887,0.023655181077400122
50,Aggregated,0.003698852167416837,0.005088314646534713,0.0003784974784295349,0.0030428564097085375,0.0020317871545177347
50,Centralized,-0.04930024430523782,0.03741134059334161,0.018383119637967304,-0.04273783147952634,0.03796190768208441
