Round,Evaluator,0,3,1,2,4
0,0,,,,,
0,1,,,,,
0,2,,,,,
0,3,,,,,
0,4,,,,,
0,Aggregated,,,,,
0,Centralized,,,,,
1,0,0.4056492369944377,0.3977489633645141,0.4061599290325505,0.3984986629701856,0.4089055179796406
1,1,0.5244326628161294,0.5168980715149731,0.5234181250695146,0.5172122034692781,0.523179736854473
1,2,0.39507184490715114,0.38662050693153394,0.39450328482142516,0.3888501342016225,0.3973766001711661
1,3,0.40664493149684594,0.3965462239863589,0.4053161246231707,0.39953735399526397,0.409966045559207
1,4,0.36396284284570257,0.3452330905734259,0.3589429993096329,0.35416650765609503,0.4108542595361386
1,Aggregated,0.41882990992328956,0.40823911002333735,0.4173250269478611,0.4113171432241026,0.42994455770449447
1,Centralized,0.409770384563369,0.3986626725258687,0.40808114310125293,0.4021543606314263,0.42314168762619336
2,0,0.026880539838163766,0.033553430054418146,0.03511855827137624,0.030094156006159837,0.035338515302749805
2,1,0.03946935586639848,0.039960796476335075,0.0411763023538968,0.04306608603069773,0.04438283871787894
2,2,0.02721956088639769,0.02860285325956772,0.03202987410598672,0.030816729020108947,0.03335964997544209
2,3,0.03129395825767895,0.03179302607511938,0.035939603738898374,0.03381290169555874,0.037115151998170615
2,4,0.029749450292993022,0.02245431195005798,0.0403747483464613,0.035159112670801046,0.10735120925984601
2,Aggregated,0.030915708116048525,0.031221321637689887,0.03694798626747816,0.03459313987308464,0.051836187349519176
2,Centralized,0.03033869067936741,0.030281287235988445,0.03679671390414905,0.03409112705102995,0.05462401307453161
3,0,0.0013540642622320595,-0.0009176149042436383,0.007652985159068993,0.0019662724973843,0.0034990799352627527
3,1,0.0035312033544168454,-0.002252918120759556,0.009465169571117154,0.006564919579205349,0.006410636699719211
3,2,0.006678751166748719,-0.00596017907430261,0.004589714151881021,0.006246659728395432,0.0024362684773613264
3,3,0.00891926060052743,-0.004756714559980381,0.005132704598277614,0.00677611247787888,0.0024608301643033043
3,4,0.014140163387992215,-0.012445976608479545,0.006195472991259961,0.008629548719830285,0.04786314971892555
3,Aggregated,0.0069668315822808795,-0.005308659414459834,0.006604830148018872,0.0060518460670779695,0.012740712185709996
3,Centralized,0.00748190955464568,-0.005799378367776122,0.006407805859044924,0.006139398320170261,0.014626650864044573
4,0,0.003525985874520086,0.006242621801219,0.009251810044443897,0.000914524197087747,-0.016127890506949502
4,1,0.005071515941661553,0.004146706774955535,0.008600314616859213,0.0030973829656670746,-0.016245966050368342
4,2,0.00821066502089282,0.0037259397942752664,0.006716576936447034,0.004036361991789983,-0.01945871030710695
4,3,0.00929004910530777,0.00453168711293434,0.007697724484316419,0.003995309424512175,-0.019700236490521217
4,4,0.010489696356215817,-0.003864932546697811,0.008521227887602807,0.0012918682827893749,0.008290352771980113
4,Aggregated,0.0073360889908868614,0.002916498313523382,0.008159665586318173,0.0026590249782109444,-0.012525951636858853
4,Centralized,0.007603987914269953,0.0025362947983070603,0.008131405610585254,0.002577904830592001,-0.011383793053145668
5,0,-0.002443441014012381,0.005321473172938251,0.007003913614248707,-0.002648159920324585,0.0016998293049834273
5,1,-0.002819075984784118,0.0013604741608782963,0.006072014049440722,-0.00042723541739478343,0.0009832261796040363
5,2,0.0024602681734019,0.0013303354515102727,0.005226908683197169,-0.0010426579470085083,0.000741694880083757
5,3,0.0036054006145536536,0.0031452977118186453,0.00621379293552647,-0.0016236058487261423,0.0005032320415802427
5,4,0.004611669899727872,-0.0008440108445643284,0.004694842165631901,-0.0021694182570544617,0.017321919109292483
5,Aggregated,0.0011035450820480273,0.002045701215510169,0.00583557944193925,-0.0015856474015983628,0.004326467654900799
5,Centralized,0.0014910444347353549,0.0019434793308872784,0.005758168808908742,-0.0016698545115602713,0.005079118351449863
6,0,-0.00211769502273867,0.0025332634027823886,0.0028506684606303717,-0.0013886355901084363,0.0003665317772712275
6,1,0.0005180911630236309,-0.0004435697207182454,0.0023801224006549113,-0.002068343420175184,0.00024178661701932392
6,2,-0.00038308891508228676,-0.0015376341145507723,0.001427082540916197,0.001796464485218626,0.000980784099268787
6,3,-0.0004964969391657868,-0.00027956976671931387,0.0020788348612933104,0.001358392053825715,0.0008773297850690984
6,4,-0.0028966164393112023,-0.004808602338998813,0.0006609527497136743,0.003893332041142448,0.009037932747091167
6,Aggregated,-0.001085820111248028,-0.0009300412558817601,0.0018724048019163099,0.0007367909680695343,0.0023402837438571476
6,Centralized,-0.001249303726094638,-0.0011373368590840815,0.0017839684236047426,0.0010405333076345938,0.0027520441835647584
7,0,-0.0023841278593507015,0.003658637233764331,0.003298487694830169,-0.0018101059001469375,5.456422409558607e-05
7,1,-8.81942879881655e-06,-0.0021398033568798937,0.0028066633080251037,-0.004074884333870269,0.0015968409595408489
7,2,0.0005648266103735163,-0.0005374635261871226,0.0019023698833906374,0.0005189713135329427,-0.0007398775870207467
7,3,0.0008482707916313485,0.0010981772449522077,0.002813973615100272,-0.0006986640270333531,-0.0007571823685548466
7,4,0.0019603823459483248,-0.0008268669470031871,0.0014861416837385038,0.0028756593644866527,0.003146357307341564
7,Aggregated,0.0002064078996892693,0.0002442217999304347,0.0024558186253536133,-0.000617264357096317,0.0006747013045866866
7,Centralized,0.00030415020566717334,0.00031993633434421556,0.0023862465042397583,-0.0002629720896588111,0.0007293389670702153
8,0,-0.004203979303540437,0.0032658470986057435,0.0032739276215963636,-0.001433406735046284,0.0006784801566869429
8,1,-0.0027442203057603696,-0.003178204825535824,0.001220047090284455,-2.68512628324169e-06,0.0040921012392827905
8,2,-0.0005315984771212183,0.0001278710633776492,0.0019834985021626238,0.0004524099641395218,-0.000257968548788276
8,3,-0.0001375144578522188,0.0011388399758581894,0.002675516663949906,-0.0002955899547902624,-0.0007224387563433326
8,4,-0.00045625055630843145,-0.00013757098051547974,0.0021297580491438494,0.0001939550741959987,0.0011496226651963527
8,Aggregated,-0.0016079682718991776,0.00024111273194782167,0.002255800479403822,-0.00021465911938753829,0.0009889366659864365
8,Centralized,-0.0014802675871978855,0.0004076561026877553,0.002301535898506657,-0.00020367876192813142,0.0008178059512329426
9,0,-0.002510511014023665,-0.0007476316964941591,0.0036184356501071935,-0.006925241927202653,0.0022552378482371127
9,1,-0.0005636000923704809,-0.0026501494047640813,0.0026054029650649495,-0.006117768882839284,0.0032648080872396475
9,2,-0.0020370077574140433,-0.003861785869350482,0.001933240551022322,-0.006814725757139906,0.003753623113460262
9,3,-0.0014149957261565076,-0.003077142410168947,0.002763098076949123,-0.008241380448258968,0.0036863694321278228
9,4,8.862499911514259e-05,-0.005239780980507991,0.001783809901298152,-0.005375220919197884,0.004708691986515947
9,Aggregated,-0.0012794508948022,-0.003127718217031121,0.0025363679952916177,-0.006687123956464076,0.003540611782167487
9,Centralized,-0.0012547958407773646,-0.0032504247073261937,0.002491151661249556,-0.006650738580574622,0.0036058467106903406
10,0,-0.0006109914050656436,0.003138801898230582,0.002530881587798774,0.00019375432164936147,0.0010978850711511076
10,1,-0.00016140433735349253,-0.0014236483744409852,0.0033638762547691836,-0.0010239943110341746,0.0006411696766087142
10,2,0.002177243623563562,0.0012209469892133062,0.0006424872153002368,0.0020064256850540908,0.0022671725259810825
10,3,0.0024283705268060497,0.0019175023627822474,0.001330044366909411,0.0012015314644587226,0.002197817287469796
10,4,0.0022499553344199194,0.0011450138487379062,-0.0002726106807867048,0.0033133590379403146,0.0017804744530703141
10,Aggregated,0.0012226525433762056,0.0011993899853687054,0.0015084661849408675,0.0011509296272365942,0.0015979655990070215
10,Centralized,0.0013513871200330845,0.00133716211338612,0.00131881312642582,0.0013705741747754407,0.0016600043786208153
11,0,-0.0014546397576791317,0.0011833687918955263,0.003934127215355287,-0.00406720850494165,0.00018120581629468464
11,1,-0.0033005276052251536,-0.0006784629821350159,0.0014418025715413581,-0.0021720192978360807,0.004251128322484662
11,2,0.0025345976660390078,-0.0036056028790955636,0.0031970722261290036,-0.0033804886407112064,-1.447445268412025e-05
11,3,0.0026264944324288497,-0.0024308130523488392,0.002959188152955124,-0.004540197290577975,-0.00042286993091816084
11,4,0.0032695667043746786,-0.0030857111311069717,0.002543961826849832,-0.002715743690318745,-0.001431082249127653
11,Aggregated,0.0007498787630661077,-0.0017313945299179258,0.0028136418863372193,-0.0033712548271593017,0.0005014355940426249
11,Centralized,0.0010977393219279957,-0.0018592420301939176,0.0028714137109880763,-0.0034029386504726127,0.00020428083123940344
12,0,-0.002750036735418253,0.0024971585916151425,0.002606557101510897,-0.0006770547739300479,-0.0010179280126100883
12,1,-0.004644997204187711,-0.0049291131534231316,0.004618568050556239,-0.0025649288312896033,0.0052109625561593915
12,2,0.0015611638847060358,0.0001284977202898413,0.001197819318559747,0.0031330458685649653,-0.0037267093013748365
12,3,0.0017629844225393885,0.0011742253635322766,0.0016447600472151204,0.0014835951533011048,-0.003740165691038973
12,4,0.0018489298288830113,3.762338457837707e-05,0.0001370609720101316,0.002926660625171072,-0.0036395530246546913
12,Aggregated,-0.0004310263578294118,-0.0002168516606579957,0.0020298306863466564,0.0008723317172032916,-0.0013958276048339274
12,Centralized,-8.161473387924926e-05,5.297528015953031e-05,0.0017943970903106334,0.0011628552587315136,-0.0018697739757754831
13,0,-0.0026117047461183354,0.0025849819483926154,0.00023109156334510939,-0.0008846462125976219,0.0008783860049339999
13,1,-0.0019331169916121855,-0.0014003289514588567,-0.0051261911934128625,-0.0011057785875192923,0.00635875786951627
13,2,0.000290051270127419,-0.001869722799731363,0.0011645380848344757,0.001138862076572126,9.737171939876258e-05
13,3,0.00012144619980581639,-0.0003562001989571101,0.0016544029607503858,-0.0005722460419127273,8.9763360463004e-05
13,4,0.001403230519797749,-0.0016626091304023122,-0.000538914080154392,0.0022873177644998745,-0.0008421986161182125
13,Aggregated,-0.0005346363020982786,-0.0005473373851984659,-0.0005231485403033081,0.00018507759224084005,0.0013038202446125436
13,Centralized,-0.0003619166478718091,-0.0005587101961502833,-0.00026249778290761416,0.00035386817049528154,0.0009216936842829991
14,0,-0.0015740986767607526,0.00272752649015461,0.0029324182955930652,-0.0037104374270186453,0.00041091254864667284
14,1,-0.00034497578142901977,0.0015820766468298275,0.002567902601014856,-0.0071426336598682605,0.0026747525805536363
14,2,0.00011183505472792861,-0.0026088220847146396,0.0019474513666368368,0.00045564266529635005,0.0011743277600889778
14,3,-0.0004892436543102905,-0.0014242599445065229,0.0023387365052329077,-0.0007462646292518777,0.00047002793103060323
14,4,0.0016656909072741903,-0.0016252726844887173,0.0005735936667734717,5.9614569966770506e-05,-0.00030906430849740135
14,Aggregated,-0.00011567668652889953,-0.0002776527352437356,0.0020632558671195484,-0.002203535739331951,0.0008772235097228139
14,Centralized,-1.9731279154737898e-05,-0.000454231147280564,0.0019632850481922834,-0.0018131742694813453,0.0007240260398764834
15,0,-0.0029355359195800362,0.0010213664603324966,0.0018114179837891708,-0.0020375378100021815,0.0011992209156639789
15,1,-0.003270624304464189,-0.0016035897978133114,0.002627140995873209,-0.002620405397735661,0.003590564478712219
15,2,-6.915457068868795e-05,-0.003037103712741011,0.0005418146048949043,0.0005164420447068607,0.001627622828141362
15,3,-0.0002355288413811348,-0.0015941596079392828,0.0009722175192963478,-0.0011217565212717226,0.001635927004349801
15,4,0.0009183870014543127,-0.00271407282165,-0.0001606868469587917,0.0005713973749343718,0.0005732544656337917
15,Aggregated,-0.0011066006761688892,-0.0015921091397203776,0.0011506732796134696,-0.0009295427060519485,0.001718584824814239
15,Centralized,-0.0008863383156396139,-0.0016480863350985789,0.0010050420519433334,-0.0007616166626689097,0.001561433424390482
16,0,-0.00309244640193278,0.00271884600093248,0.0013430217989208867,-0.0040120673534373595,0.002649571647714441
16,1,-0.005797312991907165,0.001232604101431147,-0.0009254745596135761,-0.007120645432143769,0.009070958062507852
16,2,-0.000391642068075973,-0.0012740422373811891,0.0013612896506267217,-0.0005687163636295049,0.0013284349947296288
16,3,-0.000472080100301935,0.00021264041906877973,0.0014175502330389508,-0.0025957584787807924,0.0013376177044491482
16,4,0.00025902003611733373,-0.000475380122831844,0.0002202211369896854,-0.0003401911026498635,0.0006568859291184217
16,Aggregated,-0.0018863043625168719,0.0004773365632653856,0.000680600586382548,-0.002912357103079908,0.002994976846285462
16,Centralized,-0.0015620551123714068,0.0003827133481694528,0.0007489792141130168,-0.0025508214157816352,0.002542914319247271
17,0,-0.0042173739047963585,0.0021038308854334164,0.00280591093049484,-0.002499931825168919,0.0014117382563477684
17,1,-0.006690195909501196,6.48590207350197e-05,0.0031902844772835714,-0.0035985106254085132,0.007282802421860132
17,2,-0.0005861774568179906,-0.0017412481486727158,0.0014059795776046582,0.0011820554265307307,-0.0001234668024874134
17,3,-0.0005272615827599692,-0.0003798722476411128,0.001990991836866668,-8.51721084890659e-05,-0.0005039316051756393
17,4,4.032417535127323e-05,-0.0016053878205696084,0.00012754634665153216,0.00038870345993414953,0.0005136216163678181
17,Aggregated,-0.002381928972720925,-0.0003191258862190105,0.0018937552665243566,-0.0009149214008792054,0.001709164816539749
17,Centralized,-0.0020196720217289634,-0.00040615339290058785,0.0017365850442002061,-0.0006967680849666628,0.0013370119178581366
18,0,-0.002077642222882569,0.0029092191570289304,0.0010225357975070283,-0.0023516619864623906,0.0014113631573630732
18,1,0.00043466293259155443,0.001724609050376926,0.0012042747895350695,-0.005201003409911827,0.0023828254783971577
18,2,-0.0010012066245368046,-0.0018090506848408756,-0.0007225430217527307,0.001824896603337454,0.0014526072863594401
18,3,-0.0014900445575167047,-0.0004170354086866797,-6.712900552933166e-05,4.032752632725512e-05,0.0008114453791149593
18,4,0.00033645129369526866,-0.0013215757888023678,-0.0007438883403762725,0.0010867705877832146,0.0007592904699960138
18,Aggregated,-0.0007531349584958174,0.00020824956669898725,0.00013349473036774752,-0.0009084201679064735,0.001359984604578166
18,Centralized,-0.0007675731002759997,4.388047478124379e-05,3.0432630832326798e-05,-0.0005688667923575548,0.0012733288546358291
19,0,-0.0033313423757285734,0.0014840527055341197,0.001622427025467645,-0.00229256837079601,0.0015136368098436206
19,1,-0.0034598734422241853,-0.003615686570986759,0.0012880170083353164,-0.003114298804878296,0.006826644705743873
19,2,-0.0011595175205186001,-0.00087202979043077,0.0021004023212563023,0.0004967581942563803,0.00015103633406195657
19,3,-0.00125649571358921,0.00032123256847550925,0.0025018178029069314,-0.002042884487143341,9.983872800681434e-05
19,4,-0.0002113774527115549,-0.0012888045462016403,0.0009136441857984734,0.0006962884621810846,-5.767547452627346e-05
19,Aggregated,-0.0018739568443859825,-0.0007971592744096622,0.0016807355042797202,-0.0012399405095232677,0.0016964122558519202
19,Centralized,-0.0017026306536653203,-0.0006651596806959481,0.0016675956606077838,-0.0010422317734211642,0.0013251506147863848
20,0,-0.0049463211620593,0.0026401216333517235,0.003063725565941178,-0.0011578431660897984,0.0008182117489100129
20,1,-0.0036220286307537468,0.0009779577867241338,0.003269970664572684,-0.0032181691537709295,0.003964999271914393
20,2,-0.004096783157750227,-0.0011063848986016987,0.0022202427600861263,0.0016500459477939784,0.000786696344221687
20,3,-0.004290857239133417,0.0004668682240240798,0.002946404466736764,-0.0001011283486658641,0.0005324350522114625
20,4,-0.0021134274646157597,-0.0011839879561138596,0.0005339977469723182,0.001322085544272933,0.0005925908211975417
20,Aggregated,-0.0038039339117060898,0.0003498933309066656,0.002395909531677564,-0.0002915172662037301,0.0013346385333645662
20,Centralized,-0.003730675812207323,0.0002376272633950266,0.0022589307818822986,-4.9993827212498526e-05,0.0011520588767903249
21,0,-0.001073101457394854,0.000983457757551808,0.0010222186011938203,-0.0026271133024096216,0.0009891691768858782
21,1,0.0008217763128192002,-0.0034663113747358605,0.0038815240141446346,-0.005578810967918722,0.0023174649215159365
21,2,6.973696177746125e-05,-0.0010680181559386678,-0.0003324387023737339,0.0011994473908015974,0.0016893160227700432
21,3,-0.00037147745765092794,0.0002843110993628495,-0.0001419416276879193,-0.0001535911714285021,0.0016970916020707049
21,4,0.0012549876710064819,-0.0008177175129619342,-0.000692821145703688,0.00014973541184147102,0.00039257346457709507
21,Aggregated,0.0001469098709322537,-0.0008168814411154703,0.0007389062053238502,-0.0013930184574095943,0.0014111283867843502
21,Centralized,0.0001606712304491248,-0.0006715730887767335,0.0004949645211564231,-0.0010791656696155737,0.0013148485093342007
22,0,-0.0018979571771443465,0.0036750993812224002,-0.002082287638795877,-0.0018130168212914513,0.0015525187273850696
22,1,-0.001246365514116247,0.0014162554632739077,-0.005888960469536212,-0.0023312105509461205,0.006385702687630068
22,2,-0.0004360328873101902,-0.0005170917380761318,-0.0006278053009783041,0.0012671487053503433,0.0008092669735561627
22,3,-0.0007197378985918397,0.0006579609582991428,-0.00013569765817348923,-0.000804657438636742,0.0008444592135228598
22,4,0.0006926823890960905,-0.00014235406644501531,-0.0023209611984350677,0.001433029043288194,9.659504970281433e-05
22,Aggregated,-0.0007132152451310631,0.0010111976756161348,-0.002211823575886894,-0.00043872831098749844,0.001926966258589482
22,Centralized,-0.000616204173373038,0.0009255006772847472,-0.0020028230509533005,-0.00024294315448060249,0.0015912664843374077
23,0,-0.0037479706939134725,0.002254118849593951,0.002462788750725849,-0.0020923827358191077,0.0014043175133920578
23,1,-0.0058346808010386175,-0.00010310757014470966,0.0030737725158995356,-0.0020572218655962554,0.004883629488852017
23,2,-0.0008686784009179475,-0.0018184165153178223,0.0015118665783630922,0.0007920309238991081,0.0004780354375290461
23,3,-0.0015963546038788579,-0.00046650457138126545,0.0018512284540855592,-0.000713866685040578,0.0007711453561025668
23,4,-0.0003431572645977987,-0.0009885853323193519,0.0009271538128588784,0.0004910688253905097,0.00016623328000634486
23,Aggregated,-0.002465704010271606,-0.00022896120424796326,0.0019592949569811387,-0.0007090175618119448,0.0015326519518668277
23,Centralized,-0.002172007470096222,-0.0002789721127372506,0.0018456985618385787,-0.0005729348169762134,0.0012798954569290136
24,0,-0.0024213083117554258,0.0022436694765590637,0.0006924837124498993,-0.0021134379366775065,0.0017113826008181231
24,1,-0.003688564799210835,-0.0015183844508379284,0.0014259725750043815,-0.002173984723109157,0.006587240945263965
24,2,0.00020987274755025856,-0.002286045018850154,0.0007624859784869959,0.0007272275145646517,-0.0003138014164421129
24,3,-0.00014542472292190152,-0.0011048057937206055,0.0010114133101734007,-0.0005210135030611925,0.0005607299152158398
24,4,0.0005521466979976557,-0.0012294446721072864,-0.0006702064693418303,0.0005771293093417932,-0.0003711238521381564
24,Aggregated,-0.0010890232971686696,-0.0007816291712421733,0.0006367377239436302,-0.0006933485724867379,0.0016231790480668493
24,Centralized,-0.0008622920016984041,-0.0007701053232350097,0.0005340496912094058,-0.0005466132926177998,0.001249817082879188
25,0,-0.004919576978600337,0.003228061876326145,0.003461408392084121,-0.0009698264852621513,-0.0019672694572445406
25,1,-0.007908280867848541,0.000898004561386484,0.005142035171753574,0.0007127611517689,-0.002688944508816343
25,2,-0.0012399170035849653,-0.0008085738350631227,0.0021500073433544766,0.0012578470369774182,-0.0005751339178335322
25,3,-0.00175808424239239,-0.00011544848795308112,0.0022110433976246097,-0.00042013915542636984,-8.955290410227468e-05
25,4,-0.0006559408872911916,4.427414573257571e-05,0.0012113450240783623,0.0012738291959937661,-0.0018008310799747056
25,Aggregated,-0.0032809534891655207,0.0006457413900248626,0.0028256869976416125,0.0003761876946424254,-0.001426572420709017
25,Centralized,-0.0028908199750760986,0.0005936022759027789,0.002616339491835046,0.00040086888567180773,-0.0013658563478248528
26,0,-0.0034279241069542156,0.0029545206723493598,0.0007772825547917241,-0.0018228420432533467,0.002179982072940632
26,1,-0.00403120641103993,0.0010633261491936885,0.0031697156141044414,-0.002728973625723637,0.006147080544977071
26,2,-0.0007749719005392387,-0.0008814926761295333,-0.0007510921837651683,0.001549908340913018,0.0006819288688847005
26,3,-0.0006159867261089552,0.0004888444096984653,-0.00033182617338276265,-0.0005348775223243174,0.0008882726080236455
26,4,0.0004396582326106976,-0.00023267046667079145,-0.0012566995722917854,0.00104605541735908,3.2608253485276e-05
26,Aggregated,-0.001669702870082902,0.0006731825883091564,0.00031226257714819675,-0.0004891180125017684,0.001974576068312942
26,Centralized,-0.0014339719257676908,0.0006010233629010033,7.865852699452577e-05,-0.0002879639624046646,0.0016479584622469512
27,0,-0.002287161575728144,0.002408255917877015,0.0007336597415783676,-0.0027111157887904145,0.0011717082379371921
27,1,-0.002389469629341834,6.794806416734096e-05,-0.001726742489119364,-0.003276103088703658,0.0044343525894361
27,2,-0.00048325126900660803,-0.0013865333757272632,0.0011304268349105991,0.00041250660958016736,0.000980965123677501
27,3,-0.0005675803416773289,0.0003646244187419258,0.001214271131822762,-0.001356869979155865,0.0006519250369266334
27,4,0.0003618548956217512,-0.0006716056746579287,-0.00029715294676910806,-7.899055554520344e-07,0.0004520685742758527
27,Aggregated,-0.0010647424486957915,0.00015169273656049314,0.00020790357192857812,-0.0013783744739298005,0.0015318712326724466
27,Centralized,-0.0009208192629161042,0.00011110526344931723,0.0002945454983440482,-0.0012021794283034238,0.001318260935627515
28,0,-0.001317037177724555,0.002924327670092925,0.0018959772721225214,-0.0053642900912990905,0.0020186867031948452
28,1,-0.0017495738993985163,0.002331994044780311,0.0014713541874508934,-0.008714272438040179,0.005439520205978563
28,2,-0.0003250575051512087,-0.0007804696476958417,0.0015639249505499545,-0.0012939291159099393,0.0008955565990333055
28,3,-0.0006987143534442482,0.0006860910308650511,0.0021681407098136994,-0.0027343095884986846,0.0008023375529818698
28,4,0.0011391541118701092,-0.00010959766802745852,0.00012065925920529316,-0.001947396666865503,0.0006196172970984986
28,Aggregated,-0.0005801338933342993,0.001003927451884038,0.0014362614926044406,-0.003998801058311631,0.0019473581133780868
28,Centralized,-0.00043526114287815537,0.0008700147286097314,0.0013732915235217691,-0.003627828118874503,0.0016867569448768569
29,0,-0.0026149487175846126,0.0011635112885661826,0.0015045848705265374,-0.0019164348792974314,0.0019515314479099655
29,1,-0.002374175729315129,-0.000789573963200226,0.0007635173457722577,-0.001955232034126301,0.005618950125116571
29,2,-0.0012606929874557286,-0.0010769024548403505,0.0012662346041983797,0.0009779639022319284,9.613219129192737e-05
29,3,-0.0017530914330598937,0.00012294342456287596,0.0014061449953042297,-5.8467678150662485e-06,-0.00046599255032157654
29,4,-7.35813158544892e-05,-0.0008608651983187008,7.898540879629304e-05,0.00040737623566322785,0.0005416157471978738
29,Aggregated,-0.0016062827812872045,-0.0002915329850188159,0.0009984789784436756,-0.0004931487556090432,0.0015425995850010226
29,Centralized,-0.0014895370989821725,-0.00029328573395645817,0.0009686957164039862,-0.0003637575637814139,0.0012620477100494113
30,0,-0.0023511809298669686,0.002177055108464976,0.0018991138259818242,-0.0016138474152755536,-0.00017930173910285136
30,1,-0.0027629775429186877,0.0010323329592500836,0.003790203503558635,-0.0026163392207888196,-0.0007896191128464699
30,2,-0.0005794821794506874,-0.0017351807888126589,0.00015101823729751865,0.0012672581087283799,0.0010538660890176891
30,3,-0.0009165783329393652,-0.0007879604200891982,0.00030819636164417706,-0.00010741734311575287,0.000759023166914304
30,4,3.65093866029768e-05,-0.0006619046844935953,-0.00010745293347784827,0.0005400674039251448,0.00016652252858615952
30,Aggregated,-0.001306850204966547,9.85524793094565e-07,0.0012005415587242007,-0.0004999477236700027,0.00020187971399989734
30,Centralized,-0.0011591975129384498,-9.575626418861042e-05,0.0009911137227293096,-0.0003282181729551766,0.0002584822499946469
31,0,-0.0025942308205899145,0.0026024290795093052,0.001592472266171883,-0.0020951603708560065,0.0010553775752363372
31,1,-0.0030919527283288137,0.0026607202095576175,0.0010459600378491714,-0.0024441772312693475,0.0038799810834721227
31,2,-0.00022319467863470832,-0.0022995427656892276,0.0013148055567786577,0.0005877176559927912,0.0010443099496924364
31,3,-9.314099738379767e-05,-0.00045256077722589293,0.0015907648247271903,-0.0011918364583504177,0.0009702284233764476
31,4,0.0003267837983902215,-0.0008866857724312154,0.00022001775631643738,0.0004172669505844606,0.00042834917607553204
31,Aggregated,-0.0011266204948049815,0.0003178040606881784,0.0011473428931043305,-0.0009372682307938386,0.0014695364052077309
31,Centralized,-0.0009438013389071058,0.00012139021577291242,0.0011095225792190013,-0.0007858662090106689,0.0012860188756106774
32,0,-0.003128302640119902,0.0008557047558056863,0.0018550028491702785,-0.0009754132909818886,0.0006231185093149053
32,1,-0.0018138114195702753,-0.00026226986444444954,0.002224065852084132,-0.0022859625543815267,0.0023609885354807423
32,2,-0.001934562201832211,-0.003915429854544802,0.0015306505657546239,0.0019252402557144387,0.0005935490690551076
32,3,-0.0022680087682269653,-0.0026437031735523347,0.0015849732226477546,0.0009869485145966334,0.00023083917424949013
32,4,-0.00045154682276031993,-0.0027992618120617568,0.000642499753425115,0.0010546569291632168,0.00047675659194009454
32,Aggregated,-0.0019106598306426572,-0.0017590915378130475,0.0015620310577494339,0.00014641857929191665,0.000854839041420214
32,Centralized,-0.0018453042175050126,-0.001897639119214393,0.001480814559832298,0.00032939670485551686,0.0007519518065273132
33,0,-0.006093577382119184,0.0034396307019246,0.0022663763123529765,-0.00017307208305305613,-0.00010501803665357302
33,1,-0.010686180907597532,0.002716933399055732,0.002922261557691174,0.0014531600507334374,-0.0007070030575690555
33,2,-0.001950694543818456,-9.347262015928688e-05,0.0012509075357747285,0.001445293351608204,0.0009165467359430783
33,3,-0.0025035510173456064,0.0016628920607839742,0.0012491495047540278,0.0004522890589337728,0.0007201284928863498
33,4,-0.002368503330944377,0.0002704182452784134,0.0010382554880226992,0.0011307936000240326,0.00017723579049183739
33,Aggregated,-0.004706793795974652,0.0015915108187006062,0.0017412656292702926,0.0008632736410940893,0.00020023289778799543
33,Centralized,-0.004250135497175428,0.0014595083485291185,0.0016383781397381586,0.0008440771675657997,0.00025219085324756734
34,0,-0.0033315154953943494,0.002692827912867578,0.003343591933988623,-0.002091264952589118,-0.0011534666258395053
34,1,-0.003489070580593265,0.0005405323412996154,0.005981036198695823,-0.003056037311868687,-0.0005639351494163882
34,2,-0.001047872046432193,-0.0008158564174917106,0.0022172073469801544,-2.6255371661723646e-05,-0.00026488520060957883
34,3,-0.00043698372886025183,0.00032472712316413966,0.002209936233272301,-0.0019814874745614137,-0.00026962720521024516
34,4,-0.0004032087669416077,-0.00035792080778518457,0.0014740581778395065,-0.000506333497348201,-0.0009021073549977675
34,Aggregated,-0.0017339299223547927,0.0004719848774392394,0.003035997255600585,-0.0015262697380633741,-0.0006323971172227068
34,Centralized,-0.0015670255102766845,0.00042219096388536234,0.0027939091319780433,-0.001389316750757197,-0.0006446868982976223
35,0,-0.001887911078699848,0.0006301618315762397,0.00166761957449209,-0.0012155980876812364,0.002009236100446918
35,1,-0.0013276081148318344,-0.002458861786663469,0.002493134662541898,-0.001961052389947526,0.005970129476708805
35,2,-0.0009018962962427342,-0.0018234099796382583,0.0005048055023432631,0.0011989810836349165,0.0013770936651176088
35,3,-0.0014282859111861982,-0.00023747252225111425,0.0005618299732340052,-0.0001990695797926397,0.0010350558082057094
35,4,0.0004604904034716861,-0.001452944893833713,7.03132414474894e-05,0.0006401515032362582,0.001076467260899605
35,Aggregated,-0.0010083969987466454,-0.00107076851970639,0.0010537670939009015,-0.00030178076625805833,0.0022865050309499916
35,Centralized,-0.0009216094274465172,-0.0010133227183382989,0.0009248017612478509,-0.00016159429551491818,0.002020956663694612
36,0,-0.0022453433647682836,0.0026060309421802002,0.0009595658630549934,-0.0018341621896569367,0.0007970943911272158
36,1,-0.003223417423671567,0.0011770616425163841,0.00054071234760709,-0.0020220258135620933,0.00392843969704799
36,2,-0.0005867528217373685,-0.0012562736696409642,0.001323848300242586,0.000278578001555016,-9.985303564584714e-05
36,3,-0.0008967142654964668,0.0004788808118623903,0.0017415954633408523,-0.0008384544834717595,-0.0006191917788159843
36,4,0.0002855156867419902,-0.0007515245670725571,0.00013376654953387208,-0.00021292630645763366,6.585618207958776e-05
36,Aggregated,-0.0013238870569488449,0.0004438056796999019,0.0009351700584514528,-0.0009216324578453163,0.0008101198418620846
36,Centralized,-0.0011399043321553188,0.0003403416759688962,0.0009215811808486777,-0.0008225054798446346,0.0005984098408385337
37,0,-0.003468692980259445,0.0023661281454346334,0.0019706676629157953,-0.001749904061760806,7.707926577799155e-05
37,1,-0.004960216207663446,0.0013921613767740371,0.002960154669819631,-0.0022011840943241432,0.0015017598282527115
37,2,-0.00074071989481486,-0.0012367897734084801,0.0007231865434838586,0.0007252421033292646,0.0005830565415629549
37,3,-0.0012592801053936454,0.0005508845162462093,0.0008841897404249594,-0.0005991828974064565,0.00030986595385021354
37,4,-0.0005379617053031453,-0.0008327513051110329,0.00041669360675820243,0.0005197869077874302,3.2821531638247785e-05
37,Aggregated,-0.002183714487335465,0.0004404379894106591,0.0013852924707595847,-0.0006541465796165767,0.0004981838095672909
37,Centralized,-0.0019449777776607631,0.0003220049070773473,0.0012486784023954755,-0.0005091532746023965,0.00042166301057719273
38,0,-0.0029361673480344437,0.002265313869573397,0.0006330376537584263,-0.002008308276610951,0.00214349506588176
38,1,-0.0036264228460449197,0.0005883850097505953,0.0006799327732536442,-0.0035234612033323955,0.006148437374084362
38,2,-0.0005827484662340001,-0.0016442753802824997,0.0014818277438995294,-0.00016343462890895942,0.0011057521576637438
38,3,-0.0008888440407655731,-0.00037694740567117784,0.0016386422377496906,-0.0012091929573000545,0.0009944612448889991
38,4,8.984087559444354e-05,-0.000999607928002245,0.0005258577349272847,-0.0003664233578522691,0.0008523272177582179
38,Aggregated,-0.001579068070158469,-3.906804907944896e-05,0.0009891232510812508,-0.0014478099266190523,0.002240754133093623
38,Centralized,-0.001381854437939841,-0.00012602092903793254,0.0009866984134100439,-0.0012774126097218333,0.0019539623094034426
39,0,-0.003860049790010055,0.0013642702194677143,0.0016526236155234898,-0.001041268630602086,0.0011831287721202908
39,1,-0.0060461099769331655,0.0017232609972833083,0.0030745804804222206,-0.0011319463439675695,0.0033995148562313902
39,2,-0.0006437189123114668,-0.0023241029894768227,0.0006713250197504545,0.00042048101014755625,0.0007221873218325338
39,3,-0.0011341442411998562,-0.00037914612358338204,0.001108322099241867,-0.000890760490988828,0.00011637535513931614
39,4,0.0002697153889857214,-0.0016706136188002615,0.00017482376599538366,0.00026554713740327695,0.0003658380765446075
39,Aggregated,-0.00226796116647458,-0.0002655262322694841,0.0013295492663320308,-0.0004712490551959618,0.0011528010973390285
39,Centralized,-0.0019321327493026905,-0.0004466281312016207,0.0011763282633590175,-0.00039821840447520906,0.0009884592348829546
40,0,-0.0027762398145681055,0.0025851069652645647,-0.00012955922314535445,-0.0013611094767765823,0.002387817661752552
40,1,-0.00431575172036421,0.000508587966212957,-0.0010870339237881398,-0.0010002763718699275,0.005795438375772746
40,2,-0.00038933876136143704,-0.0005189954419236041,0.0008282909213190359,0.0002725245728920439,0.0006525329904438105
40,3,-0.000962628465036508,0.00028819581351181844,0.0014166977642188902,-0.0008354896549038621,0.0005479500177251092
40,4,6.724771086163243e-05,-0.0005428128619663103,2.578241451819211e-05,0.00025541414190845914,0.0008031844552168737
40,Aggregated,-0.0016651687170663046,0.00045813402243921776,0.0002097310563740853,-0.0005291681085242432,0.002030197828069661
40,Centralized,-0.0014314344454315786,0.00040254966127828694,0.0002769668039100522,-0.0004638598207544799,0.0017570061048984066
41,0,-0.003395263629582652,0.003485334364300536,0.0016070882389700872,-0.003090170238331741,0.0009040223941987521
41,1,-0.00517105114375017,0.0035416460563288455,0.0023313734074294303,-0.0056729706046210245,0.0026033452932861245
41,2,-0.0003798166730209801,-0.0011442316518759357,0.0014441963606183679,-0.0005704079360331914,0.0011023363780597705
41,3,-0.0007978855874076854,0.0007624989075576507,0.0018841229556603694,-0.002231986748061875,0.0007325652935070916
41,4,-0.00015201489723724038,-0.0005721725127905309,0.0005987214247959282,-0.0008646823143409569,0.000738648568248144
41,Aggregated,-0.00196854716123266,0.001204178252395637,0.0015673985308464965,-0.0024765701116427055,0.0012134011034775948
41,Centralized,-0.001697836356964553,0.0009820488953348138,0.0014791082722537725,-0.0022170468273223537,0.001112749262976076
42,0,-0.0035310830960701145,0.003444001751350791,0.00022338627739914573,-0.0011813519749095734,0.0006316013587364213
42,1,-0.004923901204845468,0.004733185913447727,-0.001025521705982746,-0.0014785132206238875,0.0024118965617511284
42,2,-0.0008427229769122357,-0.0007208799028268468,0.0003369285668213188,-0.00016317665475625668,0.001091742171693997
42,3,-0.0011124380596965531,0.0004530253782709354,0.0009311770819931453,-0.0014025296330208547,0.000519282766042269
42,4,-0.0001848225041582552,0.00021141171680632472,-0.0004446854392541444,-0.00032664890587160523,0.0006415559649762749
42,Aggregated,-0.002107705660316638,0.0016159123947190334,1.6150232395057692e-06,-0.0009070220146471564,0.0010567843666333206
42,Centralized,-0.0018544200889278458,0.0013664741272538185,4.01871755811356e-05,-0.0008462996499934261,0.0009614782417018935
43,0,-0.002150550023940475,0.001957891935364322,0.0014129207485514097,-0.001774115683854031,0.0003859226927129746
43,1,-0.0004978952242443287,0.001674016941520771,0.0010672821013045749,-0.0018696839261035936,0.000685220671871208
43,2,-0.001061979247455743,-0.0011123051048350717,0.001303300452292557,-0.00043579299351955515,0.0010541035043645666
43,3,-0.0012653997809864426,0.0005265212562023983,0.0013284579016571846,-0.0016636679727351075,0.000746199844536639
43,4,-0.00018337312270754746,-0.0006462203190277618,0.0005796189704411332,-0.0002978430103574829,0.00041829710865958305
43,Aggregated,-0.0010268750616991024,0.0004733964516379712,0.0011350463855662747,-0.0012028901899343706,0.0006565461306933284
43,Centralized,-0.001014601140932848,0.00034915422419027156,0.0011120511098062862,-0.0011210812001177693,0.0006447985143245581
44,0,-0.003713353734286906,0.0026220379824249455,0.0010506214366589246,-0.00208901049592269,0.002039703612047966
44,1,-0.004166647254886897,0.0013125733677746387,0.002022267146234234,-0.003517899132334253,0.004640408116196164
44,2,-0.002470422015147216,-0.0006912493528719986,0.0014172647827131975,0.0005820752816865282,0.0011256289611821328
44,3,-0.0030032659157903626,0.0006545138009003664,0.0015233874588184574,-0.0005828307740459948,0.001062159809056401
44,4,-0.0008752911747417065,-0.0003953108404052941,0.0006688451403802716,-0.00020552085523377803,0.0008255349427817656
44,Aggregated,-0.00283427375810189,0.0006941078285646639,0.0013325707861540645,-0.0011570529627885273,0.0019321962881658234
44,Centralized,-0.0026653442630994563,0.0006024259945141238,0.0012634525257121897,-0.0009748299180010199,0.0017258900950129978
45,0,-0.003361988439503874,0.002277304563968364,0.0009852577617763573,-0.0009728681790766672,0.0009478211274281741
45,1,-0.002796604818217154,-0.0009014017653078206,0.0012162916601403913,-0.00012044934478752656,0.0032305635596309684
45,2,-0.0013241832397485867,-0.00042559885288163214,0.0010374516380728153,1.413776580501865e-06,0.000411348388058951
45,3,-0.0014138275158716777,0.000692376000234333,0.0013809320937990634,-0.0015364048426646025,0.00015688421162891227
45,4,-0.00041309237454427715,-0.0001250968909406856,0.0001927940722628835,-0.00013743640626257732,0.0002790230479329914
45,Aggregated,-0.0018534779747394503,0.0003010036644193406,0.0009580376982744315,-0.0005507002606337319,0.0010008993560035734
45,Centralized,-0.0017283494261359324,0.00034261208444353876,0.0009085372709634036,-0.0005544774816716021,0.0008407900115872807
46,0,-0.0007276219853117817,0.0015542517343878266,0.0020539359633465213,-0.004194394155357885,0.0008681705156298764
46,1,-0.00011307768916674158,1.3926443374717712e-05,0.00363525321448189,-0.00838826400076379,0.002740384516795012
46,2,2.4665752107462988e-05,-0.0007337031756267006,0.0010281804159847946,-0.0007719550789633887,0.0010119196742410777
46,3,-0.000131018564459461,0.0009507083859296763,0.0010783981723364005,-0.0018138549443075913,0.0007254760745567236
46,4,0.0009584380451315507,-0.000725607215806016,0.000791598921480525,-0.0017455331895916877,0.0007177610739679347
46,Aggregated,7.869206269801328e-06,0.0002064206795341872,0.0017120728586595773,-0.003373258629587585,0.001209857969374973
46,Centralized,5.863562517263166e-05,0.00017104263955930178,0.0015580919317339903,-0.003006721620696396,0.001100512256399087
47,0,-0.0026148240447763853,0.0011422061596536675,0.00134422258090078,-0.0018765410085014357,0.0010661546637297376
47,1,-0.0034890982612840273,-0.0011271961376081625,0.002606688817420507,-0.0024296183305291728,0.0030397325923661733
47,2,-0.0006292036440487222,-0.0016601133608740613,0.0007684359393130002,0.00015097009239195918,0.0012343827956724609
47,3,-0.001241167397008074,-0.0004602902724009613,0.0005676465281003481,-0.000559157011383693,0.0012214725892012751
47,4,-0.00010584111654109255,-0.0008786565191408099,0.00037163415412336254,-0.0004082659202958342,0.0006746661498327847
47,Aggregated,-0.0016072056301937403,-0.0005984602350654545,0.0011272928545255027,-0.0010209286633062508,0.0014427694153025666
47,Centralized,-0.0014279373234772047,-0.0005866997525858906,0.001007403877039867,-0.0009084767786373164,0.001317432900083453
48,0,-0.0034904060452920606,0.002387742452367946,0.001381773766803936,-0.00043681929213551795,0.0010817442592806
48,1,-0.004546680876625733,0.0014871106633099782,0.0021529774671341594,0.00024429028890137947,0.00318377068659098
48,2,-0.001087699607309649,-0.0009990539978148166,0.0009529991443031441,0.000734006274041793,0.0009067406585274311
48,3,-0.001415745230792694,0.0005366610193896818,0.001124952297781844,-0.0004616558027417672,0.0008292743035053554
48,4,-0.00043651709810933287,-0.0005922422336470298,0.0005109486309008843,0.0006324189519229251,0.0004655740170065453
48,Aggregated,-0.0021851422375549273,0.0005572846144971461,0.0012205594769557754,0.00014532377603313068,0.0012885900630830146
48,Centralized,-0.0019656946058561413,0.0004457538162258098,0.0011339228854862224,0.00016309713311886686,0.001143399330325906
49,0,-0.0021100860601749576,0.0030541081082108945,-0.0005915380050463529,-0.00121283049235927,0.00030774360955750833
49,1,-0.0032198272430312602,0.0033566938325694257,-0.0025427625347096685,-0.0007052718823171433,0.0011769345516675503
49,2,-0.0006626528650203587,-0.0012096339886912056,0.000198713570759478,0.0006843483902301624,0.0010888577002230615
49,3,-0.0010772496678367633,0.00014931285994921977,0.00029124257686722796,-0.00035610715299855175,0.0007955384706961943
49,4,5.672194627796371e-05,-5.373046155446593e-05,-0.0006252452385075741,2.4403747760095203e-05,0.00033104948723329254
49,Aggregated,-0.0013940938150989648,0.00105286032057101,-0.000653768133133749,-0.0003111177176238837,0.0007376329056570766
49,Centralized,-0.0012218250713166327,0.0008629718863076508,-0.0005434997361548954,-0.00026957245685475063,0.0006956427089786434
50,0,-0.0025877675221465547,0.003075612823893233,0.0005442239060674897,-0.0018086203785213973,0.000888016794265023
50,1,-0.002925249702333214,0.0035164127127522943,0.00038217647465236724,-0.002916981307049532,0.0026274246842075606
50,2,-0.0008539306627538703,-0.0008249787364223946,0.0006563408131755932,-4.292369485945265e-05,0.0011038909667665066
50,3,-0.0009971752625096142,0.000903634336605195,0.0007858958851875736,-0.00151118782859359,0.0006536266166079533
50,4,-0.00020307550899750781,-0.0004015004007716039,0.00021223825734333624,-0.00034210905558890913,0.0005429588633396422
50,Aggregated,-0.001505789264181661,0.0012441658888986459,0.0005143932095866561,-0.001318618804380286,0.0011595674484562615
50,Centralized,-0.001361580769963867,0.0010331985320929623,0.0005079420845475052,-0.0011804518312017287,0.0010483122107124395
