Round,Evaluator,2,0,5,4,3,1
0,0,,,,,,
0,1,,,,,,
0,2,,,,,,
0,3,,,,,,
0,4,,,,,,
0,5,,,,,,
0,Aggregated,,,,,,
0,Centralized,,,,,,
1,0,0.039336492890995126,0.09849921011058362,0.02069510268562401,0.05047393364928928,0.03850710900473924,0.03921800947867302
1,1,0.05576441102756879,0.08379281537176297,0.033542188805346596,0.05994152046783612,0.05956558061821215,0.05075187969924813
1,2,0.05405179615705973,0.07994987468671669,0.028571428571428588,0.0600668337510443,0.060066833751044414,0.05814536340852131
1,3,0.06148705096073561,0.07723475355054293,0.03291562238930657,0.06265664160400977,0.06299081035923132,0.05860484544695073
1,4,0.058939014202171625,0.08065998329156196,0.029072681704260656,0.05868838763575614,0.06211361737677537,0.05639097744360906
1,5,0.05584795321637394,0.07593984962406035,0.03913951545530484,0.06035923141186301,0.05881370091896399,0.040726817042606625
1,Aggregated,0.05405914952381827,0.08286906233936114,0.03053667750065138,0.058599170780690914,0.056787800483681164,0.050502726004721554
1,Centralized,0.054095986760446836,0.08282995448903635,0.030561301889394585,0.058619500758516074,0.056833540201351535,0.05053096124672475
2,0,0.01461295418641394,0.04940758293838859,0.02847551342812005,0.014691943127962083,0.03301737756714064,0.028041074249605124
2,1,0.03015873015873002,0.005931495405179495,0.041979949874686784,0.02426900584795321,0.04352548036758582,0.04461152882205519
2,2,0.03011695906432747,0.010066833751044342,0.04289891395154554,0.024686716791979944,0.03304093567251456,0.04214703425229735
2,3,0.02451963241436926,0.010735171261486983,0.04064327485380126,0.02481203007518799,0.040476190476190325,0.046783625730994156
2,4,0.02067669172932322,0.0068086883876358134,0.03542188805346697,0.027694235588972427,0.03905597326649958,0.03575605680868835
2,5,0.029615705931495404,0.010693400167084458,0.04110275689223053,0.028195488721804503,0.04156223893066005,0.03429406850459485
2,Aggregated,0.024826190272685626,0.016012394770456982,0.038301163628552015,0.023945953452777384,0.03838128326778865,0.03847891748953646
2,Centralized,0.024851744586953547,0.015928837401737457,0.038325748172665756,0.023969107709281498,0.03839470417873397,0.038505033788443055
3,0,-0.02065560821484984,0.06172985781990519,-0.02259083728278042,-0.0012243285939968537,-0.0007503949447077693,-0.023617693522906824
3,1,-0.0025062656641604004,-0.01729323308270681,-0.008688387635756077,0.006474519632414378,0.0036758563074352326,-0.009231411862990823
3,2,0.00029239766081869725,-0.008897243107769393,-0.0031328320802004993,0.010776942355889694,0.020760233918128666,-0.009774436090225519
3,3,-0.005847953216374253,-0.012322472848788622,-0.012322472848788643,0.011361737677527146,0.004845446950710096,-0.01578947368421054
3,4,-0.00254803675856305,-0.02272347535505428,-0.006516290726817035,0.010735171261487033,0.005973266499582234,-0.00998329156223891
3,5,-0.00396825396825397,-0.011904761904761868,-0.004678362573099434,0.00342522974101922,0.01896407685881368,-0.009356725146198851
3,Aggregated,-0.006049509329183616,-0.0011390699471980808,-0.009809940462401004,0.006827185884574609,0.008795588380361903,-0.013086617124852528
3,Centralized,-0.006012963729140809,-0.0012963729140808137,-0.00977796166046064,0.00684733140256516,0.008819473176113621,-0.013060267549303497
4,0,-0.011966824644549748,0.05221169036334899,-0.020142180094786646,-0.0014218009478672868,-0.00928120063191154,0.004818325434439156
4,1,-0.004218880534669991,0.00810359231411865,-0.006599832915622381,0.017627401837928165,0.007101086048454474,0.02059314954051804
4,2,-0.0071010860484544795,-0.002715121136173779,-0.0131578947368421,0.019674185463659125,-0.0033416875522138834,0.021679197994987406
4,3,-0.0024644945697577265,0.00438596491228069,-0.002464494569757749,0.019757727652464457,0.01044277360066832,0.007936507936507915
4,4,-0.0022556390977443415,0.0033416875522138765,-0.009273182957393464,0.024770258980785234,0.007602339181286534,0.0234335839598997
4,5,-0.009064327485380115,0.002923976608187146,-0.01173767752715122,0.015831244778613245,0.0018796992481203176,0.022723475355054226
4,Aggregated,-0.006247932064398578,0.011864845591638857,-0.01067738459499852,0.01583050597767484,0.002260461262082608,0.01671963586584259
4,Centralized,-0.00623362294855884,0.011763894635222778,-0.010653702937525841,0.015873672596883184,0.002289339401461863,0.01674941387394837
5,0,-0.010545023696682497,0.057898894154818095,-0.006042654028436002,-0.012954186413902002,-0.012006319115323889,-0.00450236966824645
5,1,0.012113617376775253,0.003968253968253966,0.002130325814536331,0.003550543024227215,-0.011111111111111118,-0.0006265664160401184
5,2,0.00822890559732664,0.004010025062656649,-0.001879699248120325,0.01161236424394315,-0.006432748538011684,0.0045112781954886935
5,3,0.010150375939849606,0.008813700918964062,0.0027986633249791264,-0.003174603174603163,-0.0032163742690058702,-0.00785296574770257
5,4,0.008187134502923963,-0.0031746031746031854,-0.007518796992481214,0.007184628237259782,-0.007351712614870502,-0.004845446950710113
5,5,0.0012113617376775367,0.00630743525480365,-0.0038429406850459123,0.010735171261487018,-0.007142857142857142,0.00025062656641600925
5,Aggregated,0.004706013930348449,0.013509218414253467,-0.002436274855919937,0.0026364839606474403,-0.007926357878251838,-0.0022054436817648274
5,Centralized,0.004744173217487246,0.013398151979037378,-0.002427251413598116,0.0026754930354433858,-0.007916149496621139,-0.002199696593573307
6,0,-0.010742496050552938,0.08029225908372806,-0.01165086887835702,-0.03167456556082149,-0.012835703001579752,-0.013388625592417096
6,1,-0.0025480367585630596,0.002840434419381763,0.004720133667502074,-0.002339181286549715,0.0001670843776106974,0.0021720969089390023
6,2,-0.005263157894736841,-0.003884711779448618,0.010401002506265614,-0.0016708437761069287,0.006349206349206356,-0.0009189640768588271
6,3,0.0027568922305764177,0.0056390977443608785,-0.0063492063492063345,0.0036758563074352412,0.0025480367585630622,-0.0007518796992481332
6,4,-0.0022974101921470294,-0.0011278195488721868,0.003884711779448624,0.007393483709273166,0.0015873015873016,0.0030910609857978406
6,5,-0.0009607351712614819,-0.0023809523809523686,0.004302422723475349,0.0014202172096908806,0.009147869674185448,-0.001503759398496236
6,Aggregated,-0.00326653332835851,0.014363001799751212,0.0007344227006237408,-0.004199210248100254,0.000992844384944307,-0.0020212705853050886
6,Centralized,-0.003247827885808841,0.014198041649427612,0.0007654116673562195,-0.00413046476348091,0.0010274444904151137,-0.001992828575368917
7,0,-0.019865718799368135,0.058017377567140586,-0.004818325434439193,-0.015086887835703012,-0.014336492890995261,-0.003909952606635065
7,1,-0.010317460317460303,-0.013032581453634085,0.0011695906432748371,-0.005263157894736814,0.00455304928989138,0.005346700083542181
7,2,-0.0035087719298246144,-0.032330827067669106,0.008646616541353347,-0.006850459482038422,0.0045112781954887195,0.004469507101086044
7,3,-0.00442773600668335,-0.011069340016708394,-0.000250626566416035,-0.000918964076858826,0.004636591478696755,0.007017543859649126
7,4,-0.0028404344193818432,-0.01892230576441102,0.007727652464494546,-0.00033416875522140254,0.008354218880534652,0.0035087719298245636
7,5,0.0012949039264828518,-0.02919799498746866,0.0044695071010860616,-0.007518796992481195,0.002422723475355084,0.005973266499582292
7,Aggregated,-0.0067697688822479715,-0.006967453904256793,0.0027324520072978774,-0.00610439463466581,0.0014980995484683629,0.0036426666789600194
7,Centralized,-0.006737001792856144,-0.007130051027444516,0.0027513446421183305,-0.006081919735208953,0.0015377189353192715,0.0036615639222176083
8,0,-0.011532385466034774,0.042969984202211695,-0.005292259083728286,-0.018048973143759854,-0.0028436018957345753,-0.007622432859399704
8,1,-0.005847953216374246,0.0017961570593149636,0.0018796992481203234,-0.008145363408521266,0.008771929824561398,-0.0009607351712614805
8,2,-0.007435254803675854,-0.0015037593984962478,-0.0028404344193817704,-0.011278195488721774,0.017126148705096034,-0.00409356725146199
8,3,-0.0043441938178780115,0.0030075187969925096,0.005722639933166252,-0.005597326649958221,0.007894736842105267,0.005847953216374254
8,4,-0.005806182121971599,0.0014202172096908993,4.17710944026863e-05,-0.01086048454469506,0.011403508771929794,-0.0012113617376775334
8,5,-0.0030075187969924753,0.0026733500417710984,-0.00705931495405178,-0.011027568922305744,0.004928989139515464,-0.001545530492898928
8,Aggregated,-0.006391293973697847,0.008808409694808162,-0.0013063459799375315,-0.010912903961134706,0.007751727143809239,-0.001669838002820943
8,Centralized,-0.0063784305613018635,0.008722934767618304,-0.0012963729140808061,-0.010895048958764324,0.007778237484484886,-0.0016549441456350789
9,0,-0.008570300157977894,0.08092417061611376,-0.014533965244865736,-0.02401263823064768,-0.009952606635071118,-0.01200631911532387
9,1,0.005054302422723486,-0.0032999164578112177,0.0028822055137844582,0.004928989139515462,0.0043024227234753545,0.003675856307435254
9,2,0.0010442773600668359,0.0019632414369256555,0.0103174603174603,0.005137844611528811,0.00935672514619883,0.002255639097744352
9,3,0.0010442773600668309,-0.004970760233918149,-0.006015037593984971,0.006307435254803674,-0.001253132832080209,0.002380952380952366
9,4,0.0001670843776107045,-0.004761904761904753,0.005388471177944868,-0.0001670843776106897,0.007435254803675839,0.0044695071010860555
9,5,0.0010442773600668356,0.005973266499582277,0.007059314954051765,0.002756892230576423,0.008020050125313267,0.0027151211361737437
9,Aggregated,-0.0001383226764511713,0.013456631421122031,0.0006653214596057361,-0.0011192036545705066,0.002829691942580788,0.0004308863812480579
9,Centralized,-0.0001172252103158337,0.013287822369328326,0.0007033512618948838,-0.0010619224934491742,0.002861674251827339,0.00046200524065646197
10,0,-0.03830963665086894,0.09127172195892601,-0.01816745655608216,-0.016785150078988908,-0.013428120063191192,-0.0045813586097946295
10,1,-0.0019632414369256386,-0.006223893065998289,0.0013784461152882268,-0.0071428571428571236,0.006474519632414369,0.004970760233918113
10,2,0.0035923141186299085,-0.008980785296574763,0.0019632414369256408,-0.008813700918964064,0.006015037593984958,-0.003801169590643257
10,3,-0.0029657477025898057,0.0013784461152882104,-0.000751879699248102,-0.0018379281537176384,-0.0009607351712614805,0.005137844611528802
10,4,-0.002297410192147027,-0.000375939849624074,0.003049289891395151,-0.008980785296574766,0.0011695906432748666,0.0024227234753550486
10,5,0.0003341687552213979,-0.012531328320801944,0.005555555555555548,-0.004720133667502087,0.00835421888053465,0.0005012531328320949
10,Aggregated,-0.007311045931293239,0.011721589258292451,-0.0013659938881761225,-0.008151515144263592,0.0010945416657564253,0.0007107966779063938
10,Centralized,-0.00723348503654668,0.011522548613984353,-0.0013239553165080647,-0.008129913115432342,0.0011308784995173202,0.0007240380637153512
11,0,-0.009360189573459713,0.07559241706161095,-0.027132701421801044,-0.013507109004739299,-0.01469194312796213,-0.008530805687203803
11,1,0.0019632414369256408,0.001963241436925658,-0.0026315789473684314,-0.0026733500417710854,0.0018796992481202924,-0.0005012531328320653
11,2,-0.0028822055137844582,0.0030910609857978198,0.000292397660818731,0.003425229741019216,0.006725146198830396,0.0018796992481203145
11,3,-0.0015873015873015964,0.002130325814536348,-0.008103592314118602,0.002130325814536355,0.001002506265664153,-0.0005847953216374251
11,4,-0.0014619883040935644,0.0009189640768587914,-0.005304928989139502,0.005680868838763565,0.004344193817878005,-0.0016708437761069382
11,5,-0.001420217209690889,0.004427736006683345,-0.0021720969089390127,0.0033834586466165266,0.00342522974101922,0.0023809523809523794
11,Aggregated,-0.0025408523364016363,0.015417422279660732,-0.0077440023164821025,-0.0004189013516241474,0.00026598053359267604,-0.0012594017297719662
11,Centralized,-0.0025237898220935324,0.015266859743483605,-0.00769549027720311,-0.000386153633981523,0.0003034064266997649,-0.0012412081092263235
12,0,-0.010505529225908375,0.08759873617693523,-0.03301737756714066,-0.017140600315955764,-0.01271721958925751,-0.011848341232227486
12,1,-0.007518796992481211,0.00868838763575601,0.0013784461152881932,8.354218880533852e-05,-0.0012113617376775369,0.006098579782790287
12,2,-0.009189640768588143,-0.0008771929824561406,-0.004302422723475348,-0.0015455304928989112,0.0076858813700918715,-0.004302422723475348
12,3,-0.000751879699248115,0.00722639933166246,0.001294903926482886,-0.003091060985797833,-0.003091060985797817,0.005931495405179604
12,4,-0.0038847117794486383,0.004761904761904748,-0.001754385964912287,-0.0009607351712614891,-0.0011278195488721627,0.002965747702589805
12,5,-0.004720133667502098,0.005137844611528797,-0.003425229741019211,-0.008061821219715952,0.00605680868838762,0.0025062656641603714
12,Aggregated,-0.006147987449879628,0.019581300643553415,-0.006953917817866803,-0.005263478347254139,-0.0008777820718810678,8.04827605240863e-05
12,Centralized,-0.006137084540063452,0.019411115708178286,-0.006888705006206071,-0.005233760860570989,-0.0008481588746379964,0.00011032960970900433
13,0,-0.03116113744075829,0.07527646129541864,-0.01050552922590837,-0.016508688783570327,-0.004581358609794659,-0.007780410742496048
13,1,-0.0017543859649122868,-0.007393483709273198,-0.0038429406850459457,0.0069340016708437716,0.0030492898913951462,0.0030075187969924883
13,2,-0.0003759398496240518,-0.007142857142857138,-0.00137844611528822,0.0048454469507101024,0.0031746031746031672,0.0058897243107769205
13,3,-0.0011695906432748586,0.0014202172096908759,-0.004135338345864652,0.00802005012531325,0.0019214703425229679,-0.0010442773600668382
13,4,-0.0014619883040935607,-0.004093567251461981,-0.00785296574770258,0.006223893065998322,0.00409356725146198,0.0055973266499582406
13,5,-0.0031746031746031564,-0.0022556390977443515,-0.005472013366750199,0.003550543024227219,0.0012531328320802041,0.0035923141186299133
13,Aggregated,-0.0068117171451633155,0.010092759585864386,-0.005590837832579623,0.001953530262157264,0.0014123924922841548,0.0014319217527178187
13,Centralized,-0.006750792994069788,0.009929664873810497,-0.005578540890911602,0.001999724175975733,0.001427389325610274,0.0014549717280375185
14,0,-0.008056872037914675,0.10379146919431297,-0.026856240126382346,-0.012243285939968391,-0.006161137440758271,-0.031516587677725076
14,1,0.005263157894736853,-0.007811194653299901,-0.0016708437761069677,0.002548036758563081,0.00016708437761069062,0.004010025062656646
14,2,0.011737677527151177,-0.00689223057644109,-0.0012949039264828735,0.00020885547201338802,0.0026733500417711062,0.0010860484544695107
14,3,0.005847953216374261,-0.0007518796992481218,-0.00735171261487051,0.0011278195488721794,0.00012531328320802466,-0.0040100250626566485
14,4,0.0059314954051795975,-0.009607351712614867,-0.0069340016708437655,0.003091060985797824,-0.001963241436925647,0.004469507101086043
14,5,0.00609857978279029,-0.007268170426065172,-0.004887218045112797,0.004010025062656629,0.001921470342522968,-0.002380952380952393
14,Aggregated,0.004320155692959732,0.013011581892314569,-0.008389881006849982,-0.0003538415468715112,-0.00060691874111679,-0.0050448579730908725
14,Centralized,0.004351123982898896,0.01278444352503109,-0.008343676734243523,-0.00032409322852021877,-0.0005930216521859103,-0.004978623638118866
15,0,-0.0205766192733018,0.1196287519747239,-0.017496050552922627,-0.009202211690363414,-0.02559241706161133,-0.01595576619273304
15,1,0.004928989139515444,-8.35421888053487e-05,-0.00522138680033418,0.0018379281537176217,0.003508771929824568,4.177109440268075e-05
15,2,0.002422723475355054,0.005263157894736812,-0.006725146198830417,-0.0029239766081871413,0.004093567251461973,-0.004636591478696752
15,3,0.0005012531328320748,0.00016708437761070295,-0.00538847117794486,0.00292397660818713,0.00472013366750209,0.002088554720133653
15,4,0.0032163742690058295,0.001420217209690892,-0.004010025062656645,0.0027151211361737667,0.00505430242272345,-0.0008771929824561514
15,5,0.003842940685045916,0.005847953216374243,-0.0038847117794486093,0.00029239766081872175,0.005680868838763573,-0.0017543859649122864
15,Aggregated,-0.0011794118273290358,0.023210491638225726,-0.007245341908866843,-0.0008277388560145348,-0.0007241998796714954,-0.003664734640574725
15,Centralized,-0.0011308784995173163,0.02296924562129358,-0.007219693835333023,-0.0008067852709971087,-0.0006619776582540241,-0.0036339815197904057
16,0,-0.016034755134281188,0.10872827804107411,-0.025987361769352377,-0.018957345971563927,-0.024723538704581344,-0.030134281200631993
16,1,-0.0023809523809523825,-0.0035505430242272398,-0.019172932330827046,0.0010860484544695133,0.0023391812865496925,0.006641604010025063
16,2,-0.0011695906432748373,-0.0025898078529657353,-0.022974101921470334,0.003884711779448634,0.004553049289891372,0.005764411027568904
16,3,-0.0021720969089390153,-0.006265664160401009,-0.00989974937343358,0.0008354218880534743,0.005555555555555527,0.006934001670843764
16,4,-0.0012531328320801965,-0.0026315789473684253,-0.01704260651629077,0.0038011695906432683,0.0005847953216374164,0.006516290726817057
16,5,0.0007936507936508171,-0.0016708437761069207,-0.014828738512948993,0.002297410192147046,0.00020885547201335224,0.0006683375104427804
16,Aggregated,-0.0038506483229071606,0.01645622012252449,-0.018409527152355797,-0.001388600491511784,-0.0021871284459033585,-0.000955644106322952
16,Centralized,-0.0038201627361743287,0.016225348227830685,-0.018390566818369928,-0.0013446421183285011,-0.0021307405875051677,-0.0008826368776720332
17,0,-0.012282780410742506,0.1330963665086887,-0.015047393364928944,-0.01852290679304893,-0.02132701421800951,-0.01852290679304899
17,1,0.002213868003341681,-0.013742690058479529,0.0034670008354218697,0.00893901420217205,0.0049289891395154425,-0.0032999164578111856
17,2,0.004970760233918112,-0.01349206349206349,0.0032163742690058355,0.005513784461152887,0.00797827903091059,-0.005680868838763561
17,3,0.004469507101086035,-0.008103592314118639,0.0010860484544694866,0.006766917293233041,0.004594820384294051,-0.0012949039264828766
17,4,0.0018796992481203095,-0.012155388471177917,0.00338345864661655,0.002715121136173774,0.006056808688387627,-0.004385964912280686
17,5,0.003174603174603163,-0.007602339181286541,0.008145363408521273,0.0018379281537176284,0.0034252297410192114,-0.003968253968253951
17,Aggregated,0.0005815209673492737,0.01443976492795221,0.0005195938315169863,0.0009717716818703833,0.0006758807029626091,-0.006339957246399888
17,Centralized,0.0006137084540063305,0.01414287684457315,0.0005585436491518325,0.0010205488898083238,0.0007309336643221629,-0.0063094745552337355
18,0,-0.014020537124802434,0.1122432859399684,-0.025750394944707735,-0.02144549763033171,-0.020102685624012462,-0.03329383886255944
18,1,0.006056808688387631,-0.000793650793650789,-0.009774436090225555,0.005472013366750198,0.005764411027568902,0.0007936507936508131
18,2,0.0036340852130325885,-0.0032581453634085043,-0.01040100250626561,0.005597326649958226,0.005430242272347521,0.0015037593984962548
18,3,0.005889724310776925,-0.0036340852130325656,-0.007017543859649105,0.004636591478696735,0.0023809523809523872,-0.004761904761904728
18,4,0.003801169590643273,-0.0044695071010860555,-0.0039682539682539585,0.004093567251461974,0.005346700083542186,0.0027151211361737607
18,5,-0.002005012531328319,-0.0031328320802004985,-0.007184628237259805,0.004511278195488717,0.006766917293233048,0.0010442773600668272
18,Aggregated,0.0003845888867982156,0.017311035007824386,-0.010863341522928862,0.0002147328355324655,0.0006789364230657237,-0.0056683488261545035
18,Centralized,0.0004206316370155891,0.01707350710246859,-0.010826092952696181,0.00026892842366571,0.0007309336643221531,-0.005599227692732014
19,0,0.0062401263823064716,0.09348341232227529,-0.046840442338072615,-0.0191943127962086,-0.015205371248025266,-0.025592417061611434
19,1,0.0029657477025898,-0.0003759398496240592,-0.002422723475355056,-0.003425229741019198,0.0008771929824561233,0.0023809523809523803
19,2,-0.0022138680033416775,0.0005012531328320728,-0.004177109440267338,0.0006683375104427797,0.00355054302422723,0.0016708437761069326
19,3,0.0015455304928989272,0.0006265664160400956,0.000626566416040099,-0.0025898078529657596,0.0020885547201336713,-0.0022974101921470346
19,4,4.1771094402663174e-05,-0.0017543859649122677,0.0010442773600668432,-0.003341687552213864,0.006808688387635732,0.0022138680033416827
19,5,4.1771094402663174e-05,0.0022138680033416723,-0.0015873015873016044,-0.0029657477025898135,0.002756892230576432,0.0020467836257310004
19,Aggregated,0.0014944282378270173,0.01671394226315304,-0.00934770576915037,-0.005309874413320243,-3.79500722479088e-05,-0.003530583137182585
19,Centralized,0.001482554130464763,0.01652185905392354,-0.009253896014342886,-0.0052751344642118355,4.625929269271485e-18,-0.003475382705833661
20,0,-0.014612954186413835,0.09814375987361763,-0.026935229067930472,-0.015244865718799301,-0.01970774091627174,-0.007424960505529241
20,1,-0.00020885547201337877,-0.001169590643274858,-0.001294903926482871,0.0025480367585630713,-0.0017543859649122825,0.0018796992481203043
20,2,0.0012531328320801746,0.002506265664160376,0.0013784461152882251,-0.003258145363408494,-0.0001670843776107082,0.0007936507936507908
20,3,0.005430242272347506,0.0005430242272347705,-0.007978279030910604,0.006641604010025022,-0.0018379281537176247,0.002213868003341692
20,4,0.0026733500417710954,-0.003926482873851279,-0.007351712614870483,0.002506265664160402,-0.0013366750208855336,-8.354218880533559e-05
20,5,0.0006265664160401067,0.00020885547201338585,0.0010442773600668382,-0.004928989139515449,0.000793650793650789,0.00225563909774436
20,Aggregated,-0.0009719325838415014,0.017035101279034563,-0.007096940766719468,-0.0021153225256492804,-0.00418997821939418,-0.00014922088025462596
20,Centralized,-0.0009378016825265783,0.01683216108123013,-0.007047303820162732,-0.002082471383257495,-0.004151151565301335,-0.0001310164115294366
21,0,-0.007622432859399701,0.10181674565560854,-0.025039494470774123,-0.02887045813586099,-0.009913112164297015,-0.016153238546603572
21,1,0.005304928989139495,-0.00806182121971593,0.0020467836257309835,0.006349206349206336,-0.005012531328320793,-0.0006265664160400992
21,2,0.00651629072681702,-0.0068922305764410954,0.002882205513784466,0.010192147034252301,-0.008813700918964046,-0.00137844611528821
21,3,0.00530492898913951,0.00045948203842937073,-0.007309941520467831,0.0045112781954887195,-0.0038429406850459436,0.0008771929824561431
21,4,0.003091060985797826,-0.0029657477025897883,-0.0016290726817042973,0.007101086048454455,-0.0027568922305764585,0.0021720969089390105
21,5,0.0010025062656641695,-0.00012531328320803238,0.003759398496240591,0.006432748538011682,-0.006474519632414375,0.0004177109440267446
21,Aggregated,0.002147668634234565,0.015090805583625369,-0.004464664220392417,0.0005951480112296758,-0.006180900827321381,-0.002612833777089216
21,Centralized,0.0021721141911460536,0.014873810508895299,-0.004413184388360241,0.0006688732588608347,-0.0061715625430975125,-0.0025789546269480218
22,0,-0.007503949447077391,0.08957345971563965,-0.0430884676145338,-0.023380726698262234,-0.024763033175355442,-0.007424960505529241
22,1,0.0011278195488721961,0.0005847953216374324,-0.001503759398496251,-0.00045948203842941513,-0.00396825396825396,0.004218880534669993
22,2,0.0027151211361737797,-0.005263157894736836,-0.003383458646616529,-0.005513784461152858,-0.003801169590643263,0.00020885547201336397
22,3,-0.001837928153717637,0.00263157894736839,-0.005221386800334139,-0.0030075187969925052,-0.001629072681704265,0.0065580618212196995
22,4,0.0032163742690058507,-0.0008354218880534687,-0.004177109440267331,-0.003299916457811209,-0.0005012531328320971,0.0030910609857978098
22,5,0.00208855472013366,-0.0045530492898914,-0.0003759398496240444,-0.002923976608187127,-0.0023809523809523512,0.0006265664160401091
22,Aggregated,-0.00012190446213892906,0.014599396230013027,-0.010026180499312344,-0.006634095559014492,-0.006396801903786184,0.0011095245514231267
22,Centralized,-0.00010343400910220271,0.014411805268238865,-0.009943456075024087,-0.006592194180113083,-0.006350848158874648,0.00113087849951732
23,0,-0.004107424960505538,0.09853870458135895,-0.039494470774091614,-0.03629541864139018,-0.025671406003159467,0.0022906793048973148
23,1,0.00948203842940684,0.002297410192147024,-0.00935672514619884,0.0010025062656641606,0.0014202172096908772,-0.002339181286549728
23,2,0.006140350877192982,0.004051796157059295,-0.006599832915622395,0.003467000835421879,-0.00016708437761068785,-0.0018796992481203
23,3,0.006098579782790305,0.0009607351712614898,-0.009022556390977453,0.00396825396825396,-0.0005012531328320805,-0.0015037593984962383
23,4,0.005054302422723473,0.0008771929824561499,-0.006182121971595652,0.002172096908939018,0.0003759398496240774,0.00020885547201337045
23,5,0.006223893065998313,0.0019214703425229653,-0.0076441102756892275,-0.004010025062656627,0.004385964912280682,-0.0008771929824561394
23,Aggregated,0.004708324323119598,0.019072090534959854,-0.013366986576372603,-0.00532504236179894,-0.0036270777451335346,-0.0006477299282772701
23,Centralized,0.004730382016273608,0.01887325886084673,-0.013301613570541961,-0.00524755206178457,-0.0035719211143290623,-0.000655082057647242
24,0,-0.007424960505529226,0.09545813586097919,-0.023578199052132785,-0.0316745655608215,0.000947867298578215,-0.026619273301737693
24,1,-0.00016708437761068506,-0.005304928989139517,-0.004511278195488702,0.009607351712614835,0.002088554720133694,-0.00421888053467002
24,2,0.004051796157059307,0.0014619883040935672,-0.009273182957393466,0.013909774436090193,0.0027986633249791164,-0.0029239766081871252
24,3,0.002506265664160397,-0.005012531328320782,0.000793650793650792,0.007852965747702566,0.0030075187969924796,-0.001629072681704251
24,4,0.001461988304093557,0.0011695906432748506,-0.006223893065998345,0.010275689223057608,-0.0021720969089390183,-0.0045112781954886995
24,5,-4.177109440267366e-05,0.0038847117794486045,-0.00522138680033418,0.010526315789473628,0.0005430242272347421,-0.002172096908938998
24,Aggregated,-2.540985418796274e-05,0.01623738352037175,-0.008189104633266,0.0029955860444403747,0.0011992056374339143,-0.007247476781204447
24,Centralized,-6.8956006067997604e-06,0.016039167011446694,-0.008150599917252758,0.0030823334712453553,0.0011998345055854248,-0.007199007033512649
25,0,-0.009320695102685591,0.0728278041074249,-0.023973143759873732,-0.018957345971564035,0.002330173775671418,-0.006319115323854649
25,1,0.0036340852130325807,-0.005012531328320814,-0.00438596491228071,-0.0029239766081871413,0.005513784461152883,0.005680868838763524
25,2,0.007518796992481171,-0.0016290726817042701,-0.00927318295739347,-0.003717627401837969,0.003634085213032582,0.008479532163742632
25,3,-0.0018379281537176187,-0.005096073517126148,-0.0030910609857978466,-0.0014619883040936131,0.002589807852965737,0.0038847117794485885
25,4,0.004720133667502086,-0.005639097744360909,-0.005096073517126144,-0.006850459482038413,0.0057644110275689225,0.004594820384294057
25,5,0.0030075187969924796,-0.0030075187969924736,-0.0036340852130325885,-0.003968253968254,0.006599832915622378,0.006015037593984947
25,Aggregated,0.0011598202365404745,0.009508863357347113,-0.008430834011224584,-0.006464852560245097,0.004380471979712972,0.0036022618586848813
25,Centralized,0.0011860433043718033,0.00935043442283823,-0.008391945938491263,-0.0064335953661564,0.004385601985932977,0.003627085919183585
26,0,-0.0121248025276461,0.06966824644549796,-0.018127962085308195,0.0054107424960505475,-0.009241706161137453,-0.009518167456556061
26,1,0.0014202172096908772,-0.003341687552213859,0.0019214703425229753,0.003132832080200503,-0.003091060985797815,-4.177109440268352e-05
26,2,4.177109440267427e-05,-0.0032999164578112004,-0.0015455304928989296,0.0007101086048454331,-0.0002923976608187162,0.0018796992481202807
26,3,0.0012113617376775204,-0.003550543024227219,-0.0007936507936508112,-0.0008354218880534855,-0.004010025062656636,0.00547201336675018
26,4,0.001879699248120294,-0.001044277360066842,-0.0031746031746031586,0.0015037593984962461,-0.001336675020885547,0.0021720969089390183
26,5,-0.0007101086048454491,0.0005430242272347526,0.0004594820384294096,0.00012531328320802837,-0.0022138680033416845,-0.0032163742690058442
26,Aggregated,-0.0015091154086450385,0.010546492959278538,-0.0037183048118265578,0.0017193451150084404,-0.003434747365367755,-0.0006496892801813921
26,Centralized,-0.0014825541304647656,0.010398565715073733,-0.0036822507240380545,0.001710108950489599,-0.0034202179009791846,-0.0006274996552199609
27,0,-0.006990521327014258,0.07472353870458144,-0.018127962085308095,-0.011137440758293891,-0.025197472353870425,-0.027488151658767796
27,1,0.00025062656641603267,-0.005555555555555531,-0.0020467836257309874,0.0005012531328320857,0.0002923976608186996,0.0015455304928989311
27,2,-0.0029657477025898057,-0.003299916457811202,-0.0035505430242272168,-0.0005847953216374102,0.00016708437761069555,0.005221386800334133
27,3,0.0005012531328320765,-0.0013366750208855368,-0.003132832080200506,0.004928989139515457,-0.0014202172096908845,0.005472013366750191
27,4,0.0002506265664160456,-0.00100250626566416,-0.005931495405179595,0.003383458646616544,0.0024644945697577555,0.003341687552213863
27,5,0.003091060985797815,-0.002088554720133671,-0.0036340852130325747,0.0016290726817042634,0.0021720969089390227,0.0013366750208855796
27,Aggregated,-0.0010492057266279647,0.011013083888400164,-0.0062151605041709445,-0.00034420315128008965,-0.0038460033765239793,-0.002070217432972668
27,Centralized,-0.001034340091021902,0.010853675355123488,-0.006185353744311114,-0.0003171976279133931,-0.0037925803337470546,-0.0020066197765825425
28,0,0.016824644549763013,0.06579778830963663,-0.06366508688783559,-0.01982622432859396,-0.012006319115323912,-0.001342812006319129
28,1,0.002464494569757732,-0.0030492898913951397,0.0010860484544695144,0.0025898078529657527,-0.0012949039264828672,0.0007101086048454568
28,2,0.00016708437761070634,-0.0006683375104427551,-0.0017543859649122604,0.002548036758563068,-0.0028404344193817778,4.1771094402668724e-05
28,3,-0.000751879699248115,-0.0018379281537176174,-0.0016290726817042521,0.0007518796992481336,-0.00401002506265664,0.0049707602339181265
28,4,8.354218880534669e-05,-0.000710108604845446,-0.0026315789473684253,0.0022138680033416927,-0.001545530492898916,0.0025898078529657457
28,5,-0.002548036758563086,0.0003759398496240629,-0.00016708437761068598,0.003049289891395141,-0.0016708437761069354,0.0009607351712614778
28,Aggregated,0.0028758883273724864,0.010653765576617735,-0.012086026289782099,-0.001665904680550293,-0.003991918605466702,0.0012897859484111806
28,Centralized,0.0028409874500068956,0.010515790925389635,-0.011956971452213508,-0.0016204661426010144,-0.00397186594952422,0.0012963729140808308
29,0,-0.0208135860979463,0.0664296998420222,-0.02496050552922591,-0.014415481832543427,0.016271721958925803,-0.008293838862559237
29,1,0.004218880534669999,0.004761904761904737,-0.0036340852130325786,-0.007894736842105265,0.0022556390977443606,0.002798663324979099
29,2,0.0010860484544694923,-0.0007518796992481221,-0.004761904761904757,-0.007393483709273198,0.008688387635755997,0.00062656641604009
29,3,0.0015037593984962164,-0.0014202172096908976,-0.002005012531328319,-0.0043441938178780375,0.00421888053466998,-0.00045948203842941237
29,4,0.0038011695906432492,-0.0014619883040935635,-0.0029239766081871274,-0.00588972431077695,0.002339181286549699,0.0016290726817042404
29,5,0.003007518796992485,-0.002965747702589815,-0.0034670008354219023,-0.009273182957393466,0.003049289891395147,-0.0003759398496240643
29,Aggregated,-0.0014345036994967647,0.01143260083056257,-0.0071745528699525074,-0.008276290263693607,0.006258676370567463,-0.0007704445861449829
29,Centralized,-0.0013860157219693831,0.01129499379395944,-0.007130051027444462,-0.008260929526961808,0.006233622948558814,-0.0007516204661425836
30,0,0.015363349131121626,0.0719194312796208,-0.04530015797788305,-0.028554502369668312,0.0022906793048973082,-0.02756714060031584
30,1,0.001044277360066842,0.003968253968253978,-0.00952380952380953,-0.003299916457811162,0.006265664160401006,-0.0009607351712614867
30,2,0.00025062656641603267,0.006182121971595662,-0.011821219715956541,0.006056808688387622,0.0034670008354218936,0.0008771929824561523
30,3,0.002464494569757706,0.005555555555555544,-0.001921470342522957,0.003675856307435251,0.0007936507936507779,-0.005555555555555547
30,4,0.002673350041771104,0.00484544695071013,-0.008939014202172095,0.007852965747702558,0.0035087719298245636,-0.0024227234753550425
30,5,-0.000668337510442768,0.00409356725146198,-0.00852130325814537,0.007894736842105246,0.004887218045112764,0.002339181286549714
30,Aggregated,0.0036632560663312857,0.016763298015747857,-0.014709005939006283,-0.0013919182232441864,0.003520574615967121,-0.005812258919553195
30,Centralized,0.003633981519790379,0.016625293063025848,-0.014632464487656866,-0.0013239553165080677,0.003523651910081389,-0.0057578265066887185
31,0,0.007306477093206921,0.0679304897314377,-0.027132701421800902,-0.020339652448657156,-0.0013428120063191302,-0.007464454976303301
31,1,0.0015873015873015873,-0.0008354218880534559,0.0023809523809523677,0.0020885547201336518,0.0017543859649122883,0.0030492898913951397
31,2,8.354218880534855e-05,0.003759398496240613,-0.0049289891395154295,-0.00091896407685881,0.004093567251461995,0.0004177109440267501
31,3,0.00329991645781119,-0.005889724310776922,0.0007936507936508131,-0.0010860484544695016,-0.0025898078529657323,-0.0020467836257309895
31,4,0.0027986633249791164,-0.009398496240601484,0.0023809523809523708,0.003968253968253953,0.0019632414369256277,-0.001712614870509608
31,5,-0.0005430242272347526,-0.006390977443609,-0.004135338345864634,0.0012531328320801985,-0.00020885547201337506,-3.7007434154171884e-18
31,Aggregated,0.0024806994896614627,0.008911977298286708,-0.005370957650204329,-0.00271957983312792,0.0005881901340334129,-0.0013667945415263916
31,Centralized,0.0024686250172389936,0.00876430837125913,-0.005316508067852735,-0.002675493035443392,0.0005930216521858951,-0.00135153771893532
32,0,0.0023301737756713957,0.05398894154818322,-0.03068720379146919,-0.009083728278041107,-0.004778830963665113,-0.007030015797788315
32,1,-0.002255639097744382,4.177109440266132e-05,-0.00025062656641606227,-0.0015455304928989474,0.0005012531328320839,0.001002506265664162
32,2,-0.0025062656641604165,-0.0009189640768588137,0.0008771929824561209,-0.00271512113617377,0.0045112781954887065,-0.001754385964912303
32,3,0.0013366750208855397,0.0032581453634085095,-0.008646616541353373,0.0010025062656641548,0.006934001670843748,0.0036340852130325686
32,4,-0.0017961570593149556,8.354218880533929e-05,-0.005597326649958233,-0.0034670008354218775,0.004135338345864651,0.001629072681704274
32,5,0.0016708437761069135,0.000668337510442768,0.003717627401837884,-0.0030910609857978198,0.0032581453634085203,0.0012949039264828785
32,Aggregated,-0.00017302242340550266,0.010053386265391385,-0.007051277947564886,-0.003221122978454706,0.0023404823297029985,-0.0002858029708330853
32,Centralized,-0.00017928561577711203,0.009943456075024103,-0.0069921390153082135,-0.0032064542821679644,0.002358295407530002,-0.00026892842366568005
33,0,0.003041074249605079,0.05497630331753556,-0.03613744075829373,0.0017772511848341424,-0.03515007898894147,0.0067535545023696825
33,1,-0.001670843776106908,-0.0028822055137844404,-0.0032581453634085273,0.0003759398496240663,-0.003299916457811188,0.003216374269005847
33,2,-0.00012531328320801541,0.0012531328320801967,-0.006766917293233061,0.0019632414369256408,0.00513784461152879,-0.0014619883040935663
33,3,-0.0009607351712614749,-0.0018379281537176356,-0.007059314954051779,0.004177109440267354,-0.005137844611528791,0.0032999164578111956
33,4,-0.0002506265664160438,0.001629072681704251,-0.008145363408521282,0.004970760233918108,0.002255639097744368,-0.0004594820384294059
33,5,-0.0026315789473684223,0.0011278195488721794,-0.003132832080200506,0.0005430242272347545,0.0002088554720133621,-0.0011278195488721831
33,Aggregated,-0.00039135662509855233,0.009594998403215631,-0.011054347226085788,0.002294939704963583,-0.006347063945146817,0.0017639668919824311
33,Centralized,-0.0003999448351951559,0.009481450834367692,-0.010991587367259739,0.002296235002068667,-0.006274996552199669,0.0017514825541304587
34,0,0.008293838862559261,0.06366508688783573,-0.09091627172195899,-0.0033175355450236962,-0.009597156398104266,-0.0013033175355450202
34,1,0.0021720969089389992,0.004469507101086035,-0.005555555555555542,-0.002005012531328339,0.003759398496240566,0.0046783625730994005
34,2,-0.004344193817878019,0.0013366750208855572,-0.009941520467836204,-0.005012531328320807,0.002297410192147054,0.0031328320802005132
34,3,0.0005430242272347563,0.0031328320802004772,-0.00279866332497913,0.0034252297410191923,-0.0020050125313283334,0.005221386800334145
34,4,-0.0012531328320802041,0.0007936507936507871,-0.0013784461152882492,-0.0018379281537176295,-0.0022138680033416814,0.0033834586466165322
34,5,-0.002923976608187124,0.0017961570593149523,-0.004803675856307423,0.0016290726817042753,0.002088554720133691,0.0047201336675020845
34,Aggregated,0.0005090657533375746,0.013145298401685816,-0.020091703153920313,-0.001211998324744651,-0.001048833062961987,0.0032502257660829387
34,Centralized,0.0004895876430837146,0.013018893945662644,-0.01991449455247547,-0.0012067301061922757,-0.0010274444904151078,0.0032616190870224473
35,0,0.008096366508688795,0.06208530805687199,-0.008491311216429707,-0.001579778830963686,-0.009557661927330178,-0.005529225908372844
35,1,-0.00037593984962407893,-8.354218880535225e-05,0.0010442773600668476,0.002213868003341688,-0.0024227234753550486,-0.0003759398496240629
35,2,0.0020885547201336713,0.001378446115288199,-0.002046783625730996,0.004010025062656628,0.00350877192982455,0.003592314118629895
35,3,-0.001336675020885541,-0.0008354218880534633,-0.0019214703425229481,0.0029239766081871387,-0.0020050125313283156,0.0006683375104427735
35,4,-0.00304928989139513,-0.000793650793650789,-0.00045948203842938553,0.002422723475355063,-0.00029239766081871253,-0.00033416875522138866
35,5,-0.0014619883040935663,0.0007518796992481166,0.001253132832080206,0.0017961570593149475,0.0021303258145363544,0.0005430242272347433
35,Aggregated,0.000749316557052727,0.011036568093903364,-0.0018508447271409084,0.0019220064297212093,-0.0015371002052753813,-0.00030269242042752414
35,Centralized,0.0007309336643221642,0.010908840159977944,-0.001834229761412223,0.001930768169907613,-0.0015170321334988283,-0.0002896152254861413
36,0,0.0012243285939968567,0.04585308056872045,-0.052211690363349064,-0.0024881516587677787,0.0005924170616113966,0.002290679304897312
36,1,0.0033834586466165452,-0.004970760233918105,-0.0058897243107769275,-0.0006683375104427566,0.0015037593984962296,-0.0008771929824561282
36,2,0.002380952380952375,-0.004010025062656616,-0.005680868838763567,0.00020885547201337322,-0.0007101086048454331,0.00029239766081874213
36,3,0.003049289891395147,-0.00513784461152881,-0.006223893065998313,0.008730158730158694,-0.000918964076858797,-0.0045112781954887065
36,4,0.0017961570593149493,-0.0009189640768588303,-0.0021720969089390196,0.003383458646616522,0.0016290726817042652,-0.0012113617376775427
36,5,0.0029239766081871326,-0.004720133667502083,-0.008312447786132,0.001127819548872188,0.0019632414369256256,0.002005012531328315
36,Aggregated,0.0024448842897511966,0.0048467741983225215,-0.013880213960390688,0.0016652388400775907,0.0006755608272730506,-0.0003038104114254151
36,Centralized,0.0024479382154185708,0.0047441732174872695,-0.013784305613018811,0.0016756309474555222,0.0006757688594676603,-0.00031030202730657116
37,0,0.008886255924170602,0.032266982622432896,-0.0072669826224328595,-0.012954186413902056,-0.006556082148499238,0.0022116903633491334
37,1,0.0023391812865497085,-0.00250626566416041,0.005680868838763549,-0.005221386800334162,0.004218880534669982,-0.007017543859649075
37,2,0.0044277360066833716,-0.0004177109440267446,0.002673350041771096,-0.003425229741019236,0.0021720969089390196,-0.002923976608187134
37,3,0.005430242272347508,0.0023391812865496886,0.004427736006683354,-0.002589807852965768,0.0018379281537176334,-0.00392648287385129
37,4,0.003675856307435258,0.0029239766081871313,0.004177109440267357,-0.0032581453634085095,0.003299916457811189,-0.008312447786131967
37,5,0.0043441938178780054,0.0016290726817042688,0.0017126148705095968,-0.005722639933166235,0.0035505430242272163,-0.005513784461152869
37,Aggregated,0.004898957362610561,0.0063536249978362385,0.0017908794812547028,-0.005617584443796897,0.001324923227428294,-0.004169662924072629
37,Centralized,0.004888980830230296,0.006288787753413323,0.001813542959591766,-0.00559922769273205,0.001344642118328498,-0.0041856295683354115
38,0,-0.015165876777251218,0.043601895734597204,-0.030924170616113723,-0.009241706161137453,-0.011492890995260595,0.01374407582938389
38,1,0.0017961570593149666,0.0011695906432748666,0.0017543859649122935,-0.004678362573099404,-4.177109440268167e-05,0.0025062656641604165
38,2,0.0055973266499582085,-0.0029239766081871213,-0.005221386800334176,-0.00463659147869675,0.001921470342522995,0.005263157894736834
38,3,8.35421888053544e-05,-0.0005430242272347433,-0.00012531328320800061,-0.0009189640768588118,-0.0038429406850459405,0.00785296574770255
38,4,0.0012531328320801725,-0.002673350041771094,-0.0025062656641604035,-0.004385964912280716,0.0007101086048454571,8.354218880533745e-05
38,5,-0.00020885547201336026,-8.354218880533929e-05,-0.0010442773600668476,-0.0037593984962405957,0.0015873015873015903,0.0035087719298245402
38,Aggregated,-0.0012759617612983349,0.006870280765623404,-0.006639165957040022,-0.004659100845360336,-0.001975268805703881,0.005592042314773304
38,Centralized,-0.0012412081092263024,0.006778375396497005,-0.006578402978899474,-0.004647634808991877,-0.001951454971728019,0.005571645290304786
39,0,0.01575829383886257,0.03625592417061617,-0.13455766192733035,-0.001658767772511834,0.0009083728278041233,0.007464454976303333
39,1,0.010735171261487007,-0.0044695071010860355,-0.011988304093567246,-0.011528822055137828,0.0015873015873015778,0.008145363408521282
39,2,0.006223893065998299,-0.001002506265664149,-0.00960735171261487,-0.00868838763575604,-0.00125313283208021,0.004302422723475357
39,3,0.009482038429406803,-0.003007518796992476,-0.006223893065998342,-0.010442773600668349,-0.0016708437761069413,0.004344193817878024
39,4,0.007936507936507893,-0.00029239766081871064,-0.005555555555555565,-0.00827067669172931,0.003842940685045959,0.0073517126148704955
39,5,0.002422723475355038,-0.0035923141186299085,-0.012030075187969884,-0.009565580618212175,0.0033416875522138665,0.006892230576441081
39,Aggregated,0.008843669706282371,0.004368847533334596,-0.031247319671133974,-0.008278843583337032,0.001123444772110275,0.0064292898295855855
39,Centralized,0.008826368776720455,0.004289063577437584,-0.030988829127016962,-0.008295407529995882,0.0011239828989104933,0.006426699765549572
40,0,-0.0005134281200632347,0.06915481832543444,-0.013546603475513442,0.00019747235387044274,-0.007740916271721957,0.011690363349131119
40,1,0.0013784461152882344,0.0020050125313283208,0.005346700083542181,-0.004344193817878038,0.005012531328320786,0.00563909774436088
40,2,0.005054302422723464,0.008437761069339975,-0.0007936507936507878,-0.0019214703425229666,0.0038847117794486353,0.0028822055137844725
40,3,0.0019632414369256408,4.177109440268537e-05,0.0028404344193818007,-0.0048872180451127595,-0.0007518796992481276,0.0032999164578112116
40,4,4.177109440267982e-05,0.003007518796992456,0.0009189640768588192,8.354218880534222e-05,0.0010025062656641604,-4.1771094402663174e-05
40,5,0.0019632414369256555,0.002631578947368412,0.00509607351712614,0.00041771094402673163,0.0022138680033416853,0.0027151211361737776
40,Aggregated,0.001622018688529747,0.014871719050263743,-0.00018513465178112722,-0.0017191047261780974,0.0005034376288340568,0.004451982185118347
40,Centralized,0.001627361743207848,0.01473589849675907,-0.00015170321334986858,-0.0017239001517032357,0.0005240656461177847,0.00443387119018066
41,0,-0.004857819905213269,0.053791469194312894,-0.008254344391785188,-0.008925750394944688,-0.016903633491311108,-0.003001579778830959
41,1,0.0006683375104427698,0.0009189640768588174,0.0012949039264828655,-0.013199665831244744,0.0010025062656641695,0.0043024227234753545
41,2,-0.0010860484544695122,0.0003341687552213849,-0.0025480367585630696,-0.008980785296574768,0.010985797827903033,0.006307435254803671
41,3,0.001253132832080193,0.0025062656641604004,0.0013784461152882232,-0.009899749373433582,0.005179615705931494,0.004594820384294063
41,4,0.0009189640768588025,0.0007518796992481166,-0.000751879699248103,-0.008521303258145355,0.007852965747702587,0.0022556390977443766
41,5,3.7007434154171884e-18,0.001336675020885538,0.00016708437761069338,-0.012823725981620673,0.004093567251461992,0.002213868003341677
41,Aggregated,-0.00056927392609608,0.01046559682753249,-0.0015338473419398524,-0.010374254642508195,0.0018080983489172316,0.0027094727402962445
41,Centralized,-0.0005585436491518548,0.010357192111432911,-0.0015170321334988099,-0.010377878913253334,0.0018549165632326667,0.002723762239691094
42,0,0.0060821484992100985,0.05805687203791453,-0.05331753554502361,0.0010663507109004784,-0.026026856240126406,0.00229067930489732
42,1,0.002882205513784464,0.000960735171261499,-0.004302422723475343,0.002422723475355069,0.0015873015873015817,0.00396825396825397
42,2,-0.0019214703425229906,-0.002255639097744372,-0.000960735171261503,0.00029239766081870326,-0.004594820384294063,0.0019214703425229622
42,3,-0.0004177109440267501,-0.00033416875522138275,0.0006683375104427643,0.002339181286549704,-0.005597326649958238,0.0008354218880534484
42,4,-0.0008354218880534762,0.0003341687552213917,-0.0005012531328320814,0.0011278195488721777,-0.004385964912280704,-0.000751879699248111
42,5,0.0009189640768588155,0.0008354218880534641,0.0017126148705096044,0.0038847117794486223,-0.0008354218880534722,0.0035087719298245563
42,Aggregated,0.001177627995858398,0.010180471777592513,-0.009976048254208099,0.001846070043964069,-0.006874565128761053,0.001966058399796771
42,Centralized,0.0011653565025513642,0.010060681285339991,-0.00986760446834921,0.001848020962625837,-0.006826644600744695,0.0019652461729416514
43,0,-0.03724328593996838,0.06358609794628746,-0.02065560821484999,-0.020576619273301712,0.004146919431279602,0.0012638230647709298
43,1,-0.0036758563074352595,-0.0014619883040935709,-0.0036758563074352595,0.0015455304928988988,-0.0006265664160401181,0.0003759398496240518
43,2,0.003801169590643247,-0.0017126148705096007,-0.006307435254803641,0.0014619883040935513,-0.004469507101086043,0.002213868003341685
43,3,0.003926482873851294,0.0009607351712614861,-0.002715121136173767,4.1771094402670574e-05,-0.002673350041771098,0.0004594820384294133
43,4,-0.0007518796992481296,0.0007101086048454367,-0.001211361737677539,0.0020467836257309813,-0.001294903926482871,-0.0020050125313283277
43,5,-0.0017126148705095896,-0.0010442773600668313,-0.0043441938178780315,0.001796157059314953,0.0006683375104427936,0.002130325814536348
43,Aggregated,-0.0063178962891217464,0.010813326934197821,-0.0066548076788428955,-0.0025000627720401123,-0.0006499754526515765,0.000746020448119296
43,Centralized,-0.006240518549165674,0.010681285339953085,-0.006619776582540365,-0.002454833816025387,-0.0006619776582540278,0.0007447248655357767
44,0,0.012480252764612934,0.035939968404423234,0.0005134281200631992,0.0013428120063191237,-0.0067930489731437655,-0.0031990521327013837
44,1,-0.0011278195488721558,0.0018379281537176254,0.0002506265664160456,-0.006140350877192957,0.006223893065998328,0.0014619883040935752
44,2,-0.00025062656641605674,0.0008771929824561431,0.002130325814536344,-0.005847953216374251,-8.354218880533745e-05,0.0031746031746031737
44,3,-0.0006265664160400845,0.00033416875522138866,0.0041771094402673434,-0.0016290726817042645,-0.001044277360066826,0.0012949039264828822
44,4,-0.00029239766081872544,0.0019214703425229828,0.004218880534669999,-0.003759398496240613,0.0009189640768588343,0.002005012531328315
44,5,-0.003801169590643263,-0.00012531328320802991,0.00012531328320800617,-0.00547201336675017,0.0014619883040935511,0.0002923976608187051
44,Aggregated,0.0012004749880244307,0.007146928656567658,0.0018859603833590937,-0.003525262807948182,3.11944143679904e-05,0.0007899089781817999
44,Centralized,0.0011722521031582,0.007074886222590017,0.0018893945662667147,-0.003537443111294982,4.826920424770163e-05,0.0007998896703903191
45,0,0.017654028436018918,0.035347551342812075,-0.009044233807267002,-0.048775671406003175,-0.003751974723538698,-0.000908372827804094
45,1,0.003174603174603156,-0.007518796992481174,-0.0067251461988304,-0.0020467836257310077,0.002882205513784444,0.005221386800334174
45,2,0.0030075187969924788,-0.0028404344193817977,0.00016708437761069154,0.003383458646616531,0.002464494569757715,0.003842940685045952
45,3,0.006725146198830366,-0.008688387635756025,-0.008061821219715949,-0.002464494569757732,0.002882205513784449,0.007101086048454412
45,4,0.0003341687552213942,-0.007059314954051765,-0.005847953216374254,0.006599832915622378,0.003341687552213853,0.005137844611528809
45,5,-0.005722639933166234,-0.0022556390977443628,-0.004511278195488711,0.004511278195488709,0.004761904761904761,0.0032163742690058455
45,Aggregated,0.004356812253776213,0.0015739539093243516,-0.0057110017088458425,-0.006972612721730789,0.00202663923622124,0.0038771450029155825
45,Centralized,0.00432354158047163,0.0014894497310715673,-0.005702661701834215,-0.006868018204385627,0.002041097779616588,0.003889118742242443
46,0,0.003554502369668242,0.025236966824644578,-0.005213270142180088,-0.0036729857819905146,-0.00564770932069512,-0.004778830963665088
46,1,-0.0017961570593149514,0.001253132832080191,-0.0008771929824561371,0.0010442773600668068,0.0035087719298245576,0.004385964912280677
46,2,-0.0005012531328320784,0.00037593984962404624,-0.004761904761904746,-8.354218880534855e-05,-0.002130325814536338,0.002088554720133673
46,3,0.0025480367585630753,0.003592314118629885,0.00045948203842941144,-0.0017543859649122805,-0.0011278195488721664,0.0012949039264828729
46,4,-0.001044277360066857,-0.000543024227234762,-0.0008771929824561505,0.0012531328320801894,-0.0005430242272347526,-0.0007518796992481239
46,5,-0.0011695906432748241,0.0026733500417710863,0.0017126148705096144,-0.00041771094402672795,0.0012949039264828694,0.003425229741019225
46,Aggregated,0.00030464222995313877,0.005668875387455006,-0.0016363115728828543,-0.0006419790713166377,-0.0008326241912280483,0.0008753851879141381
46,Centralized,0.0002965108260929901,0.0056199144945524825,-0.001627361743207818,-0.0006343952558267862,-0.0008205764722107119,0.0008895324782788761
47,0,0.0022116903633491282,0.02701421800947867,-0.018680884676145308,-0.002330173775671393,-0.01117693522906796,-0.001777251184834121
47,1,0.0013784461152882251,-0.0003759398496240777,0.002589807852965744,-0.00685045948203842,0.0015873015873015856,0.0016708437761069417
47,2,0.0012949039264828859,-0.0012949039264828746,0.0013784461152882405,-0.004928989139515438,0.0019632414369256464,-0.0009189640768588043
47,3,0.0016708437761069315,-0.004093567251461971,0.00029239766081872544,-0.0009607351712614903,0.000125313283208045,0.0004594820384294133
47,4,3.7007434154171884e-18,0.0016290726817042697,0.00020885547201338802,8.354218880533559e-05,0.00045948203842942624,0.00012531328320802466
47,5,-0.000292397660818731,-0.0012531328320802078,-0.0003341687552213905,-0.003926482873851292,0.001879699248120294,0.0014202172096908828
47,Aggregated,0.0010579137320754393,0.003884929622555678,-0.0026191423605278017,-0.003142361719046317,-0.0009839920242407495,0.00014001047434750492
47,Centralized,0.0010550268928423627,0.0038270583367811307,-0.0025789546269480187,-0.003144393876706656,-0.0009584884843470128,0.00014480761274304014
48,0,0.01512638230647711,0.0178515007898894,-0.013507109004739346,-0.004146919431279645,-0.006714060031595587,-0.003870458135860975
48,1,0.0016708437761069523,-0.00609857978279029,0.001002506265664177,-0.0035505430242272146,-0.003216374269005838,0.0026733500417710993
48,2,0.0016290726817042528,-0.0018379281537176328,0.0006265664160400808,-0.002422723475355066,-0.0032163742690058507,0.0027151211361737637
48,3,0.00618212197159561,-0.0026733500417710876,0.0005012531328320715,-0.0032163742690058603,-0.002798663324979125,0.004511278195488692
48,4,0.004093567251461969,-0.0031746031746031854,-0.0007518796992481181,-0.0025062656641604173,-0.0006683375104427828,0.0005012531328320839
48,5,-0.0022138680033416845,0.0002088554720133695,-0.0016708437761069098,1.1102230246251566e-17,-0.001378446115288212,0.002548036758563081
48,Aggregated,0.004543098599774645,0.0009181099433388919,-0.00243426972037598,-0.002658530299463206,-0.003043248923055076,0.0014485587330614566
48,Centralized,0.004516618397462453,0.0008757412770652469,-0.0024065646117776823,-0.0026548062336229305,-0.0030340642669976496,0.0014618673286443439
49,0,-0.007819905213270147,0.014060031595576655,-0.008649289099526046,-0.007898894154818375,-0.0031595576619273167,0.008728278041074235
49,1,0.0014619883040935563,-0.0019214703425229642,0.006223893065998325,-0.004553049289891399,0.003132832080200492,0.0006683375104427832
49,2,8.354218880535595e-05,-0.00045948203842938927,0.0015037593984962485,-0.0014619883040935466,0.0027151211361737693,0.00012531328320801357
49,3,-0.00062656641604009,-0.001378446115288228,0.0005430242272347585,-0.003508771929824561,-8.354218880534669e-05,0.005054302422723458
49,4,-0.0007101086048454404,-0.00012531328320801913,0.0005430242272347615,-0.001253132832080191,0.0017543859649122907,0.002297410192147035
49,5,-0.0024227234753550504,-0.0009607351712615009,0.00338345864661654,-0.0028404344193817717,0.0016290726817042521,0.0012113617376775382
49,Aggregated,-0.0017459931546094799,0.001685905176266157,0.0004805353106497023,-0.003637747640527103,0.0009482105275498726,0.0030826680271678997
49,Centralized,-0.0017307957523100218,0.0016549441456350888,0.0005033788442973382,-0.0036270859191835534,0.0009584884843469698,0.0030685422700316984
50,0,0.0104265402843602,0.013428120063191164,-0.008491311216429707,-0.008333333333333344,-0.004581358609794659,0.0022906793048972974
50,1,-0.002297410192147025,-0.0002506265664160604,-0.0008771929824561351,0.0027986633249791164,0.0008771929824561394,-0.005263157894736827
50,2,0.003341687552213858,-0.001169590643274863,-0.0030910609857978284,0.0027568922305764364,-0.0010025062656641567,-0.0008354218880534559
50,3,-0.0018379281537176273,-0.0017126148705096035,-0.002589807852965733,0.004970760233918118,0.0009607351712615009,-0.0022974101921470346
50,4,-0.0021303258145363366,-0.0002506265664160456,0.00012531328320803208,0.0018796992481202948,-0.0018796992481203095,-0.002756892230576435
50,5,-0.0023809523809523773,-0.000292397660818731,-0.0014619883040935663,0.005764411027568904,0.0027986633249791,-0.00192147034252299
50,Aggregated,0.0009683623828583416,0.0017668687144509342,-0.0028000625936520137,0.0015199608244720944,-0.000520435192423226,-0.0017482723822031811
50,Centralized,0.0009446972831333537,0.0017376913529168392,-0.0027858226451523897,0.0015446145359260819,-0.0005102744449041448,-0.0017583781547372609
