Round,Evaluator,2,0,5,4,3,1
0,0,,,,,,
0,1,,,,,,
0,2,,,,,,
0,3,,,,,,
0,4,,,,,,
0,5,,,,,,
0,Aggregated,,,,,,
0,Centralized,,,,,,
1,0,0.03922345010929566,0.10930250057808728,0.03582761301665557,0.0746316139095245,0.049043471440930936,0.03789098431622689
1,1,0.0631078929314856,0.09382558622070847,0.0435326905776909,0.07746952596509206,0.0732360370584351,0.056708071430935036
1,2,0.06109701490957721,0.08872945825357785,0.03662470911910082,0.07595161410011698,0.07275676699503505,0.06506225826316858
1,3,0.07005325515440795,0.0854450032463633,0.04265061447759592,0.0808648818619358,0.07639667930662535,0.06503050515719357
1,4,0.0679732124596853,0.08953181771778325,0.03711285988781373,0.07713137905616405,0.07682207294785975,0.06278626707084731
1,5,0.06326100861084216,0.08279298942824082,0.049435036028459285,0.07741734034555334,0.07157076575112688,0.043159003025260184
1,Aggregated,0.06052748058728521,0.09181672237370811,0.04080354520318597,0.07721307051819018,0.06972008653267732,0.0548998055531968
1,Centralized,0.05969534990963019,0.09223902081713795,0.040729067429062675,0.07698199445391975,0.06921132500288885,0.0540819025126675
2,0,0.013008222286996083,0.0552135072686975,0.02759677169066414,0.022691609155764444,0.033924561622076244,0.025172527020729942
2,1,0.03011473628431595,0.006264574432338103,0.043438423761173676,0.02736884462493279,0.048473041332860095,0.04738466235425759
2,2,0.030929225356881664,0.010725784438511753,0.04537928607229554,0.027271922709378543,0.035773731107512016,0.04483812974119645
2,3,0.02418703709792169,0.012514110696768641,0.04252186280607507,0.029771071447546957,0.04402882495523871,0.05010365985292809
2,4,0.018548254240852727,0.006095317250936469,0.03582118428658892,0.029947899617889413,0.042988356895158744,0.03714554467018373
2,5,0.030264300080431242,0.011065264736156597,0.04285867062902243,0.03084478674229864,0.04591432222608727,0.03618974116819545
2,Aggregated,0.024370762208331946,0.017438106426856108,0.03945877266331062,0.027919259520437882,0.04175545710226345,0.03995962534800224
2,Centralized,0.023887735256939324,0.01855444820011035,0.03875473469770406,0.027880962799356486,0.04103980398014706,0.03933218329287146
3,0,-0.024631264097474088,0.06273651378461313,-0.026283247532194083,-0.0007970924309244963,0.0012261890808696234,-0.027457885357636696
3,1,-0.002242884702850597,-0.02158898301214825,-0.010950721300037089,0.006472111558719187,0.0038470995291912,-0.010753568502333331
3,2,0.0005724100956577856,-0.010791071549785628,-0.003976378872786716,0.012754157546131073,0.02521330083838769,-0.012168662267078785
3,3,-0.007257450821705515,-0.016709937842163125,-0.015521077940049626,0.012351490835402762,0.005024233167309653,-0.01908843952044771
3,4,-0.0024653770570086503,-0.02798304512861391,-0.008052326307399863,0.012362153219160642,0.0077000334509731184,-0.012036433594322533
3,5,-0.0037530583018367683,-0.01448535822367222,-0.0068393094413870615,0.002959226739882546,0.02221430143937134,-0.010882405318252606
3,Aggregated,-0.006845408262820276,-0.003993974738193203,-0.012109157765707628,0.007582007041490686,0.010755239158734282,-0.015542474353256862
3,Centralized,-0.007579736460920904,-0.0017593304203854545,-0.01254000377191591,0.007252946352936533,0.010059331810980362,-0.01604669625807229
4,0,-0.013542172513158852,0.055776760148181975,-0.02425162724261483,0.002044679979121656,-0.011549893692801806,0.00884636608725719
4,1,-0.004665257739318899,0.009503337323048644,-0.005836409021102426,0.020332867174231366,0.009548381382112893,0.023902736548321934
4,2,-0.008531544007858967,-0.004149842487054216,-0.014201348305225927,0.0231613312217998,-0.003705475504274444,0.02552042419441586
4,3,-0.0031131144286436103,0.004626133337063856,-0.0011354392121736398,0.0237171909249351,0.012811088205652105,0.009216031993441478
4,4,-0.0021998211588371962,0.0036352479563867383,-0.00919424787701236,0.028868593977119515,0.01027329945094331,0.027057787307667884
4,5,-0.010018838228947372,0.0033425814180804863,-0.01210219032972018,0.017476889950529272,0.0037134233232623843,0.025757837065051466
4,Aggregated,-0.007090077633844143,0.012645698972980988,-0.011277629914660555,0.019060465051736326,0.0033345374232765356,0.01991588553767576
4,Centralized,-0.007526610547445751,0.014086153197449535,-0.01169644590165949,0.018782617999891792,0.002722521517383154,0.01996873719962331
5,0,-0.00925810848653459,0.05979628260586791,-0.006900539782073393,-0.009271326004935408,-0.015098698585994148,-0.0032619905484248565
5,1,0.014123841715050859,0.004350300194464551,0.0025364477391649426,0.0041305142357033085,-0.012362590918771144,-0.0014270278175103047
5,2,0.009928010025482466,0.0041585308166508924,-0.0025604976410413217,0.014629644707771557,-0.007214260190627784,0.005800474940674602
5,3,0.011952959145993772,0.009730686489423641,0.0034891337963547796,-0.002810393338183158,-0.003062023370882902,-0.009610173134418785
5,4,0.009774739428122745,-0.004351965970121244,-0.0091096617625896,0.00821004727638802,-0.007693776969290298,-0.006505650070042489
5,5,0.0007482973482208703,0.007723671928643284,-0.004850269722868333,0.012361773552014628,-0.006828118138359228,-0.0007925209158906851
5,Aggregated,0.006026171867193795,0.014122103870435781,-0.0029471989637460255,0.004376119229385156,-0.00878650022014717,-0.0026403571598563724
5,Centralized,0.005430161229665747,0.015688790880199584,-0.003268638015430102,0.0043406642169704175,-0.009284740977463535,-0.002631628590536745
6,0,-0.011454392140980311,0.080325765938227,-0.010272360409275686,-0.0323663895463869,-0.012633391025267246,-0.01408597502640771
6,1,-0.003073178761978041,0.0035255846117589473,0.0057598658641464075,-0.0028612206482457416,0.00022788536956870332,0.0026603709165399702
6,2,-0.0060751180468521905,-0.00494249721185599,0.012834241216838276,-0.0020252246892364326,0.007882860501557181,-0.0012995396788705721
6,3,0.0032512237831400855,0.006534152523231903,-0.007225717807435896,0.004489273735540153,0.003339165025584262,-0.0013324783814901986
6,4,-0.0026962852417319575,-0.001577846215271034,0.004816010237777807,0.009343524713148619,0.0019237632274796115,0.0037779674169030053
6,5,-0.0009193645915132934,-0.0026915070585174813,0.004785997262886468,0.0017446621632134975,0.011063552594438059,-0.0017674776341128576
6,Aggregated,-0.0035899422192919106,0.014329703222887513,0.0016384861830594766,-0.003957263603449056,0.00179227261853386,-0.0021526480408055105
6,Centralized,-0.003932067948035493,0.017097479610917267,0.001360795645135865,-0.005042357204310574,0.0014136573697896004,-0.002660414093396165
7,0,-0.02082198705269539,0.057384838220067125,-0.0024870631331996326,-0.017313567991939817,-0.015004302190689933,-0.003708173023847847
7,1,-0.012962017704184547,-0.014477619653628598,0.000442363213926594,-0.005892811299750453,0.005531012089860192,0.006441208590578953
7,2,-0.00431120037625363,-0.039145886818397806,0.010226566231482605,-0.008263452000140774,0.0054744220256520496,0.005310465632416593
7,3,-0.005432941447993814,-0.013131785188970993,-0.00024436317044080615,-0.0010217305864034367,0.005509291024276426,0.008363000852238334
7,4,-0.0041184580878621735,-0.021124419778725655,0.008658159703562119,0.0004685331550448205,0.010255984516904966,0.004318521459369617
7,5,0.0010255680257639731,-0.03285075205369044,0.004379381267034136,-0.008159299124674004,0.0029103667600831407,0.0071420918855362265
7,Aggregated,-0.007926638079910784,-0.009743109397851269,0.003424117562693744,-0.006824325530628842,0.0022369330589194483,0.004544387057811459
7,Centralized,-0.00842964193019645,-0.007651137235766378,0.003257696635252891,-0.007550975738798888,0.0015323964729397432,0.0041666845486082495
8,0,-0.01234271141006844,0.04423100278586937,-0.005215074863312902,-0.020456040998061066,-0.0012211541271658507,-0.00784964849282083
8,1,-0.006958725970997857,0.0019207295683522508,0.0022830947012830497,-0.008841097464886512,0.010161435615249296,-0.0010875024359339044
8,2,-0.008820099015288753,-0.0020661697174503744,-0.0037231565312521105,-0.013210590327101198,0.020562285552276884,-0.005121146710558111
8,3,-0.005389495941258118,0.003533590040787234,0.006930907223297058,-0.006182867973066622,0.009378508522858587,0.007025693331005858
8,4,-0.0068807905648358295,0.0013312723737614086,-0.0004251311608792848,-0.011874794937146868,0.012975165810732455,-0.001578382389304187
8,5,-0.0032548833890191685,0.0027865054506057115,-0.009142049009189546,-0.011921063103926119,0.004839407827320736,-0.001948726738637985
8,Aggregated,-0.007335209414549941,0.00904969305144639,-0.0015925223982969823,-0.012181474983883233,0.009321357636180848,-0.0018329555910645222
8,Centralized,-0.007763583346628052,0.010621816673175358,-0.0017331444090489263,-0.012814929029519752,0.009161902409771577,-0.0020743182542868072
9,0,-0.009220662689030582,0.08160998447949325,-0.012761513157662814,-0.023653051510745114,-0.010540225493153083,-0.012136121894285864
9,1,0.006063921904094625,-0.004067274093128779,0.0032348933591457196,0.005772535750802002,0.005066585608985503,0.004333876890871613
9,2,0.001199552379448456,0.0021585928116353748,0.01265160478622247,0.006348492065336844,0.011423351588825027,0.002706252896840796
9,3,0.0010805405550101566,-0.005969872768431254,-0.006944572277336873,0.007562747411039005,-0.001603809735712523,0.002718948597374613
9,4,0.0003498775940092205,-0.006138880723587382,0.006202102537136173,-0.0002620531363278204,0.008905651206612578,0.005244292095733504
9,5,0.0011849433186997273,0.006842381556077482,0.007653946930524612,0.003392944022773485,0.009335786753101058,0.003375446550409376
9,Aggregated,-2.1569355749495952e-06,0.013235442207908687,0.001499705652134406,-0.000421608868885599,0.003593070754901148,0.0008824882973774677
9,Centralized,-0.0003234400714896742,0.01636390804946107,0.001207645845529059,-0.001383928361164651,0.003389422631384605,0.0004233260002575345
10,0,-0.0395267918317794,0.09156610472450676,-0.01756463462762366,-0.018825669211028684,-0.013032794956330836,-0.00559324466574732
10,1,-0.0024596696508512386,-0.007348176679161965,0.0014897804791037682,-0.008570172035331487,0.007722765262081103,0.006340601829023985
10,2,0.0043902943130167725,-0.011065926086909678,0.0022931566404762347,-0.010413105348249145,0.007396134182776941,-0.004632858435226057
10,3,-0.0035633000476789196,0.0017366162434042276,-0.0009584218033403017,-0.0021720059707305652,-0.0012250690684507011,0.006279610572485319
10,4,-0.002885259426257531,-4.8285603580637086e-05,0.0032838322134989056,-0.010408938146127946,0.0012110565923490598,0.0032143299155844387
10,5,-6.829428521744249e-05,-0.014493300183111698,0.006310974651205206,-0.005215375724861985,0.009995015685951899,0.0011330617235918525
10,Aggregated,-0.00773787990516807,0.011034960805651828,-0.001057836780378834,-0.009382127320799908,0.001830837208930985,0.001043062073500096
10,Centralized,-0.009009313790244087,0.014436776564408086,-0.001790447191926244,-0.009849898555644472,0.0012835023310550143,0.0008457488479863511
11,0,-0.00897827098057691,0.07639507191793393,-0.025655528063602696,-0.012981183840474536,-0.013616380148343356,-0.008006875352149218
11,1,0.0023574752428431878,0.0023704682679557745,-0.0034021715473394605,-0.0033393412391849223,0.0022504092812271,-0.0006646763806102518
11,2,-0.0035120432576155555,0.0036519947518304334,0.0005664601602016724,0.004117282869111099,0.00827257921076294,0.0022732397137052423
11,3,-0.0022794124043969003,0.0025222266904566925,-0.009566591198981499,0.0027074683575824066,0.0012810541822351335,-0.0007911208614250487
11,4,-0.0019170858334724371,0.0009615083497989784,-0.006511879479791663,0.006915152862757059,0.005275079527574501,-0.002202013606571414
11,5,-0.001788486033762138,0.005310470689792507,-0.0032393683608148752,0.004099016284155429,0.004000321391131028,0.002725213586978686
11,Aggregated,-0.0027617320548860313,0.015935540575843177,-0.008180215892027023,9.441353799516427e-05,0.0010656993633060548,-0.0011937061877332596
11,Centralized,-0.0032099808750985052,0.01862994393157997,-0.009031729070130345,-0.0004888541787002423,0.0004717416105243436,-0.0015455038791985422
12,0,-0.012397192611520752,0.08838518346119878,-0.03407159648302548,-0.01760593903971715,-0.012838897213263643,-0.012683111309716328
12,1,-0.008938397797914437,0.010427230536405539,0.001681668096225578,0.00024948092402593796,-0.001350368450825109,0.007710298105575233
12,2,-0.011339596035802165,-0.0013572941833706836,-0.005203356096532902,-0.0015586398171222834,0.00942014374243887,-0.00528124251326785
12,3,-0.0009972985230790013,0.008699607338758955,0.0014662300376113947,-0.003414200290593921,-0.003515561379966357,0.007064054158714971
12,4,-0.004408985497746023,0.005659515218077098,-0.0021525128163457203,-0.0009821968454221074,-0.0014362939803031158,0.0037673485558853896
12,5,-0.005071592036962865,0.006478913540586822,-0.004313722096081057,-0.010287151475350304,0.00702576236836764,0.0037205621236039653
12,Aggregated,-0.0072545748723811965,0.020538738662310124,-0.007422230789541524,-0.005743704469372874,-0.00059773029451509,0.0005556856653624801
12,Centralized,-0.007668232389570285,0.02363442883993595,-0.00856676060839585,-0.0060418225838453875,-0.0008631278783070479,-8.502329595340743e-05
13,0,-0.03004137911314448,0.07569314810568448,-0.010315730054774463,-0.016490476721148135,-0.0043612650342571375,-0.007347837812869833
13,1,-0.0022891973775252465,-0.008814641055804547,-0.004802188555268697,0.008346550210157871,0.003727749466059654,0.0036766473021910386
13,2,-0.00016714921550947114,-0.009012363404284981,-0.001437834836123367,0.00593812659028715,0.0038187235675306835,0.0070328178630512045
13,3,-0.001275900991716436,0.0017924446043545632,-0.0049578828535534756,0.009758899276894549,0.002267849808258675,-0.0013899285526110118
13,4,-0.0018157782628129304,-0.004875811163005526,-0.009635137506481465,0.00753985038216906,0.004898273990493265,0.006709900846484668
13,5,-0.004119666369818562,-0.0021726453712505,-0.007061478476157614,0.004412106521890844,0.0017284036859653875,0.004062637359325627
13,Aggregated,-0.006898976164175446,0.009570650504567122,-0.006415696315550598,0.0030141835360416097,0.0019368710141957138,0.002010490522141821
13,Centralized,-0.008086494217235254,0.012203714686030874,-0.006621805124500551,0.002293267193520081,0.0015319216596968684,0.0016942282226698135
14,0,-0.008316478980087742,0.10371040915892656,-0.02835349809303142,-0.012986507022056967,-0.0063968565695019936,-0.0320007485505426
14,1,0.006142217982470166,-0.008882426459626273,-0.0019882356109399034,0.003003789465085959,0.00027596444887364763,0.004704296009014122
14,2,0.014390116754029738,-0.008352484695369766,-0.0012468727138438378,0.00012699166190240362,0.0032225672801685533,0.001286442068460773
14,3,0.006933946637332615,-0.0007696916710082941,-0.008873157819178539,0.0011737092903754557,0.00011455063082992009,-0.004841213364525435
14,4,0.006974519292688053,-0.010994087976514076,-0.008605572567991337,0.0036368121288358713,-0.0022958877330474317,0.005238705218049158
14,5,0.007143610664603523,-0.007292455654531629,-0.006339889838179412,0.0049407378991998315,0.0026778594260266336,-0.003618141682193717
14,Aggregated,0.005378487946821285,0.012345121590342756,-0.009463736099365285,-0.00017288477354350957,-0.00047218720645548763,-0.005196999156519756
14,Centralized,0.005051160619021413,0.01616869745038569,-0.010012005810115668,-0.0006609383869362069,-0.000982486510836337,-0.006090741540672424
15,0,-0.020605706933419496,0.12223295384792496,-0.018822275635988397,-0.0094435743040051,-0.0261475293050581,-0.017227160515739186
15,1,0.005892887237071746,-0.00037316074528061764,-0.006434739998395436,0.0022177153746033764,0.004021918485889239,0.0008715351218469364
15,2,0.003027330269947414,0.006208803012641755,-0.008083912866220044,-0.0037529177242247025,0.005073785974430785,-0.005598022177855404
15,3,0.000530526277581146,0.00010612200310126416,-0.006563732900749925,0.003490496956687105,0.005725208305042213,0.002915957202903623
15,4,0.0037887264944335554,0.0013874467037668671,-0.004958360006941468,0.0032933465886202428,0.005959313643028164,-0.000296278588618979
15,5,0.004304986057148741,0.0068180914427717195,-0.004998252512707055,0.0004741622972958844,0.006532004016536963,-0.0007018106544648745
15,Aggregated,-0.0007511135098024467,0.023922884802374686,-0.008436231061215863,-0.0007259040429554292,-0.00012166711661896232,-0.0035057844810739095
15,Centralized,-0.0014051179682427314,0.02812211522019989,-0.008665636866820203,-0.001129651439130941,-0.0008738044829785778,-0.004331165441896141
16,0,-0.01573080926361018,0.11169272328931737,-0.028402846118553902,-0.018213419424862,-0.024622901387657395,-0.03096814017028198
16,1,-0.0027767161084445995,-0.004325494705098761,-0.021918714084554536,0.0009190657701598715,0.0021762269564076257,0.007539793474386469
16,2,-0.0014864543018223892,-0.0033489245613085774,-0.026946896141217536,0.004442297405156694,0.005304877815689741,0.0065512555249943325
16,3,-0.0024099797234851004,-0.0075858789563016706,-0.01104879901917114,0.0007433655601360901,0.006432328876600478,0.008049050149799649
16,4,-0.0011627860778610688,-0.002955106141472167,-0.018858042614281378,0.004177991970992087,-4.949633379029243e-06,0.007153649844575105
16,5,0.0013305930310037906,-0.0017507756987596107,-0.01554868099811843,0.002157856569760965,-0.0007016731623613924,3.390478969173611e-06
16,Aggregated,-0.003850178660391786,0.016443461093526027,-0.02054928740054911,-0.0011689488983701532,-0.002175052021100501,-0.0006464078891349368
16,Centralized,-0.004667728954643978,0.02040915493694604,-0.021629927429419157,-0.001998392196303574,-0.0029856433808147756,-0.0016623645843797563
17,0,-0.012185357723583026,0.1379143786574834,-0.01584241847746006,-0.01908636535158931,-0.02196780968914739,-0.019950718259218365
17,1,0.0026016688423135055,-0.01618664043966194,0.004125420834713098,0.010646973170384504,0.005538184908247659,-0.003609683931042009
17,2,0.006053616037913151,-0.016363353583648793,0.003746810807021258,0.006818975899026709,0.009586306552264457,-0.0067140288167147405
17,3,0.005419318923168811,-0.009517399985814445,0.001252640853289864,0.00802921055720608,0.005269219402362428,-0.001286232420983533
17,4,0.0021600207673045666,-0.01390372215105704,0.0036537488225176365,0.002896944854404425,0.006748365561684903,-0.004745628171793763
17,5,0.003552359949353497,-0.008343195194056009,0.009920087117746399,0.0019682466907529343,0.0034351264542827847,-0.00425768504616673
17,Aggregated,0.0011056715194158095,0.01377294402701437,0.00093909700930985,0.0016276646138609508,0.0011543469142506805,-0.006918785317595364
17,Centralized,0.0006098937477434785,0.0184410903975438,0.00046978361827184435,0.0009737264758128928,0.0004992310546669682,-0.007593120956052983
18,0,-0.014254405457430204,0.11661553881113479,-0.027912847429266956,-0.021868995602050575,-0.020337570183373253,-0.03402022309038163
18,1,0.0073991080296848845,-0.0007539581700622225,-0.011166066219386024,0.006445112198180777,0.0066692983241670835,0.0007868677660690808
18,2,0.0043457182881994445,-0.0039397917982822465,-0.012564935544583091,0.006796715239513207,0.006646280237803068,0.0016687132433075387
18,3,0.0071656439911197255,-0.004319469865699349,-0.008071977130290472,0.005489159725075082,0.0026248926180062063,-0.005962643146491382
18,4,0.004703014819784316,-0.0050868192427095055,-0.0039746024278872125,0.004550982982617259,0.005847109856156084,0.0028858664944688144
18,5,-0.0025281768806363,-0.0030783338423895083,-0.008130661104706,0.005076590269176123,0.007831594877544788,0.0005680343090514239
18,Aggregated,0.0009539536575239676,0.017772173803127168,-0.012161302511257022,0.0008064621905139191,0.0012845825864248681,-0.0060186535560805676
18,Centralized,0.0003401272446173328,0.021554116735513374,-0.012981375426243842,7.842292573268888e-06,0.0005784799760107635,-0.007070322728328263
19,0,0.005383159068241666,0.09693207667342414,-0.048616606365330085,-0.02009689508838651,-0.015555062457954088,-0.025789168656133014
19,1,0.0034815193756544964,-0.0006461037890648225,-0.002819775071968415,-0.004535810207134377,0.001158285758840809,0.002892357529996951
19,2,-0.0027257055645674385,0.0006095030089009449,-0.005273952735742534,0.0009511018393528759,0.004280670838664253,0.0020729763031829694
19,3,0.0017518293314347714,0.0006559617011071938,0.000847380873142191,-0.0033055193224886775,0.00270586812398751,-0.0028697646371423752
19,4,-4.560973562803642e-05,-0.0024311960792356272,0.0013647903083264538,-0.004297017796510937,0.008534366573161216,0.0026089265420723667
19,5,-0.0003719965973568995,0.002536848566450557,-0.0018362186733533045,-0.004527292028624604,0.003493785272654679,0.0023377134078230192
19,Aggregated,0.0012951345614446216,0.017243085516345576,-0.009859323863622257,-0.006137942605979744,0.0005739514747217428,-0.0033961976521527577
19,Centralized,0.0017033616219912923,0.02034340639750006,-0.011485958077559073,-0.006489243493455606,-2.959346222536753e-05,-0.004315951266953167
20,0,-0.01605750791079852,0.10326472262190542,-0.027376811774354467,-0.0159183587744801,-0.02068571642099586,-0.008870029963406372
20,1,-0.00010653780302179264,-0.0014424137643873458,-0.001675120773007895,0.0031020470980582487,-0.002251445326661345,0.002223507638566132
20,2,0.0015035818278901398,0.003059533914156926,0.0017081466538461988,-0.003990130887252945,7.52839387855213e-05,0.0008212803661910795
20,3,0.006621375748825208,0.0008854773679070585,-0.00967959995914149,0.00811356765033276,-0.002339956916515001,0.002576801389715969
20,4,0.0034810630928556216,-0.004901379790890314,-0.009137966104438821,0.0031553611533005547,-0.0016439918729163577,-0.0002597706116676849
20,5,0.0011611682451401761,0.00010914291308745106,0.000934079573335089,-0.0060219818670458475,0.0008540486762063444,0.002566747588926042
20,Aggregated,-0.0007518534705122307,0.017865370858254546,-0.007775708097784471,-0.002094316184973683,-0.004528011979231658,-0.00026136357801060116
20,Centralized,-0.0012595626824894893,0.020785493053193566,-0.008505859672561771,-0.0025759109212371957,-0.005063320615786332,-0.000306754951268994
21,0,-0.008361087919823682,0.10906774701657286,-0.02564494367434767,-0.02956808475895387,-0.01175177754634368,-0.017639619029696525
21,1,0.006478849835706905,-0.009487460556349688,0.0022267164416311523,0.0075228111441070595,-0.005802418569100973,-0.0006810759289092897
21,2,0.008172213018101565,-0.00839479950034966,0.003554685521707469,0.012625868576029774,-0.010609829169373405,-0.0018639843568355777
21,3,0.006425075176022004,0.0008333071906224306,-0.008978745302616175,0.005334093869542146,-0.004676346867783162,0.001130722174735016
21,4,0.0037413988314244527,-0.00291681435626112,-0.0024753268382268997,0.008378020491822383,-0.00296990580139677,0.0026899996277696568
21,5,0.001182228174655823,0.000966749777616615,0.0038847501752279166,0.007538848652767923,-0.0073485443546907735,0.0007853114064849149
21,Aggregated,0.0028043045850121217,0.01613900288573998,-0.004824764921867195,0.0015938242981921851,-0.007247786088349972,-0.0027767788160870774
21,Centralized,0.002519380264926786,0.018957571139894897,-0.005465766318354751,0.0005300367002360978,-0.00745389460101784,-0.0032772897788708984
22,0,-0.008119012821411982,0.09399706323117944,-0.044500419834640155,-0.024997865589758153,-0.02613142439261695,-0.008555535891010276
22,1,0.0011497419868262582,0.0008934870815694718,-0.0020234126475962635,-0.0006485332952406738,-0.00476326207942964,0.005225032674025606
22,2,0.003154393601261584,-0.006299308538435256,-0.004185287077916694,-0.007027736141464203,-0.004281913413791457,-2.0717675576709116e-05
22,3,-0.0023603335812945984,0.003303221664406618,-0.0064012034515657035,-0.0037946935429279405,-0.001941098671917833,0.008017231508780016
22,4,0.003754051816914281,-0.000683546606917901,-0.005335136563050495,-0.00427857974485831,-0.0005235435896838907,0.003756332401024482
22,5,0.0020399572636095762,-0.005004907412339183,-0.0009573413625222491,-0.003964547560630405,-0.0029383290408209256,0.0009617656427962859
22,Aggregated,-0.00016010280355669348,0.015322266378370634,-0.010973926133046194,-0.007662332781005428,-0.006995447629280428,0.001442704775329043
22,Centralized,-0.0003033125089846899,0.018001624117701155,-0.012222983329822665,-0.008271497306779622,-0.007738854051373428,0.0012206697040779914
23,0,-0.0035674232385951654,0.10218176278577878,-0.04191457048336865,-0.03697368073014236,-0.02635690607217509,0.0015378603267849251
23,1,0.011433100826967434,0.0027515694067335966,-0.011280092480128642,0.0012881269259497788,0.0018562568186345852,-0.002481308777887268
23,2,0.007424616462085908,0.005082095188114323,-0.008176804098307124,0.0043451236068565826,-0.00019743848329241884,-0.002222498986112763
23,3,0.007306450697223255,0.0011316848570348626,-0.010954904080716083,0.004895996451239921,-0.000547314091193837,-0.0016006404268795152
23,4,0.005890574975353475,0.0010117827892678745,-0.007705450411579636,0.002722347443782598,0.0008396866529461826,0.0008561178930007851
23,5,0.007307738970787865,0.0024938582128049744,-0.009662785411565029,-0.005014683385889644,0.00597420850910885,-0.00021716169433145187
23,Aggregated,0.00585155820429768,0.020104671973805093,-0.015272363530443788,-0.005175286419281242,-0.0033510584964772977,-0.000661255706556293
23,Centralized,0.005582768408883256,0.023420221476541957,-0.016287819538329966,-0.006423239827139319,-0.004413435324629429,-0.0006017984285032878
24,0,-0.008407734785879506,0.10114402342259574,-0.025239281248823624,-0.03184279887316927,-0.00019832737758939615,-0.027575139983673436
24,1,-0.000553141344277582,-0.00589264779139823,-0.005052576785352785,0.0110254560311443,0.0022030175286638157,-0.004966807503955979
24,2,0.004891633889487822,0.0017601063354469892,-0.010983756038171873,0.016766325588680773,0.003422490196840473,-0.0035284634056217457
24,3,0.0028053834792167746,-0.005642314202061791,0.001447569350389383,0.009174274342425072,0.0033623345892976695,-0.0018102848181744816
24,4,0.0014518214917408395,0.002148146283666656,-0.006686645789066719,0.011465852623798003,-0.0032352785382151806,-0.005145867660512742
24,5,-0.0004874310582134636,0.005727465116564979,-0.005356403953400353,0.011525190782036359,7.76530276311243e-05,-0.0021028730924970746
24,Aggregated,-0.0001501050750751355,0.017555021025712336,-0.008844112666538893,0.004247812465967862,0.0009250181604643946,-0.007761975148543317
24,Centralized,-0.0002810914423336327,0.020518396809253856,-0.009772288439849751,0.0031797410214933885,0.001243418482424525,-0.008851265631494031
25,0,-0.009779218100614129,0.07953335916039861,-0.025862253294139173,-0.020506737735529898,0.0021232983606855296,-0.007133512436350651
25,1,0.004264943171458131,-0.0063311556709491615,-0.005027204216447911,-0.003068999011969591,0.006488007095921059,0.006547654956500947
25,2,0.008965702668001226,-0.0019105328380797633,-0.011124391913512222,-0.00429804258164971,0.004061005076135615,0.01033470619430051
25,3,-0.002365565135650489,-0.006469522169379011,-0.0035873643105644314,-0.0013498515268747127,0.0029640481287241567,0.004416894940462685
25,4,0.00536909458420309,-0.007267679667653431,-0.005766434023149031,-0.0074558325992988995,0.00668820732444648,0.0049336752198520005
25,5,0.003050830752119643,-0.0043273561813638875,-0.0035825049436447715,-0.0035785448948913302,0.007721795003334787,0.0064544339857179
25,Aggregated,0.0014480720228002937,0.009718284424502057,-0.009358605271215372,-0.0068750674950582655,0.004973148268454089,0.004122402195071734
25,Centralized,0.0012158281645502438,0.011737395487558287,-0.010159686591843249,-0.00757334790734313,0.005127864917317464,0.004129200768479552
26,0,-0.012602779312672159,0.07677962582892403,-0.019138303058535474,0.0049015040153464464,-0.0099536469323871,-0.01041582807849715
26,1,0.0017469720972097514,-0.0042554879504874375,0.0023395966998077853,0.0038079777985306285,-0.0037121737813183794,7.311513625765653e-05
26,2,0.00016556457300918778,-0.004044061927086223,-0.0020591450969215034,0.0008119257194617368,-0.0003894059748066148,0.0024407955183047337
26,3,0.001521017237541822,-0.004364791085049066,-0.0010577269308546023,-0.0011015005292338237,-0.004785025859463856,0.006844231735342444
26,4,0.0023564623127881,-0.0013746041731079164,-0.004100120816206006,0.0017884523939995958,-0.0015918463132537474,0.0029216565957799626
26,5,-0.0007818555200609071,0.00043645428360888173,0.00045629604359347467,-0.00013485733777481994,-0.0025636822272398553,-0.003698156815732909
26,Aggregated,-0.0014016779750187437,0.011323729529094235,-0.004108925665098335,0.0017175494217068067,-0.0039060090036011083,-0.0004268980161843258
26,Centralized,-0.00183718264586164,0.01299303937859582,-0.0046147016568244235,0.0020321953708328307,-0.0041764123365107585,-0.0007118663252373899
27,0,-0.008250792148333467,0.08161219391358576,-0.019818835693632655,-0.013059573387391563,-0.02749000871887288,-0.02964211713886046
27,1,0.000262307339854817,-0.0067630352115664,-0.002430673029167601,0.000554051957828039,0.00045887747362879927,0.001801957405015494
27,2,-0.0036456311349836313,-0.003999895294931808,-0.004136059316139077,-0.0005513607625140138,0.00016975159321311204,0.0061996377093697505
27,3,0.0005787985963812877,-0.0015675849486260019,-0.004012397983892939,0.006074476073998893,-0.0016098634416469063,0.006601327400113803
27,4,0.0002291843707248479,-0.0010037918030392817,-0.007475794144196976,0.0042752536235945915,0.0033701972810527008,0.003899758395460562
27,5,0.003558924982830812,-0.002112847399063834,-0.004744585708268524,0.002005546463002265,0.0029798328481017117,0.0014832657254228332
27,Aggregated,-0.0012955920313480797,0.011873676621098348,-0.007255494545556285,-0.00027209085065395944,-0.003972221153791634,-0.001945418758231388
27,Centralized,-0.0013766735958829594,0.013814256735574793,-0.007597236175156096,-0.0004460413015014381,-0.004710796715128545,-0.002691298066160226
28,0,0.017337175539849703,0.07127318779112193,-0.06744686103178692,-0.021140332431423766,-0.013437081577407582,-0.0025001182805464124
28,1,0.00303050424923152,-0.0038040201782581456,0.0012155529248813024,0.0031795439166445805,-0.001586615845479448,0.0009101566014415835
28,2,0.00040111928064069934,-0.0010032619591619516,-0.0024236014503367562,0.0030533853335517266,-0.003496560148852814,0.0002605534296629775
28,3,-0.0009801420532534173,-0.0021968035361385634,-0.00216557371263648,0.0009701546165998883,-0.004922742845623925,0.006124003409420812
28,4,1.45838174526014e-05,-0.0008795300733374404,-0.003519187356137987,0.0028404723139062913,-0.001905054853955967,0.0032122768629712787
28,5,-0.003493362939866465,0.0005608441957760354,-0.0005202172832102318,0.003999423260522333,-0.0021896906153790504,0.0012234428367862054
28,Aggregated,0.002893564081932937,0.011385053476910195,-0.013135631557861177,-0.0014221421981966819,-0.00469568773818156,0.0014899721745054947
28,Centralized,0.0034856393189970944,0.013079999234470183,-0.014946794146657606,-0.0020727598949089026,-0.004923075759297505,0.0015858894991572596
29,0,-0.02177295909767258,0.07367209245405429,-0.027177251965623355,-0.016553297724143726,0.01733992530059386,-0.009573363570130682
29,1,0.0050509196161148025,0.005793937576837161,-0.004402870982581006,-0.009220457578547378,0.0027129309305190426,0.0034362122900596648
29,2,0.0011813968441819903,-0.0009512093024702209,-0.005870214242608859,-0.008773815965545101,0.010879144557104994,0.0007973316646139982
29,3,0.0017779136407898265,-0.0018009352619685667,-0.002503551878191172,-0.005039979200050125,0.005206990079778216,-0.0006631538416875212
29,4,0.004451379635897614,-0.0019829296352224463,-0.003565440102396014,-0.006517137765358225,0.0028498309581015267,0.0018279503935705766
29,5,0.003366888916248482,-0.0037557306518202684,-0.0041897835111824365,-0.010448056945366309,0.0037606711620778357,-0.000711297624605045
29,Aggregated,-0.0012398808582390031,0.012570577482372352,-0.008181997100332886,-0.00951090616353315,0.00724737315800005,-0.0009193895001096319
29,Centralized,-0.0018697021634342598,0.014102550972278733,-0.00879310611986306,-0.00978156654030869,0.007655180624373875,-0.0010077096685858751
30,0,0.015840706847434976,0.07790583054406781,-0.048335375066981615,-0.030871424842849205,0.0019699667137918534,-0.029328195799481004
30,1,0.0010349780029636287,0.00463505165707745,-0.011434649173059872,-0.003947515533035189,0.007474226825781944,-0.000911291797980534
30,2,0.00010996249803550592,0.0073842779451924745,-0.014339696152212533,0.0074765930362390084,0.004023711924350695,0.0009942361249938617
30,3,0.0029736454120045793,0.006739602027825543,-0.0023414540798793017,0.004813613339297278,0.0007484693381911064,-0.006609404703182714
30,4,0.0031996250802299965,0.0058163710292556785,-0.010912093445706057,0.00995633414537788,0.004087547084932843,-0.0029413752094423072
30,5,-0.0009833732372419358,0.004849580239513453,-0.010197270609175484,0.010166334801676126,0.005710006240854829,0.002630486436802452
30,Aggregated,0.0038415159017323305,0.018607941291081093,-0.01664460865934738,-0.0007662905305349666,0.0039779574628520395,-0.0063069187564804684
30,Centralized,0.00433221240253071,0.020440666335595128,-0.017873209609051456,-0.0016226671970506995,0.004073628655078339,-0.007020717700062985
31,0,0.00728720078091288,0.07491364608526424,-0.029090884404451792,-0.021609700241330465,-0.002102896733529853,-0.008428778486569363
31,1,0.001985750280799653,-0.001181032756439297,0.0030531076843929366,0.0025325891866104133,0.002108435210480379,0.0037085945354696065
31,2,6.72640055419486e-05,0.00474846426872801,-0.006329754726137631,-0.0012301175406362848,0.0050298625560827835,0.0005104587820071597
31,3,0.004089838858455223,-0.0072566431214356525,0.0009048366621090338,-0.0013911315432777276,-0.0033211479698272935,-0.002598893675074629
31,4,0.0035649581500745093,-0.011837551748525119,0.0030344141951699796,0.004949896481780557,0.0023723420327819394,-0.0022375015796266664
31,5,-0.0005528516018434756,-0.008356298340347321,-0.004994003473583734,0.001504888457168688,-0.00039766008253046915,-0.00015196794461174538
31,Aggregated,0.002794867659832354,0.009301203875645056,-0.005852344757731306,-0.0027691965184588876,0.0005822424514644196,-0.0016156812266710239
31,Centralized,0.003054212787056498,0.010881113966295338,-0.006611078817309423,-0.0033690599737094744,0.0006556993287971285,-0.0017181326214301166
32,0,0.0021668773110689555,0.06028589080146536,-0.03238075029805774,-0.010924948103008392,-0.0055882720890480025,-0.008161766495302173
32,1,-0.002619383752146227,-7.499428991425694e-05,-0.00039118089395810224,-0.0017512712353999285,0.0005091172450513937,0.0013165804828101288
32,2,-0.0029832280872183646,-0.000944356642848528,0.0009934592841258324,-0.0030289610157987756,0.005550999391151125,-0.002003697266905624
32,3,0.0018563396551072807,0.003944312215490929,-0.010702678534339139,0.0011843444584895464,0.00853479342756336,0.0045403969627842
32,4,-0.0018936841864507948,1.058151955136144e-05,-0.007277834144313615,-0.0041600281928330035,0.005149431824970735,0.0021928487376733645
32,5,0.002837656994089181,0.0007080262430447182,0.004008282769634027,-0.003972747276084149,0.004225502911859048,0.002006025372264441
32,Aggregated,-7.865755185347236e-05,0.011249886767595807,-0.00792188779859855,-0.003861308342164556,0.0029598767601247385,-0.00011589305029370426
32,Centralized,-3.5460233816993046e-05,0.01237047578923696,-0.00875573310163736,-0.0038475772105244868,0.002819141399222981,-0.00027608240257258023
33,0,0.0030706636234225006,0.061533404105572655,-0.03975826330686797,0.0014562992983199322,-0.0380482680072127,0.006681353275672407
33,1,-0.0019384581582501908,-0.003618026217488296,-0.003954263409409134,0.0003209491462045916,-0.0037694682281098927,0.003837463215122417
33,2,-0.00017594898486044674,0.0014189741134295797,-0.008413820388717014,0.0023597091676332152,0.006257841548340601,-0.0018271484639176318
33,3,-0.0010615925126977895,-0.002230158837715638,-0.008763860782113359,0.005105947179167592,-0.006034009846726942,0.003958417170923181
33,4,-6.098356235373359e-05,0.0019831071346727777,-0.010343800473827342,0.006292141511233485,0.0028686132345961462,-0.0007463858174537578
33,5,-0.0029957006257587946,0.0013810948925500315,-0.004259681295187568,0.0009376780200823951,0.00030342164293846176,-0.0014792229011930164
33,Aggregated,-0.0004838744950360559,0.010694913076843343,-0.012908067603729527,0.0027299996511107546,-0.006783001063349271,0.0017966807648570303
33,Centralized,-0.0003947021261865225,0.01184612038298499,-0.013668546568093586,0.0027879075801545495,-0.007693529083377358,0.0020807200115388054
34,0,0.008255052457788379,0.06734160671806945,-0.09605885377570737,-0.0043881886549795935,-0.010208506921468432,-0.001851182946098051
34,1,0.0026739730745126864,0.005357244325468824,-0.006829367961535178,-0.0021477100344067363,0.0044161709315018016,0.005704628982795765
34,2,-0.0053320667521217485,0.0017418030642544601,-0.012419381303821597,-0.005850775925860095,0.0026840183512478067,0.0038524454329911502
34,3,0.0006251263367451705,0.0037082315760221486,-0.0033887839401834942,0.004447343837234092,-0.002616290908858195,0.006401631869129075
34,4,-0.0015506804253891209,0.0008039536609583351,-0.00163027239687772,-0.001616441097315896,-0.003164779024931549,0.004158246281461659
34,5,-0.0036835381285908715,0.001944169823172931,-0.005867323218103471,0.002825151494879447,0.0020620932909176572,0.005861799142548953
34,Aggregated,0.00026163233561652863,0.014128494464002621,-0.021931749293959583,-0.0011609279286417544,-0.0012466211360038526,0.003950862526526536
34,Centralized,0.0006274909677626046,0.016059780438711372,-0.02468989598737465,-0.0012311735356980288,-0.0014591366422700485,0.003939894122127095
35,0,0.008701434745684033,0.07001000417645101,-0.009489842722562746,-0.00211598080913552,-0.01052409754406741,-0.00641882256072335
35,1,-0.00032212471105222716,-0.00010680247848805502,0.0012875580416475102,0.002812794752264531,-0.003151680412896211,-0.0005728808578821912
35,2,0.002505261001186073,0.001674667088278072,-0.0025873525397483517,0.00512417842468121,0.004344601428765273,0.004528152341918358
35,3,-0.0015587165384618117,-0.001042137308377962,-0.0024364028938134124,0.003587124929564256,-0.0025056815556308916,0.000717689956821667
35,4,-0.0036878889704426232,-0.0010795607890170219,-0.0007572600473272388,0.0031772153627990865,-0.0004493671205397047,-0.0005407408024193168
35,5,-0.001567750961715182,0.0008133655519053688,0.0013877070897512316,0.002546527014106206,0.002450015595953722,0.0004205226076566926
35,Aggregated,0.0007745497014103116,0.012410471468998938,-0.002187863840207283,0.002466376723210945,-0.0017458785091401116,-0.0003842337107125063
35,Centralized,0.0009890064144003248,0.013591032537023337,-0.0023412390437291966,0.0024326529469644977,-0.0019545105158244778,-0.00042521709453501125
36,0,0.0008406594831215148,0.05095010109471778,-0.056247548720744195,-0.003173224981621903,0.0002272214988512908,0.0019332906540432146
36,1,0.004058112091317436,-0.006084744960195899,-0.007137196984213541,-0.0008308732697676868,0.0016956539905911712,-0.0011993549705187384
36,2,0.0028649802271372223,-0.0048489441712259475,-0.006762977436876066,0.0003489488755001963,-0.0011335891799523269,0.00032019264661733624
36,3,0.0036902638385247996,-0.006310721469365975,-0.007663478316193817,0.010857270124784279,-0.0011854908501697076,-0.005606678094863131
36,4,0.0021336703231766814,-0.001067112991269159,-0.0026434330730092065,0.0044447569516164,0.0018675640133589263,-0.0016428225667439085
36,5,0.0034441974042779427,-0.005943755890730879,-0.010340056925855951,0.0017506108616972124,0.002119325623639746,0.002209139055922536
36,Aggregated,0.0028146953268893167,0.0050065910511186106,-0.01562533688957052,0.002168105892332239,0.0005939972541087052,-0.0006332313990044305
36,Centralized,0.0028702333304928144,0.006029578891404327,-0.016844994109274654,0.0020955165227568634,0.0006389682692925554,-0.00047667949338331064
37,0,0.010008784644783253,0.03741737773261601,-0.008242522127429859,-0.014562863565442062,-0.007471310187512012,0.0025559524003047397
37,1,0.002654606017072369,-0.003121882521799859,0.006682205718209331,-0.0059631904931282415,0.004833062399797321,-0.007949302217731451
37,2,0.005443350927734285,-0.00032950016345410874,0.0029239308978892377,-0.004168623541597328,0.002499201189994745,-0.0033313356902317554
37,3,0.006567937392203334,0.0029237420622775776,0.005199511018787347,-0.0028846021912812114,0.0020432382166714145,-0.004254262444077866
37,4,0.004404115825038232,0.003799008865346154,0.004663543724910624,-0.0033997627392015283,0.003605231005095194,-0.009413671365873207
37,5,0.005166228395976884,0.002396631672232847,0.0014885999343680486,-0.006116903518083996,0.0036051720922110828,-0.005458259749712987
37,Aggregated,0.005759067672660983,0.007543371576731198,0.0019949949405137692,-0.006283119683468218,0.0014113219848281792,-0.0045555262778488245
37,Centralized,0.0058926120689944935,0.008062852554467197,0.0018297603467616584,-0.006551061695681814,0.0012791488782812996,-0.004473304642419737
38,0,-0.01689196991726809,0.049203538629755225,-0.03418571731960419,-0.011197340052518028,-0.013222130580852502,0.015029123213597726
38,1,0.0021345114315047017,0.0013766595395509971,0.002007928487864045,-0.005474744630958173,-6.935808590419201e-05,0.002996804985957101
38,2,0.0065168026238820445,-0.003573215091337165,-0.006569681453089201,-0.005366006613566775,0.0021736820611183145,0.006600254200894805
38,3,4.9764118699391346e-05,-0.0007514225283325438,-0.00033302577979728515,-0.0008368822916922637,-0.004667193868052291,0.009603534992180402
38,4,0.0012946359789022363,-0.003558534609938898,-0.003463009924132317,-0.004763540735515198,0.0008483965583758635,-2.0913217072580462e-05
38,5,-0.000499906994956882,-0.00032751587285385816,-0.0018643293610970998,-0.0038485182423447393,0.0019978315834708257,0.0043425047874564885
38,Aggregated,-0.0014204173831049453,0.007566783256318823,-0.0077223977369329224,-0.0053191614539034185,-0.002289117422246933,0.0065283618774225486
38,Centralized,-0.0017666145776205542,0.00846782001239111,-0.008376457344109281,-0.005390889461657652,-0.0025177602265865555,0.006852347448847566
39,0,0.016213123860920366,0.038279059808506946,-0.14327491919605723,-0.0034833934169982905,0.00012115345008741525,0.007096313875279606
39,1,0.012825348800595212,-0.00542413603518188,-0.014499896461432845,-0.013465003599712366,0.0018545021181809581,0.009772911172539984
39,2,0.007418649269429747,-0.0011354945029448513,-0.011666442071101468,-0.01017955390153896,-0.0017188531466074868,0.005069668579374845
39,3,0.011307953441753546,-0.003682361914934252,-0.0075395007741708075,-0.012321093060317041,-0.0021236719960170845,0.005097511959131519
39,4,0.009318047345597462,-0.00013418594927575394,-0.006841738279477891,-0.009177582528680832,0.004691088107728511,0.008789631963851349
39,5,0.00195213187151048,-0.003957382930909257,-0.015130143460715038,-0.010179942245632418,0.00402113374437867,0.007958308294030695
39,Aggregated,0.009915619664885982,0.004401963086620977,-0.03447884705001647,-0.009725358112324695,0.0011286674077758936,0.007294980459364276
39,Centralized,0.010519349560716327,0.005568030959864601,-0.038404345515165944,-0.009570882302175013,0.0012598072973230181,0.0076347872456104145
40,0,-0.000817949905507452,0.07699771884280289,-0.014500835456453627,-0.0006090380384760174,-0.00813966223344694,0.012825476545261772
40,1,0.001671326582093098,0.0023752369355010128,0.006569276133167735,-0.005168170996694881,0.005989869274280162,0.006831876461366819
40,2,0.006250144936667117,0.010023030385374514,-0.001012523061765851,-0.00228241755796404,0.00474241248052102,0.0036496879821113636
40,3,0.0024270751026603393,-1.1354440918054377e-05,0.00345372515021872,-0.005873376361750552,-0.001070479843387281,0.003944212664449251
40,4,0.00016385312711984142,0.0034796288223313894,0.0009955019392458135,0.0004536142797852034,0.0008965093094482364,-0.00028052510830091083
40,5,0.002602878765266398,0.0029612253231684595,0.006208998992576402,0.0009203308459217112,0.002161840787547056,0.0031908122061309213
40,Aggregated,0.0020151790876476046,0.01670250437568951,0.0001084295643452632,-0.0020753844375337805,0.0006566847663385762,0.005120412606396413
40,Centralized,0.0019855684262782515,0.018181955774962212,-0.00028465383540063154,-0.001953495883287117,0.0004452113559478184,0.005385045500318329
41,0,-0.0053939865206175585,0.06107371739231964,-0.00948272867359706,-0.010199989533223576,-0.018481212663466046,-0.003625371558497777
41,1,0.0006460832557778888,0.0009352856211157945,0.0014693394756845081,-0.015538110912684496,0.0012682554226744135,0.005070057891894866
41,2,-0.0014385136392834489,0.0002953376218222301,-0.0031307242914104757,-0.01042293353763693,0.013357999917839609,0.007719826295822521
41,3,0.0014754616005921927,0.002969903638125917,0.0015493909315313636,-0.011516731472607334,0.006430525612146991,0.005482809763492644
41,4,0.0009645575191807365,0.0006174515908139538,-0.0011964102542939262,-0.009198407801205743,0.009763083023469983,0.0025203730348403253
41,5,-0.00025210208171589363,0.0012672734814063835,-0.00012483562622025806,-0.014110501041352037,0.005190601244999255,0.0023473991395537267
41,Aggregated,-0.0007230908086952748,0.011791130258915967,-0.0019111970113192592,-0.011811558462839893,0.002664965612347709,0.003170063565543839
41,Centralized,-0.0008315130389242145,0.01284006060450159,-0.00201862533750455,-0.011965525016427869,0.002187605510476439,0.003135260719636904
42,0,0.0057460584890891,0.06377900094246958,-0.05735905020897383,0.00025530198419341355,-0.028129196655103515,0.0018539337887330306
42,1,0.003550808480778481,0.0013122176161928087,-0.005303468600933424,0.002958967332624953,0.0020637119177023366,0.004808034362656309
42,2,-0.002381062337298458,-0.0026793161315003667,-0.0009762503442034831,0.0004455702164425072,-0.005751525879241823,0.002310654803975783
42,3,-0.0005435273929698873,-0.0002904232415742447,0.0007638468372214917,0.002859816019192718,-0.0068715606727899605,0.0008784679305156307
42,4,-0.0011496531627439913,0.0006918699330331697,-0.0006488402443064768,0.0013952520465642566,-0.005505548442561211,-0.0012039064101717763
42,5,0.000961571639361362,0.0014541883296483832,0.0021915280509257505,0.004737387778144538,-0.0013162120574890808,0.004095356672472076
42,Aggregated,0.001087227068690083,0.011347433001031663,-0.01078711813947771,0.0020864971479979235,-0.007831338711116615,0.002120522215840799
42,Centralized,0.0013561657100106873,0.012722447313880898,-0.012242359807553652,0.0022084426306527467,-0.00851059692834217,0.0022484369163070354
43,0,-0.038797029185401954,0.06964808876343183,-0.02332088294032152,-0.022623080754317546,0.0036157943970997067,0.000807415694760148
43,1,-0.0045591734902120885,-0.0018328481560400814,-0.004464549710947735,0.0018531145653166283,-0.0008586795737823535,0.0003670021662239194
43,2,0.004805247041682993,-0.0020726186200643224,-0.007896969545588241,0.001843377390794602,-0.0056150141295943316,0.002566334945129402
43,3,0.004948355097718239,0.0011844247986196488,-0.0032765314873755,-1.5751867064606185e-05,-0.0033610611389957926,0.0005205645970980074
43,4,-0.0006264672072100945,0.0009244022255483116,-0.0014418736788416582,0.002477544612223972,-0.0017876394182257539,-0.0027551794000668295
43,5,-0.0015572461832152825,-0.0012640329288106636,-0.005237800298863244,0.0019915185352836,0.0004075764904633893,0.002490658019998398
43,Aggregated,-0.006357983778686998,0.011799803013110604,-0.007794819605288002,-0.0026545010455176184,-0.0012079748450450499,0.0006678263731120884
43,Centralized,-0.007704503030291676,0.013400951089781267,-0.008157302465929944,-0.0031306030917766865,-0.0008930880482649302,0.0007912978104803588
44,0,0.014311408809664276,0.04157294708393922,0.0003253764389990551,0.0014621056205758795,-0.007356504576202656,-0.003610277008150381
44,1,-0.0013359397425273599,0.0022698103477380347,0.00025525933120132405,-0.007108202704486019,0.007458945175596403,0.0018116895656968934
44,2,-0.0004253840699744049,0.0012136977139086773,0.00278484586014409,-0.006987919044528948,-0.00033443053432970676,0.0040089931176649505
44,3,-0.0007454892027862034,0.00041924113568700037,0.0051194359873733405,-0.0016939229230480794,-0.0014938423057481874,0.0015979578289263571
44,4,-0.0002948211129037426,0.002391261773888999,0.005224208830306501,-0.0038456097975112747,0.0006269445398820612,0.002577927833696982
44,5,-0.004690222306631183,-7.334424287755622e-05,0.00032933245048313484,-0.005795641449335325,0.0008477809713324464,0.0004276005291092492
44,Aggregated,0.0012945319235787474,0.008368487554177968,0.0023155948974744912,-0.00392944681990853,-0.00012953927488046368,0.0010787544308726005
44,Centralized,0.0015259559833536514,0.008946827927190475,0.002335643806185655,-0.0038881914685785185,-0.00031027900308560924,0.0009876528616010608
45,0,0.019650023996807004,0.03980622491994723,-0.010849778145127505,-0.05342828708798326,-0.00467198088147391,-0.0014611179550489788
45,1,0.003919251158249379,-0.009028819493838564,-0.007983086434187669,-0.0025838773022871194,0.003259331243985212,0.006220210621355435
45,2,0.003791241699443559,-0.0033418009854601035,0.00031031990235789173,0.003991186473195089,0.002863051890477086,0.0044818481953604015
45,3,0.008234748194288745,-0.010504681907502849,-0.009683408216619928,-0.0029231829585906633,0.0033778623391595404,0.00847104823857578
45,4,0.000542136249524013,-0.00844436176799685,-0.006932129384431802,0.008244992876475482,0.0036285489480177018,0.005910940157810019
45,5,-0.0068172107925736705,-0.0020749704582272333,-0.005156479292228649,0.005768120811260774,0.005221238027510687,0.0034456873501185403
45,Aggregated,0.005063681341649352,0.0015329855157811675,-0.0067653189176513865,-0.007380559830036174,0.0021963387241035227,0.004439837051734563
45,Centralized,0.005455619461202662,0.002382593633421177,-0.00680991284882934,-0.008657024706305659,0.002166919755752552,0.004462133316245311
46,0,0.004011555742759774,0.02939847241118061,-0.0062618646231224285,-0.004292989244574026,-0.006569810461903513,-0.005598695218810095
46,1,-0.0021303980700284335,0.0014890514635160685,-0.0010979503394670242,0.0012637635703067263,0.004259950446844837,0.0053174129794331965
46,2,-0.00044580034546363724,0.0005933284318156756,-0.005790535069652004,-0.00021505864932050794,-0.002669121678009271,0.002541180010011048
46,3,0.0032475387031590365,0.004339420281981651,0.0005712089431616607,-0.0021489775160137485,-0.001415042740522691,0.0015199933515227877
46,4,-0.0010318952525877952,-0.000719311014299926,-0.001175212866750284,0.0016461928677312533,-0.0007960856844163126,-0.001156941240256034
46,5,-0.0011161588756659088,0.003289138989050322,0.0019577095769546544,-0.0005884575465100165,0.0013282219109854094,0.003870060396378705
46,Aggregated,0.00046549960951179425,0.006674075835939679,-0.0020176049856098256,-0.000765389768945632,-0.0010440282700634959,0.0010020781068038973
46,Centralized,0.0005334122830483567,0.006991181513244416,-0.0020380061514250008,-0.0008414462617911215,-0.0011664436397770318,0.0008962098713800049
47,0,0.0023601665895591466,0.03144643825590592,-0.021168225506411547,-0.002862709394083241,-0.013082664853111626,-0.0023716241572718667
47,1,0.0015969632500693195,-0.00039672506120925273,0.003145538131213082,-0.008144804475849478,0.0018270893451949636,0.0020274524170875983
47,2,0.0015265906307793064,-0.0016381331864961008,0.0015667021387633059,-0.005816070371679738,0.0024208623708832145,-0.0011230772730400455
47,3,0.001974268245166809,-0.0049479106270043744,0.000273477341427338,-0.0009112305190938886,4.955423024342382e-05,0.00047531461666145786
47,4,-0.00015253248242938315,0.0022597125147034635,0.00010008633774566739,0.0006650116691943378,0.0003888067317440692,3.986655343241977e-05
47,5,-0.000650408711677934,-0.0013207234965126582,-0.0006955982116178428,-0.004051153720879609,0.002036290705660333,0.0015114565230024296
47,Aggregated,0.0011241714940358612,0.004560002116453374,-0.00301657905226173,-0.0035122779493555285,-0.0012041379724686012,6.368272811685429e-05
47,Centralized,0.0011739272609562887,0.004960172179343585,-0.0033718524782176806,-0.003485631743093072,-0.0013630091171755651,8.838586345942996e-05
48,0,0.017600000410376966,0.021211782056948424,-0.015666261054538205,-0.004822368501396842,-0.007996534657801124,-0.004409981981433127
48,1,0.0019474669781214364,-0.0073272521454006275,0.0011458502471973257,-0.004284434872351,-0.0039571931494116665,0.003164176380621329
48,2,0.0020024401900230267,-0.002125341821067578,0.0006449478827028898,-0.0028893864581171305,-0.003942839133796733,0.0032296863023625944
48,3,0.0075123459522874175,-0.0031210987324197777,0.0005365837046352622,-0.0038350444026074423,-0.0034630369529462476,0.005456777143650002
48,4,0.004986056287863946,-0.003684097033761691,-0.0011330152609086985,-0.00284581120832425,-0.000787846168835125,0.0003978379338137531
48,5,-0.002892030506183338,0.0008745892658035399,-0.002470582565263857,0.0005371209868604306,-0.001770801582200779,0.0029368480063356696
48,Aggregated,0.005341451926340195,0.0012140718449403021,-0.0029777023967023147,-0.0030448877487548303,-0.0037051117835928153,0.0017214945556190782
48,Centralized,0.0055158537019531035,0.0014681697435091543,-0.003168671585256123,-0.003078829331092962,-0.00372852396034874,0.0015910478359129065
49,0,-0.009035245108098028,0.01646759479924089,-0.010278611997871,-0.009308116724910142,-0.003688320082830901,0.009970044159654943
49,1,0.001782461130812927,-0.0023140863014995128,0.007668168678353708,-0.005474746008748403,0.0038160255658173407,0.0006657776802857994
49,2,2.1650518211282128e-05,-0.0005379892708382998,0.0017983925456379467,-0.0016041095585957441,0.003294906244155777,0.00010764255932196876
49,3,-0.0008236356825779352,-0.0016207577300240673,0.0005654315921820986,-0.004168872352753012,-9.910504779926573e-05,0.0061469392209721994
49,4,-0.001017415166300765,-5.1451963601430635e-05,0.0004340259691697481,-0.0011538754876373855,0.0020671092652824745,0.002738994606858679
49,5,-0.0032451235020267023,-0.0008889371591338827,0.0037556208853320315,-0.0028170214218761016,0.0018875244026104671,0.0013079367950941958
49,Aggregated,-0.002136589256052699,0.0020177224614674433,0.0005260729777817134,-0.0041503715953404244,0.0011542660268818636,0.003567244008731081
49,Centralized,-0.002248692843816961,0.0022466562967427156,0.0004035203404196349,-0.004212786890812564,0.001066216472084064,0.003680824316099536
50,0,0.012383206932566702,0.015982043571322026,-0.009896164989312308,-0.009707435224775013,-0.00553143591298644,0.002763793416711494
50,1,-0.0027129906047484702,-0.00018329933139596595,-0.0010350075743330502,0.0033410876770813324,0.0009808769381150144,-0.006417832382510436
50,2,0.00399993730488181,-0.0013685749776596848,-0.0039018118560069717,0.0033802756265767673,-0.0012467469753481236,-0.000863079122443805
50,3,-0.0021445010350559764,-0.002011711822611416,-0.0032326966690580795,0.005996174275716155,0.0010364767796850619,-0.002730268241274983
50,4,-0.0025117554567735314,-0.00017580945333375286,0.0001242664711132324,0.002177790726826771,-0.00256713231312038,-0.003227094074939987
50,5,-0.002599162713373077,-5.564946268742932e-05,-0.001949914373403729,0.006857281714235545,0.0028886987046350832,-0.0018092496224242811
50,Aggregated,0.0012047557855377601,0.002198409703131701,-0.0033941139279604366,0.0018670899994547917,-0.0007973183939702951,-0.001989613032065113
50,Centralized,0.0013416153388757161,0.0023658274386290216,-0.0034736431535337935,0.0016961816307378406,-0.0008263496638471787,-0.001964971853189911
