Round,Evaluator,3,0,2,4,1
0,0,,,,,
0,1,,,,,
0,2,,,,,
0,3,,,,,
0,4,,,,,
0,Aggregated,,,,,
0,Centralized,,,,,
1,0,0.5152594103244377,0.5285511805114528,0.5253214611070484,0.4893853646404432,0.5199243532099201
1,1,0.5202183685934386,0.5207442964506533,0.5206679620848752,0.48423791153011203,0.5250513738389215
1,2,0.4909906842383771,0.4966885486299962,0.5169058610129392,0.4269906038979842,0.49338858261942303
1,3,0.5275040529541649,0.5205062612527565,0.5177778393577523,0.5072471432300667,0.5172154613179066
1,4,0.5373139859149864,0.5447248760069489,0.5235355092119625,0.5554992165714385,0.5375686411370159
1,Aggregated,0.5182536218252668,0.5222388243887804,0.520841259125584,0.4926600382019708,0.518626147932765
1,Centralized,0.5182490405572528,0.5222335489564692,0.5208406821842878,0.4926449226677482,0.5186217438149234
2,0,0.003822870265979548,0.021397483866492532,0.012026255224620927,-0.021450486781583764,0.014993201752188453
2,1,0.007524864812303319,0.013953435814869082,0.012910900837480973,-0.03107387828820072,0.017920448469067707
2,2,0.00994916577669792,0.025467415442559947,0.03139054332219315,-0.06524791821552525,0.01839167062187225
2,3,0.012780322890465897,0.008112244286365899,0.007560236087333679,-0.009437374281944041,0.008397618686913666
2,4,-0.0008043618122969054,0.0030766114829269913,-0.003638244537508121,0.023891332372928235,0.005111376403296171
2,Aggregated,0.006655917647852807,0.014403649128988146,0.012052938452832541,-0.02067219860423403,0.01296440520103877
2,Centralized,0.006657636220471139,0.014406440684492912,0.012056694174631923,-0.020682954144848775,0.01296636846525171
3,0,9.284629014148412e-05,0.016260776522203344,0.013674998411059233,-0.0287293884057998,0.011655015431387217
3,1,0.004208111910511322,0.010750560234061258,0.012221695945862298,-0.034545304411487884,0.014728183753813044
3,2,0.008712631149751245,0.022577144718842534,0.03450951383875344,-0.07008038318829281,0.016591337311845894
3,3,0.007757078363837272,0.002515937026069236,0.00692624756304681,-0.015302933597711189,0.004607768362954979
3,4,-0.005792687920136549,-0.0013081139678820287,-0.009466416493892493,0.02078512441661802,0.0002156841768527392
3,Aggregated,0.00299720488067535,0.010161511318560088,0.01157722408168947,-0.025583445024984486,0.00956142546296481
3,Centralized,0.002999248800374697,0.010164345054404337,0.01158227193045908,-0.025594634402289842,0.009563747964447639
4,0,0.002057881621262294,0.014963090376712751,0.007116339722292139,-0.024494751453397915,0.004031302397901448
4,1,0.00815976660121629,0.009383812343534319,0.008267620838977925,-0.03329066645152244,0.011476510625494128
4,2,0.009203988477830213,0.01727095888715564,0.02927393243705864,-0.06295799626696291,0.011311893286209877
4,3,0.009445052103826719,0.002462604837514052,0.0013187098023154523,-0.010664710905139239,0.001327282330306361
4,4,-0.004741569337732199,0.0002836136916382422,-0.012047802552843424,0.019903044960287268,-0.0025623682708487898
4,Aggregated,0.004826787564023915,0.008874512517196672,0.006789364958235589,-0.02230911602646856,0.005118421535766457
4,Centralized,0.0048290417205713735,0.008876655862998592,0.00679388292040876,-0.022319337327453524,0.005120321250625902
5,0,0.0028035883331092287,0.01358183388872892,0.00571277182184771,-0.025107692253392547,0.0018040507051915252
5,1,0.006549661559220524,0.010362261038422005,0.0075331176173958625,-0.034477901587623844,0.008838737898613608
5,2,0.013184852218469895,0.019409616959269304,0.024743894863097315,-0.06766551706020472,0.01133581902585692
5,3,0.00793164600135995,0.002347297908507189,0.002731016810862491,-0.012477406465569515,-0.0017023484894382647
5,4,-0.006394597838995045,0.0021859731554394763,-0.010364247371693986,0.01839259098852545,-0.005001259756714734
5,Aggregated,0.004817114431229651,0.009578869218822129,0.006074442383538358,-0.024275366185564924,0.003056574871811954
5,Centralized,0.0048197568531833605,0.00958071243796672,0.006078372707506769,-0.024285673038742902,0.0030585607672668955
6,0,0.003895259355309429,0.012619245869597923,0.010425028441418368,-0.028435810867891136,0.004284176867696958
6,1,0.006401257532213698,0.010857343703230375,0.01120858529883522,-0.037282289829448964,0.01217808812971096
6,2,0.014689749500846965,0.01829192321381211,0.029697098771220776,-0.07426619870534498,0.013121548215855835
6,3,0.009750944649185689,0.0038305609889270602,0.0045104214434602075,-0.014425263003985543,0.000601910970755129
6,4,-0.0077946300837146735,0.0008421908918489374,-0.007294739422559737,0.02010420318179985,-0.00219004214389998
6,Aggregated,0.005390960812001059,0.009289908798147985,0.009712537715907433,-0.02687007303205046,0.005600665395690308
6,Centralized,0.005394063270452313,0.009291994749465274,0.009716624450893187,-0.02688141553472556,0.005602597108782758
7,0,0.004160569606345851,0.013878667563672824,0.011674282306373965,-0.032043677539805714,0.004637004702675029
7,1,0.00789258258112451,0.010449700552315058,0.010636470403379669,-0.03996197083994347,0.00999460681780634
7,2,0.013578072023204652,0.021145488478775627,0.03413003608047014,-0.07662137789340691,0.006957527577818693
7,3,0.010436504867912526,0.0022313592778085358,0.0027427988553953685,-0.014960178694078102,-0.0003306500727394847
7,4,-0.0033390556870480158,-3.528920746405095e-05,-0.011956344607754932,0.017043620997930203,0.00031770937000730935
7,Aggregated,0.006547560075057905,0.009535870579996131,0.00944955356784202,-0.029317623769542292,0.004316052936235676
7,Centralized,0.006549875784235357,0.00953823631953232,0.009454704988374045,-0.029328845584101964,0.004317090903002302
8,0,0.0007625335762586024,0.012738636265098802,0.012373035733028852,-0.030391492840753025,0.008864150588218185
8,1,0.00786151461923022,0.011233890278646522,0.012437004501953201,-0.03929956351734611,0.013902761903110763
8,2,0.010975102789259401,0.022229831137014548,0.03428668175226825,-0.07485171012254883,0.013329598358538359
8,3,0.008753083254640852,0.0031199236739851283,0.004567932169612324,-0.014965892936254105,0.002692807103548675
8,4,-0.005156056745019285,-7.014318262857366e-05,-0.009824224275031816,0.017620161946041966,0.0005450552858882093
8,Aggregated,0.004641043170071853,0.009852371011547834,0.010772033389299303,-0.02838652988262586,0.007868322412718757
8,Centralized,0.004643340733159403,0.009854806442532964,0.010776988542726402,-0.028397657912864933,0.007870163474209125
9,0,0.0013335607371293486,0.01463862473060442,0.01203556131042419,-0.031632736381820674,0.007595275167763216
9,1,0.006399871538314983,0.010595144923594957,0.011168596944497334,-0.040762492313498835,0.013879098863277529
9,2,0.01135823346271091,0.01971470455053992,0.03201419407109768,-0.07690474838335107,0.015036022888748128
9,3,0.009312564826703895,0.0022281839457213896,0.0033050890648875417,-0.014703224577430967,0.0017697251027824952
9,4,-0.007039117225110486,0.0029317851084955816,-0.008574850971706608,0.01828524187906003,-0.0015256645465056358
9,Aggregated,0.004275107504386756,0.010023110697357101,0.009993287439267442,-0.029152704844978908,0.007352635225956482
9,Centralized,0.004277758792836519,0.010024889550442695,0.009997763113475694,-0.02916419055962976,0.007354844530509898
10,0,0.003484557386321012,0.013245355849748319,0.011972892923732293,-0.032514459765659004,0.005077941152762452
10,1,0.008867312263742485,0.009283907310137264,0.012484635180144057,-0.0408413911914592,0.012123055367259512
10,2,0.012553907732080156,0.017262464817599663,0.03652494350233098,-0.07865632928325073,0.012896997127082862
10,3,0.008785249465770263,0.0016280585843947565,0.003807278651972154,-0.013829183446635807,-0.000961260024058395
10,4,-0.005212701305550697,0.0016420155069203394,-0.01189706559099248,0.01861524522001258,-0.002550366833265456
10,Aggregated,0.00569769663795861,0.008613752998171232,0.010582844581423494,-0.029454467278850625,0.005318832536336214
10,Centralized,0.005700281255411071,0.008615500686668881,0.010588249940705778,-0.02946611271837542,0.005320803555113345
11,0,-0.003198061558205152,0.016097390845457946,0.010846352154216792,-0.027854865545691446,0.008139518075644022
11,1,0.0032052004873880427,0.01224945678361785,0.010615519016186832,-0.034251034228518225,0.014529747810447224
11,2,0.008849984774494378,0.02332777883701688,0.03479784078428612,-0.07045002309832213,0.014947311948955202
11,3,0.007729770177058315,0.003918677572327112,0.005410383808109661,-0.0139779960782107,0.0033928239034715694
11,4,-0.010456136070707969,0.0032533191114825213,-0.013200162994966938,0.019954144945877723,0.0005965047402536977
11,Aggregated,0.0012282881488699833,0.011771014886412285,0.009698347102258281,-0.025324625004989196,0.008322699788467995
11,Centralized,0.0012310020917974211,0.011773128366924101,0.009703825955100328,-0.02533555389598604,0.008324624216671371
12,0,-0.0009990780516582485,0.014305818986895586,0.010764881408641258,-0.0284487083874831,0.007847141521771826
12,1,0.004689041066414098,0.010200705058757576,0.010604947865696705,-0.03562152305317449,0.013669315361355568
12,2,0.005580102482038303,0.020226306716550863,0.03124889189151523,-0.06833143795528943,0.013704694898321287
12,3,0.0059507096210489555,0.0027543115238240334,0.004017192985458358,-0.013112997392964154,0.002594237363159972
12,4,-0.004961070444628731,0.0024707120965079877,-0.009114961542141376,0.015976028733436662,-0.0008256018135850502
12,Aggregated,0.0020532267547037995,0.009993067174323397,0.009507756832778585,-0.025915774852392777,0.00739957096248944
12,Centralized,0.002054867556339003,0.009994938237662837,0.009512230020021772,-0.025925915706481843,0.007401620806940178
13,0,0.0005692606557606182,0.014614867134133624,0.010570230265914264,-0.0287340132080228,0.007587036764544751
13,1,0.005376002356766519,0.008981991839648004,0.010313358491849983,-0.03421042736040376,0.013256665293856358
13,2,0.009476499041488739,0.017213628762144318,0.03206896931876689,-0.06797588305796992,0.014521053086538404
13,3,0.007118441293972322,0.0006041197531727429,0.004711390244340824,-0.013577137780938974,0.002377494868920819
13,4,-0.006802213467371345,0.001822117201127436,-0.010015931375498343,0.018421943107963943,-0.0017649790040898034
13,Aggregated,0.00314943697136276,0.008648722656751227,0.009533336726332702,-0.025223471814843343,0.007197205936631684
13,Centralized,0.0031517752689719613,0.008650452123057133,0.009538020595523873,-0.02523402595227299,0.0071994278375477954
14,0,0.001599514319259455,0.015238737475734959,0.01136422638801462,-0.032677093036590485,0.003297831404667172
14,1,0.006384866205248742,0.010703501767353133,0.010981102052755992,-0.03968142635296883,0.010370781311734389
14,2,0.009299254578791438,0.019436088288747086,0.03359403810223078,-0.0753865092130053,0.010306933541021756
14,3,0.009480516574144383,0.002241814580139054,0.0045693271146421514,-0.016101958879033155,0.00024054823749922367
14,4,-0.005861264860107392,0.00326123475830562,-0.009534176095303477,0.015560479361386697,-0.0011982798248579276
14,Aggregated,0.004182421696403433,0.01017766691550882,0.010198679090702911,-0.029665986568120473,0.004604709184584442
14,Centralized,0.004184774918023184,0.010179409342582203,0.010203411995925676,-0.02967693132226659,0.0046061571655866655
15,0,-0.0021771909818206685,0.014579183293769818,0.010291026032000227,-0.022424400031539386,0.007154356575232291
15,1,0.002897065293157399,0.010432457855983686,0.010246442007193705,-0.02868870055490434,0.012682826251641658
15,2,0.004890411408414215,0.019714822429472128,0.03243766599261835,-0.05839326881907265,0.011462574481118794
15,3,0.005960406659250543,0.0036801148971994696,0.002705748099068464,-0.01092033383574084,0.0017167827479048668
15,4,-0.008528426929693921,0.002918925510006761,-0.013033374220354048,0.01696552211820637,0.002044553462297542
15,Aggregated,0.0006101259971171107,0.010266558183752057,0.008533629194461382,-0.020699452107476254,0.007013220112903467
15,Centralized,0.0006122628151231065,0.010268384066688833,0.008538815113591692,-0.020708546980478287,0.00701448954791642
16,0,-0.0012643399506404556,0.012460111593358055,0.009643660349654363,-0.023920125027285362,0.004801909938351656
16,1,0.00336052596202204,0.008932969554340005,0.009675712646221064,-0.03000170898355583,0.010717584250180916
16,2,0.003979244569460282,0.018064937125709595,0.028938402045547155,-0.060494622660179985,0.01090856570023499
16,3,0.006600819668703515,0.001671055866019843,0.002229593993427059,-0.009156976629892243,3.877711144983365e-05
16,4,-0.0040282863696286765,0.0017838130473982333,-0.009937535392516855,0.016496847820975234,-0.0015701340028782447
16,Aggregated,0.0017306304152553582,0.008583933801383191,0.008113431014432862,-0.021422607336032958,0.004980636263933365
16,Centralized,0.0017319580041892297,0.008585628583968974,0.008117778559097366,-0.02143178995105936,0.0049822766634764395
17,0,0.001180956844656894,0.011414473758819746,0.012112727309413021,-0.030136164954088183,0.0067103844540351305
17,1,0.005251237803696431,0.007965106546931727,0.010359131920150755,-0.035538662161207796,0.010821118333978022
17,2,0.009269163156429639,0.01536471164706316,0.03241969682707793,-0.06946103276118315,0.010694629922531356
17,3,0.007520931716906541,-0.0005912043314078538,0.0033562464773909018,-0.01183350918502627,0.0023911963971768673
17,4,-0.006481297260827286,0.0014603258466285953,-0.009911489136827814,0.017310646439735403,0.0001101284268932449
17,Aggregated,0.00335001321028343,0.007123834742457442,0.009671019608104212,-0.025940064247730217,0.006146678646250868
17,Centralized,0.0033523228804707354,0.007125273703420565,0.009675733212451253,-0.025950551200485592,0.006148187573123542
18,0,0.0025423176424539027,0.012481564856630248,0.010353874063113201,-0.025584508417282652,0.00466912311035507
18,1,0.007648070651809453,0.008471662903844098,0.009381323513207399,-0.030985374889941738,0.010371239136207244
18,2,0.010708359972358309,0.016728283284441026,0.030067524744225627,-0.06305596240071873,0.01303751926692386
18,3,0.007283194061580397,0.0003388045324833037,0.002767953445828103,-0.010955449872850543,0.0014799420049492315
18,4,-0.0041315523384080665,0.0020996312748664766,-0.010176125019250422,0.018238128254467398,-0.0057690454040212865
18,Aggregated,0.004811743134348762,0.008025189867664373,0.008482486479915473,-0.022476445459470654,0.004759786038892081
18,Centralized,0.004813859669463888,0.008026688368620596,0.00848697386560238,-0.02248629369500599,0.004762361910790602
19,0,0.0005702955074436485,0.012400878989108736,0.00921351318264357,-0.02905436331520183,0.006170387760578088
19,1,0.006230017419789679,0.009402992155847245,0.009326267313688104,-0.03584566145218531,0.010096735839315262
19,2,0.008233081173808233,0.01833156070667783,0.02842212743803108,-0.06894371012862179,0.010382793941432645
19,3,0.007533086355346879,0.0008067034165113035,0.0031212132119063283,-0.012382310822746816,0.0008740405139409194
19,4,-0.005501887041674908,0.0005954054982238009,-0.0074641911094907335,0.015459230474406727,-0.0013327828019884496
19,Aggregated,0.0034145621943873434,0.00830904486053495,0.00852685294358444,-0.02616136894923012,0.005239530290090104
19,Centralized,0.0034166576113843308,0.008310969938013361,0.008530691570358784,-0.026171454016338747,0.005241175451037503
20,0,0.0009640189423285817,0.01206970150579204,0.009022976710026049,-0.024475377710627712,0.006180996056264982
20,1,0.00709028873939578,0.007718809883680073,0.008327146956423627,-0.030093796239793465,0.010166338377413233
20,2,0.00827063143971145,0.015495626723903316,0.030092673431279162,-0.06072721656054431,0.011974309159775863
20,3,0.007486712847627624,-0.0007207226851380033,0.002709834440928599,-0.009488567752854563,0.0012733191574350563
20,4,-0.005331342607264305,0.0012500593012136814,-0.010256975904285152,0.015919044977504744,-0.0009685764004583874
20,Aggregated,0.003697731626222819,0.007163896682083013,0.007982620372528688,-0.021780431467058475,0.005726593779015103
20,Centralized,0.0036998629611228887,0.007165399509674621,0.007986990906838215,-0.021789561252858802,0.005728258729806549
21,0,0.0005214632150565502,0.013583534354187726,0.00799520256130597,-0.025894523252514363,0.003819281637557361
21,1,0.006735219813066697,0.010289196547530927,0.008083472284013734,-0.033401990864807864,0.009137526945248501
21,2,0.009667019123621418,0.02035812366696832,0.02787272265978429,-0.06615086620057799,0.011188351568444228
21,3,0.008236751512028155,0.002521559676161847,0.001158547707241082,-0.012036054584130875,0.0015043939427459908
21,4,-0.004546044268305055,0.0009685012791812562,-0.011629363605607936,0.01720088772623485,-0.0024532432693499364
21,Aggregated,0.004124476211848346,0.009545877106709096,0.006699628697154805,-0.02406442844219704,0.00464063835618297
21,Centralized,0.004126502720241585,0.009548000362619569,0.006704035988846234,-0.024074404992718925,0.004642378003788394
22,0,0.0005019898882023477,0.012936460434189752,0.010103621251828742,-0.025325278850251036,0.003958131082136664
22,1,0.006367678343901168,0.008263420420099428,0.008491476333409744,-0.030125922935849113,0.008373141006343152
22,2,0.010135313656140815,0.01747574964235375,0.02831619594556656,-0.06287029945258013,0.008409724037925502
22,3,0.008787311617041242,0.0014105498949284515,0.003201304625388358,-0.01163877846057004,0.0003085745911199265
22,4,-0.005863638256758869,0.0014139391453415926,-0.008468759515656388,0.016257878941324966,-0.0016450041576312154
22,Aggregated,0.00398754140285889,0.00830139764753444,0.008331986139637917,-0.02274796141819431,0.003882000771731499
22,Centralized,0.003989843464901047,0.008303117129176012,0.008336020456050195,-0.022757383812868754,0.003883380493454373
23,0,-0.0003658581969991461,0.01163499529666104,0.008474333440681818,-0.025344015559436564,0.005886702642889651
23,1,0.005668581875567467,0.007489523979990947,0.007376285308527689,-0.029667088403305075,0.008954696881902228
23,2,0.008292188335094219,0.016897420762894005,0.0273734493993408,-0.06009981279533261,0.008233233596985206
23,3,0.007496528710401241,0.0007002050406136292,0.001242584542536244,-0.01072669463491808,0.0013024493471845663
23,4,-0.004882840506194451,0.00014683359056958666,-0.010838476239915584,0.014350784729810424,0.0011842306189339346
23,Aggregated,0.0032432099166471275,0.007375231129817581,0.006729002788242254,-0.022304409094554938,0.005113051125737671
23,Centralized,0.003245104395181736,0.007377028008507742,0.006733225920435202,-0.022313280817546903,0.005114053237487785
24,0,-0.0031642159881396935,0.012151041670024062,0.00835573179932709,-0.01993533665109908,0.004875855399519032
24,1,0.0024937062295369876,0.008533635949457182,0.008090002382057222,-0.02476070289098521,0.009254648103384633
24,2,0.004930865822222445,0.015819080161727863,0.028085068497135237,-0.05245489586048309,0.009444714861655077
24,3,0.006145710134127448,0.0008675815670139808,0.0023068859965363914,-0.009407428985488304,0.001875096490021407
24,4,-0.006743376540089012,0.0017931345465348192,-0.010520487680287923,0.015890579393038597,-0.0004583887542998581
24,Aggregated,0.0007338922693488792,0.007834110909015944,0.007266842971538092,-0.018140074612889735,0.004999454310365603
24,Centralized,0.0007356165154977056,0.007835634461528199,0.00727111038744322,-0.018148287441988823,0.005000810598521003
25,0,0.0006937500289676287,0.011976285534373817,0.006246165516776774,-0.024288353754568368,0.004997287829451677
25,1,0.004857988372231315,0.007632063013234857,0.007120037476881092,-0.028403448356809153,0.00799978054573502
25,2,0.006847131311299421,0.015286887547403621,0.02602039051934075,-0.05903777034259643,0.009042655667313134
25,3,0.006390585630340783,0.0010573519335744955,0.0027144240208475225,-0.009641483621931271,1.3661685057492213e-05
25,4,-0.0062241006786893744,0.0025298275996511427,-0.008948926219355113,0.015310708197268392,-0.001791003287447828
25,Aggregated,0.0025146847849802775,0.007697529329985855,0.006633390671046766,-0.021219089257348115,0.004053628966052913
25,Centralized,0.0025167452910608503,0.0076988351777475435,0.0066371096648422,-0.021227929586772738,0.004055089938978479
26,0,8.978667791029368e-05,0.009382961507249888,0.008873864348981386,-0.02059951900020728,0.004993253561224784
26,1,0.004528269169914513,0.005599368466317942,0.008515112047370129,-0.02575617307288517,0.008561548256981579
26,2,0.0057087882016296256,0.011675531611461046,0.028283745893702552,-0.05277086280969585,0.008074965215794826
26,3,0.005875902613831657,-0.0008461896112480226,0.002071625180923377,-0.00978831102589279,0.001443123747794973
26,4,-0.00510815814956376,0.0018255125539652214,-0.00941822172546064,0.014676299271389656,-0.0006194152656313355
26,Aggregated,0.0022202666769670044,0.005528203741190698,0.007668502007184818,-0.01885414034454148,0.004491699478212892
26,Centralized,0.0022219897573857645,0.005529157400087952,0.0076726078485537625,-0.01886223865179861,0.004492977919889379
27,0,-0.0005424358824664012,0.010967403306954115,0.00682902034370884,-0.02181257242976519,0.004655252918081154
27,1,0.003369976086862141,0.006660218803065007,0.007764099650028284,-0.02556695849643946,0.008631429875098792
27,2,0.005493668940750581,0.014490238036597288,0.0264916735771596,-0.05512741855203291,0.010653522147556065
27,3,0.006017021156442366,0.0004684904847466679,0.003308602912857401,-0.009105674409880834,0.001925043537404018
27,4,-0.00615644216411758,0.001699656555276748,-0.010134541127679713,0.015449919254159903,-0.0014506204254346928
27,Aggregated,0.0016377860298785883,0.0068582427720128075,0.0068550077135866305,-0.019239196671680166,0.004884156666667827
27,Centralized,0.001639609195715953,0.0068595418929587775,0.00685906744572897,-0.019247578089752474,0.004885713538260085
28,0,0.0005563880978712077,0.010248602060104257,0.006390797436113723,-0.022254022150649814,0.0035803493841480164
28,1,0.004008284523980171,0.007979701993503693,0.007323215768111003,-0.027507997789358713,0.007800211315342023
28,2,0.007393568013118662,0.01503907704584497,0.025232084823153977,-0.05754434579708585,0.009670875705293307
28,3,0.0058169714178339885,0.0011709706106887874,0.0008650029693258805,-0.010043757857275208,0.0015823590055493977
28,4,-0.006084506656178503,0.002041265235907503,-0.010735337021425125,0.01613848696349056,-0.0007945292223721404
28,Aggregated,0.002339697311260688,0.007296979835311829,0.005818323481925167,-0.020249304965830803,0.004368859343178142
28,Centralized,0.0023416781510307875,0.007298297657621019,0.005822299874452682,-0.02025809388770222,0.0043701277270491385
29,0,0.001232929397533126,0.01225172533610383,0.0066723875891089935,-0.01881316644001252,-0.0008533317204010284
29,1,0.0054983169254898935,0.007687523717107758,0.0064025280534249695,-0.024297288109204774,0.00677140728181128
29,2,0.008864257322299398,0.015322051290575714,0.024908106434228063,-0.05057707432096925,0.004740739553909357
29,3,0.007053329774782105,0.0006184790710050948,0.0014726852763897124,-0.007719276037229242,-0.0009206471957591888
29,4,-0.005009015908101222,0.0015199041449856575,-0.010545153446975668,0.014619498004488885,-0.002661068400797669
29,Aggregated,0.003529540232244858,0.007481136761628616,0.00578523192039507,-0.017363601158523975,0.0014162185913301304
29,Centralized,0.003531545642864911,0.007482640436510686,0.00578914584021259,-0.01737133219982733,0.001417231812151055
30,0,0.0009779935282290938,0.011436179578901568,0.007129698752498369,-0.02151834621162953,0.004809546184639542
30,1,0.005339747212140141,0.006319461769112061,0.0077517595640411085,-0.026719096022185262,0.007538152977738447
30,2,0.0067374347108632125,0.013742147314993906,0.02654310932560058,-0.05586944325737679,0.008825357463320756
30,3,0.006976859109833501,0.0005913599283887266,0.0022253943908700827,-0.01098794041084799,0.0015152594835367388
30,4,-0.0032002609877949434,0.0014553339210627162,-0.009556105123951227,0.015606496021626582,-0.00024916196208283616
30,Aggregated,0.0033675589670349644,0.00670995477426062,0.006821903247320993,-0.019904464284513503,0.0044887605980281475
30,Centralized,0.003369095226933221,0.006711279994925399,0.0068258269586758905,-0.01991302951031208,0.004489936911971231
31,0,-0.0014646207658820455,0.011587819106679572,0.006550608314931722,-0.023628949492019234,0.005642944408388943
31,1,0.0042328454450321394,0.008150678243065472,0.007109277354024991,-0.027523879921142233,0.008053574837334999
31,2,0.005230215921898571,0.016380389006519995,0.025522777612486204,-0.055547143424693614,0.00901474106738561
31,3,0.006348892776748549,0.001298025357124578,0.001593968447196456,-0.009895241789435941,0.002008891263983791
31,4,-0.005927902656131381,0.0012672163873745793,-0.0115810422607659,0.014370609835019926,-0.00047394980526075194
31,Aggregated,0.0016852774089899723,0.007738115800404741,0.0058424458921980706,-0.020451609619923237,0.004850281316169393
31,Centralized,0.0016870544937135099,0.007739730493960285,0.005846624096136195,-0.020460039531281258,0.004851602993656844
32,0,0.000778865946185799,0.011265183639316818,0.007165486766505896,-0.020361952669713104,0.0032054079699788307
32,1,0.003166341043284767,0.006173124243094289,0.0065725962993199525,-0.022700087805111135,0.007916779562219329
32,2,0.006350935099362488,0.014850837747058589,0.025558061502091722,-0.050606872623225684,0.005763176155624655
32,3,0.006573569519904989,0.00034200413409923305,0.0023127730867293027,-0.008730551199323163,0.0002476466326322415
32,4,-0.004844997340812102,0.0006564229205161448,-0.010181925500476264,0.016242897447146274,-0.0005989192515151213
32,Aggregated,0.0024062695669722343,0.0066587148641203955,0.006288541922340202,-0.017237725801803636,0.0033075954565209213
32,Centralized,0.0024079603206727815,0.006660216170368292,0.0062924836428969125,-0.01724580883324105,0.0033085873439092648
33,0,0.002561842849254366,0.008727140077778738,0.006323884470126329,-0.021327990086682368,0.00561870961526765
33,1,0.005509095230338789,0.005549678742169046,0.006096511924437161,-0.024266421862607197,0.008594581221360304
33,2,0.008516452128848821,0.01187160751642285,0.025659636405326192,-0.05293878198319737,0.009506806621012597
33,3,0.006658419625462763,0.0013238397857507152,0.0008286705100026067,-0.008863584719071001,0.00037370379937460934
33,4,-0.00510574151355483,0.0032702745055184844,-0.011952429777380114,0.015380173547631487,-0.0010275868517058584
33,Aggregated,0.003629635342299071,0.006149099950339673,0.005394570109257312,-0.018409801647542513,0.0046143592417522555
33,Centralized,0.0036317024361882796,0.006149828983421358,0.005398727970406155,-0.01841796534640415,0.004615774148443519
34,0,0.0005216295540039513,0.010666917780668007,0.005603132254870537,-0.02083134598679702,0.0018376615485799885
34,1,0.004509764770495959,0.005981791406944382,0.0064434870934677625,-0.02452462537088327,0.0070914361509029225
34,2,0.0064222514776299386,0.01227747434031163,0.02413670880733899,-0.05022002509403857,0.00718239274608055
34,3,0.006596443835490186,-0.00023287411178979643,0.0015260056694444061,-0.008578357437133196,0.0002177210692446391
34,4,-0.0040808173321291615,0.0011206693330927582,-0.010688972171980815,0.015008688455265096,-0.0024774847572427094
34,Aggregated,0.002795114639380212,0.005963778313982457,0.005407144629039369,-0.017835435568798828,0.002771367699741172
34,Centralized,0.002796721518555911,0.005965010482411574,0.00541099781062032,-0.017843383321142197,0.002772663364298404
35,0,0.001924649965128041,0.009749357776623831,0.006385933209183328,-0.0189510268808771,0.004088414737345334
35,1,0.004265626243182847,0.005525783622310728,0.006067116084894577,-0.02304511898725213,0.00797853560201088
35,2,0.007418622277706024,0.013282011988298098,0.023672914695190384,-0.05073272632006088,0.007081911459355685
35,3,0.005981806927082292,-0.00014788457955488185,0.001683545840835012,-0.008024963065719608,0.0015238873151504073
35,4,-0.004327144957897386,-4.5786802624551516e-05,-0.009090102876382762,0.015734743176814895,-0.00043839604947702265
35,Aggregated,0.0030540772641347953,0.005673838430369209,0.005746717156225498,-0.01701009463008482,0.004047750690314017
35,Centralized,0.003055815457708183,0.005675268057934504,0.005750269366980404,-0.017017998710797573,0.004048871601882056
36,0,-0.0014639554954130366,0.010041645215155794,0.007514993587952883,-0.02236043406522947,0.004747053651821055
36,1,0.004430561767241633,0.006312847989394561,0.007015634720500626,-0.02607270131852048,0.00796934700244721
36,2,0.005777861976533836,0.012240203853904912,0.024205334508454246,-0.05206833984467695,0.008087760472596689
36,3,0.00593352465077332,-1.1144330106055423e-05,0.0019026444876747918,-0.009306784838489774,0.0014124638245816537
36,4,-0.006285421298277721,0.002592861566275606,-0.009159332598371487,0.01457233444316636,-0.0006401598716424271
36,Aggregated,0.0016799762760309857,0.006236037205243359,0.00629881371441319,-0.01905364128215338,0.004316265477320105
36,Centralized,0.0016818412943754653,0.0062369756270551245,0.006302525732143851,-0.019061784073435947,0.00431750113399648
37,0,-0.0006840898434368905,0.009299213635431876,0.006886849789847224,-0.016861182753432007,0.003926230172919967
37,1,0.003636896325008625,0.0053115721279290585,0.0067895555173311094,-0.02229479770366854,0.007912263665184164
37,2,0.006546021458101912,0.01201565075378807,0.024207379951171497,-0.04922293084477568,0.008067220285191582
37,3,0.006895577453811782,-9.333138112678774e-05,0.0011182855567204877,-0.008770024211046556,0.0011074772140819904
37,4,-0.005055848423598773,0.0014461241919731535,-0.009818476604928883,0.014501859180978578,-0.0015499205487859472
37,Aggregated,0.0022690457149315796,0.005596689452324062,0.005839718430828216,-0.01653535302537479,0.003893717295034626
37,Centralized,0.0022707437776516366,0.0055977404208100235,0.005843480252135999,-0.01654282498824975,0.003895067642574591
38,0,-0.0019359650349218022,0.00968233523613071,0.006957825644519938,-0.019410635631084864,0.003927059326813468
38,1,0.0027902402461237466,0.006387437456644752,0.006111415122951399,-0.021897028410684572,0.007211229074566581
38,2,0.005477122176305164,0.012922919723163716,0.024126383575157805,-0.048512118404937715,0.00731170101264876
38,3,0.006505142528038409,0.001393307357897929,0.0017783905204011795,-0.009946554238609939,0.0007579193708718188
38,4,-0.0051243942480700515,0.0014714358388393134,-0.009175515258415952,0.013882759652827918,-0.0008138547934221243
38,Aggregated,0.0015436347050089851,0.006372465498878796,0.005962594111147701,-0.01718265629552677,0.003679695266379417
38,Centralized,0.0015451680889457678,0.006373690026231069,0.005966220457882603,-0.017190141717135635,0.0036808178062241515
39,0,-0.000697911988518049,0.00952601506113026,0.005530356346652859,-0.017025093707333707,0.004454152083278221
39,1,0.003941686436065696,0.00574368013973038,0.005137412059010016,-0.02197556042672575,0.008219334221993644
39,2,0.004985624906070209,0.01292571824577621,0.02327484855554084,-0.0474849290954957,0.008798413240330328
39,3,0.0064377951383872405,0.0007055120299735688,0.0009109898047873516,-0.007680578973873653,0.0008399403035186271
39,4,-0.004004939414859373,0.0011758358379861148,-0.01184553573111667,0.015676632824822498,-0.0014622350613297725
39,Aggregated,0.002133566301110554,0.006016321942073277,0.004604752253359426,-0.015703915172085383,0.004171025563653353
39,Centralized,0.0021349905534518276,0.006017532789944651,0.004608691039917302,-0.015711486449075975,0.004172426709078458
40,0,-0.0017017605847023276,0.009690405655754082,0.005612731014408185,-0.01942813590310941,0.004420426533357449
40,1,0.003412237999158778,0.00555294351210582,0.00566701313093892,-0.02122842012161059,0.0067410397094249085
40,2,0.005104472896561542,0.011899432125841125,0.022090657408743622,-0.04686741306750221,0.00720367141146346
40,3,0.005110524517539328,0.0008304726907080839,0.0015410152502246597,-0.009301663176475792,0.000987066543043593
40,4,-0.006417268317134258,0.0024822295871502133,-0.008487378346073108,0.013362662329396596,-0.0006368704682350522
40,Aggregated,0.0011030212671884771,0.006091833423728998,0.00528743968720328,-0.016698347958818416,0.003743928167506382
40,Centralized,0.0011047807470081531,0.0060927499368711715,0.005290735464473986,-0.01670559927484081,0.0037450219692755906
41,0,0.0003694131796134426,0.00884219570400232,0.006916712996558469,-0.016553767492088485,0.003480685833571056
41,1,0.0029222447887711296,0.004324969437975399,0.005163044982230286,-0.01885495709477546,0.0069689216624285065
41,2,0.0047293062471223555,0.01008979909922958,0.022229237999305665,-0.0420004159401047,0.007428052670043369
41,3,0.0058694956754804985,-0.00030451671359331964,0.0015258638556877998,-0.007237957234172297,0.001504994118459954
41,4,-0.004419100388601386,0.00048477069810930103,-0.009469713570853782,0.014664673871455099,-0.0014180802596623918
41,Aggregated,0.001895424893517279,0.004688292071806628,0.005275846707255445,-0.014001970695668567,0.0035938879617228208
41,Centralized,0.0018968983194961985,0.004689356227540248,0.005279381933258017,-0.014008889503634743,0.0035951237202215196
42,0,-0.000299922900924481,0.00791685047001596,0.004955510285224228,-0.014770728366809923,0.0028615998108821416
42,1,0.0026430783814959113,0.005145891593108035,0.005251810091720594,-0.018899034996514245,0.006511748792328422
42,2,0.005807525833714954,0.009484806918843784,0.021238464089223023,-0.04241878532804204,0.006229823971362485
42,3,0.005352191059601363,-0.0005041634966445895,0.0015986790119257568,-0.007032833495766489,0.0006039291302233574
42,4,-0.005607892628068603,0.0026624001798215614,-0.009669718874335844,0.014780094651732866,-0.00115917299665207
42,Aggregated,0.001580314475272002,0.0049416451116930625,0.004677683286139465,-0.013673698963332193,0.003010403247029868
42,Centralized,0.001581992780326874,0.00494224810583421,0.004681113249297973,-0.01368055476334911,0.0030114416473338264
43,0,-0.0014134559840990814,0.008286042623115535,0.004964205971867266,-0.016237825751960363,0.0029423197152829957
43,1,0.0018126017726368894,0.005017489150373601,0.005433905673942185,-0.019925755156591653,0.006954977267209723
43,2,0.004410878997396699,0.010666901508252327,0.021273939679839853,-0.0441846083318016,0.007289318199549427
43,3,0.006087101012419446,0.0008335920463385466,0.0014124893174014218,-0.00878822463287107,0.0007383989527094301
43,4,-0.0056049507501711475,0.0015998245028061538,-0.008086189442407061,0.014554126962266862,-0.0016525948307917612
43,Aggregated,0.0010596408756851044,0.00528151200617769,0.005002170515342408,-0.014922086983761004,0.0032554416440403293
43,Centralized,0.0010611787415768302,0.005282438071219556,0.00500529917164124,-0.014929182889032503,0.0032566562361184613
44,0,-1.743709904275988e-05,0.0070937270474869096,0.005176036849334468,-0.014947374121391483,0.004267920862020654
44,1,0.0031739433620832074,0.005146784226899503,0.00447674731524808,-0.017203996158047265,0.006009033823876026
44,2,0.004386574296888376,0.010280511641240326,0.02121769807887299,-0.04042103552640045,0.0069879095280089175
44,3,0.005601260971955662,0.00047792984738124675,0.0010087146911173619,-0.007534626910896478,0.0005971712977436205
44,4,-0.004254212293017085,0.0012080728167591288,-0.00994277177775143,0.014049535232767533,-0.0018364916813252917
44,Aggregated,0.0017791274984824,0.004842136877316528,0.0043900194182990016,-0.013216706711162074,0.003206094164767157
44,Centralized,0.0017805360132844802,0.004843049200287785,0.004393447648725942,-0.013223269242553763,0.0032073463973365858
45,0,-0.001837429363795436,0.008658971960800732,0.006529583727398409,-0.015002376265592764,0.0013274009228451205
45,1,0.002294059232735236,0.004174701908513653,0.005715318802561001,-0.018564616856338235,0.005809848034417985
45,2,0.0039384547759507196,0.009274606364971957,0.022801047337715066,-0.04114055631866272,0.00408833036975476
45,3,0.006662553973292214,-2.982711647233997e-05,0.0008777652711608297,-0.007689724754499996,0.0006543830392850299
45,4,-0.0050262985884747795,0.0021528263292564685,-0.009799108201001216,0.014432503232766443,-0.0006889388927683658
45,Aggregated,0.0012073881047216393,0.0048468168125789845,0.005227798037124058,-0.013598309497039308,0.0022387786848818204
45,Centralized,0.0012088189546383475,0.004847514974310395,0.005231405896221982,-0.013605061781389882,0.0022395106383294606
46,0,-0.0004508690609298695,0.00785964643812252,0.005992596537504025,-0.014012439099343117,0.0026654273188976424
46,1,0.0035380704419914312,0.0036336761774244867,0.00524318130458016,-0.0179014096147039,0.006700524900492843
46,2,0.00507595884794677,0.00883384408936434,0.021471044613003025,-0.040120952789241646,0.00590701357264076
46,3,0.006217641561377283,-0.0012287134194014643,0.0009844897361657955,-0.0069036213468395185,0.0011943721629641135
46,4,-0.004124861657635775,0.0001264600085722878,-0.009866003467501282,0.013610036094137823,-0.00021947327132724366
46,Aggregated,0.002052311864698892,0.0038457405827955296,0.004767858960949314,-0.01307077874114897,0.0032502539314934313
46,Centralized,0.0020537460521481087,0.0038466903375089455,0.0047713697295482665,-0.013077205339274256,0.003251119135279478
47,0,-0.000528544835806687,0.00748169628321778,0.005364134682874016,-0.01625129497764931,0.00342939677577689
47,1,0.0031785637038576767,0.004550725862702137,0.004755127148299319,-0.018538300541484993,0.0061068406724761526
47,2,0.0048465894414572806,0.00983950327675239,0.021026222996986973,-0.03923179711264719,0.004915682921796425
47,3,0.005447186439526793,3.5948720882850174e-05,0.0012793019832894167,-0.006739668641086384,0.0003851937733748728
47,4,-0.00507440360302586,0.0024339440975183904,-0.009418897243664398,0.013442929530058243,-0.0008762061247007578
47,Aggregated,0.0015750952700354028,0.00486887282222396,0.0046038534711534684,-0.013468782523432875,0.0027929065821691024
47,Centralized,0.001576648697553725,0.004869500004826977,0.004607208258246292,-0.013475289541764674,0.0027938327660726155
48,0,-0.00013248604659749178,0.007102516817387206,0.0042743334289061415,-0.01183940820638739,0.001797796190938236
48,1,0.0024958520539389785,0.003980801375727555,0.004311848186456318,-0.01503458375183658,0.005646214492049353
48,2,0.004871674092510043,0.008032297697052179,0.019503305654007107,-0.03587755626112827,0.004239946721538749
48,3,0.005985031994852583,-0.00023491645102261723,0.00053350572864434,-0.006204741596848634,0.00010083107704181027
48,4,-0.004873919618366129,0.0023003505663674465,-0.008976653526773825,0.01359791869717835,-0.0017144243288839853
48,Aggregated,0.0016704223165843796,0.00423662288900758,0.003931733514153543,-0.011076382656393692,0.002014803104276478
48,Centralized,0.0016719433432418876,0.0042371333772687194,0.003934822109423081,-0.011082315031482258,0.0020157352140445727
49,0,-0.002059666913901941,0.008333422511477185,0.005820647323552175,-0.014158692082258431,0.0020633707577852422
49,1,0.0012440684345001044,0.005155594321035934,0.005000444771079111,-0.017174626922807416,0.005724665444818409
49,2,0.003457333545089322,0.009290405462787522,0.02114130339462342,-0.03888298579231554,0.004946172965133328
49,3,0.005782796875614075,6.409114470627605e-05,0.0013568662531829442,-0.007157808843911124,-0.00010267970710002202
49,4,-0.0046871575822671485,0.0023405579833253773,-0.009276629498784062,0.013197280092507917,-0.001180719216338666
49,Aggregated,0.0007484472658281822,0.005037377428810579,0.004811216299278689,-0.01284034216393649,0.002290847440617905
49,Centralized,0.0007496869062087917,0.005038079752229519,0.004814590333162204,-0.012846612375640479,0.0022917185041464163
50,0,-0.0004423443086535676,0.0075317750101361785,0.00481965774378268,-0.014784727739785727,0.002594938545816818
50,1,0.00289200049026233,0.004341457569801031,0.004507005284654492,-0.018000620054505315,0.005393289070281728
50,2,0.004558234740467645,0.008582878803212315,0.020502025618946783,-0.038910985816437246,0.0051156565429546245
50,3,0.005063729785644668,-0.0002765660708816305,0.0013303879623736553,-0.006750580584798204,0.0007902936037439736
50,4,-0.004141903788482601,0.0022881995936037077,-0.0101350645799502,0.013378393384892604,-0.0011865782451957185
50,Aggregated,0.0015869897877965303,0.00449401617954648,0.0042075342327361695,-0.013018755912340467,0.0025422471195436893
50,Centralized,0.0015883242270154558,0.004494595151646103,0.004210962703892485,-0.013025126390468418,0.0025431727236457286
