Round,Evaluator,3,0,2,4,1
0,0,,,,,
0,1,,,,,
0,2,,,,,
0,3,,,,,
0,4,,,,,
0,Aggregated,,,,,
0,Centralized,,,,,
1,0,0.0754175732245872,0.05070669731627997,0.06932985410755167,0.04690821421460815,0.05623554070119323
1,1,0.07519354660604466,0.048990981440916,0.06350978166844208,0.043818494206839434,0.06775989471724071
1,2,0.07400522597475254,0.04501369136482553,0.06596359533160975,0.04364819760058736,0.05630054884476496
1,3,0.07237796671894502,0.04997464857017657,0.06500522056033797,0.04450748136076924,0.0653525007162213
1,4,0.06155721557150762,0.05709247537302833,0.07491334208244473,0.055919794414696265,0.06163432292878577
1,Aggregated,0.07171223515107669,0.05035442921724102,0.06774302395166228,0.04695875984859232,0.06145649633610789
1,Centralized,0.07434721144814116,0.04974986329339238,0.06628013445458533,0.044757413869434465,0.06468193042180441
2,0,0.031592056873782325,0.036776476563789094,-0.003603325160198741,-0.016344344623300106,0.02672916358322365
2,1,0.02609002142288551,0.024740961031885243,-0.003934597139074247,-0.012188046991336706,0.024111267728991134
2,2,0.017431304512021017,0.03679294600663534,-0.01198606111274847,-0.025762092147206914,0.024046902680526522
2,3,0.026724367866453318,0.028971190891214825,-0.001201231960017482,-0.01047270778832906,0.022479664289120575
2,4,0.005683647115293442,0.013370607741404446,0.00909913464968393,0.004787688559342705,0.007242655349158747
2,Aggregated,0.021507259031197264,0.02813322707722365,-0.0023273885355365757,-0.01199909181601979,0.02092452241095304
2,Centralized,0.026621212471350443,0.02979126989275487,-0.0025724207589989056,-0.012658331888489279,0.02383976323032315
3,0,0.011588174030436656,0.026213874141788367,-0.0006121208912151584,-0.02463318384054266,0.021368657390595944
3,1,0.013997265637728636,0.01958632339754072,0.004075277365104054,-0.021065195160358194,0.01666581972998992
3,2,0.01855909423746204,0.0402891035010259,0.02006615037591077,-0.006187603828207672,0.013904921541287234
3,3,0.011212802757676697,0.018247311337073788,0.006765815982978404,-0.016266263004510898,0.014467255698985567
3,4,-0.0006652291326139,0.006137008748849476,0.013408681193031824,-0.00044864789137206523,0.004434104800387061
3,Aggregated,0.010940617601913024,0.02209777185090316,0.008739856614100263,-0.013722712404529854,0.01417001318047475
3,Centralized,0.01239041012219482,0.021910654386055346,0.006601654749328876,-0.018516229704036706,0.016178942040804712
4,0,0.015449839335053221,0.01297968182445642,-0.010517024540079082,-0.022645889243668765,0.008930764677052712
4,1,0.020970958596605305,0.014012330938089856,-0.005593283132228811,-0.014873927361737904,0.010209397939968647
4,2,-0.004336901967188944,0.02596108059323603,-0.010381363308963902,-0.014716064938151098,0.006788445458470451
4,3,0.014099862393208524,0.008141210134748934,-0.001257705641231117,-0.012268069197340385,0.006695222615474944
4,4,0.003491524333255064,0.0013625873378939576,-0.0023521027384496517,0.0014874250640244493,-0.0015744821699485055
4,Aggregated,0.00993628337791661,0.012493521172476587,-0.006021042312561578,-0.012606001302885866,0.006211352923478095
4,Centralized,0.014836314420524892,0.012227252202579076,-0.0046831562296526475,-0.015044006448687787,0.008178609648451792
5,0,0.016278011623133217,0.011691651835936626,-0.00771523929270237,-0.007102655897695644,0.003446612492821056
5,1,0.010928785874790884,0.003953893767795151,-0.007409563432793353,-0.006594755946657233,-0.0001554323055976877
5,2,-0.006473396788613872,0.0069051999149310666,0.005216611413043607,0.0006374172079653378,-0.004312227207185297
5,3,0.00834565303352348,0.003980075668867292,-0.005791440268423126,-0.004838834158415919,-0.0002170675360371771
5,4,0.005691748974909957,0.0012911891768680025,-0.0016217625923715506,0.001214592565628635,-0.007621711449551674
5,Aggregated,0.0069544258287531965,0.005565235375192133,-0.003464629811438136,-0.003337712794173301,-0.001770855941940262
5,Centralized,0.010080674657835834,0.00592424526035864,-0.005850733942143149,-0.00569504711739782,-0.00034549132324252586
6,0,0.009287848451741628,0.008982363896377557,-0.007510069149230135,-0.010644838221466944,0.0058605113016643355
6,1,0.005133993159913279,0.009687896089095264,-0.0048752215409506,-0.008866192957716883,0.006807092084294033
6,2,-0.011555108438338981,0.010987733912895706,0.007731176004551919,-0.0024127134727679107,-0.001292899706369552
6,3,0.006723247064449253,0.009486472246363542,-0.0007882319284821239,-0.00575197323883435,-0.0006062767198708547
6,4,0.0012448339089399878,0.007313763897198636,0.001899801581827786,0.001100338862034884,-0.006810803355903432
6,Aggregated,0.0021671259491893623,0.009292017380033669,-0.0007090328167057792,-0.005316307859609678,0.0007930035895148959
6,Centralized,0.005230634214695915,0.009802316536041843,-0.003080671501926266,-0.007967049940251254,0.00395169142362049
7,0,0.004350716297871802,0.011846646589997909,-0.005539446833591753,-0.009737889280747123,-0.0025182835503942654
7,1,0.0027774950167876343,0.0004763767161081622,0.00014731224305292908,-0.002653403742107584,-0.0027662641652241833
7,2,-0.004771851544841792,0.009733715911100295,0.0006154973086983641,-0.002082432044900473,-0.00500723049577436
7,3,0.0027979453741044814,0.0004200686893633602,-0.00036037394503240415,-0.0020196473221248705,-0.003272741636399996
7,4,0.0010364766210764116,0.000221893494708141,0.00029815473726220454,0.00015482493111997064,-0.003824125018566516
7,Aggregated,0.0012381942904506156,0.00454060094647641,-0.0009680257396164623,-0.0032683834169301,-0.003477660512723633
7,Centralized,0.0016167808762910167,0.007891880687335949,-0.002061695520995673,-0.005075766006945225,-0.004227295253595644
8,0,0.0035362340737986634,0.006872448786988408,-0.0046070089916243956,-0.011029057954221603,0.012885088546045776
8,1,0.0014653467300587456,0.004785837830852077,-0.0013165156570732897,-0.008997142671492575,0.011219534539139535
8,2,0.0008282091693379364,0.005178968032980049,0.0037342321190012456,-0.006947822980060901,0.00626478011127355
8,3,0.0034381904227045955,0.007568100448714333,0.0015889279500060026,-0.007663200586594378,0.004292099763156836
8,4,-0.0002664574616955092,0.0037548846750664186,0.0025660428927890594,-0.0014928562861492634,0.0014903600312078233
8,Aggregated,0.0018006836913744626,0.005632385628046874,0.00039269522488101586,-0.007227109637070697,0.0072315099103248525
8,Centralized,0.0023549126642385862,0.00591570845363749,-0.000752970374313063,-0.009352421894681147,0.009575984904093119
9,0,0.004958902374507542,0.010481553501270868,-0.006414922024156764,-0.008428777177450837,0.004497064136439858
9,1,0.002173835367390389,0.002538448497285077,-0.004562782544262446,-0.00562722032199818,0.005796243918590558
9,2,-0.0013267919866626352,0.011444129889145564,0.002546979846227333,-0.007519574559144526,-0.005042204168923337
9,3,0.0027932077032980737,0.00409609386006958,-0.0012123847642058112,-0.0036228694895749786,-0.0019736185635859152
9,4,0.0005721361114431787,0.0014677077136942772,0.0006245585018505482,0.0007060847637715546,-0.004244449400548648
9,Aggregated,0.0018344976004204577,0.006006462310376033,-0.0018041953242422843,-0.004899552094828615,-0.00019258119190593097
9,Centralized,0.001472435405489598,0.009865316921501338,-0.00394893903152312,-0.007394737313986812,0.0010721155869316398
10,0,0.000752433136901809,0.006893318573227697,-0.0013751281671630802,-0.006900522382863744,0.001119295729187599
10,1,0.0012463097845201194,0.0008151931234205971,-0.0014144937439640895,-0.006690787629705686,0.005282436099847074
10,2,-0.009991874235245056,0.007288510598035944,0.0031377273358630777,-0.0022816391751850377,0.0018397273468781477
10,3,0.0019496064005998523,0.0021098201175767345,0.0015103047821263733,-0.004441033557794279,-0.002135636539859102
10,4,0.0014704669473775865,0.0006936187383132499,0.0027730239902110506,-0.0004835471683833692,-0.003335721103961266
10,Aggregated,-0.0009150754735127973,0.0035606473826281003,0.0009259195683334037,-0.004160212205038457,0.0005547935659335851
10,Centralized,-0.00047896460688661525,0.006642216124970802,-0.0009376915326958659,-0.006884395110509244,0.0014339912957570375
11,0,0.0002030492081333102,0.009188640930900821,0.007688457310523173,-0.009380458639531328,0.007707832638612194
11,1,0.0020385660903186804,0.0018630589404328075,0.005348646676581964,-0.007746636868353649,0.01173237118249748
11,2,-0.0037408411974764444,0.009441046662259823,0.017167025841147977,-0.008668850234584295,0.004598604914480117
11,3,0.005964206997170541,0.004649575114791274,0.0053883349516270634,-0.0046114653529394775,0.005798319899133764
11,4,0.0034065840665462098,0.0034713318098545222,0.004552048764304781,0.0009240293511360131,0.003112047174196032
11,Aggregated,0.001573925500755434,0.005723163569357816,0.008029572813059865,-0.00589798965123222,0.006590516615570833
11,Centralized,-0.0005580032919927896,0.009042071094813269,0.010215080990919053,-0.009944807490077553,0.0073778239838313674
12,0,-0.002584550832277238,0.001590503848297888,0.00020499736705328897,-0.01187227738367883,0.01354563681906498
12,1,-0.0030004499361494046,-0.0018596194371318967,0.0039018692821031153,-0.014507385201550997,0.016349967295988657
12,2,-0.006923682873088242,-0.000771438755140505,0.00828542484958506,-0.012488847574956977,0.012584361995510562
12,3,0.0019200157501128015,-0.0022834516706143116,0.0035478314642257867,-0.009886592900733977,0.007544346033172143
12,4,-0.0005832640260341526,-0.00271750480880711,0.004086642494242213,-0.004361058442817382,0.005184391156823604
12,Aggregated,-0.00223473827849017,-0.0012080015799721235,0.004005330192838912,-0.010624434786958313,0.011042899630058466
12,Centralized,-0.003944092771503807,0.0011616492537146036,0.003989826400575286,-0.014102671253821837,0.013645829399894267
13,0,-0.006553563808720345,0.012366400643502778,0.007029314084039144,-0.020480072550083626,0.011441374290374121
13,1,-0.007137203375582959,0.005634363534528691,0.009272470142551425,-0.018136738007963237,0.014469544981626803
13,2,-0.011945810601134301,0.012931832147700516,0.01110459636145671,-0.02094321222864561,0.009067758050766999
13,3,0.0017219154682899473,9.183693461482234e-05,0.008529475423740029,-0.011932705996800404,0.0033206326265154537
13,4,-0.0020329115175310416,-0.0006960043867181224,0.007377489320768328,-0.007504589078668489,0.0027566295387751348
13,Aggregated,-0.005190181786792853,0.006067031644061895,0.008662909474993114,-0.015801082991414972,0.008212288458027444
13,Centralized,-0.009301619158683988,0.011551233137451083,0.009713163851151778,-0.020417535831166338,0.010273610997001536
14,0,-0.007335215287080374,0.013125010025435684,0.00946329904453459,-0.022013291489156286,0.002674361830581095
14,1,-0.004447541352324844,0.007570155716863051,0.002324622044090735,-0.01922553798276781,0.009300734339184229
14,2,-0.006635154957595461,0.011320441291571457,0.014515753089444472,-0.02230090423852656,0.002826604977952227
14,3,0.003702135324953009,-0.003091117144394001,0.0029782897912652706,-0.003469760308224254,-0.0021199559459359105
14,4,0.002568399933172971,-0.002190881850273105,0.003532223245793718,-0.0024180833888863803,-0.001323774727046138
14,Aggregated,-0.0024304932029543484,0.0053482482326050315,0.006563436934285497,-0.013887811064833964,0.0022723335367450187
14,Centralized,-0.006329285578810367,0.01352115739722557,0.008395901509112907,-0.020841284638656307,0.0032186553322380573
15,0,-0.0030703181570999206,0.01628273196474577,0.011902907190953556,-0.025348260158109464,0.011901070051636879
15,1,-0.005066694820669421,0.01373534647623689,0.014812860312235934,-0.02776387312783196,0.015075561880789326
15,2,-0.008287434416676575,0.01752423288758245,0.018716263893158048,-0.026356175820098904,0.008494645530557666
15,3,0.0044903090630286,0.0051097649516195455,0.0009513109711832251,-0.0001453327465071023,0.002814569620397345
15,4,0.0022089575783182445,0.001985772146162317,0.0011658413902162184,0.0006543023963312938,0.0014845081259458714
15,Aggregated,-0.0019458897181343212,0.010929331999629251,0.009511509577505527,-0.015795173117090285,0.007955369908255643
15,Centralized,-0.00546830202455146,0.0174673590285669,0.013148521068457245,-0.02553197832061928,0.011030272057874638
16,0,-0.0021988944793484926,0.012903721855981239,0.012018522556033815,-0.03256403183526924,0.009672891228948688
16,1,0.0004657823920361246,0.007853828498150809,0.011853247258890975,-0.03415474577686209,0.013200805029493733
16,2,-0.005501000623668379,0.013332015169931969,0.013225546957881,-0.03160304739743009,0.010119728525644326
16,3,0.0020121213312656707,-0.002126989572294349,0.0024314951230629193,-0.0031670882791845377,0.000865546764162355
16,4,-0.0005171112479733694,-0.0023949674709467746,0.002934499787460007,-0.0009467608778553118,0.0011231685868923803
16,Aggregated,-0.0011479661069001233,0.005915186872241417,0.008493785150228594,-0.020491051001639574,0.0069976168347122905
16,Centralized,-0.002269583548670711,0.012604997574587709,0.010476232556724124,-0.03141154723406468,0.01029823939509861
17,0,0.0005515198200272529,0.011425580696107607,0.013059576892497916,-0.034537785016080784,0.01116555931824343
17,1,0.003632409226302051,0.009103889827332894,0.013128882689627601,-0.03909773717785018,0.016051977027633373
17,2,-0.006274821392234928,0.009209565052482913,0.019952548237637275,-0.030547293599685346,0.009000444905780867
17,3,0.004037201802556873,-0.004242927794507323,0.000975118128424704,-0.00420112577914493,0.004528947022797978
17,4,0.001687779313780997,-0.004361961066877975,0.0029642317692171647,-0.0010129461692049747,0.0019401300963790512
17,Aggregated,0.0007266150513300373,0.00422856062495611,0.010017500502018172,-0.02188355927889853,0.008538721694024901
17,Centralized,0.0006628204399760381,0.010593813570652696,0.013336285624808932,-0.03519102119646832,0.012148291650240199
18,0,0.0013997340824386279,0.02732778460685659,0.018797609652351683,-0.030540708236920632,0.01429307004974491
18,1,0.0073750035984321395,0.02228188571679242,0.018160159720242524,-0.03387572252354429,0.018181070503503358
18,2,-0.0049290119980719554,0.030063044000440353,0.019392559517840125,-0.029844901487042094,0.01516255272298089
18,3,0.0013741066497101532,0.0008077938980791881,-0.00019295710198656373,-0.0034748546553518816,0.0013767438419702265
18,4,0.0002985976054020086,0.00026560728017686425,0.0009825537191951218,-0.002088482262283989,-0.00018108499646928475
18,Aggregated,0.001103854982772959,0.016152406918430694,0.0114301007384035,-0.019968525112415467,0.009768459724988354
18,Centralized,0.0030136195840470468,0.0259773010467914,0.016463167776207824,-0.030241290985164374,0.014625550556279628
19,0,0.005252561660593739,0.009798086104930607,0.009761710170798946,-0.03632357844180622,0.007846740328177663
19,1,0.003118882707196566,0.010818579146598112,0.013844175759083203,-0.0399717358854246,0.010570982440898604
19,2,-0.003379454035951828,0.009156347951475807,0.01625636800808525,-0.037007317982577774,0.00535383281035426
19,3,0.006982324608601024,0.0012526291486678553,-0.004151164299967722,-0.004908115650711872,0.0003571502196289628
19,4,0.004182811362823593,0.00028367128081374464,-0.0006644769201679917,-0.0025788217037191726,-0.0006148683947183986
19,Aggregated,0.0032312179497775975,0.006263058888876254,0.007010898044006471,-0.024162238440963775,0.004703835912093933
19,Centralized,0.0030380419200778746,0.00975831364693679,0.011559196481697011,-0.03590424038614374,0.006967777837798494
20,0,0.0029910668612751425,0.012496502918387893,0.015953953383257505,-0.030272403684493607,0.006575783813308577
20,1,0.005759426826291787,0.013509796325516603,0.012357367793508966,-0.030866635968672333,0.009974061158061036
20,2,0.0019350887012643111,0.015055323109501003,0.01968435013521656,-0.030350945490915302,0.006309684372929457
20,3,0.003675605077814184,-0.0010725339130443813,0.0007743414102536853,-0.00426432879645809,0.002034798077506612
20,4,0.0013536625367356798,-0.0014739140819684988,0.0015660744257729685,-0.0028484664785945516,0.001971731300483818
20,Aggregated,0.0031433099051580383,0.007704875360261203,0.010068927911103882,-0.01972394040074278,0.005373900308573791
20,Centralized,0.002974828841500555,0.013184075545128956,0.014899173201886329,-0.02905127803130551,0.007204902623246257
21,0,-0.011711036316177459,0.021366805935960968,0.013131342035505953,-0.034923586657238756,0.00920853797498339
21,1,-0.006385479364028124,0.015522741064658912,0.014293197474822467,-0.0418722255169702,0.010896411875772859
21,2,-0.014390809656560586,0.024163800667072036,0.0126928290526555,-0.03328220062548995,0.009713926739707309
21,3,0.002072912548087054,0.0020679292481389834,0.0021379454165871567,-0.005028236807763439,-0.0006811840441135142
21,4,0.002094663665770473,0.0005903653074490441,0.0007949950676726436,-0.0025193394908139396,-0.0008944019751654643
21,Aggregated,-0.005665502146017798,0.012744749221293731,0.008611623700612185,-0.023529332775337152,0.005649974756353937
21,Centralized,-0.008571422939655621,0.02044982566558232,0.011944013691977241,-0.03587976713739716,0.008800525995542825
22,0,-0.0021523468551294853,0.01567967556696668,0.009618976323593823,-0.02507379279150556,0.0056815346451994896
22,1,-0.0012908798265227294,0.018799167307067374,0.012185605458333712,-0.029644270423396162,0.00848684805560188
22,2,-0.0030805162393774915,0.019041958157339233,0.009523902081977224,-0.027955576777080316,0.004203074083933384
22,3,0.0007593367553406227,-0.00020058291235273973,0.00016529130891923075,-0.00029311903242193,-0.00019272679366248713
22,4,0.0008883060145544593,-0.0008069848902126189,0.0018836505089684596,-0.00033996151255177485,-0.0009283939631919157
22,Aggregated,-0.0009755913705616409,0.010504915079157526,0.006676472205951977,-0.016664631889389166,0.0034509470607604403
22,Centralized,-0.0014264796604104809,0.016866839326914858,0.008144255492941467,-0.025299348943905352,0.0058074794379141485
23,0,-0.0010861156397137279,0.014504684271121563,0.00916380229124542,-0.028657921152628052,0.006191450156591437
23,1,0.00012800742689016246,0.008122579408367369,0.014606767774265643,-0.03219937553679005,0.009902855953377483
23,2,-0.00479288411458813,0.0200967559080349,0.014852377996487521,-0.030894390612012386,0.0017880517150302361
23,3,0.0018710019495449231,0.0009302061496863421,0.001085319416540435,-0.0037346446450416985,0.0009677888364487473
23,4,0.0008988071679202884,0.0008653161678129332,0.0028405695232429436,-0.002706188934072449,-0.00012190922957256989
23,Aggregated,-0.0005965399269692265,0.0089055097762039,0.008510922978590019,-0.019641903512797165,0.0037464272580032426
23,Centralized,-0.0014546166150886822,0.015250644271691764,0.01079971305317414,-0.029139534909637475,0.005340786104354139
24,0,-0.009108825353383105,0.017666025899987666,0.011339513931117425,-0.026293896339107517,0.00739510481557507
24,1,-0.009953641773804959,0.019349279902686662,0.011969570729410543,-0.02954391615326176,0.010684938307821253
24,2,-0.008744011242389056,0.02066479888538976,0.013507119869941017,-0.028701507003285283,0.0066455658120637435
24,3,0.00028768974154800935,0.0013313676564316525,0.002233545311784174,-0.003500583002103839,0.0001432534473055617
24,4,4.2568322049041375e-05,0.0010549329336887125,0.003024047458060794,-0.001863855298482788,0.0010419854239874507
24,Aggregated,-0.005496364088248081,0.0120154816248191,0.008415850566837992,-0.017983979298114558,0.00518301836952617
24,Centralized,-0.009156718425674235,0.019141389292060117,0.010612891231982058,-0.026155485318072793,0.007682549416363605
25,0,0.0016443678266121356,0.014528543423888261,0.005947102200612149,-0.02299467053214881,0.0018566879360834676
25,1,0.0021909530996359356,0.012454200046161957,0.008297392227717786,-0.02677085197535834,0.0041857338964684816
25,2,-0.00024618409973779787,0.016143782557607216,0.006423451882227029,-0.024764255084236585,0.0016012209649856983
25,3,-0.0010498046224103968,0.00025732590043493395,0.0014366538417195614,0.0012417840124633048,-0.0016360036289564386
25,4,-6.123905130775987e-05,0.00026908629993915764,-0.00011021343960290383,-0.0003525133835520324,-0.0014210433430040673
25,Aggregated,0.0004957459900246616,0.008732287320158256,0.004399770263437802,-0.014731015537533011,0.0009177954932927162
25,Centralized,0.0007036055930879341,0.01444560117991619,0.005797194529258798,-0.022847787592638506,0.0018139553391752384
26,0,-0.0005495920029260424,0.0063669031393880065,0.010443817022764468,-0.01829711077191291,0.006936443838262671
26,1,-0.0031338235890974574,0.007504800400670014,0.019151667945474748,-0.02397330743150654,0.005644420125000878
26,2,-0.001790678997556518,0.011327921670900508,0.016898540284837345,-0.01866019576553486,-5.224811525561026e-05
26,3,-0.0026641953427065557,-0.000110917879581691,0.002524869640338976,-0.001123977607263709,-0.0010959954741408067
26,4,-0.0013452310314662254,-0.00013571810917382501,0.0018073748948842644,-0.0009064123942125005,-0.0006360050981374284
26,Aggregated,-0.0018968009348618602,0.004991621669020262,0.010166925853405088,-0.012594557815536016,0.0021599039620138626
26,Centralized,-0.0020955784181955327,0.008432900975575698,0.012578440620930663,-0.018460431352870493,0.005338247499859442
27,0,-0.0016796693572915919,0.011619771044730625,0.004061363422522531,-0.02021427740062916,0.0016003185855286725
27,1,0.0009491327605816141,0.007049588462140439,0.003507908735319723,-0.02105079027786322,0.004864306216256361
27,2,-0.003708677776968492,0.014118438377476544,0.005657660294059531,-0.022002338748930775,-0.00020547569347940478
27,3,0.00011647110742393774,0.0010163706968746578,0.0028016794487953586,0.0004453480455988146,-0.0011230367279793606
27,4,-0.00024130763419884886,0.00032234278705895646,0.00180911804426179,0.00020853093808890407,-0.00048397437061864225
27,Aggregated,-0.0009129427312978909,0.006826595342581935,0.003567885653256589,-0.012525270464201824,0.0009307264474725505
27,Centralized,-0.0016786390702814976,0.011523178394124749,0.003664947072634202,-0.019869102033718278,0.0009378210638303177
28,0,-0.003999516700651042,0.008989148053413002,0.009202449919017803,-0.015533524857359248,0.0015575678414675017
28,1,-0.001161718244894705,0.011303871676209939,0.009441513389317546,-0.020860520042923988,0.0025472865380962145
28,2,-0.008889226648191573,0.013119166930154136,0.0140670445784143,-0.018685372430701237,0.0014570183263163312
28,3,-6.164974134839999e-05,-0.001152869016544252,0.002461179510818202,0.0010372944747131714,-0.0012593888891148412
28,4,0.00012350133804918487,-0.0005394205031337085,0.001594880045847417,0.0012512406067168866,-0.00047547765057285587
28,Aggregated,-0.0027982959558513184,0.006345367106927603,0.007354554756536356,-0.010560552508450286,0.0007656610361414814
28,Centralized,-0.0032415117951109518,0.010278096277207669,0.010821793312752404,-0.017417605446876507,0.0005974879944981812
29,0,0.0006067133049752223,0.012024485608295738,0.009355493228137354,-0.012461591211959043,0.003778723761643211
29,1,0.0014813663030663522,0.008731412256124484,0.00852819521010074,-0.014985156259745848,0.00722102616544823
29,2,-0.0004924134549086042,0.014917770084855739,0.010013648960082545,-0.01293072126828919,0.0033804027459126223
29,3,-0.0008923715469622155,0.0012331415098035064,0.003412276115299645,0.001840704371405936,-0.0017222674407904232
29,4,0.00026258749984974146,0.0017775457418622873,0.0013581257467155587,0.0005073083789987766,-0.0014149084434585937
29,Aggregated,0.00019317817311457998,0.007738068651249599,0.006534565928558101,-0.00760754206920145,0.0022493410866517975
29,Centralized,-0.00011351106298160552,0.013105349550678361,0.009081773444279191,-0.012881563498506724,0.002900038428465185
30,0,-0.0065886686862985855,0.014248318485939522,0.005733221214468068,-0.02059939209943103,0.0019925825756136077
30,1,-0.0008535452275257945,0.008569417098699203,0.0073677975602815405,-0.021933453029217422,0.004912510944436706
30,2,-0.011394625832374364,0.019006880680477498,0.0066561318815484315,-0.02196718376598112,0.0023754724497834175
30,3,0.00026607612813316176,0.0009451454071380409,0.0009377105721506323,-0.005005854089057509,-0.0017360149932710836
30,4,0.0006605689255268193,0.0009401958238487089,3.0508728845877555e-05,-0.002461936916955762,-0.0005848396147648889
30,Aggregated,-0.003582874109941666,0.008743548206069107,0.004145892836288945,-0.014395938674096453,0.001392355336564336
30,Centralized,-0.004453932637380306,0.014108484617642861,0.005521615245875155,-0.02038815892392105,0.0019784207163508327
31,0,0.0018429091746835018,0.014483895025692107,0.006230083864915196,-0.017863565307760003,1.6038048805524138e-05
31,1,0.003068562247311334,0.009669292244119455,0.00761069832478355,-0.020936181735988855,0.0036212401375195482
31,2,-0.0029071857075650734,0.0195961362501597,0.009443356984684808,-0.020772737142621917,-0.0003711705678152155
31,3,0.0016946018971560673,0.0027161891256507714,0.002234696497259548,-0.0004933722558729018,-0.002051381379466282
31,4,-0.00016038516729986833,0.0024815107559865933,-5.74248777313426e-05,-0.0003189984911148219,-0.00026058106264676415
31,Aggregated,0.0007078657379589254,0.009790859511067632,0.005093289548323533,-0.012079335349770893,0.00019094400273069785
31,Centralized,0.001324844340620516,0.014855655428789586,0.00690564439130503,-0.019304427708559488,-0.00019342785564114933
32,0,-0.0018431693453072133,0.013566152921964924,0.009856758102957873,-0.020768910133320048,-0.004078196563364569
32,1,-0.0017959590688265655,0.005389514109294844,0.017250704925341975,-0.020933535296176288,-0.0013038902504481189
32,2,-0.004183336257659264,0.016220860290357936,0.013801384471034262,-0.023356196903198505,-0.006495871375733208
32,3,0.0014543759851087846,0.0022835116755482673,0.0032694182878376713,-0.003928340942309511,-0.0059238359640583806
32,4,0.0028658293851512215,0.0012995215866162025,0.0019954571551769793,-0.0032668319828675304,-0.0043583173419957
32,Aggregated,-0.0007011501987618428,0.007753187907090465,0.009236188699954054,-0.014453004152749999,-0.004432012382675566
32,Centralized,-0.002825461221619736,0.012486437334146065,0.011964663935617023,-0.019986971264285332,-0.004358299460985457
33,0,-0.0008804391844849722,0.01582925348626107,0.009301123971776038,-0.02278255159562472,-0.0003575630632513695
33,1,0.001364543234381264,0.011569592166617739,0.011124504358689257,-0.026657829849284435,0.0030118044566868935
33,2,-0.0010948957003669897,0.01861146258474984,0.012427357354219005,-0.025547895511567643,-0.001633219403921864
33,3,0.0029881222620043346,0.002265631783435195,0.007297715511117649,-0.005673419114799832,-0.004239007694902893
33,4,0.004901410379206274,0.002810722216745971,0.004276913765348657,-0.006048688690252055,-0.0031914688370481966
33,Aggregated,0.0014550776198501087,0.010218820924891668,0.008886413980874587,-0.01734435482831545,-0.0012814887648538483
33,Centralized,-0.00024544728831568755,0.015960181471252412,0.010056395449847388,-0.023268399885595637,-0.00047568875273331366
34,0,-0.0016839208978682324,0.008799705399256265,0.009306820258156403,-0.016787738052959692,-0.0005164968335259414
34,1,0.003397024044019294,0.0036929680599340976,0.014268389038356437,-0.021634346156959496,-0.00033382631952459386
34,2,-0.004211357924781093,0.0065089061788024365,0.016481154046765617,-0.01859734813165512,-0.0014414516906102173
34,3,0.000635972051883755,0.0023045107654246686,0.0018326871480248603,-0.0033329632259495264,-0.0034917355329529367
34,4,0.00045015604086477793,0.0017229821695808898,0.0002707200302878215,-0.0026063548909465014,-0.0034559400037743548
34,Aggregated,-0.00028256486775959857,0.004606388448049148,0.008433571942167303,-0.012593755217033379,-0.0018475636635206737
34,Centralized,0.0006667149402190293,0.006489836267088622,0.011417846019327988,-0.018204598788164123,-0.002013890178466424
35,0,0.0035965251212483756,0.01562442778407778,0.00684235235392693,-0.020623566823704496,-0.0015018040856532577
35,1,0.006375016327390533,0.013180761472312523,0.009902571272914707,-0.023601393945148787,-0.0012798890627156029
35,2,-0.0007539833361486336,0.0211877452594894,0.008252503427859405,-0.022812178523228033,-0.0026579023839581623
35,3,0.006471658504550287,0.006562619185813079,0.004416536514233403,-0.005194503645296259,-0.005689512776951813
35,4,0.006870938876866062,0.004414113388506055,0.002239395431563482,-0.0036314987210680845,-0.00435664627012883
35,Aggregated,0.004511571653155962,0.012195463800147537,0.006331472469169375,-0.015174935112074102,-0.0030968799992452853
35,Centralized,0.004248962380714621,0.016742454704820837,0.006961484116286049,-0.020606381366187605,-0.002877936890544225
36,0,-0.009419620034212317,0.015607365059174812,0.008922988309572796,-0.01821996537295253,0.0016477018140738996
36,1,-0.005224923907912034,0.012243279503901888,0.009782307113306127,-0.02219036590773091,0.0032379020366403166
36,2,-0.014104531728091296,0.019842572933676247,0.010898049250192703,-0.018891307790824388,0.0014523105708368178
36,3,-0.0059323517566312635,0.003333097304372477,0.004518143534127771,-0.0035318140485374526,-0.0030484679037833407
36,4,-0.004781287911517024,0.0037970571720428448,0.0028206164503147787,-0.002446278242351501,-0.0008717466867783538
36,Aggregated,-0.007893143769387009,0.010966111823864446,0.007389319552255839,-0.013058074635964026,0.0004838388898872125
36,Centralized,-0.0072773673888609424,0.01600285617606924,0.008043085274130272,-0.019349041252699463,0.0008375210335260165
37,0,-0.0038145203717594484,0.015026996299023484,0.007714695439008551,-0.014277395528473498,0.00019465567459280112
37,1,0.0011792483786551762,0.012571934989920404,0.008795909474389015,-0.015172662596721266,0.0010515829243464476
37,2,-0.008794622668377288,0.019015750405286972,0.009617954377022796,-0.014702657560242598,0.0004366209279842631
37,3,0.0012518450648043133,0.007326461795765638,0.00440765904978561,0.0003825894432486876,-0.004734033434279624
37,4,0.0016412986445923474,0.0066785624939263676,0.0013530820534642671,0.0007142758407494436,-0.004268914633879012
37,Aggregated,-0.0017080056929110131,0.012125020825934904,0.006378836246564525,-0.008613045391381084,-0.0014634470979448073
37,Centralized,-0.0016189188869725091,0.016122418535286127,0.006802954191955241,-0.013865024968396623,-0.0015154210487536457
38,0,-0.0017928080950788692,0.009862284833402122,0.009003836307649308,-0.017794095867987424,-0.002233413953204487
38,1,-0.0014672564258974693,0.006917338393324484,0.008902144655118021,-0.0216273338517256,0.00041474320015342234
38,2,-0.002392709824539721,0.008113562295339017,0.013448816270572128,-0.02129564980585667,-0.0030885272596960084
38,3,-0.000446096687047721,0.0025855617567887667,0.005235525235195656,-0.007703142293372023,-0.0049648830955917435
38,4,-0.00033831498232935554,0.002135336775534673,0.003127035945360469,-0.006083129156757855,-0.002816880708834214
38,Aggregated,-0.0012876257296342334,0.005923575529685302,0.007944410003465184,-0.014902425831163784,-0.0025377082176858265
38,Centralized,-0.0017571616433739409,0.008208002254017533,0.010615246992399715,-0.019127595857847186,-0.0022730052449217034
39,0,-0.0011565640593405211,0.01692800123280312,0.008672534609923316,-0.017489430932898675,-0.004436259660127533
39,1,0.0010900731408639822,0.013122427504168093,0.011713503145598613,-0.018400377882460496,-0.0016042641573094207
39,2,-0.0007155833088662069,0.02165715636775405,0.014320748403786764,-0.01865929851024589,-0.0107089538682134
39,3,0.0009646082037122768,0.0067268587271224235,0.0060623712180606915,-0.0029488804604747175,-0.005814121562106102
39,4,0.00056973050189749,0.006068374189284031,0.0045682039657152455,-0.001650450035125318,-0.005115545221205945
39,Aggregated,0.00015036544760175906,0.012901919710014056,0.009068354160407707,-0.01183172282198085,-0.005535890570676052
39,Centralized,-0.00044079852835072857,0.01709486499727596,0.010658472567294068,-0.017499855589301058,-0.005544512816198077
40,0,-0.0015488125151035279,0.013988780162013614,0.005484635586109915,-0.020076228898206903,-0.0010245225234490638
40,1,-0.0019144288105817854,0.010241508986398926,0.005935694403664516,-0.02296242992658483,0.0005889635669773768
40,2,-0.003413087018069488,0.016801493023199006,0.006962491891096408,-0.024528516273432242,-0.0024065422357393267
40,3,-0.001907201994620449,0.0032498563017615734,0.002261595250049277,-0.00840935032816578,-0.002381047682183516
40,4,-0.0028899841793665745,0.0026408429298471997,0.0010547805584792827,-0.0064168608647616285,-0.0008509664488198963
40,Aggregated,-0.0023345984531528393,0.009385838972031994,0.004340485677660663,-0.01648067666491055,-0.0012148752210617336
40,Centralized,-0.002692315333386289,0.014167564219000213,0.0059796363180077815,-0.021272366596288,-0.0013655026806825353
41,0,0.007109523215650899,0.007329703884347447,0.012840170972829423,-0.01531085188414035,-0.0006965629838424016
41,1,0.00944698500365539,0.00886943746597816,0.013361004303152232,-0.018652663856336838,0.0015673273760559232
41,2,0.009129106075651048,0.007556436330500636,0.014861386903882803,-0.01656260267232257,0.00031759242807144483
41,3,0.005939381648307092,0.005254451569536239,0.01102030562131378,-0.004323512204926236,-0.0036754847620887932
41,4,0.007212428502944591,0.00407944550559163,0.008091270875697642,-0.0036470092953865174,-0.002958087961637489
41,Aggregated,0.007767608993124016,0.006618394593600897,0.012035586640217937,-0.011700943790302554,-0.001088658496490611
41,Centralized,0.00784545919285953,0.007800799838575378,0.013135289035690044,-0.015863471254449122,-0.00021828666130747817
42,0,0.0013912876290380146,0.009773819075277503,0.005506745237216151,-0.013371176213828048,-0.005439977363095734
42,1,0.004540041593249799,0.006371453967001564,0.006246218083977807,-0.014719687263662618,-0.0036924933179413007
42,2,0.0018011297188033765,0.011902100406319397,0.006213220856043482,-0.015461118363533402,-0.007479846653015806
42,3,0.002985369410138495,-0.0007923412283336678,0.003346670452783937,-0.00028264075892178166,-0.007253910005675423
42,4,0.0025869937518315537,2.3959526197004737e-05,0.002215088766563662,0.0011975363748784726,-0.007698458671094571
42,Aggregated,0.0026609772765465653,0.005456894081795423,0.004706077381990465,-0.00852935757984146,-0.006312657110316862
42,Centralized,0.0025946491131864685,0.010065287341632185,0.0050846265844129565,-0.013383379276537688,-0.006492518987089937
43,0,0.0009648869009813922,0.013377711132099577,0.0035701425394521137,-0.0180189236231454,-0.0001972781429634113
43,1,0.00831530467470103,0.006197729834654394,0.004389346562088446,-0.020093521984211563,0.00014031176372050573
43,2,0.0016537764722795454,0.016045763160771963,0.0036560520742695197,-0.020860564295920533,-0.0015754653409333157
43,3,0.0063554205849784984,0.0016000370436379742,0.0008449221276268265,-0.005000984451265273,-0.0036904536927705473
43,4,0.005931092630809316,0.0018289302661725405,0.0003000287778534246,-0.004019344781445795,-0.004255499779513514
43,Aggregated,0.004643838248358024,0.0078112293972023355,0.0025525468341040117,-0.013600583514669737,-0.0019152087208223858
43,Centralized,0.0048796203899232815,0.013041477892818324,0.0027468037933981652,-0.019010315372539315,-0.0019154519134873705
44,0,0.0015648026117836482,0.006345628345703349,0.009697672233518757,-0.016988461292863976,0.001384103591509998
44,1,0.0073274432133855405,0.00089591530016071,0.009289963169267668,-0.019419721783063875,0.003764131519873918
44,2,-0.00045181293499878353,0.00798192488632624,0.011207657879670705,-0.01876778668239911,0.0026882920815436456
44,3,0.0037543278073020048,-0.0024286292282958747,0.00663256059511728,-0.006470157726183203,-0.00016268751005849477
44,4,0.0035348092733131107,-0.0032732232814351187,0.005070779009182295,-0.005703113000754804,5.767993819574176e-05
44,Aggregated,0.00314584300114356,0.001905348418166522,0.008380372714970215,-0.013471403410837808,0.0015466060445952726
44,Centralized,0.004051525596080785,0.006179391596623015,0.00836304977241007,-0.01840009380409207,0.0011499341887876325
45,0,-0.0008497534482459953,0.012855729524863966,0.0071310427500178575,-0.014205000919073348,-0.005313584628519062
45,1,0.00082901019294525,0.01167484789885188,0.010215463293613418,-0.017568613148255877,-0.004837292078793412
45,2,-0.0014550481080725522,0.016634811775770045,0.011663152156037877,-0.018152064129178448,-0.007918185531580484
45,3,0.0011124710536903912,0.004356550652732731,0.005129312843284251,-0.0020410140849481005,-0.008720722401988186
45,4,-0.00040711195628960657,0.0052145599107837615,0.004493111180241934,-0.00026639377601656207,-0.005342439317248914
45,Aggregated,-0.00015404926379136057,0.01014829450615833,0.007727054951407997,-0.010448644349464846,-0.006426620462123358
45,Centralized,-0.0003896395061751869,0.01411308375492402,0.009092662029338143,-0.015537061329788132,-0.006547351740616987
46,0,-0.0006417003051900997,0.00867016581582936,0.008854597394601363,-0.014298993097404563,-0.0021535321966261456
46,1,0.0008710414452151594,0.005607751269440603,0.012691990159822959,-0.0157078728800324,-0.000791016192546401
46,2,-0.0014264875492359932,0.012854216877233936,0.009903654657746138,-0.01604506519997793,-0.0034662949516446506
46,3,0.0014509208436304006,-0.0007282635596243722,0.00452322592604482,-0.00021407120652156922,-0.0033994532947636776
46,4,-2.6688675225539082e-05,-0.0010507578925836591,0.0032348104707630165,0.0004669246882020676,-0.001873182377573233
46,Aggregated,4.5418542249856e-05,0.005071840907986109,0.007842571514908917,-0.00916174560040592,-0.002336768468352179
46,Centralized,-3.144296605086157e-06,0.00948043657569191,0.00904886982607363,-0.01445942786789939,-0.002536693334491082
47,0,-0.001736872518623773,0.011259919914362572,0.008750004455868265,-0.015620297381294397,-0.0005284409115002914
47,1,-0.0013566174984290255,0.003923785813068606,0.014923856480008683,-0.018273407498870995,0.0019226777672104632
47,2,-0.004533666165275691,0.013020889835590597,0.013604467211909825,-0.018741484898517197,-0.0020453773500277894
47,3,-0.0008948706072016088,0.001721307679075057,0.003907080377025641,-0.0022022947060907293,-0.0017295520270278928
47,4,-0.0004315675683394508,0.0016002442626708506,0.0024540445748931976,-0.0021100633213697855,-0.0015053252173897636
47,Aggregated,-0.0017909816737713682,0.006306165310362536,0.008729135216029176,-0.011391374606796676,-0.0007770489135570959
47,Centralized,-0.00259761844750013,0.010556461776589,0.010827686645130856,-0.016801609556572467,-0.0009583081237904458
48,0,0.004112806221767439,0.007605254588917453,0.0034776499744774473,-0.014256599069548534,-0.0007550237232414556
48,1,0.00480513252105641,0.0066865611926358775,0.0035458864840939943,-0.015990558512205193,-0.0007333435853778733
48,2,0.004314273549791207,0.00965517028714956,0.003780711011742179,-0.016856103833000544,-0.0038724696077284625
48,3,0.004105036430016313,-0.0009059051895274321,0.0020368122412907012,-0.0021982301696310113,-0.004163153981759526
48,4,0.003071077412638108,-0.00027115363454117226,0.0016958824205242898,-0.002104620138622987,-0.003003024023182053
48,Aggregated,0.004081857786180227,0.00455495958431368,0.0029076282454709177,-0.010282865296172445,-0.002505283753587076
48,Centralized,0.004163204892497885,0.008792907230383165,0.0034545140815081996,-0.014645386883051096,-0.002551618846614312
49,0,0.0003799795046273563,0.010667824049595527,0.007708722320993913,-0.016558842534597384,-0.004140883239145285
49,1,0.0018578707459507905,0.008158452944167168,0.011245673464867366,-0.018153770932429446,-0.004079648972409722
49,2,-0.0003645396021130833,0.013655409759620334,0.011526216430622934,-0.018667485844277902,-0.006299155850277178
49,3,0.002811596831182726,0.0010933711934171318,0.004163022315137587,-0.0031256498435722462,-0.006253073371741457
49,4,0.0012319615128372921,0.0014407274308959022,0.0034403973031806377,-0.0037371222201864783,-0.005217410608181873
49,Aggregated,0.001183349636887494,0.00700427315104125,0.007617635820495219,-0.012050252972876084,-0.005198014774805961
49,Centralized,0.0008909158359554757,0.011285465568900395,0.009611928944715043,-0.017632606747564544,-0.005687808996538005
50,0,0.00011612194739030005,0.00956777020928127,0.005561480280546953,-0.014986715260668502,0.00020411542169631035
50,1,0.0014014225427569896,0.0058776669466545995,0.007931667738801568,-0.015192303781798719,0.0022526836045648
50,2,-0.0019540963798243926,0.013722025434733415,0.007781811020316876,-0.01773921343877213,-0.00040634880853652653
50,3,-0.0005823856803187829,0.0006829577175358296,0.004096830410155003,-0.00208999399566596,-0.0010849334767097328
50,4,-0.00044900233033881484,0.0013198531969284934,0.004384160008076557,-0.00023548264260780846,-0.0008055798489485825
50,Aggregated,-0.00029354979167282375,0.006235039842198873,0.0059515067066023605,-0.010050693381865887,3.216245889764316e-05
50,Centralized,-0.0007492217653266112,0.011027790856982325,0.006611648424185518,-0.015322216426852895,-6.743724969269597e-05
