Round,Evaluator,0,4,1,5,3,2
0,0,,,,,,
0,1,,,,,,
0,2,,,,,,
0,3,,,,,,
0,4,,,,,,
0,5,,,,,,
0,Aggregated,,,,,,
0,Centralized,,,,,,
1,0,,,,,,
1,1,,,,,,
1,2,,,,,,
1,3,,,,,,
1,4,,,,,,
1,5,,,,,,
1,Aggregated,,,,,,
1,Centralized,0.8585898876190186,0.9840918779373169,0.9088202714920044,0.9859261512756348,0.8901507258415222,0.9218165278434753
2,0,,,,,,
2,1,,,,,,
2,2,,,,,,
2,3,,,,,,
2,4,,,,,,
2,5,,,,,,
2,Aggregated,,,,,,
2,Centralized,0.7406408190727234,0.9622775316238403,0.8327581286430359,0.9568007588386536,0.7986023426055908,0.8564572930335999
3,0,,,,,,
3,1,,,,,,
3,2,,,,,,
3,3,,,,,,
3,4,,,,,,
3,5,,,,,,
3,Aggregated,,,,,,
3,Centralized,0.8609409928321838,0.9800086617469788,0.9103379249572754,0.9753048419952393,0.891792893409729,0.9223043322563171
4,0,,,,,,
4,1,,,,,,
4,2,,,,,,
4,3,,,,,,
4,4,,,,,,
4,5,,,,,,
4,Aggregated,,,,,,
4,Centralized,0.8678138256072998,0.982465386390686,0.9152585864067078,0.9789038896560669,0.8977388143539429,0.9268240928649902
5,0,,,,,,
5,1,,,,,,
5,2,,,,,,
5,3,,,,,,
5,4,,,,,,
5,5,,,,,,
5,Aggregated,,,,,,
5,Centralized,0.6100909113883972,0.9363702535629272,0.7503315806388855,0.9121935963630676,0.6991851925849915,0.7853848934173584
6,0,,,,,,
6,1,,,,,,
6,2,,,,,,
6,3,,,,,,
6,4,,,,,,
6,5,,,,,,
6,Aggregated,,,,,,
6,Centralized,0.7712813019752502,0.9738779067993164,0.8544821739196777,0.9691984057426453,0.8230611085891724,0.8749966025352478
7,0,,,,,,
7,1,,,,,,
7,2,,,,,,
7,3,,,,,,
7,4,,,,,,
7,5,,,,,,
7,Aggregated,,,,,,
7,Centralized,0.6323142647743225,0.9328389167785645,0.7635352611541748,0.8917132019996643,0.7121528387069702,0.7963154911994934
8,0,,,,,,
8,1,,,,,,
8,2,,,,,,
8,3,,,,,,
8,4,,,,,,
8,5,,,,,,
8,Aggregated,,,,,,
8,Centralized,0.6582413911819458,0.9669435024261475,0.7828853726387024,0.9560871124267578,0.7347851991653442,0.8139855265617371
9,0,,,,,,
9,1,,,,,,
9,2,,,,,,
9,3,,,,,,
9,4,,,,,,
9,5,,,,,,
9,Aggregated,,,,,,
9,Centralized,0.7594540119171143,0.9777587652206421,0.846796989440918,0.9779735207557678,0.8137190937995911,0.8683604598045349
10,0,,,,,,
10,1,,,,,,
10,2,,,,,,
10,3,,,,,,
10,4,,,,,,
10,5,,,,,,
10,Aggregated,,,,,,
10,Centralized,0.7143843173980713,0.9770902395248413,0.8185399174690247,0.9760503768920898,0.7784866690635681,0.8441805839538574
11,0,,,,,,
11,1,,,,,,
11,2,,,,,,
11,3,,,,,,
11,4,,,,,,
11,5,,,,,,
11,Aggregated,,,,,,
11,Centralized,0.6625279188156128,0.9735333323478699,0.786176860332489,0.9712099432945251,0.7378555536270142,0.8167898058891296
12,0,,,,,,
12,1,,,,,,
12,2,,,,,,
12,3,,,,,,
12,4,,,,,,
12,5,,,,,,
12,Aggregated,,,,,,
12,Centralized,0.6474801301956177,0.9737190008163452,0.7773564457893372,0.970838189125061,0.7268916368484497,0.8089883923530579
13,0,,,,,,
13,1,,,,,,
13,2,,,,,,
13,3,,,,,,
13,4,,,,,,
13,5,,,,,,
13,Aggregated,,,,,,
13,Centralized,0.6877045631408691,0.9752791523933411,0.8025226593017578,0.974655270576477,0.7587827444076538,0.8311564922332764
14,0,,,,,,
14,1,,,,,,
14,2,,,,,,
14,3,,,,,,
14,4,,,,,,
14,5,,,,,,
14,Aggregated,,,,,,
14,Centralized,0.6493232846260071,0.9751375913619995,0.7751541137695312,0.973057210445404,0.7250250577926636,0.8080136179924011
15,0,,,,,,
15,1,,,,,,
15,2,,,,,,
15,3,,,,,,
15,4,,,,,,
15,5,,,,,,
15,Aggregated,,,,,,
15,Centralized,0.5744262337684631,0.950301468372345,0.716761589050293,0.9397651553153992,0.6524543762207031,0.7583923935890198
16,0,,,,,,
16,1,,,,,,
16,2,,,,,,
16,3,,,,,,
16,4,,,,,,
16,5,,,,,,
16,Aggregated,,,,,,
16,Centralized,0.3913450241088867,0.7592078447341919,0.5719882249832153,0.6322876811027527,0.4860670566558838,0.6341687440872192
17,0,,,,,,
17,1,,,,,,
17,2,,,,,,
17,3,,,,,,
17,4,,,,,,
17,5,,,,,,
17,Aggregated,,,,,,
17,Centralized,0.4809814393520355,0.6986915469169617,0.5741206407546997,0.6919988393783569,0.5417830348014832,0.6197456121444702
18,0,,,,,,
18,1,,,,,,
18,2,,,,,,
18,3,,,,,,
18,4,,,,,,
18,5,,,,,,
18,Aggregated,,,,,,
18,Centralized,0.5863041281700134,0.9366310834884644,0.7065310478210449,0.9232645034790039,0.643013596534729,0.7485952377319336
19,0,,,,,,
19,1,,,,,,
19,2,,,,,,
19,3,,,,,,
19,4,,,,,,
19,5,,,,,,
19,Aggregated,,,,,,
19,Centralized,0.4626310169696808,0.5748343467712402,0.5160932540893555,0.6809886693954468,0.48609745502471924,0.5301195979118347
20,0,,,,,,
20,1,,,,,,
20,2,,,,,,
20,3,,,,,,
20,4,,,,,,
20,5,,,,,,
20,Aggregated,,,,,,
20,Centralized,0.7542881369590759,0.9750850200653076,0.8405008316040039,0.9686442017555237,0.8063195943832397,0.8626420497894287
21,0,,,,,,
21,1,,,,,,
21,2,,,,,,
21,3,,,,,,
21,4,,,,,,
21,5,,,,,,
21,Aggregated,,,,,,
21,Centralized,0.8123266100883484,0.9537650346755981,0.8589693307876587,0.9613000750541687,0.8363522291183472,0.872784435749054
22,0,,,,,,
22,1,,,,,,
22,2,,,,,,
22,3,,,,,,
22,4,,,,,,
22,5,,,,,,
22,Aggregated,,,,,,
22,Centralized,0.6911222338676453,0.9747576713562012,0.8011006116867065,0.9687109589576721,0.7574745416641235,0.8295815587043762
23,0,,,,,,
23,1,,,,,,
23,2,,,,,,
23,3,,,,,,
23,4,,,,,,
23,5,,,,,,
23,Aggregated,,,,,,
23,Centralized,0.7995686531066895,0.9449490308761597,0.8467332124710083,0.9531891345977783,0.8208024501800537,0.864703357219696
24,0,,,,,,
24,1,,,,,,
24,2,,,,,,
24,3,,,,,,
24,4,,,,,,
24,5,,,,,,
24,Aggregated,,,,,,
24,Centralized,0.6387611031532288,0.9449703693389893,0.7516664862632751,0.9241937398910522,0.7011936902999878,0.7844715118408203
25,0,,,,,,
25,1,,,,,,
25,2,,,,,,
25,3,,,,,,
25,4,,,,,,
25,5,,,,,,
25,Aggregated,,,,,,
25,Centralized,0.6544212698936462,0.974937915802002,0.7765251994132996,0.9728536605834961,0.726686418056488,0.8085831999778748
26,0,,,,,,
26,1,,,,,,
26,2,,,,,,
26,3,,,,,,
26,4,,,,,,
26,5,,,,,,
26,Aggregated,,,,,,
26,Centralized,0.7536996006965637,0.9756120443344116,0.8385229110717773,0.969995379447937,0.8020904660224915,0.8605096936225891
27,0,,,,,,
27,1,,,,,,
27,2,,,,,,
27,3,,,,,,
27,4,,,,,,
27,5,,,,,,
27,Aggregated,,,,,,
27,Centralized,0.409536212682724,0.41760963201522827,0.4745176434516907,0.2228170931339264,0.42476552724838257,0.5018458366394043
28,0,,,,,,
28,1,,,,,,
28,2,,,,,,
28,3,,,,,,
28,4,,,,,,
28,5,,,,,,
28,Aggregated,,,,,,
28,Centralized,0.7015619277954102,0.9701410531997681,0.8093127012252808,0.962922990322113,0.766956090927124,0.8363121151924133
29,0,,,,,,
29,1,,,,,,
29,2,,,,,,
29,3,,,,,,
29,4,,,,,,
29,5,,,,,,
29,Aggregated,,,,,,
29,Centralized,0.6977741718292236,0.9740417003631592,0.8072068095207214,0.9724633693695068,0.764907717704773,0.8345763683319092
30,0,,,,,,
30,1,,,,,,
30,2,,,,,,
30,3,,,,,,
30,4,,,,,,
30,5,,,,,,
30,Aggregated,,,,,,
30,Centralized,0.904194176197052,0.9673149585723877,0.9184690713882446,0.9699903726577759,0.9057618379592896,0.9239869117736816
31,0,,,,,,
31,1,,,,,,
31,2,,,,,,
31,3,,,,,,
31,4,,,,,,
31,5,,,,,,
31,Aggregated,,,,,,
31,Centralized,0.6645198464393616,0.967603862285614,0.7800019979476929,0.96307373046875,0.731869101524353,0.8110125660896301
32,0,,,,,,
32,1,,,,,,
32,2,,,,,,
32,3,,,,,,
32,4,,,,,,
32,5,,,,,,
32,Aggregated,,,,,,
32,Centralized,0.6654653549194336,0.7699121236801147,0.6868062019348145,0.687232255935669,0.6800507307052612,0.7062528133392334
33,0,,,,,,
33,1,,,,,,
33,2,,,,,,
33,3,,,,,,
33,4,,,,,,
33,5,,,,,,
33,Aggregated,,,,,,
33,Centralized,0.5497400164604187,0.6823285818099976,0.5917354226112366,0.574927806854248,0.5892677307128906,0.6281378865242004
34,0,,,,,,
34,1,,,,,,
34,2,,,,,,
34,3,,,,,,
34,4,,,,,,
34,5,,,,,,
34,Aggregated,,,,,,
34,Centralized,0.45397400856018066,0.5962488651275635,0.48425936698913574,0.5608504414558411,0.5041744709014893,0.5487690567970276
35,0,,,,,,
35,1,,,,,,
35,2,,,,,,
35,3,,,,,,
35,4,,,,,,
35,5,,,,,,
35,Aggregated,,,,,,
35,Centralized,0.3612361252307892,0.4852943420410156,0.5509169697761536,0.19344502687454224,0.4695681929588318,0.6105806231498718
36,0,,,,,,
36,1,,,,,,
36,2,,,,,,
36,3,,,,,,
36,4,,,,,,
36,5,,,,,,
36,Aggregated,,,,,,
36,Centralized,0.707430362701416,0.9651176929473877,0.8004616498947144,0.9595522284507751,0.7591781616210938,0.8274443745613098
37,0,,,,,,
37,1,,,,,,
37,2,,,,,,
37,3,,,,,,
37,4,,,,,,
37,5,,,,,,
37,Aggregated,,,,,,
37,Centralized,0.6765488982200623,0.9194208383560181,0.7570408582687378,0.8845977783203125,0.7127560377120972,0.7894814014434814
38,0,,,,,,
38,1,,,,,,
38,2,,,,,,
38,3,,,,,,
38,4,,,,,,
38,5,,,,,,
38,Aggregated,,,,,,
38,Centralized,0.8867257237434387,0.9840635657310486,0.9249685406684875,0.9806474447250366,0.9093515276908875,0.9351916909217834
39,0,,,,,,
39,1,,,,,,
39,2,,,,,,
39,3,,,,,,
39,4,,,,,,
39,5,,,,,,
39,Aggregated,,,,,,
39,Centralized,0.6572499871253967,0.9310126304626465,0.732264518737793,0.9147250652313232,0.6865726709365845,0.7687763571739197
40,0,,,,,,
40,1,,,,,,
40,2,,,,,,
40,3,,,,,,
40,4,,,,,,
40,5,,,,,,
40,Aggregated,,,,,,
40,Centralized,0.7872524857521057,0.965743362903595,0.8588379621505737,0.9530898928642273,0.8300364017486572,0.8787791132926941
41,0,,,,,,
41,1,,,,,,
41,2,,,,,,
41,3,,,,,,
41,4,,,,,,
41,5,,,,,,
41,Aggregated,,,,,,
41,Centralized,0.25265470147132874,0.21923010051250458,0.4235183298587799,-0.37952205538749695,0.34726953506469727,0.4708539545536041
42,0,,,,,,
42,1,,,,,,
42,2,,,,,,
42,3,,,,,,
42,4,,,,,,
42,5,,,,,,
42,Aggregated,,,,,,
42,Centralized,0.5443993210792542,0.6083624362945557,0.5281165242195129,0.5492032766342163,0.5603379011154175,0.5606874823570251
43,0,,,,,,
43,1,,,,,,
43,2,,,,,,
43,3,,,,,,
43,4,,,,,,
43,5,,,,,,
43,Aggregated,,,,,,
43,Centralized,0.7040348052978516,0.9627702236175537,0.7882925868034363,0.9575992822647095,0.7452405095100403,0.8153367042541504
44,0,,,,,,
44,1,,,,,,
44,2,,,,,,
44,3,,,,,,
44,4,,,,,,
44,5,,,,,,
44,Aggregated,,,,,,
44,Centralized,0.8650276064872742,0.9813156127929688,0.9112222790718079,0.978826642036438,0.8929678201675415,0.9227048754692078
45,0,,,,,,
45,1,,,,,,
45,2,,,,,,
45,3,,,,,,
45,4,,,,,,
45,5,,,,,,
45,Aggregated,,,,,,
45,Centralized,0.41090860962867737,0.5243907570838928,0.5043168067932129,0.2834916114807129,0.4673452377319336,0.5637585520744324
46,0,,,,,,
46,1,,,,,,
46,2,,,,,,
46,3,,,,,,
46,4,,,,,,
46,5,,,,,,
46,Aggregated,,,,,,
46,Centralized,0.8545219302177429,0.9742037653923035,0.9003267288208008,0.9663315415382385,0.8809812068939209,0.9131543040275574
47,0,,,,,,
47,1,,,,,,
47,2,,,,,,
47,3,,,,,,
47,4,,,,,,
47,5,,,,,,
47,Aggregated,,,,,,
47,Centralized,0.316200852394104,0.26313409209251404,0.40236884355545044,-0.2648642659187317,0.36438649892807007,0.47046005725860596
48,0,,,,,,
48,1,,,,,,
48,2,,,,,,
48,3,,,,,,
48,4,,,,,,
48,5,,,,,,
48,Aggregated,,,,,,
48,Centralized,0.8139947056770325,0.9749152064323425,0.8770058751106262,0.9707962274551392,0.8515784740447998,0.893028974533081
49,0,,,,,,
49,1,,,,,,
49,2,,,,,,
49,3,,,,,,
49,4,,,,,,
49,5,,,,,,
49,Aggregated,,,,,,
49,Centralized,0.7552827000617981,0.9730963706970215,0.8354013562202454,0.9714303016662598,0.8023567199707031,0.8573713302612305
50,0,,,,,,
50,1,,,,,,
50,2,,,,,,
50,3,,,,,,
50,4,,,,,,
50,5,,,,,,
50,Aggregated,,,,,,
50,Centralized,0.6954970359802246,0.9527685642242432,0.7731081247329712,0.951616644859314,0.7288206219673157,0.8043210506439209
