Round,Evaluator,0,4,1,5,3,2
0,0,,,,,,
0,1,,,,,,
0,2,,,,,,
0,3,,,,,,
0,4,,,,,,
0,5,,,,,,
0,Aggregated,,,,,,
0,Centralized,,,,,,
1,0,0.48068204518111857,-0.01993833664452951,-0.1876984386687696,-0.08009946878379516,-0.13328618669884323,-0.07797713300795774
1,1,0.24786708146124192,0.2537316342506853,0.2780841674101033,0.2765093287947863,0.258551690881725,0.25012575641995655
1,2,0.24436220206300918,0.2451087823844713,0.2730612808116021,0.27355433262653106,0.24556859353084398,0.24813816117539023
1,3,0.24552773205934994,0.25087885968773327,0.28213862903324927,0.2611983649281241,0.24237256154211598,0.24609012625045565
1,4,0.24637074449599689,0.25339953968500656,0.2739507852378403,0.2811786180844619,0.25814345224641133,0.2539498650633734
1,5,0.23760277294284313,0.24933804652224592,0.27788926973023975,0.2837924505291359,0.24888738835481902,0.24829989874823882
1,Aggregated,0.2860964280879722,0.20271815881825925,0.19492835886463816,0.2124723600630768,0.18287017680924536,0.19150140320541792
1,Centralized,0.28560957758061223,0.2032752453474554,0.19588573893891992,0.21320433144930534,0.18366120866227595,0.19217568521222958
2,0,0.7457521441198539,-0.09147730054454778,-0.09166199052170848,-0.008652421233058072,-0.08327422670543182,-0.07934581525565637
2,1,-0.0724071360232179,0.03841234727104384,0.051585001162905965,0.0696274648805989,0.0009819659933320668,0.05198754284249977
2,2,-0.06797462645968973,0.04631254732677592,0.054310587469714476,0.06871235141719376,-0.0012913593434221472,0.05004955458964747
2,3,-0.07908903582465766,0.04393930789782162,0.050743702851361434,0.07953563116172807,-0.001255974627467562,0.054511300283611584
2,4,-0.06679096324711335,0.04147719094801657,0.04636650065408986,0.06707922060494623,0.007025363660935144,0.04836051375029581
2,5,-0.07638119408252722,0.04376351209268281,0.04268769568557866,0.07824471070991043,0.005463713140846669,0.05521863009355964
2,Aggregated,0.07202616413352789,0.01906335925702228,0.024265315936406517,0.05827904873119957,-0.012912155595621954,0.028817886882485367
2,Centralized,0.07034061218004607,0.019340115319863568,0.024555469140563797,0.05844672459367268,-0.012735914469469119,0.029088686447948313
3,0,0.7891008135339729,-0.10837330275922288,-0.0882840063129201,-0.11072677285061726,-0.12672388228141523,-0.08991255667384741
3,1,-0.07777100371894455,0.028775861181121347,0.023302270017909184,0.03631811974414688,-0.02841969640436485,0.055480234162066634
3,2,-0.07654467579538991,0.026105423055689504,0.021659958750397737,0.04330490342590795,-0.027403728504418835,0.059316577779389264
3,3,-0.07855474993307862,0.03582945117198089,0.02480834606174643,0.045797220910099065,-0.03405570292368359,0.05957381523876708
3,4,-0.08169712780634782,0.033812418352814406,0.02054729624500537,0.037222105580304816,-0.0329465461459978,0.049129934979776566
3,5,-0.09089192925369918,0.030413253981917764,0.014618566652213451,0.046794841196540114,-0.02889530530596079,0.060584892754253064
3,Aggregated,0.07263345504556566,0.0063683038679336786,0.0016837839184588644,0.014927118841669484,-0.04737031095785527,0.030896319060813138
3,Centralized,0.07084078015638591,0.006655284732141343,0.001908751888387684,0.015241531398261012,-0.047171708534379075,0.031198637852755704
4,0,0.8127892533315002,-0.03582731534854279,-0.17619600588866763,-0.1744129290201818,-0.2295912027470697,-0.13793932756683921
4,1,-0.015728992465857426,0.029272670750839586,0.04034346142235526,0.04318770618146542,0.0011857344578627953,0.015053358976275263
4,2,-0.02296364263249104,0.018899784545397043,0.03255794990110679,0.04675738105733977,-0.0032935005369008857,0.010896985645400986
4,3,-0.024439425365602854,0.032841475944623645,0.04175347663165269,0.05026733081926397,0.0032688933359979774,0.010518094553658095
4,4,-0.026311942389518082,0.02654051042072153,0.03953378752187183,0.0463945045213884,0.0030898464830195252,0.018244785388708586
4,5,-0.02447081747192071,0.024247412246753995,0.031301505023261685,0.04510025920221364,0.010153695981823058,0.02657613784690221
4,Aggregated,0.12482644696685165,0.015374500820935767,-0.0005817805083467922,0.007343703811465187,-0.03818682113882423,-0.01098209242823704
4,Centralized,0.12310530356778969,0.015502711921626753,-0.00014230221177332915,0.007798536299425658,-0.037707851563797565,-0.01066433920845754
5,0,0.963662460751084,-0.20025757251072518,-0.14577929754654814,-0.16243102551729716,-0.12253109647575199,-0.15519248655550072
5,1,-0.08583344607049471,0.003873756174076347,0.028929470653381646,-0.01684567621395437,0.027139436765629535,0.019784913404565098
5,2,-0.09076227611576083,0.005701791828495041,0.029501653898201353,-0.011445763632982098,0.03631794590126758,0.02447170625042843
5,3,-0.08378851593032896,0.004434791081842645,0.032106799021190326,-0.006369900899022971,0.02769810456778394,0.01289379437766801
5,4,-0.09088465170393774,0.010354924618540777,0.03191431124140165,-0.015321401368913771,0.025346740171698405,0.015630558425445498
5,5,-0.11005369537042063,0.010444111401664364,0.0327643597736595,-0.0165736665809034,0.02320231648137872,0.0202613146824241
5,Aggregated,0.09427203365019275,-0.02964482391864986,-0.00019357686472182885,-0.039654280098896995,0.0013590243996370278,-0.012094639735830998
5,Centralized,0.09209672181625247,-0.02921789920219275,0.00017059178637190652,-0.0393471203591081,0.0016690154472408414,-0.011736608384472809
6,0,0.8692148517005694,-0.1980444061557604,-0.2099510502800285,-0.23564532817519832,-0.2828693056698253,-0.13083965303335773
6,1,-0.01923789800514431,0.024058827584809414,0.010187228495989943,0.013639020039223666,0.045381469233412505,0.0006732908977216162
6,2,-0.004653639914350846,0.013323880373499065,-0.007451535260071269,0.03749437458811052,0.05195871711077144,-0.001167062416899139
6,3,-0.02182261029393668,0.03140722162778494,0.004585783758679325,0.024593659181530052,0.03074559561512653,-0.006252486020649314
6,4,-0.012219472599169204,0.025395460659430658,0.004307358115587411,0.01759341182788399,0.043212173581578445,0.0043562848049095975
6,5,-0.010780177910833251,0.010653944581104488,-0.006860264105481321,0.02034178197940817,0.06895414349285095,0.010624902200272934
6,Aggregated,0.1422375975219493,-0.017722113351269754,-0.036304020583326324,-0.02291171000691088,-0.010408759136083247,-0.021757663441084877
6,Centralized,0.14041870354713243,-0.017270813710079314,-0.035869511360437416,-0.02237943821784512,-0.009727101184643386,-0.021484683069464147
7,0,1.2102464287698405,-0.16746551006359867,-0.17424752174550465,-0.14083943821110742,-0.16660563912636187,-0.09174684517588876
7,1,-0.028553523685753066,-0.002725470038375361,0.014058793965448915,-0.004118821494115979,0.012142963840496908,-0.009449556135845054
7,2,-0.022807884984127523,-0.002206735539349634,0.0073234809564452896,-0.008836787025554838,0.02079552909964103,-0.030882924526761953
7,3,-0.027169084987247905,-0.0025476009181871423,0.010999254245745242,0.00341358596071321,0.011940994494243002,-0.009280522436182678
7,4,-0.033023500478032146,0.005026394452421646,0.011650369149425082,-0.0046982981105588946,0.013351305183312531,-0.012997158238759908
7,5,-0.05834001118370258,0.009609288452805852,0.011812987747723182,-0.00635523704025928,0.01781061388545724,-0.028216334289091014
7,Aggregated,0.18582189305102317,-0.028405551849594625,-0.021586085290360543,-0.028271670082742797,-0.016910361651923726,-0.031163970513880375
7,Centralized,0.1832587542386677,-0.028057587358343607,-0.021204106797382587,-0.0279900728129032,-0.016535797306352525,-0.031012457198008346
8,0,0.9715476135642619,-0.14813793470812076,-0.11166636666355834,-0.25092376869397504,-0.20109167796953437,-0.16658903379502277
8,1,-0.04472621351578366,0.025676852862881155,-0.0004729926822713086,0.01036925934691858,-0.010741369977849857,-0.002314415647091282
8,2,-0.04307020714536287,0.04172557649640127,-0.01194329695603637,0.001585235744533962,-0.007609501891397225,-0.021927429759864638
8,3,-0.04562250009952499,0.027185614437058525,-0.0008008343190452619,0.016418609482417027,-0.005532470998323436,-0.007782178285618549
8,4,-0.04019261670771128,0.03454840040336509,-0.006008446245028539,0.009117556823244579,-0.011609038483825697,-0.012005526754670854
8,5,-0.05401165439171432,0.05397792912347318,-0.01552701318675417,0.007181267049144355,-0.020880836523355272,-0.02110995378705085
8,Aggregated,0.13414796557476624,0.003983644104446904,-0.025449270729585506,-0.03697129226622676,-0.04480709004392361,-0.040155500257115895
8,Centralized,0.13205273267148182,0.004364218194919439,-0.02523350377295634,-0.03643600119578413,-0.04441604063108631,-0.03983916770724556
9,0,0.936588834694935,-0.21128923913436093,-0.24398834830847782,-0.1414640809624201,-0.06681433041586037,-0.26899372518866316
9,1,-0.028996422440356013,0.019802549062842432,0.014001160159412973,0.005210021720913977,-0.01618267435474815,0.01377249887134008
9,2,-0.041173619559101544,0.0299316727433054,0.008519339603893481,0.016592957538140895,-0.01596946026593894,0.03342146879818313
9,3,-0.027793731780443767,0.029543780315522256,0.014930333644744987,0.012081305119694033,-0.021905787300837636,0.005325121363509851
9,4,-0.032770948753189935,0.02854168829501172,0.011608459508058203,0.008613748898374874,-0.01994653264714633,0.01572631248178388
9,5,-0.057343066416136,0.02901009569093333,0.0063041378667227305,0.023802100823071538,-0.01167629731048934,0.035930043308180074
9,Aggregated,0.13448415257085253,-0.01479407663355404,-0.03398554853664232,-0.014073019859479617,-0.025912132564055525,-0.030365106143061538
9,Centralized,0.1324771934772693,-0.01430247948576835,-0.0334601230471937,-0.01375430837676605,-0.02580983505406346,-0.02976810905062924
10,0,0.8175794066262052,-0.11354346450510348,-0.1877559091753062,-0.20301948605018463,-0.1947585299939004,-0.1799094448379123
10,1,-0.11344672741111955,0.031658737804179174,0.046927001081895625,0.005243757104136696,-0.001587609190786101,0.015502784734629639
10,2,-0.1271968092870255,0.0307149279973068,0.04222245788941414,-0.008919760396069742,-0.002471432673299945,0.033277362955789105
10,3,-0.11631314377383903,0.03702606810935636,0.03865496606928234,0.01290779983804032,-0.00856415708462325,0.010134357829919569
10,4,-0.10820008492728078,0.030366389823683317,0.0424743825012575,0.006346927809345703,-0.009699491562387356,0.021706449550573208
10,5,-0.10978278331364721,0.02457382440137096,0.04993862884897901,0.002336877280594688,-0.014764156555097253,0.042822745562998726
10,Aggregated,0.04975633312576319,0.005356742069012148,0.0030945762496719237,-0.032914609504028434,-0.04051243624242326,-0.011454895279068886
10,Centralized,0.047835143210077716,0.005654238090065764,0.003572086748003832,-0.032489002723533084,-0.04012650225913036,-0.011033403495091864
11,0,0.9179519141107997,-0.08670321804025258,-0.10552297717595746,-0.16090583123688032,-0.29476853966098293,-0.1116854860798595
11,1,0.011754831505503995,0.037446016723038746,0.030178341974050872,0.022169869576782807,-0.1239465611697549,0.012470143770868788
11,2,0.011527613178830035,0.042826549004647614,0.04004898185085964,0.022921480170900843,-0.12352769071670724,0.0056613970434249246
11,3,0.013770744621809255,0.041289254094932164,0.029186160265997657,0.02179761020367165,-0.11526802318578352,0.0064381825166559435
11,4,0.012802699642616109,0.04128448707953854,0.02998102000300149,0.01822272842646111,-0.11440373323285957,0.009627610849680278
11,5,0.009679133858677193,0.042533138289902225,0.0381179358354808,0.030356598306069158,-0.10859226565697817,-0.01864215283699061
11,Aggregated,0.17196588718416803,0.01850285663573737,0.008942711339739642,-0.009411080821173359,-0.14852557001811578,-0.01716853586111749
11,Centralized,0.17009937445164566,0.018766070249600468,0.009229135537678762,-0.009031974190244811,-0.14815963057078643,-0.01693207198310978
12,0,0.8522919733837729,-0.1786740404802544,-0.22086487682276565,-0.17205766155535646,-0.10724813623878583,-0.209722214347135
12,1,0.002181913219390123,-0.029064775288281927,0.03747936058001506,0.019437342680220644,-0.008511324852047003,0.031413655003600584
12,2,0.02527219936842157,-0.057131604876707355,0.03772711137219351,0.03378499161429355,-0.010561970356441184,0.030044956921206453
12,3,0.005373940086515764,-0.01716225179119166,0.0427950140322063,0.024723988584715632,-0.014722638237001923,0.014592124448616173
12,4,0.0046937636747486295,-0.040455831541061894,0.03349222202166531,0.03063058171122199,-0.013090957100931442,0.03413591276051047
12,5,0.007083208614934231,-0.06768940634065114,0.02913415576126912,0.04410424136258799,-0.03088112231861618,0.04530242535605521
12,Aggregated,0.15790811745747407,-0.06639202201452332,-0.009273506001173146,-0.005253334259519953,-0.031752054157987694,-0.01144465114081106
12,Centralized,0.15617072920731187,-0.06611120155028022,-0.008743709884064288,-0.004836032610157698,-0.03156313903905246,-0.010948567363025173
13,0,0.7607070250733953,-0.15823820210826411,-0.175409145480459,-0.15592576615346765,-0.1621879164182787,-0.11441302493901245
13,1,-0.02247467348313987,-0.005811529109186417,0.018271259266683715,-0.003907590862373515,-0.009529588046477182,0.006924850993249246
13,2,-0.03531152923601992,-0.006110321195177689,0.019781480602255767,0.007920055622049716,-0.0059516101194927356,0.00471924171519764
13,3,-0.0341027347118495,0.006308351188497389,0.009088417979588453,-0.002797631103455024,-0.010990462764508798,0.002596448024845225
13,4,-0.02424239206057182,0.004638313999654403,0.011958358693431882,-0.0006868957296923277,-0.010587805086480485,0.009063898359680021
13,5,-0.02488862289639457,-0.009844680233031537,0.022516779581269155,0.0242342861620064,-0.0038012659309675117,0.003966967172386166
13,Aggregated,0.1111624077074866,-0.029735527683528204,-0.017547550197950974,-0.02346776527893237,-0.0353800604755733,-0.015721078698610204
13,Centralized,0.10953713661966713,-0.02941400926779581,-0.017152497385386576,-0.023136335604817763,-0.03506278111005708,-0.015474111350303677
14,0,0.7919072818419952,-0.09010152581414833,-0.0877117901906762,-0.06521420404126406,-0.1854711565947814,-0.14843706009299262
14,1,-0.008104300294987621,0.01228899885096396,0.016720429239252658,0.0066798579318892905,-0.008927489720681955,-0.004700645863701548
14,2,-0.02880131826940681,0.03196047012284017,0.002048802109052502,0.012663713043394273,0.01208198337487527,-0.016585481672412222
14,3,0.007029275312194672,0.019363900928958455,0.013303514272353227,0.008106437376569884,-0.009961379375791854,-0.00624846342505672
14,4,-0.024131686291632103,0.024388729196346923,0.009850862774506745,0.013409825596284657,-0.003970887259676931,-0.01081952553417868
14,5,-0.05437150792137795,0.03382269567168973,0.01124486614583223,0.022747518662451154,0.015751591718220152,-0.03485286268596
14,Aggregated,0.12204899491862548,0.004143690166418424,-0.006739691653556621,-0.0010463867392454872,-0.03194568604998747,-0.03827729323492839
14,Centralized,0.12037290219619498,0.004379417336939666,-0.006537103817710318,-0.0008857874962914646,-0.031561615004186104,-0.03800164778458167
15,0,0.6898986810515649,-0.11920669161738891,-0.18412872906830424,-0.1833255897476278,-0.06027120429978997,-0.2219002016090294
15,1,0.0013021132738515956,0.00854628756926163,3.716483018754493e-05,-0.0017882153086850798,-0.00792193621584651,0.011788832161867416
15,2,-0.0028293151350219964,0.011475488800816372,-0.011014907136210617,0.0030578165292883277,-0.0028291942870652563,0.008667464140507909
15,3,-0.0013346153824547406,0.010689434616064072,-0.0013994781067809884,0.004245680512811147,-0.012053650687329798,0.008299735198734825
15,4,-0.000350177696631917,0.018351818667330207,-0.004368514417329654,-0.0049789149946638574,-0.006742580794546316,0.0057185224961701555
15,5,0.006530704626404601,0.016593925493956743,0.003124610720746888,-0.00047660184224354953,-0.004365127010283173,-0.0005001620752604871
15,Aggregated,0.1224216957168349,-0.010247014846027695,-0.03477054167260313,-0.03237584802523938,-0.016231634928105636,-0.033605634414968805
15,Centralized,0.12100183702925081,-0.009974477335406524,-0.03439677079738968,-0.03199816153477383,-0.016121387900994717,-0.033134481326410184
16,0,0.6900074403137323,-0.1266694408255766,-0.2306067167275635,-0.08294764901273273,-0.13321305357866278,-0.1166075781235182
16,1,-0.003311068398026108,-0.015538192725420598,0.008471937823235224,-0.008873726248113226,0.007087295980750416,0.017824610470354156
16,2,-0.005069132041005076,-0.03620361978686177,0.013103348076485827,-0.024768898245968177,0.019956173561920088,0.01857092723922417
16,3,0.005548584243261497,-0.005257714291344138,-0.003152880644337598,-0.0008200392681031581,0.00839448091415049,0.01368560895231455
16,4,-0.00791901562460132,-0.02479856731491946,0.011374461379252862,-0.011648048497709087,0.01099749900881537,0.014574564690101986
16,5,-0.00887446593859295,-0.05130658839377628,0.028666464440725584,-0.028414680197373733,0.013862645590128933,0.020359458497147417
16,Aggregated,0.11866278263224353,-0.04429517278065659,-0.031111137531537124,-0.026925252870920225,-0.013603768537597294,-0.006600172728646538
16,Centralized,0.11723310720481118,-0.04408920227199301,-0.030612120697307562,-0.02678520736319543,-0.01330461703223135,-0.0063250458967521
17,0,0.6703653479105383,-0.05991992304901247,-0.0910312475996548,-0.2753789145488211,-0.039029786537820264,-0.0806405445427191
17,1,-0.026648553542232545,0.011663234713995533,0.015268662355711322,0.018240288547692853,-0.03613684976915691,0.011787120594094619
17,2,-0.024161210255376004,0.00783144934787376,0.017296404915997383,0.0025521629480922893,-0.0060892810807638975,0.022180135589876027
17,3,-0.022840802073921522,0.01997790530902867,0.004087048612267388,0.014906986924031288,-0.041333409228774085,0.006467193508129193
17,4,-0.01634077810827923,0.012885429914845144,0.020008857540022892,0.0180335570099884,-0.029079447057483436,0.016747693503139913
17,5,-0.032381122763035,-0.0007560272896807134,0.024714857530921286,0.0183105375170528,-0.0008616470075643748,0.016840535454552837
17,Aggregated,0.09827360381691777,-0.0020880233551276274,-0.002681228253216381,-0.03678421149714569,-0.025584870243887586,-0.0020564749542424402
17,Centralized,0.09684233202366095,-0.0019432131141758787,-0.002459977574233469,-0.03618711375247205,-0.02555111976715854,-0.0018597952535896725
18,0,0.6045196210873622,-0.07134278988558244,-0.10767426181516555,-0.24015530686522388,-0.07786204871564568,-0.09285180939543848
18,1,7.647818287876268e-05,0.0054920213867484325,0.010754510543033564,0.008129903675924414,-0.004792410218440059,-0.004674702686446956
18,2,0.0037230880215723774,0.007607834516195499,0.0004196229362455834,0.0005253010789375051,0.0015430926494169742,-0.019699902634639034
18,3,0.0013993317827467645,0.014822127776288527,-0.0010157789427679112,0.017340545738320307,0.009065599547578315,-0.01615767897435736
18,4,-0.0017746497282978286,0.005666985837183619,0.004873366069231659,0.007419535495099398,-0.0072156368710571085,-0.015179146539045204
18,5,0.017108511043968325,0.0031044704332723405,0.017349281170729872,-0.0009018001386591896,-0.029323385949979415,-0.008908465532731146
18,Aggregated,0.1101735292914133,-0.006560920405987535,-0.01368924093056262,-0.037071086093693965,-0.018813923473279065,-0.027043764115174913
18,Centralized,0.10893663014879716,-0.006398786757687852,-0.013454013973994452,-0.036562931765827,-0.018666302119464274,-0.026879121748674677
19,0,0.6008317340145719,-0.03835774821497621,-0.14290108640152663,-0.2295623531628066,-0.14190381889895043,0.011373240869722986
19,1,-0.04581917374466686,0.009866182790183552,-0.016561481796806443,-0.02401419736768155,-0.014838774469529865,0.011725682722550609
19,2,-0.026524333131772344,0.00836135447034883,-0.02792625592065994,-0.008740532335228516,-0.006354931853340715,0.027503761093429974
19,3,-0.0364534482551337,0.013389693963653257,-0.018639714270015893,-0.017910977478779653,-0.02426163428313929,0.011640709516975677
19,4,-0.032579228075766936,0.013444529460416046,-0.02191499219192722,-0.014130256684172698,-0.012232964441185,0.00629051060725511
19,5,-0.027772312617454296,0.007810734676956266,-0.03492178278855214,-0.0015442256938503257,-0.0087942270348868,0.009424824390297858
19,Aggregated,0.07828748042270055,0.0019302908851966459,-0.04499878007714516,-0.05147787282389173,-0.036015846833327536,0.012973702384557062
19,Centralized,0.07698003845358829,0.0020309897097491162,-0.04475377670951681,-0.051032358979280004,-0.03575090879791824,0.012977678683145049
20,0,0.5203258804230922,-0.09074745440411049,-0.10286882388775397,-0.3098091953368693,-0.06120497383408434,-0.07394454228852451
20,1,-0.012735243550462598,0.019824946703751484,0.033511477217845254,-0.007381697964446762,0.02391353586606631,0.00387141475731144
20,2,-0.0313869720194915,0.013850224697231395,0.01915413304191019,0.00653958116307015,0.0180228278488363,-0.017150369468317484
20,3,-0.015284527651691191,0.013787633380041287,0.030430875065223174,-0.007509605602606413,0.02751977052745861,-0.013935439037712898
20,4,-0.0041041621572502325,0.021793710696610097,0.0221973636828643,-0.005646789600763611,0.02144873873784145,-0.0011518743447532442
20,5,-0.02152026526173678,0.03026942458542255,0.014678231550964139,0.008822940533268904,0.024642187770717153,-0.01253244989033765
20,Aggregated,0.07791707148939653,0.00035765993999366556,0.0015831777435486518,-0.05558211728899597,0.008214712927854848,-0.019797534374644096
20,Centralized,0.0768101853329019,0.0005855569809741769,0.0018445678268491595,-0.054946054687570474,0.008388366246782037,-0.019662074400159844
21,0,0.5874478561177806,-0.07140920100344252,-0.09480495397884206,-0.225992709343039,-0.11589931509320474,0.06992936260819425
21,1,-0.04764942946535271,0.003842823398236798,0.031194302913717397,-0.004632858909877782,-0.007196120543811328,0.006429423231435133
21,2,-0.004678638861260372,9.333841416065908e-05,0.023413795462009654,0.009985899157405415,-0.011887726699451186,-0.005951570237619713
21,3,-0.026187854151722936,0.004141110634985351,0.03285342186380795,-0.0012144834778252656,-0.01854586843140532,0.0030301576920365282
21,4,-0.03615419885929042,0.005420828316856272,0.026037699986761264,-0.0058583541879379435,-0.01058721951557317,-0.0023035162382528318
21,5,-0.0197155428080743,0.006452929432109553,0.025027584107789477,0.007905663170895076,-0.023525340631774878,-0.017949509938931994
21,Aggregated,0.0816474781053725,-0.00932960263077984,0.006063095790019876,-0.03890450272786949,-0.03228809259105294,0.00959610945826938
21,Centralized,0.08038198773967732,-0.009174308282653986,0.006315642424928121,-0.03843632140931566,-0.03207884540908618,0.009445143923395781
22,0,0.5532785189603286,-0.2231259277264884,-0.1148504175415674,-0.28644049762373675,-0.1075336536125108,-0.11281049286475851
22,1,-0.005240270591351868,0.002167852168310107,0.00866660025235575,0.0002875835881050455,-0.006369061611139289,0.0031393689054317686
22,2,0.007500391754000192,0.012731682600081687,-0.002828175876772717,-0.009101348229911986,-0.0098893665745288,-0.002158982935766101
22,3,-0.009296897780779967,-0.007035392128236061,0.011992769427158457,0.005866881817536071,-0.005010565077378178,-0.0013911731272557547
22,4,-0.0027099437282962495,0.004494980335862342,0.009643116955028518,0.005276706860118025,-0.00282465616026261,-0.002194471721130703
22,5,0.012869395376033106,0.014783460445980405,0.008491495377808135,0.004196707797214852,-0.012667973844482209,-0.003419479365692224
22,Aggregated,0.09825455115237901,-0.03494715190034094,-0.014366651805447259,-0.04952691108822616,-0.02505002529049606,-0.020920812363175705
22,Centralized,0.09711593794271484,-0.03447632385060961,-0.014115367985875269,-0.04893419790266849,-0.024843683601568984,-0.020690945159244117
23,0,0.7219014025060758,0.03189265495566164,-0.05547684723707478,-0.25429036869428406,-0.15195420896116116,0.04163910308490035
23,1,0.009236350970716461,-0.016065963138564746,0.012732267842608615,0.0006033758902560311,-0.040435273173859976,0.012147362900525866
23,2,-0.005983295608942946,-0.023319343064306143,0.010728108869991695,0.017064204057278383,-0.025371498786461034,0.014273923156210217
23,3,0.005670737416742704,-0.009667136184078728,0.007879040197981175,0.012988073631913287,-0.04761610577284927,0.014295036614711477
23,4,-0.0073146187543872525,-0.022933022841829156,0.006918316371989931,0.009608901593369086,-0.026153354330006554,0.014412831540916746
23,5,-0.007591627985778577,-0.03645070014821705,0.010223996508224522,0.012998224014262988,-0.011450731092019866,0.007337283366004527
23,Aggregated,0.12654357993521062,-0.012221988120195116,-0.001816933758814378,-0.03615138071405487,-0.05171313391080278,0.01764209043258176
23,Centralized,0.1250539622041968,-0.01233233003537739,-0.0016826218156913608,-0.03560557738946609,-0.05146236967685727,0.01758195097129684
24,0,0.5944634780619522,-0.34042688047000924,-0.15167514334294838,-0.16665148007526892,-0.19810534249305264,-0.08287585011377843
24,1,-0.027876435024639448,0.005213513195117014,0.02402050997495027,0.009561872567469673,-0.0023535670322115797,0.007504199463808049
24,2,-0.029920003732098004,-0.005286403050650884,0.02794023498819268,0.008651666538953422,-0.009063221940778871,0.011644236401164824
24,3,-0.018917832815779807,0.0005837401008705141,0.02886720141133063,0.018156803520607636,-0.009285151770555448,0.004473689949857186
24,4,-0.025918583058418647,0.010322636276420978,0.02762617538907852,0.0047684629891250555,-0.007301698311819154,0.0059949583631134255
24,5,-0.04591222319884501,0.01207244760304599,0.027586745422420438,0.008160137234692284,-0.009444454512182938,0.002070616885887863
24,Aggregated,0.08055522281886081,-0.05636679176311173,-0.004392758814509061,-0.02132210554118742,-0.04116315899491072,-0.009422600835596023
24,Centralized,0.07926936867477644,-0.05565603720124241,-0.004024195748813465,-0.020958569172895732,-0.04077039602515512,-0.009238788258872232
25,0,0.7296317291662755,-0.11092603135874339,-0.029133904224507356,-0.03878498912201325,-0.11790379525911521,0.00012224826053421645
25,1,-0.044662193366526624,0.01851425325494374,0.009208228314836444,-0.004705740054163004,-0.00476300108861247,0.018071418007297217
25,2,-0.07571017887230286,0.029896438715569327,0.015044512841011194,-0.012036215644684739,-0.0047762259301063325,0.02338035095525962
25,3,-0.05170869001440788,0.029304389421325322,0.008486157440172986,0.0011938799302585279,-0.0036427275323667623,0.018154304490008218
25,4,-0.06633645401545475,0.02964516651777301,0.005021316313311083,-0.008746863669904336,3.8963195697528745e-05,0.019636719994198387
25,5,-0.07458207971442203,0.032729610247339724,0.005807116985108008,-0.007770486124821658,0.0004872967736308032,0.018113410531328384
25,Aggregated,0.07735309094540765,0.0034725858217778734,0.00202747566789853,-0.012131798092003796,-0.022912488962916942,0.016053112077715558
25,Centralized,0.07572099394183358,0.003758890471209301,0.0021054597008743183,-0.012065128915445106,-0.022674840167788722,0.016092941723250893
26,0,0.7121821865568693,-0.16690013711993215,-0.11616227097344303,-0.39515010006846507,-0.31372710998996967,-0.308423132573118
26,1,0.0040065007961211,0.008930680223280587,-0.0038402038104524807,-0.03435792830422294,-0.002615960562517782,0.022243794182418123
26,2,-0.005295014069416778,0.018016624503624516,-0.025819026527556722,-0.047594679086365284,0.012600581727570365,0.028442165720703017
26,3,-0.009013007393976178,0.013170958056414684,-0.00855221133365,-0.029342112865302892,0.003993938883435729,0.010312314477821176
26,4,0.0002449781053827065,0.018310227376645397,-0.0099957114787225,-0.03073679345150725,0.009765539489865329,0.024736865346858504
26,5,0.011858985167416776,0.015719189212656755,-0.01705311082238729,-0.029298688746019725,0.007862593033661276,0.034510702083428615
26,Aggregated,0.12610854406821598,-0.017274224206580906,-0.03126716126738122,-0.09801861911406459,-0.05021735676750501,-0.034684283401393984
26,Centralized,0.12464218226522181,-0.016899837104183905,-0.031054680588919584,-0.09727516986021764,-0.04955800236995859,-0.03399920427009663
27,0,0.5186747943605654,0.06836448946713508,0.06216469938568202,-0.1826309103198728,-0.016733737239166,0.07886274026693797
27,1,-0.05004379199877548,0.00782386106928023,0.02402128201146578,0.013602884003692934,0.01084598733626768,0.010780971790078881
27,2,-0.06829203277752169,0.014887924553031224,0.022356959146107504,0.002102685252329179,0.03964741283336387,0.023714097747565867
27,3,-0.02231795039792947,0.011783131636867904,0.027289841909668707,0.01341311001681009,0.015140681720568202,0.006677016019026909
27,4,-0.05813466137504359,0.01394778136974222,0.018192115987411835,0.007337926021952271,0.016348396239189954,0.014711524635082645
27,5,-0.08371314519160049,0.010224230532643729,0.016881520009122512,0.01335274901975608,0.026432788806746082,0.014993436188173002
27,Aggregated,0.04510820720526787,0.02173764839584056,0.028888162870843063,-0.024060929808908504,0.014896470827353176,0.025602858190637578
27,Centralized,0.04392326818116322,0.021620964717391403,0.028804938189352234,-0.023664164897190847,0.014975621031197223,0.02546960062349875
28,0,0.5071297760064166,0.0645253891661804,-0.1606239032471991,-0.3237815108748167,-0.37447318776257005,-0.026991296410981934
28,1,-0.021377880741651572,0.007822621501748004,-0.0002660701963149553,-0.005307701275175967,-0.03290551831502501,0.021682174916443833
28,2,-0.02571386597709892,-0.021490444867182188,0.02640262331487887,0.003814894541651815,-0.03158959901428942,0.01771825796550658
28,3,-0.029539035232160456,0.016267146138045672,-0.0011273737860247337,0.005673855288329952,-0.05303312032418313,0.008089471993963154
28,4,-0.02279049996055726,0.0004757907353225072,0.006443102236501673,-0.009001851724385597,-0.03191480022771999,0.017773636120155818
28,5,-0.029427864955996794,-0.014680348414643938,0.017808089102942664,-0.004725482185133089,-0.030121697582046907,0.021953223841738815
28,Aggregated,0.06837044390457629,0.009487822274822059,-0.020263645479634794,-0.05877013973592934,-0.09572187405748508,0.00959367547994347
28,Centralized,0.06727265645787747,0.009350146475289247,-0.01991236098125023,-0.05810700472505681,-0.09502441165170122,0.009685005849880161
29,0,0.6058113967426091,0.03544492354244812,-0.16814113556713348,-0.06101408394860457,0.024419970686016788,-0.017815270515934567
29,1,0.010852031523300158,0.013165376022996276,0.0048503424752684805,0.006447371023169178,0.008056484351464863,-0.0169372164704867
29,2,0.038362740011737645,-0.005407713703216938,-0.020639179753898517,0.027626868169337203,0.022925588788744584,-0.03812730766338432
29,3,0.0171277870220633,0.015263776380544028,-0.0010666112332175777,0.01531974652092829,0.006725770939080772,-0.02363399045018547
29,4,0.029212201402979202,0.01651415135605473,-0.018306483557023297,0.009232977364369744,0.01888267683031947,-0.016237482030870047
29,5,0.03409358386018146,0.005295443093259742,-0.01619316705953639,0.03235824529319846,0.02351462537581115,-0.014820354901963411
29,Aggregated,0.1283696476826752,0.013643848761826387,-0.038159829815971276,0.004203867467441291,0.017504758337353484,-0.021220618326275514
29,Centralized,0.12717513765793725,0.013589265066540707,-0.03783463821128713,0.004367042132326869,0.017487437431925882,-0.02122913488684593
30,0,0.3869078300646558,-0.15707218668612216,-0.14167454567465101,0.027923232642932498,-0.11852408612374984,-0.24749032470270646
30,1,-0.017271029154553794,0.013777220920883352,0.0585671366860086,-0.08732641431622348,0.00036595875637966956,0.0242782068226669
30,2,0.011985706640129018,-0.007500340193841823,0.03708254194156651,-0.04454193085330512,-0.007097727616286599,0.03573828038711518
30,3,-0.010846618008518187,0.0017500523551935482,0.055261727891880885,-0.0555427770539331,-0.002912978511365766,0.03086278061925422
30,4,-0.0014337150205736362,0.0019261444723864681,0.05337436435560456,-0.07636855374261173,-0.00845760339657515,0.031560459008329385
30,5,-0.006559616954854618,0.0017372465637463734,0.038737795828919445,-0.07843592545462537,-0.016951382287031927,0.035812807378354086
30,Aggregated,0.06437717502459386,-0.025822820433051903,0.014990611806432148,-0.051419360634518775,-0.02671032257219026,-0.017661584776927194
30,Centralized,0.06357017504403549,-0.02549436535583857,0.015382480738619263,-0.051617894703951776,-0.026480712451043796,-0.017086501496627098
31,0,0.49201727478248697,-0.1966641795212612,0.017947336005641662,-0.2559886734725986,-0.038191064022433115,0.0430075717367406
31,1,-0.036585146666322906,-0.0012593956664411464,0.02078692945111341,-0.03735134477033557,-0.014829646867391766,0.029360705928634726
31,2,-0.036768629622733036,-0.006938073708575757,-0.0013850634706625525,-0.06292375760426451,-0.023648889979079327,0.03499700752403212
31,3,-0.024666767648014568,0.0013361585715342974,0.01570278795605357,-0.04045812882465298,-0.017478329386213902,-0.0016278091483754914
31,4,-0.02939905818703254,0.009812261967679859,0.012191716102381964,-0.032751531541104315,-0.019678717372137323,0.018644707401385314
31,5,-0.03470834411657435,0.010628937022280172,0.0008713951910635754,-0.019720299854280504,-0.01648703489069716,0.042252183352718034
31,Aggregated,0.06022074420782364,-0.032505858317621046,0.011102238314086967,-0.07703692798210524,-0.02191641502162343,0.027955033953618737
31,Centralized,0.05914030927629125,-0.03209517295222978,0.011085088002861536,-0.07658915261024189,-0.02187563875548963,0.027917412671943455
32,0,0.5321123421898044,-0.24516068652006615,0.09904232085812431,-0.2603314536981479,-0.18358969151356805,-0.05003460663789568
32,1,0.01719202124126192,0.016484939217334387,-0.014122755920561513,-0.0037333789136746727,0.006734706747297712,0.011597761860620651
32,2,0.014277332264318132,0.055222890406769316,-0.0058611430880520865,0.005405882092535067,0.008571463545335448,0.019284079361240887
32,3,0.022268918194233638,0.02696595744915252,-0.025235138028293906,-0.003931896040377531,0.00948380461592545,5.2475920003482015e-05
32,4,0.014049480619601424,0.025423768498634845,-0.009945509952453089,-0.009316513105491666,-0.004839447106316773,0.008573269623405098
32,5,-0.001090074704295659,0.028157642326401736,-0.008917802792359653,-0.018085587054157075,-0.001404327750263184,0.012961061893909682
32,Aggregated,0.10498421548863399,-0.01823761200072905,0.006944132283774322,-0.050873607887390614,-0.02937836677397417,-0.00019900501479828492
32,Centralized,0.10391554052349548,-0.01766980716173122,0.006713653805035705,-0.05034952511330927,-0.028992491590364322,-7.435069181929154e-05
33,0,0.4445725844799864,-0.04025146764260368,-0.09525472167721195,-0.02762766166978393,-0.09992090576407973,0.007613365435419815
33,1,0.022025697420935873,-0.024183162512799655,0.014135760045842355,-0.016189331497788784,0.00024292237691566647,0.0039037292719873596
33,2,0.01688361756752294,-0.05690489102546333,0.01357129100005941,-0.0059959576770623815,-0.012719007982517887,0.008705032332861741
33,3,0.029353347366776156,-0.023665947701773455,0.016107050819884207,-0.0045231924537738055,-0.001438270647414667,-0.008076294463165537
33,4,0.024404702476954216,-0.02742892040067761,0.010424786777218812,-0.008023150625795674,0.0015511516155788348,0.002411009953146048
33,5,0.02650671923597703,-0.02963715274281314,0.013147464744341354,-0.01281173735941525,0.005446966422913803,0.005309630695981576
33,Aggregated,0.09816095259352013,-0.033757386069615536,-0.005730961738167925,-0.012709514082538205,-0.018790582852123396,0.0033626547339481666
33,Centralized,0.09729421294383979,-0.03374112539794348,-0.0055069328892329026,-0.01267218915976563,-0.018587699074711736,0.0033520853213335794
34,0,0.30311781952387834,-0.012817383744255546,-0.030786894867987656,-0.10166668790791217,-0.04613458285940065,-0.10682614013938449
34,1,-0.01009881347717918,0.005662135085100849,0.012305456595425455,-0.02068143306312625,7.72278119897095e-05,-0.0017044962510539378
34,2,-0.0020523699869306514,0.01661784332932622,-0.009979426590898573,0.0028848879181620755,-0.0220473986351088,0.0024135609079043046
34,3,-0.013865736650399125,0.0008222727279854594,0.01109312801176028,-0.020225852267441728,-0.005411036767565949,-0.0018331654824511338
34,4,0.0013280047282182386,0.009232244595465103,0.009601704737298268,-0.014780637325075261,-0.017498522208129183,-0.00785194658272278
34,5,0.006328464201631823,0.01760659609691127,-0.006574391072595794,0.009086553760251134,-0.027250961132499047,-0.014434266638922808
34,Aggregated,0.05052439565321466,0.005959456488836345,-0.0027304920017376215,-0.02515883375903685,-0.020027646644171313,-0.022726496050718217
34,Centralized,0.049892441280113047,0.006006483029645053,-0.002660249616245577,-0.024967419577055765,-0.019962257686097874,-0.022516137397736224
35,0,0.39639614253495153,-0.16587798621829006,-0.02586338357387401,-0.26216763605196,0.00259367827265594,-0.024497044376439254
35,1,-0.002469610538109084,0.013795732931159875,0.009184819092484406,-0.003241524399202719,-0.009095613577175346,0.0006097084326002372
35,2,0.007777857064312695,0.01448841870478934,0.018765976634209182,-0.006170496582833635,0.0012762465710895255,-0.0315658582036694
35,3,0.0011201282256803004,0.013339317017855429,0.011209419229476521,-0.00577808367475764,-0.009017959836769346,-0.0053029090936173445
35,4,0.003566579903990662,0.01799176856583712,0.007362117985743141,-0.01585605668307872,-0.010174225039202624,-0.004192473192079125
35,5,0.0086027515909843,0.017719062584415225,0.0029078845416749236,-0.01764873404357585,-0.0012520971695376172,-0.015891708308615297
35,Aggregated,0.07308848463332118,-0.016568917894004897,0.0035706685180466827,-0.05433218671084918,-0.004195946764025959,-0.013605532601525772
35,Centralized,0.07227959408497601,-0.01619531908859943,0.0036444399629794615,-0.05381223376618835,-0.00421287321071796,-0.013578358594075525
36,0,0.32570475135160354,0.003121176072165584,-0.08844974622519955,-0.12635748685662526,0.010344540134925998,-0.005529744836999287
36,1,0.015423598494028919,-0.012132825280341411,0.005287673378364923,-0.0020951430457272816,-0.014045156368393518,0.014041876608986863
36,2,0.021636283958371305,-0.012342115077486579,-0.018411981197450626,0.0063713639321625005,-0.0016530719680896632,0.003518791271952164
36,3,0.0214553929506345,-0.01758886195816884,0.000912322558881298,0.0170997803228951,-0.01677588988283305,0.0011739030080559162
36,4,0.012858858326832867,-0.014437526072207895,0.006123000955192202,0.013180072130910606,-0.008892199343727527,0.015604509055755741
36,5,0.023945194654414807,-0.015104861995023701,0.00354608105247532,0.008200108380786764,-0.007376937614614843,0.015764139200779393
36,Aggregated,0.07323402546721725,-0.011239919160247292,-0.016043974702247037,-0.015281290348448722,-0.00619905465993138,0.007273563846632201
36,Centralized,0.07260226919668603,-0.011275568367743257,-0.01586271040876201,-0.015003150767856363,-0.006240440349500588,0.007305508046219595
37,0,0.29710913942564005,-0.06353080111909466,-0.11842253472410784,-0.13828178688384643,0.0025119784680008,-0.003115893342711422
37,1,-0.010926640067508087,0.009848155432187143,-0.02695037801581372,-0.016745693961197933,0.011445353139144989,0.007573120227085094
37,2,-0.021002390267474413,0.0037723491520903147,-0.07027991694567419,-0.014485186767356316,0.03657384679346392,0.008923722473362872
37,3,-0.03237257435080671,0.011197442827633141,-0.028627259975833395,-0.01594940130533163,0.022250305227073757,0.011460477788885527
37,4,-0.022418787621368043,0.009363146989265273,-0.04087099593279627,-0.01358089625097189,0.016180474113735195,0.0030719529573052864
37,5,-0.019869320134565587,0.0006468615952969765,-0.05345461087843828,-0.011893682031635896,0.0010376004884870991,0.004842242401409942
37,Aggregated,0.0349343275600633,-0.005488067183957342,-0.05717739865328008,-0.0363923797430525,0.014850220702476335,0.005356471251598962
37,Centralized,0.0342784919541532,-0.005342863470535735,-0.05702419680633561,-0.036137469048721595,0.01488110555407576,0.0053776602575007024
38,0,0.3912199078885425,-0.27636755593132595,0.0021702869585538743,-0.07980251812831565,-0.061666975765604815,0.0273876800804275
38,1,0.009724929484964825,0.011510879017934163,-0.00199812180159271,0.011217829851531256,-0.009532856107861101,-0.004987899341102628
38,2,0.01530416770239557,0.034209579256075325,0.015453761408931871,0.00807530453510268,-0.00828785882724882,0.010497257137148287
38,3,0.007005586621729965,0.03778603016474481,0.014098066747218684,0.018844618339459013,-0.02445940107549147,-0.013496084237497636
38,4,0.008845982454688829,0.013948186356150648,0.008364261161201609,0.019360616060717945,-0.016637637458975226,-0.001799567878545904
38,5,0.0023688535551029096,0.020563165104552993,0.003321666011026619,0.03223234733511881,0.00036948689232502873,0.013067466298279602
38,Aggregated,0.07623344944565735,-0.029388333863232252,0.006844933736433081,0.0006781895621787476,-0.020534947874160596,0.005378522752556477
38,Centralized,0.07544540106007541,-0.02877027104723081,0.0068566258576393015,0.0008796362095633136,-0.020432011880520334,0.0053234352942908725
39,0,0.2648760756248103,0.0013127790009352508,0.02412376118815111,-0.14869281623188385,-0.08461763218759971,-0.04920173703058573
39,1,0.03501524031900729,0.02839212562938964,0.011940437722366765,-0.044260248090121926,-0.007324417548965583,-0.008407625013888647
39,2,0.06286441662581116,0.0263159103391406,0.00010191943241774907,-0.09348490024392361,-0.024897553602263256,-0.03644761176545172
39,3,0.029532966212343525,0.02898468232386288,0.008317418813306832,-0.055901477679449876,-0.009270074629441488,-0.02325964435500636
39,4,0.03673871324930946,0.022956798543131526,0.007380228167791446,-0.05176756710600287,-0.007952238717483387,-0.00855005615014724
39,5,0.04584172365957422,0.019402964046454547,-0.001828781365663778,-0.04725849354223735,-0.015096992795957363,-0.0228451752003979
39,Aggregated,0.08137140403650397,0.02098880488049779,0.00852838993346236,-0.07446159925582506,-0.025576195636849673,-0.025078012693474778
39,Centralized,0.08091228163978821,0.02103799405996931,0.008489411425558112,-0.0742758713213331,-0.02542848788920726,-0.02501764327560768
40,0,0.3015736790710641,-0.018309053217084807,0.01582546982860355,-0.25072330942091564,-0.07644191259292116,0.007433938745533327
40,1,0.01810787252211202,-0.014032707487911196,0.00924572642095354,-0.034356439549931714,0.009538105735287941,-0.02863874410795792
40,2,0.020401219224016838,-0.02537151968664068,-0.01080024688353413,-0.005902532064672964,0.020448773553505148,-0.01241158523881425
40,3,0.022679084251420963,-0.01057329014026376,0.006177350649749887,-0.04055315944588812,0.009539094938627781,-0.016573697605810823
40,4,0.028108050809064592,-0.01418471161267996,-0.0011415542567054374,-0.021600774100350384,0.00887569709737793,-0.019576935984917068
40,5,0.02572661931656491,-0.0266137398388897,-0.006967083506316394,0.0030376064110774143,0.01943384911895961,-0.024299542060948923
40,Aggregated,0.07221566238931458,-0.018182374054825513,0.002221671627644057,-0.060655944348836144,-0.0023335896673680125,-0.015400697708034497
40,Centralized,0.0716418444537506,-0.018182039201788507,0.002187550183511406,-0.060180383347928676,-0.0021482840788789566,-0.015457688469904998
41,0,0.17228072117190424,-0.02103477088478762,0.004809671401768034,-0.0719040486172607,-0.021756926992631678,0.012351036805593251
41,1,0.016062602664719688,-0.01916833451839179,0.004679186340060967,0.005974640438865385,0.002547498823156659,0.03511245565464006
41,2,0.03447496011548126,-0.05283930295234582,-0.0022101855479843406,0.02538987001142406,0.005966455227746779,0.052605052182139074
41,3,0.02284433373321881,-0.028251151168219673,0.00826347922363805,0.007120413237925939,-0.007247427324620057,0.03537275976253373
41,4,0.022048364413163653,-0.03342198533555675,0.00011179810449133556,0.010368123032018811,-0.002699225524311749,0.03034377020424763
41,5,0.021901314731238415,-0.036237653311830716,0.0017159802774565094,0.01026193454731241,0.004206206841482928,0.03643781026290018
41,Aggregated,0.04975537354128809,-0.031696173242583184,0.00291794154388347,-0.002967945239645356,-0.0033867965508167916,0.03344783679461606
41,Centralized,0.04944893133518708,-0.03172279705426026,0.002913248545694548,-0.002795336913504696,-0.003340855703668972,0.033500455923623
42,0,0.28701326691483,0.002521388115330033,0.03760610506468772,-0.34121896346379116,-0.0038015356089514275,-0.07594582599517709
42,1,0.005881963133217629,-0.007332792735564323,0.006074100737281676,-0.014906295775357964,0.001723844031989969,-0.010068718737467668
42,2,0.01940919448980424,-0.016033507617263805,-0.0051389827681721486,-0.014493842105173045,0.0023582859742106053,-0.003850838451387244
42,3,0.019768002407134076,-0.012130119549421472,0.013700043635315157,-0.01184647980737721,7.999629006879383e-06,-0.015463609749177785
42,4,0.01707743534706625,-0.011880628163598275,-0.0006595116311251009,-0.0062370422757599435,-0.000288115847229014,-0.01356276128361175
42,5,0.01727101274714177,-0.013386088747722246,-0.008531163316941717,-0.0035866901384023287,0.0016585744925607777,-0.01394015671757672
42,Aggregated,0.06377875468392118,-0.009560364555154126,0.007539905890238363,-0.06868829445321847,0.00022762113359237784,-0.022783692871424014
42,Centralized,0.06322029785177613,-0.00959053520414623,0.007464553862066855,-0.06800637270811978,0.00023773777025154185,-0.022650812701595868
43,0,0.1947137752406686,0.030880363496909525,-0.07710198298679567,-0.0870391692726741,-0.018607912409426518,0.009990844415450286
43,1,-0.06543889096602791,0.04766828816385341,0.018723544659033458,-0.013714535334958646,0.00841684129362897,-0.01923409358670494
43,2,-0.06745084349249,0.05062819903539376,0.013676397082880874,-0.031029860501752764,0.02522649164521727,-0.027422043065271604
43,3,-0.07383856691674244,0.06505337868897244,0.020310709978366637,-0.022666491806071887,0.024845913159250912,-0.027823415762040202
43,4,-0.072405565976117,0.05336707673714392,0.01957377983184665,-0.019229762260094797,0.008866028582302208,-0.025869118957112303
43,5,-0.08007978862667876,0.0517796270808333,0.015160499235419693,-0.020332424542247977,0.008528180477047023,-0.03023612226674905
43,Aggregated,-0.02475374462736398,0.04966819399095066,0.0007788599067422696,-0.032991163707049104,0.009208415265453369,-0.019738274222955158
43,Centralized,-0.02530282336053579,0.04971512620607895,0.0009737906420451015,-0.032855910940844515,0.009278085522071948,-0.019812784583712807
44,0,0.2657741567682062,-0.021758716234560542,-0.04043437091031525,-0.07107837659173163,-0.12073553048529251,-0.014388214229707872
44,1,0.00131299813635694,0.013381300615752198,0.03996762333609327,-0.00704515080181424,0.003334276360213334,-0.004850730791615058
44,2,0.0021847747858615455,0.023960995669581597,0.0480578817021388,-0.01633994150012122,0.01607434082791989,-0.005984995655379805
44,3,0.00749472038046744,0.011778444253788642,0.03606977100883206,-0.0031098793374089834,0.010147050394833018,-0.014753854599662603
44,4,-0.003893071588364325,0.016399678151092778,0.043714041875344785,-0.003873931316892357,0.01185551759009654,-0.004791217553646019
44,5,-0.005516992299746501,0.01488578690285555,0.04997790417152127,-0.00431420635859229,0.007385461082948025,0.005789128489706755
44,Aggregated,0.04721135581453239,0.009396560007771938,0.02871972945638569,-0.01826769108827726,-0.013293458990626153,-0.0065912515879287745
44,Centralized,0.04666449379593032,0.009474473917551981,0.02889276216181315,-0.018135563043354563,-0.013024517616740696,-0.006571783421421849
45,0,0.10774629757641192,0.0011778670196235046,0.0488099724936069,-0.05235702247957506,-0.042497015482789065,-0.01752502630097456
45,1,-0.005052055861702803,-0.006242139167605893,0.0034094094206396568,-0.009157965475393158,-0.01963864971762009,-0.00452487848990577
45,2,0.00833316089664448,-0.010983997841545981,0.0085433426524193,-0.02277452802526319,-0.02167828695525606,-0.013385750063697511
45,3,0.01960167547560635,-0.017883246840596074,0.016433960881123814,-0.015205696127060834,-0.027797978351800444,-0.012689581527692227
45,4,-0.002806395331164626,-0.006126832857207653,0.0022653264095699567,-0.022995564299316866,-0.027279612135710014,-3.746152186102204e-05
45,5,-0.017660361327064368,0.0014745030030180396,0.0012408584151277313,-0.015943616540593692,-0.03056251731282953,0.0024186730976790355
45,Aggregated,0.019431946273479283,-0.00633943022733495,0.013874368418086862,-0.023423463243974856,-0.028413228506701627,-0.00774269770683504
45,Centralized,0.019211002608041487,-0.006358257189600611,0.013786967581529187,-0.023351051684584415,-0.02837794257264082,-0.007718328300950518
46,0,0.37174253017931114,-0.1874493627281966,0.06631743859955058,-0.5110880983995228,0.07198121244659879,-0.07830050008461528
46,1,0.02370584292711445,0.019117549385906922,0.0016322543343444678,-0.019843130132444323,0.005987968569294055,0.006113888935853888
46,2,0.05143484156979984,0.03402667956018436,-0.020099410844386392,-0.030745793228462853,-0.010018913387774017,0.009011821972648899
46,3,0.03409516623284504,0.01651263709802318,-0.005366862733001391,-0.023809550551031882,0.00282684892391296,-0.00595816195145582
46,4,0.041920620354299956,0.023638636513549766,0.002460110540747829,-0.02074255029577419,0.006145933284825395,0.004837063427672668
46,5,0.02905437057911593,0.0354495949773685,0.0050596644024246224,-0.02417746846197162,0.004794004855575572,0.009925816221557323
46,Aggregated,0.09534587860891268,-0.011913898167244294,0.009028973483441706,-0.10993514180023513,0.014319149914580604,-0.009891714401959526
46,Centralized,0.09465434625905142,-0.011474704889799618,0.008885664628748602,-0.10893142074699347,0.014174891047162281,-0.009720517450084272
47,0,0.3987287785832405,-0.2671281375688351,0.06234173409866289,-0.09821910798272619,0.03491241462463131,0.07600383465617534
47,1,-0.030920508484689642,0.004298633971385557,0.002305799914406439,0.006901400215390047,-0.006910759564223618,0.00044694174046330934
47,2,-0.03086537594657151,0.007839736856354999,0.0024393899275197296,0.00631532689589971,-0.001660584685121681,-0.005945825526841227
47,3,-0.04206774605143933,0.025325231146054773,0.012903248975701779,0.008750536553442665,-0.011759996159003415,-0.008381583221265039
47,4,-0.030005486352588533,0.01847308309218891,-0.0032566680201457777,0.006465032075790323,0.001375098257264791,-0.004310372643928627
47,5,-0.033522061757338684,0.0005088732638790703,-0.00945631935128045,0.009064438309412393,0.002292426734532547,-0.006911060266487172
47,Aggregated,0.04287566574237586,-0.037895154307742124,0.011825797762067072,-0.0111765240749728,0.0034235029087186994,0.009293088503370284
47,Centralized,0.04198567057599816,-0.03732134367277614,0.011699573307883251,-0.01095845872064791,0.003344773131520373,0.009126392433916043
48,0,0.29261323459392025,-0.20454897372455275,-0.0221880958975811,-0.06317803830494505,-0.06028662300904657,-0.0041707345148609565
48,1,-0.03149647804398583,-0.00434497231648279,0.007979251980727568,-0.005500641662107896,-0.007812579314496642,0.017944503487382878
48,2,-0.015363555395737812,-0.03025958706239755,-0.0034160116749533164,-0.012634444278894952,-0.017933573338470486,0.03332533452346196
48,3,-0.02673132734591789,-0.003046484455019336,0.00358810903204996,-0.008848549739756576,-0.008796305044832744,0.015933427605272145
48,4,-0.03516110296345043,-0.018784259902367175,0.0030318237060571905,-0.011055577863787839,-0.0031629505826863543,0.018764207784982615
48,5,-0.04145757800299907,-0.007694415028394504,0.006581867764354677,0.0019424932975608822,0.003472666647111755,0.024566525483710445
48,Aggregated,0.026957194573981248,-0.04669509706626716,-0.000994329734929748,-0.01710482100662941,-0.01628709432034728,0.017464697898236705
48,Centralized,0.026292355336307614,-0.046300171397983654,-0.0009413909424746797,-0.01698877186424985,-0.016177177236167264,0.01751850797284275
49,0,0.32996923988275834,-0.11389442266623233,0.04416457732851131,-0.17446722382637023,0.003702382281709284,-0.06803824468309293
49,1,-0.009311302720892544,0.012938128936697114,0.010130054866782711,-0.009536589990893393,0.01401660330084953,0.020125485562878638
49,2,0.015369790474505611,-0.0017176749464085468,0.015561955796531765,-0.023963277781807103,0.05443713569690618,0.024498501546233117
49,3,-0.004604483396183967,0.006628960294764344,0.011635928009245376,-0.0101897237765573,0.007277383852935716,0.03239393729904989
49,4,0.009866143910316014,0.00945962287860795,0.013333697578979353,-0.016111902085758276,0.022749890806678892,0.01528078957391765
49,5,0.014980959788973684,-0.0025510133411143056,0.012432563710606965,-0.01722770616173314,0.04234997150977277,0.005144017317217822
49,Aggregated,0.06262223765962396,-0.01604333947525374,0.018191605112905938,-0.04350509541770959,0.0238445008210453,0.004026354253453754
49,Centralized,0.06195328041054928,-0.015798548389748018,0.01812660166111639,-0.0431774207406131,0.023894847098813735,0.0042066231111660786
50,0,0.19807854882241807,0.003963533132628927,-0.010896339638873043,-0.04820997596071657,-0.0056778946309731975,0.002022194424118008
50,1,-0.021788005248464096,-0.013430813551200418,0.001084617774936822,-0.01296680690371637,0.020993903019537165,0.009799483376783397
50,2,-0.010738024416696707,-0.015686437445422276,-0.013029509926213989,-0.02330204228184902,0.028316848622336657,0.010975807728256518
50,3,-0.00599352969877555,-0.002528710687439683,0.0052867181388322,-0.014320163959085976,0.016991597320412406,0.013727542688453201
50,4,-0.015528927783667743,-0.01810005337001119,-0.006301657204513366,-0.00885695984439765,0.030360590072402903,0.012161144507451416
50,5,-0.01828981116499585,-0.030568031800570605,-0.01115211937943506,-0.004143992097440285,0.0395202289909489,0.004692726373314313
50,Aggregated,0.0230800471644063,-0.012525022258661972,-0.005895393855590637,-0.01898788877203766,0.02142206243321569,0.008814074127011523
50,Centralized,0.022642201120508933,-0.012566357428946805,-0.005882862098282661,-0.018914818149214203,0.021489897503901824,0.00883108042159877
