Round,Evaluator,0,4,1,5,3,2
0,0,,,,,,
0,1,,,,,,
0,2,,,,,,
0,3,,,,,,
0,4,,,,,,
0,5,,,,,,
0,Aggregated,,,,,,
0,Centralized,,,,,,
1,0,0.11587681654924482,0.08413637964072282,0.09480945347582453,0.07113506932604938,0.05775999554896844,0.0938488429511865
1,1,0.09821452878506146,0.10031327399327523,0.11464954899577474,0.09076494948774379,0.09813579915289766,0.11781627433600284
1,2,0.08737221017249207,0.08801053884072038,0.11196749539584173,0.0901119779155412,0.08707032218313016,0.11750468429923022
1,3,0.09263610892918282,0.10446793062947335,0.11647779987729176,0.07638209178636346,0.0781427450010275,0.11171940447725487
1,4,0.08702811601379985,0.08928473553996737,0.10992178593407599,0.0864415411600917,0.0860189643119284,0.10943581631400753
1,5,0.08810539963628405,0.08426318838027726,0.10630767028618025,0.09506950153224375,0.08399502191601974,0.11266605783394233
1,Aggregated,0.09512400031579489,0.09165478352335991,0.10885190864496062,0.08481816512757584,0.08156497110626773,0.1102989169200436
1,Centralized,0.11569182904425238,0.08689031896743446,0.1035940203222859,0.08056328630687488,0.07726538425196683,0.10567319071851232
2,0,-0.05272300762823874,0.0064219713587422445,0.008694623559508275,0.0250960745752912,-0.028138233387576546,0.01766870656057378
2,1,-0.088057624907498,0.006163055959333226,0.00824827864735318,0.031744743348118686,-0.038412297932235925,0.01360426108767284
2,2,-0.08804131986892492,0.016347482054695422,0.01634672923333126,0.03275748192776785,-0.024527613764934505,0.01493401836737913
2,3,-0.0849984217770022,0.01787299320249772,0.014971781599306696,0.04578281061918108,-0.02572241880065379,0.02457326753793189
2,4,-0.07434968248099179,0.012462445173394645,0.01204410560113974,0.03583692728496191,-0.02712390728104611,0.017948458752571804
2,5,-0.09008663612526294,0.009609473561161149,0.007469618825140658,0.038086657892934514,-0.021883928308902862,0.0211407884956136
2,Aggregated,-0.07938593501772971,0.011418939662545084,0.011264672635687785,0.03476677678414009,-0.027640769211626105,0.018303876650896632
2,Centralized,-0.05759730454994474,0.00684019041800474,0.006833742066894133,0.0300182933000851,-0.031566154420417866,0.013866302864047648
3,0,-0.01195955225242145,0.019630074360727733,0.007219234743125922,0.02560115824542238,-0.03340804494222783,0.027278364111475037
3,1,-0.047753772859667226,0.028479526022179177,0.012456627308240101,0.03775824511209751,-0.03369293874909035,0.036264158465366514
3,2,-0.0585415136970758,0.025515497118543465,0.015421546073547948,0.03095834508244405,-0.026266043848946867,0.03549265155030765
3,3,-0.054827946741514796,0.029585467457222833,0.012672043656032894,0.03132022819348551,-0.03350333214073665,0.03165270100161931
3,4,-0.04621741866115536,0.03290424008288902,0.016150725283171005,0.030338675070541107,-0.039694874004758206,0.039492809169214195
3,5,-0.0500558137140457,0.026376551379837968,0.010436938971595809,0.03357815670783804,-0.025423796843429637,0.03993673600332775
3,Aggregated,-0.044497867048096905,0.02699256024887399,0.012330831278858792,0.031520644174653493,-0.03201507333153661,0.034926768380623086
3,Centralized,-0.022927967709255807,0.022506545086432666,0.007799121539414457,0.026864914774981225,-0.035986473734604736,0.030378338727389993
4,0,0.046202834586720185,0.011800217057641933,0.015084290100390071,0.017305680891352395,-0.0050283964881052134,0.011994123979750741
4,1,0.01270234161118686,0.024509040573924393,0.02502573495553632,0.024526577678771755,0.004843485404610379,0.017415240574998853
4,2,0.00431350800880575,0.018672117964980844,0.025525875947703565,0.02417694845889876,0.009820702658576033,0.023060608105879257
4,3,0.014441829418238484,0.023615663244427952,0.02713584491197447,0.028390227183623544,0.008809672568953035,0.01670891763779321
4,4,-0.00016617295648526468,0.0213658442191424,0.029021166646570604,0.022289471348415916,0.0017624535329722525,0.022455529815395413
4,5,0.006899770891262717,0.01596068601015141,0.020619290157551907,0.02598343959819065,0.009260958450040787,0.01973585858530962
4,Aggregated,0.014450945791344585,0.01923044046597506,0.023631657904934735,0.023701125272507263,0.004792320003747283,0.01848298077921724
4,Centralized,0.03702864848866411,0.014467006464579511,0.018931984483425233,0.01901280642594902,0.0002460847450864883,0.013997687842014741
5,0,0.00475834687149926,-0.003492822740953145,0.003923653805417852,-0.0208923902624067,-0.002244064898197798,0.0010204270043596615
5,1,-0.029928668264658058,0.0011736922580046715,0.010612435534632692,-0.014920243590787753,0.010036481524332553,0.0068545950998805845
5,2,-0.03853985403092846,0.006129866462322678,0.011391481074432708,-0.017257538921797537,0.00924329652263563,0.00923134551489355
5,3,-0.023073875160485497,0.002718013633575382,0.01364310180543284,-0.014764465794745878,0.006219667587925246,0.004475128453040405
5,4,-0.04363218375559478,0.0024137615231662485,0.014271118032207037,-0.01866638942850728,0.006710898856955313,0.0065980753206258255
5,5,-0.05165839446838764,0.007781501906808914,0.014640295087216103,-0.013730866443863085,0.008901723863686341,0.004503859986557533
5,Aggregated,-0.029924942876608907,0.0027120488947892027,0.011323890355410688,-0.01675551043991647,0.0063734403507553,0.005394169893189896
5,Centralized,-0.007847549373236595,-0.001645460102720746,0.006943856797720259,-0.021248396502011407,0.001985616017482948,0.0010908943580806318
6,0,0.0324536896832565,-0.0032208539253988514,-0.008668960908816581,-0.007238629742706422,0.020597139480593298,-0.0049548346630294915
6,1,-0.004159605944933803,0.006796894499157105,0.0043148158710307714,0.006429561571350109,0.024264326832125333,-0.0028950312973815575
6,2,0.0019988862682404954,0.006054252039468761,-0.0027996594757327448,0.006488931414351972,0.03721495596076534,0.0050741166618404766
6,3,-0.010596342837567706,0.008589135209169475,-0.0012712657809657558,-0.000895333924572505,0.0204625333156823,-0.004932143922908597
6,4,0.0064569710875789135,0.007406088118540158,-0.002829690937729238,0.005963050263791753,0.028692465038343693,0.002767296905225979
6,5,0.001519437754653534,0.0051481470681791755,-0.002885432450741158,0.004059009642931512,0.040223045600454484,0.005966246754633197
6,Aggregated,0.004945937108274875,0.005028846359205266,-0.0024323704192269397,0.002351404495869954,0.028480096760249676,0.00010949387076585135
6,Centralized,0.027172847849386284,0.0005909672179226888,-0.006962874191305641,-0.002109719079641451,0.024187579502743656,-0.004319954891824933
7,0,0.035052141272888894,-0.009231179661259293,-0.004013756154719322,-0.013166665705780744,-0.006628112624261495,-0.015730909520515184
7,1,0.0014220279107196405,-0.0028705928157889945,0.0036530521993719052,-0.006006775426757854,0.0029421521462052336,-0.005040735907462093
7,2,-0.009772448942799692,0.0021753759049676475,0.0033729139635505162,-0.010034074483076026,0.004045538607684195,-0.013470961487562128
7,3,-0.0065681851402165535,0.0011595043608462086,0.004328864139402483,0.00021972916749219047,0.005548435828741032,-0.0015027290085598154
7,4,0.000684171026845074,0.001234037526584081,0.0065709791869083085,-0.007361236658778017,0.0049356635903052126,-0.00952292577748028
7,5,-0.017769724582341537,0.003865904636148186,0.005315853066329484,-0.005259354152973016,0.007495535333337081,-0.014095722543186648
7,Aggregated,0.0009221125407505451,-0.0007144952603362154,0.0031181167145012166,-0.007009438068736442,0.0029404358027576272,-0.009963970346911558
7,Centralized,0.02962247481104652,-0.006802472839677531,-0.0027253810052262264,-0.013744739851886147,-0.002473531838750524,-0.014516663759704842
8,0,0.06464867991387889,-0.005536898950210977,-0.015598649808574476,-0.014626672376430783,-0.012461443487229714,-0.010697314056912897
8,1,-0.009749794614813092,0.008242170381280892,-0.0014047292515934414,0.0019157190797272235,-0.0046595264193071174,0.0011324362823718996
8,2,-0.0180257860868547,0.020119835093850066,-0.010693447994848695,-0.00013720614192575716,-0.005937488159744876,-0.006853907007036533
8,3,-0.010121406455084745,0.009613886857974903,-0.004329366857786123,0.006880498704258568,-0.0007835274498217952,-0.005525567242498972
8,4,-0.020275072897468258,0.01748452441654785,-0.007731081193217869,-0.0005244435424419917,-0.005356375325308937,-0.007622341205123261
8,5,-0.023466382412570746,0.019513723367966418,-0.012265025766266728,0.0032167287239884194,-0.005316070323020863,-0.007608391814319282
8,Aggregated,-0.0020226723628090793,0.011367761370321755,-0.008753439618533056,-0.0007146964423653465,-0.005832833225558621,-0.0062498111422141294
8,Centralized,0.04459987679072566,0.0012012940486883967,-0.017719212661378443,-0.013831258425527274,-0.013964329094924056,-0.013086229465316575
9,0,0.07107662932831448,-0.012615158640325497,-0.01181108254091946,-0.009689907966506926,-0.014977055514077296,-0.018285769497163776
9,1,-0.006282570308955382,0.0059403136247520765,0.004401062220821946,0.0008276296301408932,-0.009183190263718643,0.0002867292690606834
9,2,-0.01667969236093111,0.009673358348879642,0.0056056359552692815,0.00806911522379312,-0.006725102903149933,0.011501667237511337
9,3,-0.0022810103559928875,0.009500124565131014,0.005419878398668902,0.004079457943441842,-0.007108961217245267,-0.0015336246090272454
9,4,-0.016808258389710083,0.015406448598533157,0.008063026102847983,0.007825378465087154,-0.014436454463528385,0.006625922355312085
9,5,-0.021139070723327165,0.011185059956911896,0.004685525885311868,0.014872655449036007,-0.004598066766880056,0.014649062764326419
9,Aggregated,0.0021506490512742454,0.006285691545252439,0.002553054207927458,0.004162641983884228,-0.00957040659060915,0.0019616597158680477
9,Centralized,0.051223576300314794,-0.0037982165223799484,-0.0068821027749916275,-0.003535955885527534,-0.015847249378400725,-0.013510068062053987
10,0,0.024534647335202005,0.0012908068337964948,-0.0007867233183091584,-0.01001376860514165,-0.012755707556156777,-0.005889547938345087
10,1,-0.0311058266373424,0.011576297680807467,0.013112087790987333,0.00018187495795678096,-0.0010784109888040889,0.004713303854422802
10,2,-0.023753203998222002,0.004056545842477719,0.01766575332843079,-0.003174337559214539,-0.005399972399142321,0.0175834114359089
10,3,-0.025948065789920986,0.008237361952770021,0.008851095253739054,0.003543611786381615,-0.00339729266115657,0.0023912185882709078
10,4,-0.029225745334184403,0.01023758464853647,0.017005898278087187,-0.0001653956565686528,-0.005977014286316452,0.010407884105765822
10,5,-0.03213513809924004,0.005962898062949315,0.019832515215113606,-0.0017226058266536445,-0.006265905540557188,0.014618643983767108
10,Aggregated,-0.01907640214082792,0.006826416361661026,0.012452796466383951,-0.0019891367653803943,-0.005895620552518018,0.00714598610121577
10,Centralized,0.01689199004417484,0.002480531080677927,0.005039029660604885,-0.008977060832522647,-0.013850816392379709,-0.0018740586463360175
11,0,0.08969791903615809,-0.001633576949662188,-0.005452889000613304,-0.01334871937843731,-0.05690785316600639,-0.007157545928588336
11,1,0.005606929841975019,0.010770596413047145,0.009871680046991368,0.006774844653698089,-0.030644690897234986,0.002039870282141457
11,2,0.0045836451095588385,0.010393353304285749,0.010850013668795863,0.005728276165996187,-0.027043604977065108,-0.008859950210403783
11,3,0.009072125346325798,0.009105993463874362,0.006048203100944038,0.003783961814160293,-0.031131137606636314,0.0023602039283188775
11,4,0.0050194626480671075,0.014842938616573311,0.011600745665317595,0.003324179151224127,-0.031484832561231385,0.00018790047059659914
11,5,0.0028407383843418715,0.011606682833713368,0.012798684678404702,0.00940123843407829,-0.032456503873161804,-0.010547673569465477
11,Aggregated,0.020312028223942628,0.009051352693465855,0.00746269552647983,0.0024193092667706083,-0.035208064211687276,-0.003704760104721548
11,Centralized,0.07402711835854903,0.0010473205522686982,-0.0030725977476949917,-0.010725127568587399,-0.05014238427756254,-0.011110430333808236
12,0,0.07855380694615148,-0.0199224946230586,-0.014919312137447996,-0.005514070252954568,-0.02063667801249414,-0.01746439516545252
12,1,-0.0001506008655469833,-0.011033171131991122,0.012987151914101642,0.0054142176469824934,-0.00868933497986605,0.007890833060972725
12,2,0.008576135414647945,-0.02130652451008034,0.012369348227962495,0.010664913758034663,-0.01222279861683051,0.014294627486849306
12,3,-0.0016599977331401361,-0.007072355264297351,0.012249028048244475,0.009060603597725921,-0.009726526814219105,0.005712528503013135
12,4,0.0035058391952096663,-0.015485364177813859,0.018671726129037485,0.01333146073596847,-0.008888615630234353,0.012690325487653527
12,5,0.004324904419438628,-0.02431732632634637,0.009908480084272938,0.02036070136317116,-0.013004595653280243,0.013179490876432803
12,Aggregated,0.01628060448147505,-0.016563627380965437,0.008263120404153664,0.008713672609952913,-0.012295960119388579,0.005768670710091947
12,Centralized,0.06804497734890881,-0.024528777587165828,-0.0066840818786429645,0.0005845054664186327,-0.019708188067249333,-0.007347359275360464
13,0,0.07958338536042266,-0.02193584441945328,-0.011745130584854532,-0.01541594325270591,-0.014388083054535315,-0.012749342769798463
13,1,-0.009515359100112364,-0.0003383611613898922,0.005922717349602293,0.00016452778960594308,0.001140709019060369,0.0025631758121756987
13,2,-0.004694508535828334,-0.0007952169098685846,0.007001857439763995,0.005645519880017654,-0.000485331676213289,0.0014090627104016429
13,3,-0.007155130395470884,0.0016732873702941667,0.0011913435838044014,-0.0016654515019795515,0.0009145579036514066,0.0023191367664866787
13,4,-0.009152543051622003,0.0014908871057377935,0.0038116854176164197,-0.0006249092537310661,-0.002367316335215295,0.0019366768515444682
13,5,-0.00488718575714582,0.004200549176120019,0.00945940049575706,0.007886015323036526,-7.91903387378894e-05,-0.0014795896037511505
13,Aggregated,0.008228887283128707,-0.00284903895263674,0.002434925689121133,-0.0008451675455840678,-0.0026860947823201245,-0.0011409962087586185
13,Centralized,0.06330842190441431,-0.017363738768965558,-0.006127972537559548,-0.013564591902076595,-0.011601353091816662,-0.007898112242584228
14,0,0.11541882989659445,-0.017297473731328433,-0.010346537739095869,-0.013398840787585055,-0.018984849601026595,-0.014170410570793783
14,1,-0.0072160496291077654,0.006295224779556781,0.006440742953470591,0.004353127037079703,-0.0037810018389258402,8.383071497418866e-05
14,2,-0.012826334124070941,0.011569228787089677,0.0027364142276998676,0.006132826136935346,0.006645741172879669,-0.00765833107594701
14,3,-0.0001505990587274686,0.0032029320423410477,0.0038530426881803526,0.002729755237423902,-0.000278281306459068,-0.002329390622585971
14,4,-0.0034286146768011164,0.007189200382971927,0.0022144930269065266,0.0037323252599341388,-0.0012871331437968316,-0.005719957880017189
14,5,-0.012309249912086982,0.011071842915326164,0.002880822686572045,0.004567363592594867,0.005978477604692726,-0.012586693577120799
14,Aggregated,0.014472822251232297,0.003420445647746585,0.0011569194755640263,0.0011759170526867407,-0.002155374419858618,-0.0071486899915853015
14,Centralized,0.09324495568158908,-0.010328205938305478,-0.007401162420185339,-0.006744652897684467,-0.01744038823899039,-0.015083968436729147
15,0,0.09087457174093215,-0.01829238746937399,-0.028015107567926828,-0.026798557821906942,-0.013158814630732716,-0.02062842265478713
15,1,0.0003708880383511674,0.0020345082901198444,0.0001485527726212558,0.000685881392511963,-0.00340697313466627,0.004787189361000267
15,2,-0.0026990995149500175,0.0023618927612794943,-0.0020233617737318143,-0.0019472831514355305,0.0004444403933801929,0.003863411285457655
15,3,0.00022709547105074409,0.0035497568618776043,-0.0001316277934726125,0.0011181779921689283,-0.00421492091794834,0.001623332441919663
15,4,0.00038933700806597824,0.004534779431598202,-0.002611183991048339,-0.0005731640214139448,-0.002438514052206103,0.002652478488231069
15,5,0.008158795821567835,0.0035653471567674276,-0.0028765675455691346,-0.0045058395434253076,0.001141090712595914,-0.0011022283301967437
15,Aggregated,0.017115221487870428,-0.0005891521366768735,-0.006183113784403564,-0.0055940813652996385,-0.003720139140037417,-0.001697076124879748
15,Centralized,0.07621038048186936,-0.01273748760778708,-0.024318488444502077,-0.023512083238450977,-0.012585444970375599,-0.0189752553263775
16,0,0.11246561264682688,-0.019075768227337905,-0.024592362450473814,-0.0180653624666642,-0.01577632910420959,-0.015366518711030676
16,1,0.0005158772821627849,-0.001281558847471075,0.00042066045574174605,0.0008854718306431568,0.00248462503080142,0.0034698018966986734
16,2,-0.002342215740238953,-0.011186275453501655,0.004862100026902615,-0.007835535677558871,0.008042826011617066,0.0034023014497944967
16,3,0.0033194583259263228,-0.00011090939539793114,-0.004104556591468056,0.0009172186150329669,0.0020164145892939706,0.0003999528246476702
16,4,-0.0035831646522809057,-0.005782261074658379,0.0013509162123357481,-0.00483133343423958,0.004826783804028485,0.005948511953349368
16,5,0.0024678020810453218,-0.011740217086126695,0.0067900053392600255,-0.004612047605336985,0.00040675705406049577,0.0023368870007951957
16,Aggregated,0.019930006157947905,-0.008326589827827597,-0.0028098370790960933,-0.005739816410190473,0.0001403879185559846,-0.00015277276614989723
16,Centralized,0.09368634578860434,-0.020497895071449976,-0.01828223986471146,-0.01581916427957078,-0.011389382060348658,-0.01244574450157298
17,0,0.1185302139662155,-0.016126001435729446,-0.023617936846102226,-0.03618565997125273,-0.018634227163084462,-0.016389923235266262
17,1,-0.007134509709562867,0.0015403549227856095,0.0034958440817488804,0.0032052779500720474,-0.008483497350814792,0.005345992330559462
17,2,-0.0077116816121386425,-6.77758205680538e-05,0.0050498624216244355,-0.0019423132498719515,0.0016431379790797296,0.007924491141721312
17,3,-0.0015729780480493486,0.003353521617269496,0.0028783526751627155,0.0010484947129018743,-0.009181569226105206,0.00030025870351277904
17,4,-0.007282924348885392,0.005515815585999792,0.0036885772426301904,-0.0011801750832959,-0.005693124744399599,0.005183985314207115
17,5,-0.0017442034176734411,0.00027868319084856466,0.004336296363929494,0.0020242860279959455,0.005568627398731906,0.002768011626392936
17,Aggregated,0.01674894591247825,-0.0010998858843545164,-0.0009696364417673656,-0.005872814876062764,-0.005950671041985013,0.0006487313409083863
17,Centralized,0.09599566701205887,-0.013335390864647816,-0.01763211426173424,-0.027519276827325325,-0.015864367162006503,-0.01226916945368529
18,0,0.1285332422150553,-0.0162454848672,-0.018816086320560588,-0.044571650155230964,-0.014684598560462442,-0.019939146170755533
18,1,-0.0015905535941634936,0.0021619846381524897,0.0027918491066770707,-0.0004813618410638395,-0.002175977257668791,-0.0031598033005688594
18,2,0.00253645245326036,0.002580897324780586,0.002057355894774739,-0.007213418193222678,0.0014573707847694863,-0.0018240183502739868
18,3,0.0002458589093280635,0.001769933321803195,1.714104880128168e-05,0.0035504726681138137,0.0035525228296537223,0.0008144026185784673
18,4,0.0005737902542435413,0.004602605788304089,0.0028568881805624852,0.005146115829687921,0.0006718510279056128,-0.002910751833540848
18,5,0.007647265115534873,-0.0025569641531931185,0.0028473250823320946,-0.0017163615462317116,-0.00041423319209934475,-0.0020500257296021357
18,Aggregated,0.024256250779862935,-0.0014605636947003465,-0.0015833473901784444,-0.007991544091492954,-0.0020850535724622264,-0.005025840579425492
18,Centralized,0.10772497736384966,-0.013559385045909228,-0.013346931347088439,-0.03644787627303201,-0.013755171703779257,-0.01631142025125561
19,0,0.14992160330922932,-0.021480873959465616,-0.023465568945084152,-0.02968267486617057,-0.03442708039678799,-0.011486267179934777
19,1,-0.011041155044650584,0.0036076616377175483,-0.005715494361327004,-0.0031829380112252496,-0.00016419244176096303,0.0009107532447452864
19,2,-0.008759236456635264,0.0038595981333179657,-0.01048576383417079,0.0005884381844741604,0.001998756507271105,0.006810901353624545
19,3,-0.006546459153710697,0.003948541952297784,-0.005407999069328143,-0.0031137239033100683,-0.00367442436166017,0.0022571674064259016
19,4,-0.009263308972976005,0.0033586211625565767,-0.007778732539995058,-0.0018282362812982228,-0.0014235974596310374,0.0034314043092969347
19,5,-0.005193306975329422,0.0045546278817261,-0.01026087669336325,-0.00028970029993042603,0.00027344512241460063,0.0005496275160221149
19,Aggregated,0.019765599840230883,-0.0006118508261439935,-0.010674275327578838,-0.006532366064081351,-0.006574134997567682,0.0002696247019768098
19,Centralized,0.12011189378796294,-0.014939449010157294,-0.023467956023319674,-0.02434439419681844,-0.02552622854735034,-0.008313510161718482
20,0,0.08581037518543148,-0.02476129500717044,-0.02178933602851761,-0.05504569405746633,-0.018944712959179558,-0.01761019191656106
20,1,-0.003187273700249777,0.007475506167323865,0.010402380143032961,-0.0025247179801226685,0.006635000812361779,-0.0006879785156656847
20,2,-0.00785270292515823,0.005056406599329073,0.004491853111740472,-0.00015319573659090165,0.005996020887711839,-0.0027601840875797275
20,3,-0.0025390231172423734,0.004365731741954311,0.007659422399417324,-0.002836727644554754,0.005536500939704151,-0.0037379003905132326
20,4,-0.006646140677970986,0.0038889012096918704,0.006573872352559377,-0.0031036577802850277,0.006391166992367324,-0.006485253922517446
20,5,-0.0066014733338304035,0.005429087727234698,0.004184747846348107,-0.0036634585363106266,-0.0008115860756210754,-0.005265730425906738
20,Aggregated,0.010741473038393276,-5.735473276305273e-05,0.0016362562924503786,-0.01174661001305016,0.0005636938008179724,-0.006229296277870481
20,Centralized,0.07095765062915489,-0.01867219432893533,-0.016578446433839163,-0.04872378716564597,-0.015430403685382453,-0.018555361624016362
21,0,0.12996700761408636,-0.01742728592962156,-0.026824532517079884,-0.03462972457649995,-0.02054671019972569,-0.0022825902752104887
21,1,-0.015226431931855735,0.001228099963498195,0.008215548942303572,0.0009299754098022436,-0.004719785893845482,-0.0037230924663887374
21,2,-0.0031983556876751954,0.00034183628160884273,0.007377098139907374,0.0022274697049431396,-0.002708328630316557,-0.006775436438735756
21,3,-0.008303256049169391,0.0014259358968235951,0.009890505814713851,0.0035918223729336715,-0.008151171209752534,-0.004250335978925205
21,4,-0.0037835774692067422,0.0020865571293629576,0.007234177029624483,0.0017512320352753722,-0.0052260844324845184,-0.0024288424064010175
21,5,0.0014689631436666708,0.004467206896082093,0.004119177513216432,0.00523021814795028,-0.004974438809986613,-0.014298353901980334
21,Aggregated,0.018177123929777203,-0.0015061205797192684,0.001327085723827262,-0.003856553113410206,-0.007874840259666071,-0.005586355777774331
21,Centralized,0.10762934881090654,-0.0123995904288674,-0.01840949063892054,-0.025659406747127193,-0.018966880709802066,-0.007490964362559074
22,0,0.07704629800544692,-0.02616045551848302,-0.02946595218394564,-0.032691258705117104,-0.017322776888321994,-0.02190025031851108
22,1,-0.003575232779609926,0.0012638555849628604,0.0027994408883371463,0.004392329749190856,-0.00019308054291196887,0.0040528263214818176
22,2,0.002316074148700716,0.004061180715132864,0.0010583000831315358,-0.002082636697297837,-0.004159032093422886,-0.00038566075901748836
22,3,-0.003011712947228569,-0.001796372332544139,0.00022608600621953912,0.0023332533279336845,3.321086102237365e-05,0.002359077215488641
22,4,-0.0020876341175254764,-0.00014437545236163732,-0.0009653513461972593,-0.00018020875875310747,-0.0038406780211797534,0.000876504583889914
22,5,0.004437179576636447,0.001639476192007569,-0.001717955044210212,0.0031221860487818547,-0.0005443169407122364,-0.0017942377586849072
22,Aggregated,0.013294360747929015,-0.0037941625057762475,-0.004974735332391887,-0.004526129866240794,-0.004493443248685457,-0.003027613984418418
22,Centralized,0.0639492840790626,-0.02255904112296669,-0.026034361676023545,-0.026637513158618557,-0.017423925445826872,-0.018317920490834957
23,0,0.1665876037450345,-0.005822755545441541,-0.014318519596297562,-0.033923706090227844,-0.0233080030184779,-0.004185051667947424
23,1,0.0004382625647233333,-0.006353108880116164,0.0038645794967354275,0.003118612687767186,-0.01229697924194519,0.004434959754821222
23,2,-0.002820310836707095,-0.007520084571893642,0.002770374951923347,0.00417128448536167,-0.00028496294237945256,0.002925377779110549
23,3,0.001304002500957339,-0.0024947152033998016,-0.0023251815899521635,0.004268771779475132,-0.005992741507099035,0.00437678689247015
23,4,-0.004412636461743117,-0.002429722484707287,0.0028839129747274725,0.009526320897495794,-0.00198319143617301,0.004703356857640083
23,5,-0.0023015939281474432,-0.005464052934942463,0.0011159679914279981,0.010041234826746674,0.0024417635718609323,-2.1506913936913952e-05
23,Aggregated,0.028145668739649472,-0.005023767762894969,-0.0011611224873265262,-0.0008673353240643679,-0.007100670251619666,0.0019643732654581617
23,Centralized,0.13791287471538996,-0.006295904119722941,-0.009170399114077297,-0.018979112744209214,-0.019265939717099934,-0.0028347120061500653
24,0,0.08994531600012522,-0.04314084907074006,-0.031752551892149684,-0.026921148066801227,-0.03652859111823007,-0.024292548288900737
24,1,-0.009278809837278355,0.0014992766771929086,0.005982723374552411,0.003146974594201248,-0.0005777560507106298,0.002006665266194952
24,2,-0.006733466844355698,0.0010679439023033649,0.0102800186389753,-0.00011884426500609983,0.0008742998647207345,0.0036242791692736825
24,3,-0.006632280166465901,0.0005134812746364445,0.008309147510168756,0.0037640970933000032,-0.005124925876066351,0.004430938297843672
24,4,-0.010301691639479431,0.0014329528349878236,0.006421467486217537,0.0033867675960983883,-0.005348692637232967,0.002462899124296032
24,5,-0.012825958681056031,0.004195734690465722,0.0014408021356525328,0.001803085148214043,0.0023264896691615163,0.0008591088192355878
24,Aggregated,0.008352192372020053,-0.006186955505768297,-0.00026841061648443464,-0.002782727408242325,-0.007745764863676058,-0.0020875334424117617
24,Centralized,0.06811731526190547,-0.03504971992529932,-0.024684561936604267,-0.02321162410546983,-0.031504991374895784,-0.02038491320643847
25,0,0.18991719635015197,-0.009111188222632278,-0.014487607936377926,-0.012155734357314697,-0.007429931952006798,-0.0024798228765560847
25,1,-0.013968088463618567,0.00814710227477901,0.0005013418363377172,-0.001557171446733983,0.0004031780428485269,0.008513046221943522
25,2,-0.01953139819505597,0.00584541112955342,0.0017302900082175603,-0.005210228333042332,3.6667159008056206e-05,0.0036754273014425625
25,3,-0.007835557914738084,0.007662878602405963,-0.0016051993202927434,-0.0001353874060382451,0.0038627196915824477,0.005249595524878113
25,4,-0.015527077056990914,0.009600172877464666,-0.00038562906342818275,-0.004342687993205095,-0.0017243798027436264,0.00591005121572633
25,5,-0.01882437264203436,0.009100323808608111,-0.0008535982232166426,-0.003284157485500927,0.0025958075143615983,0.004267856012623926
25,Aggregated,0.021086946801876488,0.005035798070758808,-0.002660240765982862,-0.004539966842877414,-0.0004605526331464931,0.0041094086689220264
25,Centralized,0.14489795259754057,-0.002383639639976507,-0.009740967773665354,-0.010529328815974867,-0.0058598869139004734,0.0005085734359238654
26,0,0.04901501727265362,-0.03373936002249615,-0.037571064805139914,-0.04571376124004401,-0.04788567327612915,-0.04927278990260026
26,1,0.0010038133575519545,0.005478468707468445,0.00013134243866705364,-0.007195851134307503,-0.00027455944721757055,0.004948234570179838
26,2,0.0008078911632062146,0.004019432282359488,-0.003956047451557879,-0.007540154345613577,0.001876434640885805,0.0035390084357324104
26,3,0.00031885288007967103,0.004660617221465566,-0.0033179603416835443,-0.00594955446212545,-0.0007290690883853389,0.0025122400728957717
26,4,-0.003122299155186911,0.00428468363977819,-0.0014457155642975553,-0.006819531910801401,0.004223176227415826,0.0031154387438529323
26,5,0.003078196843180257,0.005621575057010274,-0.006669777466603042,-0.004401166372788876,0.005794348136955064,0.003908098875581099
26,Aggregated,0.009002403831025563,-0.0019975685350941312,-0.0091497200135678,-0.013329602074732185,-0.00666602772419005,-0.005736540562120795
26,Centralized,0.04133301301059886,-0.025044684652533712,-0.031959756472717524,-0.03923336776653104,-0.04095368203139081,-0.039216416336627175
27,0,0.15355529470337476,0.0007255888913336756,0.0002228467313402868,-0.023630049876288726,-0.012219948447825674,0.003704168516959509
27,1,-0.021701781977821067,0.004299412644439708,0.006454114661711789,0.0009315846280271495,0.0035885604075037657,0.0004174257665984961
27,2,-0.021487754101176645,0.001723141833036508,0.003370761160405168,-0.003922682341754758,0.011102497409194242,0.00428625120935539
27,3,-0.01571902335334333,0.0034862425949269294,0.008206873290002052,0.0012054033215856388,0.0014109600442106483,0.0017411329682055165
27,4,-0.020070867801008675,0.003120164084063684,0.004371154010781583,0.000941952134537057,0.00838386316630451,0.005036745572043326
27,5,-0.025925889029342637,0.004007360117846809,0.0012776682774067688,0.0017264238619345825,0.009770970164472063,0.0021560515909761838
27,Aggregated,0.009851949699713269,0.002867660931402134,0.003938815434041962,-0.004029056079264118,0.003482294459779163,0.0029000526515974
27,Centralized,0.11322458713349406,0.003802967425613482,0.0012425494855897205,-0.019255596260294335,-0.0068242995661686665,0.004330475510854139
28,0,0.09156786382066642,-0.008937205889083756,-0.0382769448002883,-0.06184466430383381,-0.05570528299246666,-0.019159646266019993
28,1,-0.00855733566498172,0.006415343348913635,0.004383391491587882,-0.0017287100975534409,-0.008772152884172825,0.006114210537335609
28,2,-0.010663220001806991,0.0035475721564492907,0.011858208185648696,-0.0020426218702157364,-0.007668760107129253,0.007679933610296067
28,3,-0.010529861839442269,0.008150306635930119,0.003932620502404283,-0.0009149545470779212,-0.012719128225294096,0.0036049627920632242
28,4,-0.007612717599319585,0.006530756621733142,0.0054258469078864455,0.004156993776186764,-0.011761607793340293,0.005668047940543129
28,5,-0.007163325473810949,0.0005605467577599826,0.007611795575451098,0.0020863498401881763,-0.010956156867908875,0.0036590368043111325
28,Aggregated,0.008843961705084672,0.0025715784701531227,-0.0012929247851182558,-0.010668874351141633,-0.01838335918551385,0.0010162868611008837
28,Centralized,0.06929839552078362,-0.0035371569588139103,-0.02578965180252376,-0.05100053202303262,-0.04993586265431899,-0.012667550934436896
29,0,0.20435125912607052,0.008291623769872058,-0.013806479336040343,-0.008788983781704915,-0.0014574243888983457,-0.012742076650467575
29,1,0.003614427098288121,0.002756463862013102,0.000684970422527952,0.00036484164140003955,0.0033126259862108686,-0.0024865267126396653
29,2,0.0026757115743931163,-0.0027205268980941277,-0.0002290129157185646,0.0023810478596470205,0.0029917902358437744,-0.0007886647022958326
29,3,0.0062768955027493025,0.008710670660180258,-0.001192475017272183,-0.0028070943548369537,0.0014937696143545094,-0.00405757631256207
29,4,0.006036597711351943,0.0036472836685308503,-0.006213259897161918,-0.0005181458349003446,0.0030584624622024287,-0.0036499829034454447
29,5,0.00942233631699597,0.0022370095885968313,-0.007613524517457052,0.003792258057737493,0.004718228187681907,-0.003607194271052472
29,Aggregated,0.04071501306798164,0.0038740216102843275,-0.004837126237003775,-0.0010235674999002965,0.0023072303643561633,-0.004653479659377228
29,Centralized,0.16242421068392665,0.007681649814815011,-0.01329313153558803,-0.008550815504464052,-0.00039838936589497504,-0.008809830660046515
30,0,0.08542971408392483,-0.03962274917855986,-0.04223763599922334,-0.04617187909346953,-0.031933834620377,-0.06754302269550364
30,1,-0.003492512958916479,-0.0002104907324342613,0.01166794904289828,-0.024350673178246587,-0.0019646059672209677,0.008317276896167278
30,2,0.0027883827767589027,0.0007014568545917125,0.0072403919701155275,-0.010884859017201124,-0.002848819850748382,0.009126859965594966
30,3,-0.0016707730499749107,0.003343016777972816,0.011804526341284446,-0.015594470745267198,-0.0013816532408894666,0.007593482543311211
30,4,0.0020237185341480802,0.002070456056106943,0.012276387050473474,-0.017391471834589934,-0.002985966633322752,0.009993467278462597
30,5,0.0037248201672010627,0.0036882707078492727,0.004120660416398345,-0.014037697834128861,4.759413136920582e-05,0.010691146183450377
30,Aggregated,0.015647261425591,-0.005420004498946134,0.0002959663607994072,-0.021702078825990862,-0.00714531836927463,-0.004402906888857773
30,Centralized,0.07583552653676429,-0.0318350259537356,-0.02940981349085775,-0.03880844438987531,-0.028462421581383384,-0.04903433258541625
31,0,0.13758554160952957,-0.02350859567606368,0.007944331782335364,-0.04293000794322333,-0.02804977753548371,0.004006933771222348
31,1,-0.00624604258334674,0.0036186519102587578,0.011190394060782686,-0.012711889713184831,-0.010831091513127597,0.006409077202141123
31,2,-0.0060446335459081145,0.0013987120813709866,0.004142670174464741,-0.01414129828659805,-0.007975622164931336,0.0041717759564402525
31,3,-0.002683627779507077,0.005165020745888144,0.008849453468615508,-0.007011185934953648,-0.012393624716960323,-0.00035074045938675644
31,4,-0.005723201605158147,-0.0005892093343500166,0.008103605540091072,-0.010196457811843983,-0.012709618313834289,0.004222762045329025
31,5,-0.012293222469262543,0.0009040804488059788,0.0024943814863866982,-0.008018138686055627,-0.00719137535718553,0.0092934252441062
31,Aggregated,0.018872865413310565,-0.0024243812811690696,0.007130678521372756,-0.01615964705055563,-0.013369968594482329,0.004618123113556748
31,Centralized,0.10984277393887823,-0.019209496791061036,0.00550285524273597,-0.039288525548522066,-0.02098006692064047,0.00013512421164343493
32,0,0.1243931379814809,-0.047164594708716076,-0.020889691949423077,-0.06031721837788698,-0.04347079024112548,-0.026275393946223653
32,1,0.006572311525566421,0.004320854730515028,-0.005933688728311568,-0.00024010596132934364,-0.0036803664375426866,0.0066938085092460575
32,2,0.0007807483606228756,0.009245902598047957,-0.0035238398472112738,0.0029758024954927983,-0.0031825457316100245,0.0036489562157537105
32,3,0.009678688750820744,-0.0005443640448765474,-0.011894041975857217,0.0002494376519127613,-0.00569901517178206,0.0006096156527584607
32,4,0.004615354442469217,0.007520545313212797,-0.003590983963798779,-0.0024364406917647837,0.0005530108079462767,0.006136267109744538
32,5,0.00456461803363719,0.005061884800543292,-0.003857386572617527,-0.0011264844153003838,-0.0034585888917848685,0.004796962896628927
32,Aggregated,0.026291127469068167,-0.0041156284791670165,-0.008432751397630452,-0.010750583403229465,-0.010226418799689477,-0.0010378495349712051
32,Centralized,0.10457329211182433,-0.03613278595601378,-0.01921874524556488,-0.04804147388131698,-0.03973817518471297,-0.01968597362175044
33,0,0.17139226324794996,-0.014927415845179601,-0.01932036871097838,-0.01787926821834945,-0.01857763805197454,-0.00205399708807584
33,1,0.008209927646705419,-0.0027667283949546675,0.0033454437510771423,-0.003971761348369861,0.004087836944588958,0.00427734273733833
33,2,0.0013117164835229978,-0.005469876731532783,0.004460447500749649,-0.001515312134215263,0.0011526869760619914,0.004327780669462865
33,3,0.009854047603959434,0.00016638553881839584,0.001925823498881298,-0.0011283860961974737,0.001681871542599529,0.0016094823990297857
33,4,0.004860944462710436,-0.007634553712707499,0.00022342964743278239,-0.006121079803522166,-0.001532159244641697,0.004045845445607233
33,5,0.004984620709345653,-0.008289733455479835,0.0035048446441963057,-0.0036465141319694102,0.0015625885877043806,0.00013222498507173646
33,Aggregated,0.0350894129847403,-0.006588171061151769,-0.0011966337062065593,-0.0058562676498977555,-0.0021369514218616834,0.0020071704774325466
33,Centralized,0.1383731437726075,-0.010612367124733176,-0.014467088702140005,-0.015445340360257236,-0.013850985607967551,0.0012696560391402551
34,0,0.15142403534729973,-0.012643243066418524,-0.02303306529005755,-0.034437032245802725,-0.02202108687237476,-0.03914979170258899
34,1,-0.0016561676635042178,0.0007764309417370925,0.0041383497232194795,-0.00417390873569684,0.003358404621933617,-0.002589589308420733
34,2,-0.00015106420661582706,0.003137735345196471,-0.00020804827251656813,-0.0029713694483510145,-4.243775575420254e-05,-0.0020192686625409998
34,3,-0.002887367893114353,-0.0023008232862981814,0.004735406689820877,-0.006507004008529851,-0.0004984944424095176,0.0005690114705578453
34,4,0.005297356793370712,-0.000753606968178951,0.0016364213678158805,-0.0043367342449765625,0.0002600993009784336,-0.0003480068189066858
34,5,0.004029525293658287,0.0026802082274826927,0.0015532598091152132,0.0013936854367941212,-0.0015307393595282493,-0.003412505355881799
34,Aggregated,0.02751285859502462,-0.001650595407990387,-0.002116733639325372,-0.008816262666091987,-0.0036354572031946325,-0.008200546740961068
34,Centralized,0.120797508675978,-0.011604824635681233,-0.017316449046237428,-0.03170660702856758,-0.016760764682199572,-0.031202671050346974
35,0,0.13497503303387537,-0.0411711760286077,-0.02196170840276083,-0.05515423206960758,-0.019021385157111582,-0.022835258835825007
35,1,-0.001104931367746013,0.002744964135834335,0.003078678085067516,-0.006340426527540782,-0.0004910017623757109,-4.6826058619505356e-05
35,2,0.006225076437610137,0.006548161234684246,0.004673562793729481,-0.0043861882761209664,-0.001895506510935632,-0.002182901944133228
35,3,-0.0015355209315211524,0.00315199890568301,0.002925706535137973,-0.004297249093903424,-0.0016731493655087958,0.0036522817453160617
35,4,0.0029357614168933972,0.00482574499275668,0.004216236604862657,-0.005957299874016765,-0.0007433242439829475,0.0014203842460293566
35,5,0.004177468376418156,0.004570627087158958,0.002699236905004148,-0.006099597281350108,0.001410279871873042,-0.0046784702840016
35,Aggregated,0.025605842089135546,-0.0036765530919335397,-0.0009825972896585562,-0.014202716101765475,-0.003918926397020513,-0.004336255588573052
35,Centralized,0.10976795029664733,-0.03062570908917001,-0.015071401910790172,-0.048409983880880955,-0.014852157682230336,-0.017386305538678596
36,0,0.11952004120868624,-0.0019283779485800086,-0.02856453516337811,-0.0542679408204575,0.0010074455993121434,-0.011190241944384217
36,1,0.0022928782226268557,-0.005778618638135035,0.005909963233199492,-2.975461015793564e-05,-0.012839574487655391,0.006734048670277542
36,2,0.001845519645562671,-0.0017168746004570792,-0.0019498251203948003,0.0003902377441442173,-0.0014004455647079889,0.00097681210074869
36,3,0.0050510843524352875,-0.006420131695036039,0.003915830183934764,0.0023763234492459743,-0.006806851343580725,0.0016508840380721334
36,4,0.003017443680808902,-0.004595938329503681,-0.003249811598275112,0.003540321173796085,-0.0022827863361959697,0.003271887735271196
36,5,0.004125258530247781,-0.005017219656090472,0.0001817652153208196,-0.0018614224259190946,-0.0043973249523773334,0.0024878873580376714
36,Aggregated,0.023803412275282904,-0.004215114104321388,-0.004254401770830945,-0.008859665773899161,-0.004387793222463791,0.000513209537210972
36,Centralized,0.09330386378941592,-0.0031171262918495844,-0.022195320300440302,-0.04161359396091761,-0.0008826768393210027,-0.005201483701380453
37,0,0.12717932559526915,-0.019686471115962695,-0.04048132127290197,-0.03847877962205317,-0.0070809618008508424,-0.017081278872148338
37,1,-0.005244103050765357,0.005311823926453643,-0.002135624969045301,-0.003976024664793574,0.005721067701489554,0.00422253603633149
37,2,-0.009856361848783406,-0.00014258295098263743,-0.0074902185513758684,-0.005643622626189726,0.00622675284290634,0.0035859030081268313
37,3,-0.009518565718391298,0.004030691845257206,0.001223405229928994,-0.006113115593925933,0.00531609453431255,0.00577649501688183
37,4,-0.00943069277306879,0.001263650100085677,-0.007342651370626475,-0.007604934876946934,0.006513746557680739,-0.00016691390465018626
37,5,-0.00566735689631773,0.0009685123841804273,-0.01378339323573378,-0.004555621166998889,0.004625615356426859,0.0007327170068858413
37,Aggregated,0.015926918423645454,-0.001595238694205302,-0.012013711531058282,-0.011390688911028317,0.003426230515350037,-0.0006873389657963563
37,Centralized,0.09493435053125143,-0.015093918282863513,-0.03282871488710772,-0.035455865826395774,-0.002353232746082206,-0.014478949673619856
38,0,0.14782948509411217,-0.05160883680382586,-0.025434418351652725,-0.036838577371567864,-0.03424626635481039,-0.006385258458703176
38,1,-0.004662076036576384,0.0036236571047512265,-0.001073369428417692,0.004960717626820944,-0.006305025178090548,-0.00108306898401311
38,2,0.0012202315024011645,0.0023297213097428463,0.0015782676853160148,0.00343289535674615,-0.002477644060669866,0.002369185329759939
38,3,-0.00039720909543370373,0.00500892742263301,0.003490378957639542,0.002807899063579541,-0.010541457150628859,-0.0014322762367728243
38,4,0.002903632753841286,0.006274714935425371,0.0044126508147459935,0.0011109876735944928,-0.0038010683170696434,0.0016679413339962608
38,5,-0.00409463921525163,0.005459312414798551,0.0012731543965435778,0.005256245556657963,-0.0012137072978869346,0.004387032983629639
38,Aggregated,0.025286772270202294,-0.005379670717044473,-0.002898988903090278,-0.0036147588264878123,-0.010057686094697281,-0.0001550019575052888
38,Centralized,0.1163010630340493,-0.038719640742692026,-0.017384052380019388,-0.028116865913914286,-0.02820510740895246,-0.003048128019483518
39,0,0.09873405912162397,-0.003962346540965683,0.001532224647624042,-0.04549404839433252,-0.03404585712092185,-0.01633728156755633
39,1,0.009605272493539813,0.008113004989946725,0.003917116327698525,-0.01570739376939223,-0.00019931539200650125,-0.0029037769913382817
39,2,0.011886988281694117,0.0029443131977957096,-0.0004215109799690161,-0.01663844551622725,-0.0011011631332623617,-0.0012499821423856612
39,3,0.004207770564915808,0.007529453035372382,0.00424875454835311,-0.008563441672415906,-0.0026752341028073927,0.0006485546326218543
39,4,0.011601810246734142,0.005524103721859678,0.0038058402242385284,-0.00825212213733587,-0.0043575413827616795,-0.0015910770854811957
39,5,0.011087723793688893,0.004577636303540516,0.0020500875779671914,-0.014213922507036254,-0.001780389223979841,-0.0013804126917092302
39,Aggregated,0.025410275872365887,0.0040241238669358565,0.0025102189285275186,-0.01847275763689108,-0.007679828099322821,-0.003952598465602491
39,Centralized,0.07815289977918781,-0.0005607953895026934,0.003578879041887489,-0.03743932444805906,-0.03020135477624237,-0.012901535308753055
40,0,0.11103820635561455,-0.010410679682167051,-0.0029927304010910734,-0.05603612100337829,-0.026558004661382976,-0.0005176246058932867
40,1,0.00471630529507115,0.0005130625676750128,0.002706014803695621,-0.007031050841708898,0.005531058293360877,-0.004748010077097867
40,2,0.0030642720950333218,0.00027296500366902343,-0.00038495176927833366,-0.003288214687063605,0.0008770779462204837,-0.0020973745772753095
40,3,0.0011931452648638282,-0.0008178031263693264,0.0018280529308616533,-0.009345429457016722,0.00029228719143139885,-0.0012249268687775572
40,4,0.0019798626695536675,-0.001533992195618463,-0.00012343136205085698,-0.008339696439789436,-0.0005494231634715852,-0.004766497748988154
40,5,0.007325156463453748,-0.004312498994264738,0.0010317368271972511,0.0011528886416817892,0.003414730890036218,-0.006305526311081625
40,Aggregated,0.02262557651875042,-0.0028070824098391173,0.00030411302682867584,-0.014320756016959438,-0.0031164726658147353,-0.0032435846817612164
40,Centralized,0.08599512128695157,-0.007997800639512406,-0.001140468695788789,-0.04808916372544406,-0.021113522870340136,-0.0036662436517855873
41,0,0.07180113454967552,-0.00043435967724652144,-0.0017238808321818103,-0.029969054657209407,-0.006468227200759708,-0.0063840240796840106
41,1,0.0028489123165232285,-0.007345610435635442,0.0020187606253464704,-0.0021137557166429214,0.001543200197621041,0.004964040478134878
41,2,0.005895228431311116,-0.005049460042950354,-0.002621453147001459,0.001030956587649919,-0.0022726894880114594,0.01126532428815254
41,3,0.004481756362940366,-0.003925123048677977,3.1388553870198564e-05,-0.004477949019064007,8.111582514260436e-06,0.004354765448730485
41,4,0.004305071905519921,-0.008422552196505615,-0.0016114547447728857,0.0010834568086056614,0.00034171534495633924,0.0069243940336195745
41,5,0.007538817971334696,-0.005766366467542845,-0.00010390927874101377,0.0014108643416630854,0.001345685811805397,0.006084644049268313
41,Aggregated,0.01681235815650535,-0.005100627301825901,-0.0006810776234331177,-0.005799178037314648,-0.0009835817297799226,0.004403961687992689
41,Centralized,0.052670064193977864,-0.0025420029318301953,-0.001373228488858183,-0.02367175123353506,-0.0039114876256372685,0.0004432930072261014
42,0,0.09239667981097269,-0.013104907236411625,0.008601673778200421,-0.10234339447612986,-0.00626623724478091,-0.02606482813302151
42,1,0.0031879004848349834,-0.003953899142574541,0.001021790601296755,-0.0023174751909177073,0.0017548095114757775,0.0005832705036250142
42,2,0.004998029264938425,-0.0032274404311991036,0.0016113683180767242,-0.005055294076216832,0.0018852409755593677,0.002170682617455543
42,3,0.0032615710750783485,-0.001902121371688111,0.005389996161975626,-0.003972627730152434,0.0007716811252236962,-0.001085986239566672
42,4,0.006250477945348452,-0.003962382667712084,0.003486251273761831,-0.0013144361926625057,0.0018419875192636713,-0.00017910566258480903
42,5,0.0033597619452417236,-0.004965524964939142,-0.0022699069382785043,-0.004114751620099449,0.002442096387124438,-0.003028392569099365
42,Aggregated,0.019790040434068283,-0.0052809773728915215,0.0030409991345184684,-0.020841892426958407,0.00032495568285535937,-0.0048580384872551185
42,Centralized,0.0747735542542802,-0.012176250899616216,0.008678733281680739,-0.08034032418936325,-0.0018839697741195095,-0.01827136838908613
43,0,0.0932125764753624,0.004732525835705449,-0.024302671400552343,-0.035434507686986784,-0.017219511861975435,-0.0016496876741088956
43,1,-0.017225171923160247,0.013512186908267288,0.0037288648081250466,-0.004007972859605557,0.002131232256320117,-0.004754557769462687
43,2,-0.019806212211625047,0.010567082200922296,0.0035404004396975787,-0.004514270141223969,0.003036993044695789,-0.0034705334320845253
43,3,-0.02318323180445283,0.015722295639261044,0.007163496135363367,-0.002162550356532139,0.0065886957222694754,-0.007509395611888208
43,4,-0.017927168378466387,0.014171590107438806,0.0047332692969107035,-0.006918408175829005,0.002054447601281256,-0.008553813095737151
43,5,-0.01762138669207349,0.009692652748245064,0.0030522246256762206,-0.0038296998165302815,0.00331035307075282,-0.0032955509937546016
43,Aggregated,0.000697430488126715,0.011319795809552531,-0.0006345787310317393,-0.009789069612182318,-0.00022253069079004222,-0.0048336242366341185
43,Centralized,0.061676242678280944,0.010387038451537932,-0.018426752446540982,-0.030709949576250676,-0.012814421188479199,-0.003883859683393081
44,0,0.10681705539581757,-0.017327356519639684,-0.03311438393748814,-0.011262184384293944,-0.03484405697311514,-0.010954235522715327
44,1,-0.004455028427799145,0.0036967271765008173,0.0075172128458041755,-8.575416852872146e-05,0.0011572253145272215,0.000814065560046177
44,2,-0.0038239124591605642,0.004323908571038467,0.011025876380772988,-0.003984366896807178,0.0021278764451291097,0.000950194219658514
44,3,-0.0021645910352959697,0.0026112234780752727,0.006421206419999042,0.0020550595555086652,0.0040957409252395304,-0.0008951113885620236
44,4,-0.0009294841458531228,0.005143971729903813,0.006740520613313314,-0.0012051788281933836,-6.80532934072738e-05,0.002992663186837476
44,5,-0.002922093670204694,0.0035878592349326164,0.009736610209047418,-0.0004581353619889964,0.0012848672813421224,0.0017003889800260039
44,Aggregated,0.016515989384577153,0.00012759978871433868,0.0009742273426746101,-0.002595253279894336,-0.0047396706625117534,-0.0010192187042512293
44,Centralized,0.08005028027634636,-0.009421607750666737,-0.022979360536997225,-0.009029414308800839,-0.027263013219426424,-0.004375103249584246
45,0,0.05374343425361105,-0.0009078290382773101,0.019951990789588658,-0.016415796896450088,-0.010189078835013408,-0.012788612408750902
45,1,-0.005212037202859842,-0.00042909309525749153,-0.0006010447366918174,0.0001545799846283835,-0.0018746307922893131,-0.0007081564228377283
45,2,-0.004077858175377403,0.0007715688112961508,-0.0005889578095328545,-0.0005400506041722042,-0.0018811730887518068,-0.0002498572501445547
45,3,0.0004153212083998637,-0.003725537498697494,0.001504535712994154,0.00046140179027250315,-0.003640059183731838,-0.0011969893842870057
45,4,-0.002889371302207654,0.0013886107836024396,-0.0002750425497411471,-0.0017508502011738462,-0.002249101132302487,-0.0006039845009114454
45,5,-0.009580872571865188,0.002943057394630073,-0.000587999231522024,-0.0018723124192324867,-0.0003946676852784973,-0.001209592741177054
45,Aggregated,0.005979313802473213,-4.168312419223797e-06,0.003434330204465419,-0.00348407799048697,-0.0034531815810185276,-0.002912694585705888
45,Centralized,0.030338546053806405,-0.0002663404752851126,0.013299136336151238,-0.011416681767951655,-0.008043087196912796,-0.009587763815397787
46,0,0.08694999857593252,-0.047583413835023555,-0.007936967160053387,-0.1093194472298743,0.01050174302197857,-0.02760165415327705
46,1,0.0030188301945998828,0.0064774255936108395,0.0044114174353953265,-0.0014965921890240296,0.0001499916514704004,-0.005967380632499209
46,2,0.006219927103846475,-0.00010792263440346413,-0.0016546541039372204,-0.00039395685413181616,-0.0005579511323589951,-0.0033019361693844697
46,3,0.005173749702891409,0.0029607541192388496,-0.0003381822144667883,-9.854681737599033e-05,-0.0009476205180866633,-0.00491350412717774
46,4,0.007617742310938623,0.0034475442378707677,0.00014378988352315065,-0.004069044361040643,0.0020802718067054657,-0.004936003051809247
46,5,0.007221874360353373,0.007089593105871499,0.0033140099103620034,-0.0023669111462818236,-0.0011375666198978605,-0.005611707117525713
46,Aggregated,0.020177205927621587,-0.005134390442127134,-0.0004344624435497524,-0.020699352200084006,0.0017872154773702056,-0.008948360025464697
46,Centralized,0.07352077066026064,-0.03674365523426311,-0.0017222796909330757,-0.08775103490834456,0.00982075278147829,-0.02048075575975774
47,0,0.12256933847358521,-0.07622313459545434,0.015152866680570599,-0.02315154379702864,-5.6107350556120546e-05,0.017213909228999003
47,1,-0.008170135644640149,-0.0011530746003377984,-0.00025808589495709223,0.0041451789140683854,0.0017224155407129108,0.0037810107138913406
47,2,-0.008847905031752479,0.0006060669663095319,0.004446683023345599,0.003252208357310118,0.002876646754783617,0.004120900503333636
47,3,-0.012273234279056413,0.0026764804306680487,0.0029433181723855363,0.0021492510333979975,-0.0016225014144515863,0.0022904545596354425
47,4,-0.008348156566038777,0.006667212424943129,0.003129546959638746,0.002867131481642963,0.0010469611950523372,0.000870152790979974
47,5,-0.007533804934085369,-0.0031288186089499285,-0.0010052379285208173,0.003966787978030894,0.00314941735438494,0.0004858777612917401
47,Aggregated,0.014214075468849823,-0.012532005615365141,0.0042010651702175435,-0.0013925102130546091,0.0011712466196814636,0.004942610999247357
47,Centralized,0.08855369770220184,-0.05959736328279755,0.012646292578514146,-0.016238765637667966,0.0017217421120580717,0.01515690452739243
48,0,0.11209048997046617,-0.06329474431874009,-0.013602438984003658,-0.008131982448610794,-0.03756876725316085,-0.009272133677008161
48,1,-0.010942181804485357,-0.005098213768879797,0.005056576546715385,-0.000645525830656836,-0.0018796162004866021,0.007507044163234686
48,2,-0.008138613758941208,-0.00590184482031818,0.003136520217957686,-0.00036248783487263943,0.0003083715253854048,0.00697616466751196
48,3,-0.012772557062207208,-0.0012913820889986702,0.004097611897987843,0.0032770682451283882,-0.0015402627439250575,0.005974451434661475
48,4,-0.01422951920211262,-0.00662991153408888,0.004276503616556301,-0.0004876710031765834,-0.0038440422149637406,0.003996663780774726
48,5,-0.011086005870865265,-0.004394389574984258,0.004266311228431621,0.0006384077361251165,0.003287513509574817,0.007603486271273986
48,Aggregated,0.010387610691764516,-0.01502081124705179,0.001027666831008461,-0.0010381051897879836,-0.007240784179595451,0.003640932496280244
48,Centralized,0.08116659567665921,-0.05422374504092535,-0.007029958831559117,-0.005056477644363017,-0.028368146658060648,-0.002605810033380567
49,0,0.12223222866702359,-0.026020012523948508,-0.001889037765627053,-0.041620616410195516,-0.015132357737609996,-0.025447417320709764
49,1,-0.0012284696916567812,0.0037006133798279505,0.004749451960921743,-0.004114215877406758,0.003924075202324515,-0.0012415622556611475
49,2,0.0007279764900616104,-0.0005607012094613284,0.004198347731221496,-0.005741470168084725,0.008285313828571441,0.0008917333290591671
49,3,-0.002680814234044208,0.0031239203077517274,0.002725303217978466,-0.002357593390336151,0.0028544519996006094,0.004809563919501939
49,4,0.00630906055309672,0.006112404150135453,0.003384544171457373,-0.0038031090055056756,0.005328995110247271,0.0036702544078824327
49,5,0.0018590284215191676,-0.0009206350636045468,0.003335272042014191,-0.004667403864676327,0.009207586537067122,-0.005090017700869357
49,Aggregated,0.022414305953672962,-0.0027102303264187905,0.0026950262976862204,-0.010758532234742088,0.0022010300480770606,-0.003994868092916928
49,Centralized,0.10009737637289323,-0.02064129094275636,0.001838863693914007,-0.03669262241692419,-0.007625916406550027,-0.02298797969905145
50,0,0.07242133281906728,-0.0003228554101386389,-0.0008252395118445965,-0.007236852510235866,-0.014044567171346951,0.0060832256600897895
50,1,-0.013494503188106223,-0.0010852350363456977,-0.0003967662161118398,-1.4856559300564324e-05,0.01051383388312749,0.006510771179190153
50,2,-0.00682301633732293,-0.0018775079587338224,-0.0026246493391421074,-0.004347052885817714,0.007578461367451773,0.003743212750841264
50,3,-0.008673094690720098,-0.001767652675672547,0.002058463283165549,-0.0022932655728066845,0.0070530134464262696,0.0038783012414401728
50,4,-0.010952908265424317,-0.001848418027349383,-0.0018639688116968687,-0.0029313543147485776,0.009003222239047008,0.006498363067777682
50,5,-0.010774660082031486,-0.0009655270197351927,-0.0022552298082599963,0.0020200565022935307,0.009254839284748387,0.0026743341752427817
50,Aggregated,0.004442016577693138,-0.0012993510756073154,-0.000982655070646001,-0.0025243992911432043,0.00466610845480736,0.004912242762785199
50,Centralized,0.0435592995824737,-0.002178728717944553,-0.0011892498228117075,-0.005041823478691793,-0.0061609710865290065,0.007289575519486893
