Round,Evaluator,0,4,1,5,3,2
0,0,,,,,,
0,1,,,,,,
0,2,,,,,,
0,3,,,,,,
0,4,,,,,,
0,5,,,,,,
0,Aggregated,,,,,,
0,Centralized,,,,,,
1,0,0.11496840442338012,0.08337282780410753,0.0957740916271719,0.07646129541864141,0.06378357030015785,0.08459715639810425
1,1,0.11875522138680104,0.12301587301587243,0.1358813700918959,0.11370091896407698,0.11658312447786147,0.12138680033416875
1,2,0.10814536340852167,0.1091060985797822,0.13404344193817858,0.11328320802004996,0.10651629072681708,0.12314118629908101
1,3,0.11060985797827924,0.12247284878863872,0.1372180451127818,0.09954051796157098,0.09590643274853758,0.11595655806182123
1,4,0.10668337510442798,0.11031746031746063,0.13228905597326604,0.10847953216374268,0.10363408521303236,0.11278195488721805
1,5,0.10484544695070942,0.10304928989139536,0.12719298245614075,0.11633249791144579,0.10041771094402684,0.11482873851294906
1,Aggregated,0.11071949883596895,0.10825384009603443,0.12669136412544083,0.10429527240007246,0.09739899735490005,0.11178551005903749
1,Centralized,0.11070886774238077,0.1083160943318168,0.12676872155564753,0.10436491518411262,0.09748310577851341,0.11185353744311133
2,0,-0.04838072669826228,0.005845181674565561,0.009478672985781995,0.01962875197472349,-0.021879936808846753,0.016350710900474002
2,1,-0.07644110275689238,0.0040517961570593185,0.009983291562238908,0.027777777777777724,-0.031913116123642477,0.013909774436090264
2,2,-0.07781954887218029,0.016290726817042616,0.019005847953216436,0.02890559732665001,-0.019047619047619025,0.015121136173767886
2,3,-0.07376775271512122,0.018337510442773593,0.01704260651629072,0.04248120300751886,-0.020008354218880517,0.025939849624060127
2,4,-0.06244778613199663,0.011779448621553874,0.014786967418546348,0.03224728487886386,-0.020258980785296594,0.018880534670008484
2,5,-0.0761487050960738,0.009899749373433579,0.010233918128654944,0.035672514619883015,-0.015371762740183785,0.023182957393483805
2,Aggregated,-0.06891841038092335,0.010971864406101657,0.013374612832083521,0.03098111143892066,-0.02141888906222727,0.01886696300158874
2,Centralized,-0.06896979726934216,0.010984691766652855,0.013384360777823767,0.031009515928837446,-0.021417735484760742,0.018873258860846755
3,0,-0.013467614533965342,0.016350710900473932,0.005924170616113742,0.02207740916271729,-0.026658767772511884,0.02421011058451825
3,1,-0.04172932330827069,0.02372598162071845,0.008270676691729323,0.03274853801169575,-0.02815371762740191,0.032706766917293136
3,2,-0.05438596491228069,0.02105263157894736,0.01023391812865494,0.026106934001670787,-0.02105263157894738,0.03308270676691738
3,3,-0.049791144527986525,0.025605680868838774,0.009064327485380122,0.027318295739348616,-0.028654970760234006,0.028989139515455144
3,4,-0.03997493734335852,0.02823725981620719,0.011988304093567246,0.02543859649122813,-0.03412698412698401,0.03600668337510438
3,5,-0.04406850459482028,0.021679197994987465,0.006265664160401,0.029448621553885074,-0.02076023391812874,0.03751044277360061
3,Aggregated,-0.04024468283145188,0.02269822641931825,0.008592138492719323,0.027128445900049168,-0.026568973809557528,0.031989912345273465
3,Centralized,-0.04031168114742801,0.02271410839884151,0.008598813956695645,0.027141083988415464,-0.02656874913804995,0.03200937801682527
4,0,0.04131121642969979,0.012361769352290683,0.015402843601895746,0.017693522906793064,-0.0037914691943127755,0.011808846761453452
4,1,0.01144527986633248,0.02493734335839598,0.02581453634085239,0.024979114452798636,0.0015873015873016116,0.016499582289055986
4,2,0.001461988304093568,0.017836257309941508,0.02652464494569751,0.023558897243107755,0.00722639933166251,0.023642439431913093
4,3,0.013533834586466075,0.023767752715121177,0.027986633249791452,0.02969924812030072,0.006683375104427765,0.0161236424394318
4,4,-0.0033834586466165266,0.021428571428571408,0.030576441102756827,0.02268170426065161,-0.001336675020885562,0.022765246449456968
4,5,0.003926482873851343,0.01370091896407688,0.019590643274853787,0.025355054302422724,0.0066833751044277365,0.018462823725981573
4,Aggregated,0.01174134236084133,0.01892579117171998,0.024209106574676974,0.023919052943925538,0.0027625284306679867,0.018140274670670545
4,Centralized,0.011667356226727332,0.018942214866914893,0.024231140532340344,0.023934629706247445,0.0027789270445455734,0.01815611639773825
5,0,0.0011848341232227723,-0.0021327014218009577,0.005371248025276455,-0.01994470774091623,-0.0010663507109004852,1.7578531223231644e-17
5,1,-0.03337510442773599,0.0010442773600668495,0.011904761904761925,-0.016207184628237222,0.011946532999164584,0.007142857142857131
5,2,-0.04477861319966597,0.006599832915622386,0.013450292397660775,-0.01959064327485378,0.011027568922305761,0.010735171261487006
5,3,-0.027025898078529623,0.003049289891395157,0.015705931495405244,-0.016332497911445244,0.007477025898078541,0.004594820384294082
5,4,-0.050710108604845316,0.0023809523809523963,0.016332497911445306,-0.020760233918128614,0.008187134502923982,0.006975772765246446
5,5,-0.05760233918128657,0.008228905597326615,0.016290726817042574,-0.014243943191311621,0.010359231411862981,0.004385964912280692
5,Aggregated,-0.0349461441539979,0.003131223126412519,0.01308234738017727,-0.01787168802945802,0.007879973892606185,0.0055714961729999265
5,Centralized,-0.03503654668321604,0.0031443938767066466,0.013101641152944479,-0.017866501172252025,0.007902358295407535,0.0055854364915183885
6,0,0.026935229067930628,-0.0011453396524486647,-0.0063981042654028385,-0.007148499210110595,0.02022116903633491,-0.004028436018957342
6,1,-0.0029657477025898044,0.00743525480367583,0.004887218045112784,0.007309941520467821,0.027192982456140387,-0.0037593984962406156
6,2,0.0032163742690058633,0.006850459482038387,-0.003592314118629907,0.008312447786132004,0.04223057644110273,0.005639097744360921
6,3,-0.010108604845446957,0.00994152046783625,-0.0014619883040935557,-0.000292397660818702,0.022807017543859647,-0.005847953216374265
6,4,0.009189640768588123,0.008563074352548019,-0.0034252297410192053,0.007518796992481183,0.03245614035087709,0.003341687552213846
6,5,0.0027986633249791337,0.005388471177944884,-0.003132832080200507,0.005472013366750206,0.04285714285714297,0.006766917293233074
6,Aggregated,0.005109085959315827,0.00608451687140707,-0.0022376886806919198,0.0034007185349700358,0.031161428161927043,0.00029947326031137193
6,Centralized,0.005054475244793813,0.006102606537029373,-0.0022272789960005313,0.0034271135015859827,0.031188801544614547,0.0003103020273065755
7,0,0.025276461295418655,-0.0069510268562401325,-0.0017772511848341043,-0.010308056872037931,-0.004225908372827796,-0.013862559241706188
7,1,0.0010860484544695016,-0.003132832080200521,0.004135338345864651,-0.006850459482038425,0.0035087719298245415,-0.00626566416040099
7,2,-0.010985797827903106,0.0025480367585630726,0.004260651629072671,-0.012322472848788677,0.004845446950710108,-0.015914786967418527
7,3,-0.008980785296574765,0.0013784461152882242,0.004970760233918114,0.0005430242272347338,0.006850459482038392,-0.002255639097744365
7,4,0.0002506265664160339,0.0014202172096908989,0.007435254803675845,-0.008730158730158723,0.005847953216374269,-0.01123642439431908
7,5,-0.021136173767752703,0.004594820384294084,0.006474519632414361,-0.005597326649958218,0.008939014202172087,-0.015831244778613193
7,Aggregated,-0.0020829719507694053,-0.00010676767883766508,0.004177625602188188,-0.007248037045724401,0.004192149332993139,-0.010929968931162664
7,Centralized,-0.002151427389325619,-8.964280788857915e-05,0.004192525168942207,-0.007240380637153493,0.004213211970762663,-0.01092263136119157
8,0,0.04786729857819907,-0.0016192733017377724,-0.013112164296998447,-0.00979462875197473,-0.009676145339652453,-0.00892575039494472
8,1,-0.010985797827903062,0.009607351712614853,-0.0015873015873015873,0.002046783625730984,-0.0053467000835421725,0.001253132832080206
8,2,-0.021136173767752755,0.0232664995822891,-0.012322472848788622,-0.00045948203842940776,-0.006934001670843751,-0.007477025898078509
8,3,-0.011654135338345837,0.011528822055137831,-0.005388471177944854,0.008103592314118613,-0.000960735171261488,-0.006641604010025024
8,4,-0.023057644110275728,0.020217209690893904,-0.009064327485380105,-0.0008771929824561282,-0.00572263993316625,-0.009064327485380063
8,5,-0.026817042606516215,0.021846282372598246,-0.014285714285714289,0.0033834586466165283,-0.005680868838763561,-0.008521303258145341
8,Aggregated,-0.0069652732482793295,0.013952212557582631,-0.0093391879025988,0.00027820341400499693,-0.0057676059774017865,-0.00659113995713787
8,Centralized,-0.007102468625017215,0.013991173631223276,-0.009329747621017787,0.0003034064266997649,-0.0057578265066887385,-0.006585298579506275
9,0,0.053909952606635246,-0.008925750394944703,-0.007938388625592393,-0.006674565560821477,-0.012638230647709333,-0.01299368088467611
9,1,-0.007727652464494534,0.0065998329156223955,0.004845446950710113,0.0011695906432748445,-0.010484544695070958,0.0005847953216374139
9,2,-0.020091896407685918,0.011319966583124463,0.006725146198830418,0.009356725146198838,-0.008312447786131962,0.013533834586466195
9,3,-0.003174603174603166,0.011111111111111065,0.006140350877192969,0.005346700083542178,-0.00831244778613196,-0.001086048454469509
9,4,-0.02009189640768585,0.017919799498746884,0.00931495405179614,0.008980785296574747,-0.01649958228905591,0.007894736842105248
9,5,-0.02460317460317464,0.013074352548036749,0.005513784461152909,0.017126148705096027,-0.005263157894736832,0.016708437761069336
9,Aggregated,-0.002940090224503834,0.008307453512884144,0.0039558967199454734,0.005733675718620296,-0.010280344519378093,0.0039020092110460267
9,Centralized,-0.0030823334712453488,0.008350572334850375,0.003985657150737835,0.0057647221072955465,-0.01027444490415117,0.003944283547096962
10,0,0.014218009478672905,0.0028041074249604905,0.0014612954186413829,-0.007819905213270176,-0.010268562401263847,-0.0027646129541863875
10,1,-0.03563074352548027,0.013826232247284838,0.015037593984962447,-0.0002923976608186996,-0.0012113617376775117,0.005764411027568898
10,2,-0.02832080200501252,0.0045112781954887195,0.021010860484544664,-0.003968253968253961,-0.00668337510442772,0.020969089390142064
10,3,-0.030033416875522315,0.0096908939014202,0.010233918128654956,0.0033416875522138544,-0.004135338345864655,0.0033834586466165487
10,4,-0.03441938178780275,0.012030075187969941,0.019883040935672516,-0.0007936507936507871,-0.006641604010025031,0.012447786131996626
10,5,-0.03796992481203006,0.007017543859649124,0.022932330827067644,-0.00213032581453635,-0.006766917293233076,0.016917293233082765
10,Aggregated,-0.0248849224092427,0.008247310208522471,0.014929754181170632,-0.0020142503777539284,-0.006002949823104467,0.009306440503212065
10,Centralized,-0.024982760998482994,0.008260929526961756,0.014963453316783906,-0.0019997241759757292,-0.005992276927320373,0.009336643221624598
11,0,0.06816745655608224,0.0006319115323854821,-0.001263823064770912,-0.008649289099526057,-0.048538704581358484,-0.005608214849920998
11,1,0.006182121971595669,0.012573099415204639,0.011445279866332463,0.00785296574770259,-0.03504594820384291,0.002005012531328322
11,2,0.005304928989139559,0.012280701754385968,0.012907268170426062,0.006975772765246456,-0.0317878028404345,-0.010693400167084382
11,3,0.010442773600668333,0.010651629072681667,0.007351712614870516,0.004720133667502087,-0.03533834586466162,0.002172096908939017
11,4,0.00563909774436093,0.01695906432748546,0.01378446115288221,0.0037593984962405883,-0.03554720133667501,0.0004177109440267375
11,5,0.0030910609857978406,0.013450292397660869,0.0146616541353384,0.010693400167084388,-0.037719298245614014,-0.01169590643274851
11,Aggregated,0.01709097483872101,0.010965731343096566,0.009681619302828733,0.004071055066582988,-0.0374639256561182,-0.0039209228809414035
11,Centralized,0.016963177492759614,0.010991587367259682,0.009709005654392509,0.004102882361053677,-0.037436215694387015,-0.0039167011446697006
12,0,0.059004739336493,-0.017180094786729796,-0.008807266982622429,-0.002014218009478659,-0.018562401263823063,-0.012440758293838951
12,1,-0.0002506265664160392,-0.012949039264828792,0.015037593984962403,0.006390977443609008,-0.009941520467836253,0.009231411862990773
12,2,0.009899749373433589,-0.024352548036758546,0.014619883040935675,0.012364243943191302,-0.01382623224728486,0.01633249791144528
12,3,-0.0016708437761069458,-0.008855472013366759,0.01390977443609021,0.011069340016708404,-0.011194653299916466,0.0067669172932330645
12,4,0.0038429406850459423,-0.017836257309941587,0.021470342522974195,0.015371762740183734,-0.010025062656641605,0.014745196324143697
12,5,0.0040100250626566225,-0.027234753550542997,0.01106934001670843,0.023224728487886415,-0.01353383458646613,0.014995822890559736
12,Aggregated,0.013030491095915336,-0.018057382945759103,0.010976564678503185,0.010910978312449991,-0.01291579698022344,0.00802354502555833
12,Centralized,0.01291545993656056,-0.01805957798924289,0.011026065370293768,0.010943318163011972,-0.012901668735346828,0.008074748310577877
13,0,0.057503949447077526,-0.015600315955766181,-0.00908372827804113,-0.011255924170616136,-0.010584518167456591,-0.010979462875197512
13,1,-0.011027568922305706,-0.0005847953216374324,0.007101086048454445,0.0002506265664160438,0.0013784461152882195,0.0028822055137844613
13,2,-0.005263157894736809,-0.0012531328320802098,0.00839598997493733,0.006808688387635738,-0.00029239766081871806,0.0016290726817042615
13,3,-0.007811194653299912,0.002172096908939018,0.001587301587301594,-0.0020467836257310208,0.0010025062656641567,0.0025898078529657327
13,4,-0.010651629072681666,0.0020467836257309665,0.004594820384294053,-0.0010025062656641548,-0.002255639097744366,0.002255639097744362
13,5,-0.005597326649958198,0.004761904761904754,0.010860484544695067,0.008939014202172078,0.0002088554720133726,-0.0016290726817042433
13,Aggregated,0.003513931538376587,-0.0015796952239064688,0.0037535648233007566,0.00014386684780084047,-0.0018629474131380637,-0.000667093210655915
13,Centralized,0.0033788442973383005,-0.0015446145359261014,0.003785684733140238,0.000172390015170291,-0.0018411253620190427,-0.0006412908564335851
14,0,0.0847946287519745,-0.013941548183254368,-0.007306477093206936,-0.012361769352290683,-0.013507109004739329,-0.011611374407582928
14,1,-0.008270676691729323,0.007226399331662493,0.007644110275689215,0.004594820384294107,-0.0038011695906432696,0.00012531328320803176
14,2,-0.015246449456975753,0.013659147869674164,0.0032581453634085195,0.007059314954051795,0.007852965747702566,-0.009064327485380098
14,3,-0.0005012531328320755,0.0035505430242272545,0.0044695071010860555,0.00250626566416041,0.00020885547201338585,-0.0027151211361737693
14,4,-0.0036758563074352647,0.007978279030910595,0.0024644945697577464,0.0035087719298245593,-0.0012113617376775143,-0.006558061821219731
14,5,-0.01324143692564747,0.01236424394319128,0.0034670008354218945,0.0048036758563074515,0.006390977443608985,-0.013784461152882302
14,Aggregated,0.00823871478336428,0.004910766871800963,0.002217241110534778,0.0015167849099538607,-0.0008316047718463736,-0.007320073812430308
14,Centralized,0.008047165908150588,0.004957936836298459,0.0022410701972141694,0.001551510136532889,-0.0007998896703902892,-0.00730933664322163
15,0,0.06769352290679329,-0.013546603475513433,-0.02089257503949451,-0.018206951026856297,-0.00845181674565561,-0.013704581358609826
15,1,0.0006683375104427661,0.0022556390977443793,-0.0002506265664160472,0.000960735171261488,-0.003801169590643276,0.005179615705931486
15,2,-0.0030910609857978215,0.0026315789473684162,-0.00225563909774435,-0.002297410192147039,0.0004177109440267187,0.004594820384294048
15,3,0.0008354218880534466,0.004051796157059289,-0.0005847953216374306,0.001002506265664153,-0.004218880534669995,0.0014202172096908845
15,4,0.001002506265664159,0.005304928989139493,-0.0035087719298245662,-0.0007936507936508075,-0.00238095238095239,0.002882205513784448
15,5,0.010066833751044233,0.0038011695906432583,-0.003592314118629906,-0.005179615705931469,0.0014202172096908976,-0.0015037593984962294
15,Aggregated,0.013519907394404094,0.0005783666756299667,-0.005369140115514352,-0.00425501640134788,-0.002903139877091345,-0.00035061030633493854
15,Centralized,0.013384360777823732,0.0006137084540063398,-0.0053302992690663215,-0.004220107571369432,-0.002889256654254593,-0.0003171976279133718
16,0,0.08341232227488145,-0.01390205371248023,-0.020181674565560786,-0.013625592417061617,-0.01192733017377569,-0.011927330173775673
16,1,0.0009189640768588118,-0.001503759398496242,0.00037593984962404255,0.0009607351712614657,0.0028822055137844712,0.0038847117794486062
16,2,-0.0024227234753550595,-0.012949039264828708,0.0058061821219715926,-0.009147869674185455,0.009523809523809506,0.004177109440267317
16,3,0.00455304928989139,-0.00033416875522136394,-0.005304928989139512,0.0010442773600668495,0.0023391812865497155,0.00020885547201337137
16,4,-0.003550543024227222,-0.0065580618212197125,0.0010442773600668213,-0.005597326649958179,0.00551378446115288,0.006641604010025044
16,5,0.0035505430242272363,-0.013408521303258161,0.0075605680868838405,-0.005137844611528816,4.1771094402678285e-05,0.002380952380952373
16,Aggregated,0.01523746613989994,-0.00817871136796411,-0.0020038329516111697,-0.005351002938128326,0.0012358551939138447,0.0007406110896471777
16,Centralized,0.01506688732588608,-0.008164391118466403,-0.0019583505723348342,-0.005330299269066348,0.0012687905116535519,0.0007723072679630256
17,0,0.08866508688783507,-0.011097946287519787,-0.017772511848341166,-0.02926540284360181,-0.013388625592417063,-0.01240126382306481
17,1,-0.00822890559732663,0.0012113617376775362,0.0037593984962405896,0.003299916457811193,-0.00831244778613198,0.005764411027568932
17,2,-0.009106098579782795,-0.00045948203842940776,0.0057644110275688965,-0.002506265664160407,0.0020050125313283303,0.009314954051796118
17,3,-0.000918964076858813,0.003717627401837911,0.0032163742690058434,0.0007936507936507813,-0.009314954051796137,1.5419764230904951e-18
17,4,-0.008020050125313259,0.00614035087719299,0.004010025062656628,-0.0017961570593149462,-0.00584795321637426,0.0055137844611528606
17,5,-0.0016708437761069278,0.0003341687552213957,0.004845446950710097,0.002088554720133651,0.006599832915622376,0.002840434419381775
17,Aggregated,0.011061636449602709,-0.00015838804056386504,0.00041649492527873384,-0.004860401242202893,-0.0048138970621420755,0.0016680109257524189
17,Centralized,0.010867466556337082,-0.00013101641152944246,0.00046200524065646565,-0.004799338022341734,-0.004792442421734917,0.0017032133498827806
18,0,0.09691943127962109,-0.012164296998420218,-0.014296998420221084,-0.03593996840442342,-0.009439178515007913,-0.015600315955766235
18,1,-0.001378446115288237,0.0026315789473684097,0.0034252297410192188,-0.0007518796992481133,-0.002589807852965768,-0.0038429406850459457
18,2,0.0030910609857978345,0.0033834586466165205,0.0021720969089390023,-0.008479532163742667,0.001963241436925631,-0.002130325814536359
18,3,0.0007936507936507927,0.0015873015873015853,-0.0001670843776107082,0.0035505430242272614,0.0038429406850459613,0.00041771094402672605
18,4,0.0007936507936507862,0.0053884711779448305,0.0031746031746031547,0.005764411027568893,0.0010860484544694805,-0.0036758563074352707
18,5,0.009147869674185466,-0.003258145363408517,0.0032999164578111756,-0.0016708437761069363,-4.177109440266132e-05,-0.0024644945697577256
18,Aggregated,0.019171224953750027,-0.0005462393330761031,-0.0005653189810264915,-0.006610414210278804,-0.0009658980924526389,-0.004681849265910143
18,Centralized,0.01897669286994891,-0.0005171700455109604,-0.0005309612467245725,-0.00653702937525859,-0.0009446972831333614,-0.004654530409598695
19,0,0.11425750394944736,-0.016824644549763058,-0.018325434439178577,-0.023420221169036297,-0.02847551342812014,-0.008254344391785143
19,1,-0.012531328320801968,0.004010025062656648,-0.006975772765246408,-0.00313283208020049,4.177109440267427e-05,0.0010442773600668456
19,2,-0.010275689223057632,0.004260651629072671,-0.012823725981620657,0.0007518796992480884,0.002506265664160385,0.008061821219715935
19,3,-0.006641604010025063,0.0045112781954887065,-0.0066833751044276975,-0.002756892230576441,-0.0035923141186298877,0.002631578947368442
19,4,-0.010401002506265647,0.003884711779448613,-0.00931495405179612,-0.0019632414369256416,-0.0012113617376775289,0.0039682539682539516
19,5,-0.005806182121971602,0.005137844611528792,-0.012238930659983265,-0.0004177109440267409,0.00020885547201335286,0.0005847953216374149
19,Aggregated,0.012666270292415101,0.0006183339638422704,-0.01114745923390756,-0.005375448698952955,-0.005367430694819086,0.0012243871832119688
19,Centralized,0.012412081092263135,0.0006619776582540445,-0.011129499379395915,-0.005330299269066322,-0.005309612467245893,0.0012481037098331347
20,0,0.062322274881516725,-0.0170616113744075,-0.012914691943127991,-0.04221958925750381,-0.013191153238546699,-0.01248025276461301
20,1,-0.00384294068504597,0.008813700918964053,0.012406015037593957,-0.0036758563074352564,0.007393483709273184,-0.0010442773600668382
20,2,-0.00956558061821215,0.005973266499582271,0.005722639933166248,-0.0006265664160401169,0.0072263993316624845,-0.003717627401837912
20,3,-0.0030075187969924996,0.004970760233918105,0.008771929824561403,-0.0043859649122807084,0.005680868838763573,-0.004511278195488711
20,4,-0.007393483709273152,0.004553049289891381,0.007769423558897225,-0.00455304928989138,0.007017543859649107,-0.007393483709273177
20,5,-0.00697577276524644,0.006056808688387629,0.005472013366750212,-0.005179615705931492,-0.001127819548872158,-0.005764411027568919
20,Aggregated,0.005940272283856395,0.001986542211215269,0.004328666555174755,-0.010491742466673849,0.0019824454489315523,-0.005898415588220675
20,Centralized,0.005799200110329607,0.002034202179009787,0.004371810784719316,-0.010412356916287394,0.002020410977796183,-0.005881947317611358
21,0,0.09806477093206986,-0.01299368088467617,-0.02069510268562406,-0.027132701421800916,-0.01583728278041074,-0.0024486571879936622
21,1,-0.017418546365914705,0.0016290726817042474,0.009649122807017508,0.001336675020885562,-0.005555555555555554,-0.004678362573099424
21,2,-0.003216374269005832,0.0002923976608187026,0.009022556390977456,0.00275689223057644,-0.003467000835421882,-0.00789473684210524
21,3,-0.00827067669172926,0.002005012531328318,0.01157059314954049,0.004928989139515436,-0.009565580618212185,-0.005680868838763563
21,4,-0.004051796157059309,0.002548036758563077,0.008521303258145334,0.0022138680033417,-0.006098579782790303,-0.003132832080200502
21,5,0.0017961570593149536,0.005221386800334164,0.004594820384294069,0.005889724310776919,-0.0058897243107769205,-0.016624895572263966
21,Aggregated,0.01219251733852819,-0.0003694711882539363,0.003483841106333334,-0.0019730328237080874,-0.007832743469970415,-0.006691906847806062
21,Centralized,0.011977658254033905,-0.00033788442973383683,0.003544338711901813,-0.001910081368087156,-0.007812715487518935,-0.006702523789822106
22,0,0.05845181674565515,-0.019075829383886238,-0.020813586097946216,-0.02290679304897312,-0.011216429699842056,-0.015244865718799398
22,1,-0.0038429406850459336,0.0011695906432748597,0.003258145363408517,0.004970760233918111,-0.0002088554720133638,0.004678362573099428
22,2,0.0026315789473683997,0.0045948203842940466,0.0011695906432748488,-0.002673350041771087,-0.005263157894736814,-0.0004594820384294022
22,3,-0.003007518796992476,-0.0024644945697577304,0.00012531328320802712,0.0025480367585630713,0.00045948203842939914,0.0023391812865497068
22,4,-0.0024227234753550373,-0.0005012531328320617,-0.0010860484544694979,-0.0002923976608187159,-0.004051796157059309,0.0008354218880534673
22,5,0.004636591478696732,0.0012949039264828876,-0.0020467836257310116,0.0035923141186299124,-0.00012531328320804008,-0.002339181286549698
22,Aggregated,0.009995740954654747,-0.002695790370397499,-0.003442993677911531,-0.0027053518171716493,-0.0034947030688754713,-0.001860822083178924
22,Centralized,0.009874500068956005,-0.00265480623362297,-0.003399531099158726,-0.0026548062336229487,-0.003475382705833686,-0.0018273341608054236
23,0,0.12784360189573413,-0.006793048973143779,-0.012954186413902056,-0.031279620853080656,-0.01903633491311222,-0.003278041074249611
23,1,0.0005847953216374102,-0.007852965747702601,0.004135338345864641,0.0036758563074352495,-0.012990810359231417,0.004928989139515446
23,2,-0.0030075187969924905,-0.00877192982456141,0.0033834586466165426,0.005012531328320796,-0.0001670843776106897,0.003550543024227235
23,3,0.0019632414369256494,-0.0031746031746031854,-0.003425229741019226,0.0053884711779448565,-0.00563909774436088,0.0048872180451128
23,4,-0.005179615705931486,-0.0026315789473684245,0.0028404344193817825,0.011069340016708411,-0.0014619883040935722,0.005388471177944847
23,5,-0.0022138680033416823,-0.0057226399331662585,0.0009607351712614916,0.011528822055137802,0.00317460317460315,-0.00020885547201337539
23,Aggregated,0.021291288459356652,-0.005836072543124544,-0.0009884277469710302,0.0005134728489323206,-0.006176157309321987,0.0024749174675233864
23,Centralized,0.021024686250172377,-0.005833678113363652,-0.0009584884843469976,0.0005930216521859007,-0.006143980140670215,0.0024893118190594454
24,0,0.06674565560821501,-0.03120063191153228,-0.022116903633491322,-0.0180489731437599,-0.026382306477093186,-0.01639020537124798
24,1,-0.011236424394319119,0.001921470342522976,0.006934001670843777,0.003634085213032586,-0.0008771929824561227,0.0021303258145363583
24,2,-0.007894736842105309,0.0008771929824561428,0.012113617376775269,-0.0003759398496240592,0.0011278195488721794,0.004177109440267305
24,3,-0.008312447786132021,0.0005012531328320784,0.009440267335004133,0.0043024227234753605,-0.005847953216374254,0.0049289891395154495
24,4,-0.011779448621553909,0.0016708437761069187,0.0072681704260651485,0.003759398496240581,-0.006056808688387605,0.0026315789473684106
24,5,-0.014160401002506222,0.004553049289891367,0.0014619883040935648,0.001921470342522979,0.002840434419381789,0.0008771929824561523
24,Aggregated,0.0030004828502851032,-0.003943526946235127,0.002221547096471361,-0.0010080218758015203,-0.006111950945895983,-0.0004673674216310382
24,Centralized,0.002840987450006882,-0.003875327541028839,0.002282443800855051,-0.000965384084953802,-0.00606123293338849,-0.0004275272376223922
25,0,0.15173775671406012,-0.008056872037914713,-0.012677725118483443,-0.009873617693522952,-0.004936808846761452,-0.002448657187993687
25,1,-0.016541353383458655,0.0096908939014202,0.0007101086048454349,-0.0020467836257309913,0.0006683375104427717,0.010025062656641588
25,2,-0.022807017543859637,0.007351712614870498,0.0020050125313283086,-0.0065162907268170285,0.000292397660818702,0.004636591478696726
25,3,-0.009899749373433592,0.008813700918964064,-0.0018796992481203232,-0.00029239766081871313,0.004636591478696749,0.006140350877192982
25,4,-0.018212197159565575,0.011403508771929818,-0.00020885547201335704,-0.0052213868003341555,-0.001963241436925647,0.006683375104427718
25,5,-0.021888053467000852,0.010902255639097693,-0.0008771929824561475,-0.0038011695906432657,0.0033834586466165158,0.00476190476190473
25,Aggregated,0.012092610893523138,0.006507483820137472,-0.0022808751290203863,-0.004688191552568136,0.0002834493324640445,0.004877545699090066
25,Centralized,0.011743207833402295,0.006543924975865438,-0.0022548613984278276,-0.0046752172114190955,0.0002965108260929448,0.004895876430837121
26,0,0.03570300157977873,-0.02539494470774091,-0.029660347551342812,-0.0357424960505529,-0.03432069510268565,-0.03854660347551333
26,1,0.0015455304928989016,0.0064745196324143515,-0.00012531328320801913,-0.008646616541353382,0.00012531328320802837,0.0056390977443608915
26,2,0.0008354218880534503,0.004678362573099411,-0.0047619047619047675,-0.009523809523809504,0.0023391812865496994,0.003926482873851278
26,3,0.0007936507936507681,0.005597326649958202,-0.004469507101086052,-0.007059314954051813,-8.354218880536303e-05,0.0027151211361737745
26,4,-0.003592314118629906,0.005179615705931492,-0.001963241436925661,-0.008187134502923969,0.005179615705931479,0.003383458646616529
26,5,0.003550543024227237,0.006474519632414387,-0.007978279030910581,-0.0054302422723475335,0.006599832915622376,0.004302422723475337
26,Aggregated,0.006823052881029551,0.00019111889323555507,-0.00841751476261329,-0.012711053581149432,-0.003731205613132006,-0.0035216442852832315
26,Centralized,0.0067507929940697755,0.00025513722245209245,-0.008364363536063965,-0.012653427113501562,-0.0036546683216108077,-0.0034340091021927937
27,0,0.1199052132701423,-0.0015797788309636432,-0.0007503949447077265,-0.02018167456556082,-0.010900473933649272,0.0011848341232227678
27,1,-0.025772765246449555,0.005096073517126143,0.007560568086883853,0.0009607351712614916,0.004177109440267329,0.00045948203842941855
27,2,-0.024895572263993276,0.0021720969089390136,0.004218880534670029,-0.004887218045112809,0.013324979114452797,0.005054302422723478
27,3,-0.01946532999164577,0.004093567251462001,0.009649122807017529,0.0012949039264828785,0.0020885547201336713,0.002339181286549695
27,4,-0.02351712614870524,0.003842940685045953,0.005304928989139517,0.0010025062656641476,0.00977443609022554,0.006098579782790316
27,5,-0.029448621553884755,0.004803675856307409,0.0017543859649122875,0.0017961570593149566,0.01111111111111106,0.0024644945697577074
27,Aggregated,0.0009114401668654445,0.0030156704933100914,0.004558499932747164,-0.00353771399677041,0.004739518737487583,0.0029125162610534826
27,Centralized,0.0006137084540063231,0.003027168666390862,0.004571783202316931,-0.003496069507654131,0.0047786512205213304,0.002916839056681833
28,0,0.06931279620853087,-0.007740916271721982,-0.02780410742496061,-0.04553712480252765,-0.043009478672985914,-0.013941548183254366
28,1,-0.010317460317460269,0.00730994152046779,0.005388471177944814,-0.0019214703425229724,-0.009816207184628214,0.006850459482038405
28,2,-0.012740183792815368,0.004260651629072674,0.01399331662489555,-0.002464494569757717,-0.009398496240601455,0.008855472013366738
28,3,-0.012698412698412685,0.008939014202172049,0.005304928989139484,-0.000543024227234747,-0.015037593984962497,0.00401002506265664
28,4,-0.00906432748538011,0.0076858813700918845,0.00630743525480366,0.0048454469507101,-0.013784461152882175,0.006516290726817014
28,5,-0.008187134502923929,0.0007936507936508004,0.008646616541353352,0.0022138680033416745,-0.0126148705096074,0.0041353383458646465
28,Aggregated,0.0035158908902806884,0.0034061183510636314,0.0016158112147492754,-0.007693639224925974,-0.017585334336483568,0.002537722205523207
28,Centralized,0.003351261894911042,0.003434009102192812,0.0016894221486691207,-0.007598951868707758,-0.017521721141911535,0.0025789546269479936
29,0,0.17124802527646105,0.0050552922590837235,-0.009044233807266985,-0.0058846761453396484,-0.0005134281200631813,-0.011571879936808855
29,1,0.004720133667502077,0.0031328320802004946,0.0010025062656641385,0.0005430242272347563,0.004051796157059326,-0.003425229741019226
29,2,0.003091060985797836,-0.003425229741019211,0.0003341687552213794,0.002882205513784458,0.0032999164578111856,-0.0011695906432748543
29,3,0.008771929824561351,0.00989974937343354,-0.0018796992481203089,-0.0034670008354218845,0.002255639097744362,-0.005555555555555547
29,4,0.007435254803675819,0.004260651629072644,-0.007059314954051779,-0.0010860484544695198,0.003675856307435252,-0.004720133667502096
29,5,0.011111111111111092,0.002798663324979113,-0.008479532163742658,0.003926482873851278,0.005096073517126157,-0.004427736006683359
29,Aggregated,0.03603683330280623,0.003637528874495684,-0.0042459045670569726,-0.0005787151784550531,0.0029357912429038143,-0.0052220661880177975
29,Centralized,0.0356985243414702,0.0036339815197903853,-0.004233898772583095,-0.0005654392497586533,0.002944421459109069,-0.005206178458143686
30,0,0.06058451816745646,-0.031990521327014104,-0.03432069510268573,-0.041271721958925735,-0.026540284360189768,-0.054423380726698334
30,1,-0.0040100250626566355,-0.0002923976608187144,0.013492063492063496,-0.028822055137844506,-0.00246449456975769,0.009565580618212204
30,2,0.0034252297410192014,0.0007518796992481157,0.00868838763575605,-0.012698412698412716,-0.0034670008354219083,0.010818713450292386
30,3,-0.0013784461152882045,0.003926482873851296,0.013283208020050136,-0.01825396825396821,-0.001921470342522969,0.009356725146198824
30,4,0.002673350041771124,0.0024227234753550686,0.014369256474519617,-0.020133667502088542,-0.0035087719298245537,0.011695906432748515
30,5,0.004427736006683363,0.004385964912280684,0.004803675856307445,-0.016248955722639912,0.0004177109440267313,0.012238930659983265
30,Aggregated,0.011548701647764458,-0.003807930571818947,0.0029339546234567948,-0.023124979797021248,-0.006490656700897974,-0.0007755219885070832
30,Centralized,0.011426010205488859,-0.003737415528892563,0.0030271686663908746,-0.023079575231002656,-0.0064404909667632,-0.0006412908564336128
31,0,0.10714849921011073,-0.01832543443917851,0.01003159557661931,-0.035821484992101055,-0.02464454976303301,0.004265402843601891
31,1,-0.007309941520467823,0.0038011695906432544,0.012990810359231405,-0.01495405179615708,-0.012238930659983266,0.007685881370091861
31,2,-0.007226399331662467,0.0011278195488721974,0.004678362573099408,-0.017042606516290717,-0.008479532163742684,0.004385964912280706
31,3,-0.0034252297410192014,0.005889724310776905,0.010150375939849588,-0.007811194653299927,-0.014118629908103754,-0.0007101086048454496
31,4,-0.006892230576441113,-0.0009607351712614928,0.009482038429406824,-0.01194653299916457,-0.013993316624895651,0.004260651629072701
31,5,-0.014536340852130292,0.0006683375104427887,0.0030492898913951584,-0.009273182957393473,-0.007685881370091915,0.010233918128654962
31,Aggregated,0.012442175691382873,-0.001503955981381778,0.008416673401707072,-0.01637743277402258,-0.013660086384848537,0.0050112355095785184
31,Centralized,0.012205213074058745,-0.001461867328644334,0.008412632740311649,-0.01632878223693278,-0.013632602399668965,0.00501310164115294
32,0,0.09601105845181675,-0.03590047393364942,-0.017930489731437606,-0.046603475513427965,-0.03289889415481825,-0.01954976303317537
32,1,0.007727652464494557,0.0055555555555555185,-0.007602339181286529,4.1771094402668724e-05,-0.003759398496240589,0.008061821219715947
32,2,0.0007101086048454349,0.011445279866332456,-0.004469507101086056,0.0035505430242272337,-0.0029657477025897827,0.004260651629072672
32,3,0.011654135338345846,-8.354218880534207e-05,-0.014954051796157036,0.0009607351712614805,-0.006182121971595628,0.0010860484544695033
32,4,0.005722639933166238,0.009064327485380084,-0.00538847117794487,-0.002589807852965746,0.0008354218880534651,0.007393483709273163
32,5,0.005931495405179595,0.005973266499582273,-0.00501253132832082,-0.0009189640768588152,-0.003842940685045959,0.005388471177944854
32,Aggregated,0.022188571164535948,-0.0010800898076849046,-0.009330578468767543,-0.008060855346427072,-0.008432476025481028,0.00085915457445585
32,Centralized,0.02200386153633979,-0.000992966487381054,-0.00930906081919735,-0.007964418700868873,-0.008371259136670821,0.0009102192800992948
33,0,0.14158767772511854,-0.013823064770932064,-0.015797788309636684,-0.013941548183254316,-0.015086887835703002,-0.0023696682464454835
33,1,0.009690893901420207,-0.0035505430242272484,0.0038011695906432544,-0.004636591478696746,0.004720133667502081,0.005012531328320798
33,2,0.001921470342522959,-0.006683375104427718,0.005555555555555541,-0.0020050125313283225,0.0012949039264828913,0.0049289891395154495
33,3,0.011069340016708404,4.177109440267982e-05,0.0013366750208855453,-0.0015455304928989019,0.0018796992481203067,0.002255639097744334
33,4,0.005597326649958218,-0.009022556390977432,-0.0002506265664160512,-0.007059314954051786,-0.001712614870509605,0.00492898913951541
33,5,0.005764411027568925,-0.00969089390142015,0.003968253968253957,-0.004260651629072668,0.0017961570593149792,-8.354218880534855e-05
33,Aggregated,0.03061829672714111,-0.007201782796872401,-0.0004177401150283752,-0.005675075856898888,-0.0013514269117732684,0.0023877655403151494
33,Centralized,0.0303406426699765,-0.007185215832299022,-0.0003792580333747131,-0.005654392497586533,-0.001317059715901268,0.002399669011170859
34,0,0.1254739336492892,-0.010979462875197476,-0.018206951026856245,-0.026263823064770875,-0.018878357030015745,-0.03218799368088459
34,1,-0.0016290726817042688,0.0007936507936507868,0.004636591478696713,-0.004553049289891414,0.003884711779448597,-0.003132832080200497
34,2,0.00025062656641606417,0.0035923141186299,-0.0003341687552213757,-0.0036340852130325673,0.00016708437761069894,-0.00254803675856306
34,3,-0.002589807852965746,-0.002840434419381794,0.005096073517126127,-0.007268170426065164,-0.0005847953216374472,0.000668337510442772
34,4,0.006683375104427698,-0.0011695906432748334,0.0018796992481203072,-0.0051378446115287755,0.0004594820384294096,-0.00020885547201335224
34,5,0.004928989139515434,0.0027151211361737793,0.0017961570593149402,0.0010860484544695107,-0.0015455304928989203,-0.003968253968253958
34,Aggregated,0.02342455355720154,-0.0014305945380670097,-0.0010634432849627325,-0.007851887986317646,-0.002942919564449691,-0.007199469866059303
34,Centralized,0.023169218038891222,-0.0014067025237898157,-0.001020548889808296,-0.007805819886912186,-0.0029030478554682,-0.007136946628051331
35,0,0.10920221169036319,-0.033491311216429696,-0.018917851500789874,-0.04387835703001585,-0.01635071090047405,-0.020260663507109023
35,1,-0.001086048454469503,0.0032581453634084982,0.003675856307435242,-0.007602339181286522,-0.0004177109440267631,-0.00033416875522139603
35,2,0.00730994152046783,0.007560568086883855,0.005430242272347523,-0.005513784461152875,-0.0022556390977443554,-0.0025062656641603935
35,3,-0.0013784461152882004,0.0038847117794486292,0.0036340852130325686,-0.005472013366750192,-0.001503759398496235,0.003341687552213864
35,4,0.003550543024227225,0.005847953216374248,0.0049707602339180935,-0.0073099415204678315,-0.0008771929824561523,0.0013366750208855373
35,5,0.005012531328320776,0.005221386800334162,0.0030910609857978254,-0.007059314954051785,0.001712614870509607,-0.005472013366750219
35,Aggregated,0.021499263098967308,-0.00167249689841716,8.347361223032777e-05,-0.013178454705999872,-0.0034387334756148043,-0.004177601441347306
35,Centralized,0.021279823472624443,-0.001592883740173769,0.00013101641152945295,-0.013101641152944397,-0.0034064266997655425,-0.004137360364087713
36,0,0.10659557661927299,-0.003515007898894155,-0.023420221169036297,-0.04285150078988952,-0.001224328593996826,-0.011887835703001578
36,1,0.0026315789473684062,-0.006892230576441104,0.006683375104427713,8.35421888053615e-05,-0.015204678362573127,0.007685881370091881
36,2,0.0024644945697577265,-0.0022556390977443758,-0.002339181286549711,0.00037593984962404624,-0.001754385964912279,0.0010025062656641346
36,3,0.006098579782790297,-0.007602339181286546,0.00434419381787801,0.002965747702589805,-0.007560568086883854,0.00175438596491228
36,4,0.0033834586466165353,-0.005137844611528827,-0.003801169590643262,0.004177109440267335,-0.00242272347535506,0.0038011695906432726
36,5,0.005096073517126147,-0.005889724310776939,-3.3923481307990893e-18,-0.002130325814536349,-0.0050960735171261245,0.003007518796992487
36,Aggregated,0.02207054216060731,-0.005195079187970185,-0.003332566768852982,-0.0066689345851409995,-0.005492011209058562,0.000740709661263409
36,Centralized,0.021859053923596723,-0.005199282857536894,-0.0032823058888429082,-0.006578402978899499,-0.005502689284236652,0.0007723072679630473
37,0,0.10876777251184826,-0.01761453396524489,-0.0332543443917854,-0.030173775671406222,-0.008609794628751966,-0.014375987361769359
37,1,-0.005973266499582266,0.006349206349206321,-0.0026733500417710897,-0.004511278195488732,0.007059314954051795,0.004761904761904742
37,2,-0.011695906432748485,4.177109440267612e-05,-0.008437761069339977,-0.006892230576441105,0.0078111946532999,0.004135338345864643
37,3,-0.011570593149540493,0.00467836257309941,0.0010860484544695144,-0.006975772765246442,0.006349206349206307,0.0064327485380116615
37,4,-0.011403508771929773,0.0015455304928988945,-0.008521303258145338,-0.008980785296574749,0.007685881370091886,-0.0003759398496240444
37,5,-0.006558061821219666,0.0011695906432748512,-0.015455304928989182,-0.0053884711779448695,0.0055555555555555506,0.0006265664160400882
37,Aggregated,0.011441972138440816,-0.0008418562199341292,-0.011473611698997478,-0.010723056956531675,0.004153694322243646,2.6025444726212585e-05
37,Centralized,0.01119845538546407,-0.000799889670390279,-0.011419114604882086,-0.010674389739346275,0.004185629568335423,6.206040546131102e-05
38,0,0.12278830963665097,-0.041271721958925804,-0.021721958925750424,-0.029976303317535476,-0.029383886255924467,-0.007543443917851514
38,1,-0.005472013366750191,0.004177109440267332,-0.0009189640768588118,0.005430242272347557,-0.007268170426065136,-0.0009607351712614953
38,2,0.0016290726817042476,0.0030492898913951484,0.0019214703425229666,0.0036340852130325907,-0.0029239766081871296,0.002715121136173769
38,3,-0.000334168755221392,0.006098579782790307,0.004135338345864655,0.00292397660818713,-0.011988304093567267,-0.0008354218880534725
38,4,0.003801169590643263,0.0073099415204678185,0.005137844611528806,0.0009189640768588084,-0.004218880534669988,0.002088554720133665
38,5,-0.0048036758563074055,0.006558061821219721,0.001587301587301602,0.005806182121971595,-0.001545530492898904,0.004928989139515472
38,Aggregated,0.02083845431090916,-0.002813093131751166,-0.0018838662185774117,-0.0022139952515357704,-0.009792502828707129,-2.5705569036647716e-05
38,Centralized,0.020583367811336385,-0.002716866639084252,-0.0018342297614122153,-0.002144531788718799,-0.009743483657426565,-6.895600606806237e-06
39,0,0.09198262243285946,-0.004976303317535577,-0.0005924170616113617,-0.04293048973143761,-0.027488151658767772,-0.015995260663507035
39,1,0.011152882205513793,0.009732664995822857,0.00480367585630743,-0.019131161236424363,-0.0003341687552213905,-0.003717627401837913
39,2,0.014202172096908942,0.00359231411862991,-0.0002506265664160345,-0.019632414369256473,-0.0013784461152882362,-0.0015455304928988923
39,3,0.004887218045112793,0.008813700918964058,0.005054302422723473,-0.011111111111111117,-0.003216374269005847,0.0005847953216374343
39,4,0.013241436925647491,0.006558061821219693,0.004511278195488715,-0.009941520467836262,-0.004970760233918124,-0.001879699248120288
39,5,0.012280701754385932,0.005430242272347526,0.0025480367585630852,-0.01683375104427736,-0.0018796992481203108,-0.0015455304928989222
39,Aggregated,0.025431995489099163,0.004740547699247749,0.002639823315178768,-0.02020580391166216,-0.006795671594517053,-0.004160077316457582
39,Centralized,0.025265480623362254,0.004764860019307689,0.0026479106330161107,-0.020148944973107152,-0.006743897393462965,-0.0041304647634809065
40,0,0.09885466034755108,-0.010229067930489732,-0.004344391785150096,-0.04687993680884671,-0.02156398104265402,-0.001619273301737764
40,1,0.005472013366750184,0.000584795321637404,0.0028822055137844673,-0.007435254803675871,0.006182121971595623,-0.005179615705931505
40,2,0.0034670008354218827,0.0003341687552214053,-0.0005847953216374324,-0.003926482873851255,0.0008771929824561523,-0.0026733500417710936
40,3,0.0019632414369256442,-0.0006683375104427717,0.0020885547201336674,-0.010317460317460322,0.00033416875522136643,-0.0009189640768588269
40,4,0.0024644945697577347,-0.001378446115288218,-0.00012531328320802712,-0.00981620718462823,-0.0007101086048454485,-0.005472013366750215
40,5,0.00860484544695069,-0.00501253132832081,0.0012949039264828692,0.0012531328320801874,0.0038847117794486206,-0.007518796992481173
40,Aggregated,0.021081369086304362,-0.0028181565254401394,0.00014736009996673002,-0.013261608442540622,-0.0020691884712124944,-0.00386969680568013
40,Centralized,0.020886774238036074,-0.0027996138463660344,0.00015859881395670906,-0.013177492759619323,-0.002020410977796159,-0.0038753275410288047
41,0,0.07105055292259084,-0.0013823064770931914,-0.0028830963665086714,-0.02421011058451816,-0.006951026856240147,-0.007187993680884677
41,1,0.0034670008354218875,-0.008771929824561401,0.0023809523809523825,-0.002172096908939005,0.0017543859649122781,0.00584795321637426
41,2,0.0072681704260651485,-0.0059732664995822814,-0.0032999164578111943,0.0012949039264828729,-0.002422723475355046,0.013157894736842058
41,3,0.0054720133667502105,-0.004887218045112762,-8.354218880534299e-05,-0.005012531328320779,0.00016708437761069894,0.0043441938178780115
41,4,0.005096073517126142,-0.009816207184628181,-0.0019214703425229885,0.0011695906432748445,0.00037593984962405584,0.007602339181286543
41,5,0.009189640768588138,-0.006641604010025024,-4.1771094402672423e-05,0.0017126148705096157,0.0015455304928989194,0.00676691729323308
41,Aggregated,0.017572779499961194,-0.006187122919564189,-0.000997683936517987,-0.004772121781618266,-0.000994080032315433,0.0049413793988500754
41,Centralized,0.01743897393462972,-0.006199144945524725,-0.00099296648738104,-0.0047234864156668185,-0.0009791752861674423,0.0049717280375120715
42,0,0.07898894154818323,-0.013507109004739424,0.005608214849920997,-0.0859004739336489,-0.007938388625592421,-0.024644549763033204
42,1,0.0036340852130325525,-0.004720133667502086,0.0010860484544695033,-0.002756892230576468,0.0019632414369256637,0.0007936507936507862
42,2,0.005847953216374233,-0.0038847117794486327,0.0019632414369256403,-0.006015037593984946,0.002088554720133657,0.002506265664160396
42,3,0.003634085213032586,-0.0026315789473684067,0.0059314954051796175,-0.0044277360066833395,0.0011278195488721942,-0.0011278195488721998
42,4,0.0075187969924811965,-0.004761904761904724,0.003968253968253966,-0.0013784461152882067,0.0022556390977443775,-8.354218880534485e-05
42,5,0.004051796157059297,-0.005722639933166241,-0.0026315789473684297,-0.004720133667502061,0.002840434419381784,-0.003842940685045937
42,Aggregated,0.018019052595719367,-0.005962883963275946,0.0026896910106117902,-0.01835270858406296,0.00028971467030477566,-0.004642516652993089
42,Centralized,0.017866501172252188,-0.005944007723072662,0.0026823886360501977,-0.018183698800165474,0.00031030202730655636,-0.004592470004137369
43,0,0.08447867298578217,0.0023301737756713818,-0.019194312796208573,-0.030173775671406014,-0.014889415481832504,-0.0035939968404423454
43,1,-0.019715956558061853,0.015831244778613203,0.004302422723475332,-0.004845446950710123,0.0025480367585630753,-0.005639097744360876
43,2,-0.023099415204678352,0.012907268170426036,0.004093567251461983,-0.00593149540517959,0.003759398496240592,-0.004260651629072652
43,3,-0.02727652464494569,0.01804511278195491,0.00835421888053465,-0.002756892230576439,0.00781119465329987,-0.009189640768588095
43,4,-0.020509607351712617,0.016207184628237278,0.0053467000835421925,-0.008354218880534664,0.0023809523809523833,-0.010108604845446895
43,5,-0.01938178780284045,0.010651629072681662,0.003258145363408516,-0.004636591478696737,0.003801169590643257,-0.0037176274018379135
43,Aggregated,-0.003187080139383857,0.012538242919438792,0.0007843794252944936,-0.009698176796313131,0.0007125830474189478,-0.0060550751233322325
43,Centralized,-0.003406426699765544,0.012563784305612977,0.0008343676734243568,-0.009646945248931216,0.0007516204661425996,-0.006061232933388502
44,0,0.0964454976303316,-0.016548183254344345,-0.028554502369668323,-0.01145339652448655,-0.029423380726698277,-0.012835703001579784
44,1,-0.005179615705931509,0.0045112781954886995,0.008730158730158703,-0.00016708437761069525,0.001253132832080191,0.0008771929824561412
44,2,-0.004135338345864674,0.00509607351712611,0.012907268170426044,-0.004720133667502086,0.0026315789473684193,0.0007518796992481073
44,3,-0.0020885547201336756,0.0033416875522138604,0.0068504594820384115,0.0024644945697577347,0.00488721804511277,-0.0004177109440267353
44,4,-0.0005012531328320916,0.006182121971595636,0.007393483709273172,-0.0015037593984962272,-0.00012531328320801726,0.0035923141186299115
44,5,-0.002255639097744367,0.004051796157059307,0.010609857978279,-0.0003759398496240481,0.001294903926482871,0.001712614870509612
44,Aggregated,0.014705966765618226,0.0008941595786373531,0.0026113049529113068,-0.0027317931711617256,-0.0035607797549678383,-0.0011944837422334506
44,Centralized,0.014501448076127433,0.0009378016825265548,0.0026892842366570127,-0.0027099710384774546,-0.0034960695076541276,-0.0011653565025513605
45,0,0.05422590837282781,-0.0008293838862559112,0.019549763033175387,-0.015402843601895753,-0.009794628751974722,-0.012203791469194317
45,1,-0.006056808688387623,-0.0005012531328320949,-0.0007101086048454496,0.0001670843776106897,-0.002130325814536336,-0.0007936507936507909
45,2,-0.004302422723475347,0.0008354218880534706,-0.0007101086048454398,-0.0007936507936507816,-0.0020467836257309783,-0.0005012531328320707
45,3,-0.0001670843776107156,-0.003801169590643261,0.0014202172096908772,0.00025062656641602345,-0.004218880534670009,-0.0010025062656641554
45,4,-0.0032163742690058555,0.0018796992481203004,-0.0006683375104427837,-0.0022138680033416866,-0.002548036758563081,-0.0007518796992481418
45,5,-0.01081871345029237,0.003467000835421866,-0.0009189640768588451,-0.002297410192147036,-0.0004177109440267353,-0.0015455304928989185
45,Aggregated,0.005534875243655492,0.00016301136414809125,0.003192217334058902,-0.003525786831206784,-0.003601208736083836,-0.002912504180633036
45,Centralized,0.005413046476348074,0.00016549441456351066,0.003151289477313474,-0.0034960695076541185,-0.0035857123155427174,-0.0028892566542545925
46,0,0.06868088467614532,-0.03898104265402845,-0.010860979462875208,-0.08949447077409167,0.005489731437598725,-0.02725118483412321
46,1,0.003550543024227247,0.007727652464494561,0.005221386800334164,-0.0019214703425229594,4.17710944026826e-05,-0.007101086048454473
46,2,0.007393483709273148,-0.00016708437761069525,-0.0018379281537176332,-0.0007936507936507853,-0.0007518796992481239,-0.003842940685045938
46,3,0.006182121971595649,0.0038011695906432818,-0.0006683375104427676,0.0001670843776107045,-0.001253132832080205,-0.005722639933166241
46,4,0.009022556390977423,0.003968253968253959,-0.00020885547201335842,-0.004594820384294059,0.0025062656641604004,-0.005680868838763585
46,5,0.008479532163742656,0.008479532163742658,0.003968253968253955,-0.0030910609857978224,-0.0013366750208855557,-0.006474519632414358
46,Aggregated,0.017835122426131927,-0.0029655789557617683,-0.0008525140349072254,-0.01749500141867316,0.0008391082951001673,-0.00956019308030853
46,Centralized,0.017707902358295387,-0.00287546545304093,-0.0008274720728175299,-0.017314853123707126,0.0008274720728175505,-0.00951592883740173
47,0,0.10556872037914711,-0.060308056872037746,0.012440758293838878,-0.019233807266982615,-0.0008688783570300113,0.014533965244865756
47,1,-0.009607351712614861,-0.001420217209690894,-0.0002923976608187236,0.004803675856307424,0.0020467836257309973,0.004469507101086045
47,2,-0.010568086883876327,0.001127819548872167,0.005388471177944843,0.0035923141186299046,0.003216374269005838,0.004761904761904724
47,3,-0.014703425229741088,0.0027151211361737763,0.0032999164578111856,0.002798663324979083,-0.0016708437761069352,0.002548036758563071
47,4,-0.009774436090225515,0.007769423558897228,0.0037593984962405983,0.0035087719298245415,0.0013784461152882232,0.0008771929824561548
47,5,-0.008855472013366715,-0.00359231411862991,-0.0012113617376775224,0.004511278195488697,0.0037593984962406056,0.0003759398496240592
47,Aggregated,0.009838201279333774,-0.009567035229384204,0.0039998812835822396,-0.00023372091620320204,0.0012840904174688877,0.004713579783957151
47,Centralized,0.009598676044683474,-0.00944007723072682,0.003978761550130997,-0.00018618121638396066,0.001289477313473997,0.004689008412632737
48,0,0.09628751974723528,-0.05173775671406011,-0.012875197472353895,-0.00939968404423383,-0.03179304897314378,-0.009439178515008011
48,1,-0.01286549707602336,-0.006098579782790326,0.005973266499582294,-0.0009189640768588262,-0.0026315789473684353,0.009022556390977404
48,2,-0.009732664995822907,-0.006892230576441079,0.0038011695906432583,-0.000543024227234755,-9.86864910777917e-18,0.008354218880534642
48,3,-0.014995822890559795,-0.0024227234753550738,0.004928989139515443,0.004218880534669993,-0.0015455304928989457,0.007309941520467807
48,4,-0.016624895572263983,-0.007978279030910607,0.005054302422723475,-0.000501253132832086,-0.004636591478696744,0.0046365914786967374
48,5,-0.012531328320802015,-0.004594820384294084,0.00484544695071012,0.0004177109440267501,0.0032999164578111687,0.008563074352548009
48,Aggregated,0.006018165483475652,-0.013748341684592285,0.001776882311750281,-0.0012202999633067768,-0.006524401896867438,0.004571206128862077
48,Centralized,0.0057923045097228185,-0.013653289201489387,0.0018135429595917962,-0.001199834505585427,-0.0064611777685836405,0.004606261205350981
49,0,0.10331753554502357,-0.021090047393364786,-0.004107424960505512,-0.03305687203791468,-0.012401263823064711,-0.020813586097946278
49,1,-0.0011278195488721604,0.004302422723475348,0.005806182121971598,-0.004720133667502065,0.005012531328320801,-0.0017543859649122731
49,2,0.0011695906432748575,-0.0005012531328320839,0.005012531328320802,-0.006975772765246455,0.010150375939849578,0.0011695906432748534
49,3,-0.002380952380952371,0.003383458646616555,0.0034670008354218827,-0.002965747702589805,0.003968253968253965,0.0045530492898913566
49,4,0.007852965747702558,0.0072263993316624845,0.004051796157059318,-0.00459482038429407,0.006516290726817011,0.004010025062656634
49,5,0.0023809523809523786,-0.0008771929824561505,0.003717627401837932,-0.005388471177944865,0.010776942355889716,-0.005597326649958212
49,Aggregated,0.019551748243441913,-0.0014970992138436585,0.002906186054815927,-0.00989796745373483,0.003807190320570925,-0.0032847907001596933
49,Centralized,0.0193421597021101,-0.001448076127430701,0.002923734657288663,-0.009840022065921905,0.0038477451386015587,-0.0032409322852020453
50,0,0.0725118483412322,-0.00039494470774091757,-0.0015797788309636846,-0.007187993680884693,-0.011295418641390158,0.004818325434439176
50,1,-0.015622389306599807,-0.001294903926482896,-0.0005430242272347603,-0.00012531328320802867,0.012322472848788601,0.007769423558897215
50,2,-0.007894736842105251,-0.0021303258145363435,-0.0030492898913951584,-0.005430242272347543,0.008897243107769416,0.004594820384294067
50,3,-0.010484544695071013,-0.0021720969089390066,0.002046783625730988,-0.0023391812865497037,0.008521303258145346,0.00442773600668338
50,4,-0.012740183792815387,-0.0019632414369256525,-0.0024644945697577295,-0.0033834586466165487,0.010609857978279014,0.007435254803675847
50,5,-0.011862990810359225,-0.0010860484544695111,-0.00238095238095238,0.0022138680033417014,0.010317460317460291,0.0027986633249791138
50,Aggregated,0.003159320503332191,-0.0014935964192993067,-0.001331472199697271,-0.0027624177786313023,0.0063480763601919486,0.005301507906361265
50,Centralized,0.0029857950627499856,-0.0014963453316783842,-0.0013308509171148565,-0.0027513446421183153,0.006392221762515517,0.005302716866639079
