Round,Evaluator,3,2,4,5,1,0
0,0,,,,,,
0,1,,,,,,
0,2,,,,,,
0,3,,,,,,
0,4,,,,,,
0,5,,,,,,
0,Aggregated,,,,,,
0,Centralized,,,,,,
1,0,0.13959026304508637,0.28701090329250567,0.17943235628461562,0.21024512596700384,0.25362832268422325,0.313813943200821
1,1,0.17909860689889767,0.30832071535286687,0.21158078480791,0.21243283873691393,0.2683019910422156,0.3003660840012656
1,2,0.13197923449524937,0.30043332815667206,0.18045430799640813,0.20208489451000525,0.2504822779245301,0.27635206872321955
1,3,0.18352073474959296,0.31052416427755514,0.21407239677765763,0.2097617502305157,0.2603795464397979,0.2895909226756324
1,4,0.17130939847475332,0.30837200257899516,0.21225824395999343,0.19344428198963023,0.2597792592039327,0.2815770335619674
1,5,0.17109562294320318,0.31042857681610625,0.20808714355464433,0.24596695414390315,0.2687036807235038,0.30366187143006296
1,Aggregated,0.16276100771858906,0.3041789719454745,0.2009779530738166,0.21230568130635696,0.26020770516326586,0.29422032714628493
1,Centralized,0.16264924934727526,0.30409777993028897,0.2008825728520351,0.21191564088742182,0.2601074549003313,0.29412146385593363
2,0,0.040202268989231064,0.05613215031566704,0.04973594210378448,0.0798235623061613,0.09336373907495767,0.10274674221324863
2,1,0.044531431205380174,0.053331055061638794,0.04785881261606196,0.067577025777073,0.08677336884992289,0.09401116596601872
2,2,0.04782595002837878,0.0640581095364793,0.04731908955869007,0.07000603886940246,0.10434313718105837,0.09623604648773604
2,3,0.06808156552945219,0.05025451570341053,0.04514610742103267,0.04943720549962114,0.09441439092476611,0.08457241866472406
2,4,0.07802845657286239,0.045951568353863693,0.053691454371082456,0.05649548516859766,0.10571316238470388,0.08602354951053336
2,5,0.027568096058476377,0.06911820714344138,0.03608262896819608,0.06328785854727564,0.08155473863358195,0.09555321026888944
2,Aggregated,0.051054323527318604,0.056467859638079224,0.04664430944217959,0.06443678342327483,0.09436853440226195,0.09318839014153359
2,Centralized,0.051313699213891055,0.056323332224356655,0.04676832148512064,0.0644625879277861,0.09451506172878954,0.0931683941897502
3,0,-0.029556179478289903,-0.025570174436442574,-0.0010903249974951155,-0.03235162491328702,0.03648847930631049,0.05969503992429643
3,1,-0.014910650178120323,-0.026694184073166607,-0.0006903615356431954,-0.019394332447358505,0.03166756580875207,0.040134938931864005
3,2,-0.009829805834837292,-0.008929764662371513,-0.01483666120385225,-0.03955988673148126,0.0352859714112544,0.04551083553318725
3,3,-0.0029481728790368565,-0.014586727544319316,-0.010384926289280328,-0.03709289774418581,0.031585053514606255,0.032515277247278665
3,4,-0.006494350148718726,-0.023684756740546337,0.0034112423737649505,-0.02609461127849031,0.04550236940380138,0.027320843033106865
3,5,-0.024680810780015584,-0.015485930483385308,-0.008840482657990903,-0.0556234745964832,0.03019449252873471,0.07128186993794017
3,Aggregated,-0.014731252308184638,-0.019159722247595865,-0.005403214866382745,-0.03501167723471192,0.03512470189827709,0.046063961381238056
3,Centralized,-0.014625936929995047,-0.019207080810730463,-0.0053605222849214245,-0.034768625287616595,0.035181880533661204,0.04578105676819257
4,0,-0.0043764057377574175,-0.012736763132254336,-0.048873019980484864,0.03462216371893219,6.0224806910159375e-05,0.014800792726757382
4,1,-0.0035972140524284458,-0.014235151071776853,-0.06521028696399214,0.02829928984586396,-0.005351376789760954,0.006254380937977317
4,2,0.00939536228326081,0.013521044139789263,-0.06132679876622255,0.0398829064824126,-0.008309816835273518,-0.002090136144690387
4,3,0.00834203189381891,0.006867055565769188,-0.05285208687302043,0.03278210740494051,-0.020617163117498623,-0.006998743161609367
4,4,0.005111384702525036,-0.02218428730903416,-0.07759316048764146,0.0330396745811589,-0.0019580563138942224,0.0007074638093696511
4,5,-0.0007512344443222948,0.00381723059552102,-0.03951345075282507,0.033652738286896196,-0.0022010769979762088,0.017537772514621262
4,Aggregated,0.002356536481212955,-0.004162986562997478,-0.05757087572196027,0.03371384274747497,-0.006397510843632425,0.0050291662339001005
4,Centralized,0.0023871217863184143,-0.0042619253111960305,-0.05777831624584662,0.03371452393710927,-0.006439578842867686,0.004891745232394325
5,0,-0.0047201028680089775,0.016862503429339176,0.005500605418886167,0.022689833973093744,0.013396958606897864,0.02828403402918368
5,1,0.005519225182758487,0.023979996384406965,0.007369226279690012,0.030174993667701284,0.020503570960670216,0.020361721461688017
5,2,0.025847952835308944,0.023591006553080954,0.017251889911166846,0.028152268103012253,0.02622360870245001,0.0029007337238283987
5,3,0.02548324958633238,0.022649051513066704,0.013951258650522665,0.028547283774341778,0.016017169873448964,0.009023575735558014
5,4,0.007597511157214154,0.02528374140824027,0.015868613542853717,0.027574813418903613,0.007663676076044199,0.02806912757310924
5,5,0.0033808206458880398,0.025169160287446205,0.003772138552600966,0.023945734207354248,0.023081753197812353,0.014307301285033406
5,Aggregated,0.010521431464304775,0.022921807821209252,0.010623062285249564,0.026848351254473893,0.017810405637186603,0.01716004832447473
5,Centralized,0.010593717641272855,0.02289334282145183,0.010698791815840379,0.026880507573853376,0.017749807366749446,0.01719906602587077
6,0,-0.0036907147609034113,0.0084564129336971,-0.04251222784208611,0.016578373135437387,0.003181802076647069,-0.006142486911531146
6,1,-0.0009523073585500831,0.0028690328597304657,-0.03982918128358001,0.016768310503579725,0.0033158440511183267,-0.0147517298374473
6,2,2.832707767607782e-06,0.005085998496809575,-0.04620596606084642,0.018678916886914417,-0.0010435012257633094,-0.013380858011692661
6,3,-0.0006961164077494438,0.002788319810706615,-0.046209339440069136,0.008733266807979282,-0.010941644931529009,-7.047810010816949e-05
6,4,-0.0008637036890067516,0.0015555499936447486,-0.02424782575479298,0.01572111640541894,0.0014277525120212154,-0.01537324084779474
6,5,-0.0007418529173685433,0.0035156061992263647,-0.05104714290802092,0.015707956443017975,0.0028450481283182386,-0.0054941536129811275
6,Aggregated,-0.001157140664348618,0.004045192295989812,-0.04166910080808153,0.015364362948884281,-0.00020400987353642717,-0.009203818970765793
6,Centralized,-0.0011630649009369066,0.004053618019363021,-0.0415606081295879,0.015363320934690056,-0.0002342902032034989,-0.009249188530926926
7,0,0.01758930822470642,0.014679462303326693,-0.02166831325913944,0.002503614183483012,-0.0026441314181411247,0.002662147951948635
7,1,0.012655630686449941,0.01345548599571572,-0.021083890289363343,-0.010196391827468494,0.003408225650994799,0.004932751170769222
7,2,0.0059858825717314925,0.014303968799428114,-0.028252889579639343,-0.005364254444167146,0.010636867376977036,0.01048757113568394
7,3,0.010611079181572466,0.015268907126525453,-0.03394501016857509,-0.014316068243266401,0.007318615206766151,0.014066659517848312
7,4,0.020366018193428172,0.021025752619125895,-0.028395534170328043,0.004147113884659369,-0.007249671935107458,-0.005770372766505599
7,5,0.007362404108928653,0.013894029264586744,-0.017845200782763943,-0.006638659309527479,0.005880662333440241,0.011114504920226483
7,Aggregated,0.012431626920245737,0.015439659988827195,-0.025202626833270785,-0.004974707659881463,0.0028889858381863425,0.0062452989926089445
7,Centralized,0.01249218441524251,0.015456459578612953,-0.025283066322650587,-0.004951317324094346,0.002852083097469395,0.006185979800625725
8,0,-0.0016140292374607595,0.009812532174991426,-0.007387914840665378,0.0011422542103025509,0.010794566220334015,-0.006946768175296911
8,1,-0.0005072106141195261,0.017215248767566006,-0.005183097519382322,-0.010206569552016964,0.016498808440150763,-0.012637900612555373
8,2,0.012254695160607025,0.023435154104632226,-0.01530166657541451,-0.009130262218610869,0.021024822561178994,-0.039298480469236646
8,3,0.010906159969928712,0.023063297027172774,-0.02074738669783487,-0.007051615735097423,0.01917754158730177,-0.031040356583106908
8,4,0.01590622651643248,0.010452839143983296,-0.003088745848864328,-0.007915641825864808,0.025506209439368172,-0.017386696619702657
8,5,-0.002123736589485113,0.027710233201317273,-0.01815266332255142,-0.007192232319892753,0.00949368732179191,-0.016133685104701003
8,Aggregated,0.005809368785837707,0.018610068844796372,-0.01164052134819944,-0.006725155973478391,0.017087099515798607,-0.02057653672455888
8,Centralized,0.00589515123158953,0.018500160981649142,-0.01155995643754987,-0.0067171012381492525,0.017171499791561306,-0.020619136703146364
9,0,-0.01891679517488531,0.0025902534506149046,-0.008474624866926246,-0.004808592577499538,-0.026130775185920798,0.012517559074534803
9,1,-0.00374273650206576,-0.0006440705368039973,-0.009121660845047428,-0.00268202454939644,-0.04134725317814695,0.00977360343227358
9,2,-0.009285954446755486,0.0023978116074411045,0.0019381307766951424,0.0038536239435869035,-0.05499950496156601,0.007141855634785752
9,3,-0.009970844379844026,0.00816151737772406,-0.009346787789796,-0.008246000793630793,-0.0359259387379519,0.011025567817971219
9,4,0.001866294408383472,-0.008968898193866134,-0.0041888169173951465,-0.004346213908749656,-0.05565172614583509,0.0014235515978796786
9,5,-0.009553311948468755,-0.006383569238292285,-0.010447248369983992,-0.013143339285362137,-0.033062727057181225,0.019950427461509372
9,Aggregated,-0.008265885783720948,-0.0004731628756277997,-0.006604507687405638,-0.004892160555250059,-0.041191790437154555,0.010300154550011075
9,Centralized,-0.00825490580207288,-0.00040510203021182204,-0.006560112072850516,-0.004794493788030025,-0.04128121773553477,0.01018918133712584
10,0,0.0031135455289966066,-0.018417521115086006,0.016944013451038936,0.02310461530896807,-0.012766411981200827,-0.003394103529244658
10,1,0.008617299537704943,-0.029630438420731636,0.020532368030234636,0.0268276075911479,-0.012647602541191722,-0.006746407975095233
10,2,0.015721863950251356,-0.03776536454093377,0.030048765322818465,0.039144410629851696,-0.020648402541582123,-0.02735313892203553
10,3,0.018394523676060356,-0.02115304346785339,0.027971513733086765,0.03082897776472082,-0.014019443499677082,-0.029592226070338113
10,4,0.011281859892672592,-0.03865537032634598,0.023915821886179283,0.026623550540557338,-0.016964923678823192,-0.00897076853419828
10,5,0.012386969097684148,-0.023589542764984435,0.025210012955736754,0.022808432800931387,-0.00488652671632485,-0.007868339313117737
10,Aggregated,0.011586047288609128,-0.02820511330411233,0.024103758374620497,0.028225200780738164,-0.013659882811683443,-0.013990408129575816
10,Centralized,0.011570799652587787,-0.028256770971983706,0.0240864078533079,0.02828573920780004,-0.013761162011693116,-0.014052151097291066
11,0,-0.015799988546424164,-0.026150318772636863,0.008123002837802755,0.007534503541892344,0.021251369870842675,0.01827542091981184
11,1,-0.008053322958544006,-0.03924099587802672,0.013471282837037912,0.005289167229567324,0.03135744341859348,0.016737723856905192
11,2,0.013331284482412577,-0.04797349091083115,0.024821914423253568,0.008733413966414772,0.037995169907013404,0.002927708135726402
11,3,0.005603138229925651,-0.043910000965210305,0.017686836939538885,0.004239218606309232,0.03404074147315007,0.007111570705591745
11,4,-0.012539660091666733,-0.04692281094543408,0.01786384215320643,0.009527783643459744,0.03746313347247533,0.025478343000818967
11,5,-0.006008904370905983,-0.033522946067758054,0.003470260735640746,0.002080477695488874,0.027295541223997886,0.012686361598954947
11,Aggregated,-0.0039109867079485695,-0.03962376713200436,0.014244713583712276,0.006236455797587384,0.03156990905373805,0.013871259468695227
11,Centralized,-0.003893531704145756,-0.03968742994706498,0.014366509799556707,0.006285430233443258,0.031614332933958204,0.01388770596555974
12,0,-0.023662789710372188,-0.01490187035219311,0.013726511044700438,0.016016041520682648,0.03140646797245128,-0.008805457359651202
12,1,-0.015789251179492963,-0.018337446853924258,0.016187838226636928,0.008012312409282138,0.03426330619050525,-0.018680403784977942
12,2,-0.009408236665301844,0.008647141010025857,0.031169494823487857,0.009711354042482367,0.014826435415670245,-0.04479724439611113
12,3,-0.006008650531529941,-0.00607565472537025,0.01546714766775049,0.007735338419148559,0.01144227999909072,-0.024151009006544526
12,4,-0.01564653789615175,-0.0007390752933471502,0.024505494337050612,-0.002930928377951447,0.03588610651606277,-0.023015307622918656
12,5,-0.016672949328417678,-0.012792598329789517,0.018614499607261904,0.01632831780022106,0.03120667766277735,-0.017266850231933677
12,Aggregated,-0.014530473778915916,-0.007361793196369905,0.01994690514859424,0.009140810865557816,0.02650344711162758,-0.022789000072869724
12,Centralized,-0.014511830888178319,-0.007304073687702053,0.019960681787523152,0.009061472295932965,0.026455452483896132,-0.022847382370677054
13,0,-0.025246067678824247,0.019584740481741827,0.012692448140545223,0.00034267862792684384,-0.020397670119628872,0.011647961740843036
13,1,-0.012760577662268352,0.01953252118952849,0.006725632265690595,0.0033798067984931695,-0.0193119294247965,0.016314211291094585
13,2,-0.006212304397281414,0.023808904793674698,0.0044974956097893915,0.008654017210726004,-0.029056006976624606,-0.0032559787986975778
13,3,-0.010637729842437757,0.02304087035196286,0.00301202933764517,0.0039307164282068275,-0.021002771466394128,0.004758308476850379
13,4,-0.019091403005382115,0.022005708824901344,0.013009574296901298,-0.0043348412051972965,-0.033299105989865456,0.01688227867872781
13,5,-0.01571039808229873,0.021151309412694108,-0.003964519531722122,0.006925751036244768,-0.02026632529975194,0.02338866559926998
13,Aggregated,-0.014943649885341396,0.021521182317728284,0.0060005577401711216,0.0031469950597855395,-0.02389248328925489,0.011617662858088788
13,Centralized,-0.014939083223350549,0.021523833963382758,0.006119329893314148,0.003102595875785188,-0.023932667222928052,0.011482612514759176
14,0,-0.01671821828834345,-0.009317636529371119,0.0056911008123011995,0.009551259093182782,0.00219889756624699,-0.036981770594897025
14,1,-0.02001614712175915,-0.012155325678301552,0.008795938869902696,0.0028102219593234934,0.0050432817990942415,-0.06424808292606464
14,2,-0.01965896568562873,-0.0008703507629303966,0.014274516350975425,0.007778707705491226,0.004377708452066535,-0.10126465348880946
14,3,-0.010286797972877458,-0.0034661820191262305,0.009837980578532123,-0.0009992214746365046,-0.005267125881758687,-0.06130204514084644
14,4,-0.022027053566348202,-0.02094534422226258,0.01428544951870269,0.024725610293891344,0.001266015071048551,-0.061732629665922384
14,5,-0.020604171303289908,-0.015669498663866414,0.004798208481522322,-0.008353627567010151,0.005815473701314403,-0.06350537363517199
14,Aggregated,-0.018217831238258778,-0.010403065461489079,0.00961668524009013,0.0059279796822388825,0.0022369902272541646,-0.06483930268751276
14,Centralized,-0.01819187094462089,-0.010342361452450223,0.009670601563865205,0.006095278294597708,0.0021983849151406645,-0.06484644357139038
15,0,-0.01529107972332271,0.0034371590078954035,-0.00534107200202143,0.007606287410196586,-0.005556314471845929,0.029701575738302087
15,1,-0.015663066756609154,0.016212693645256637,-0.007549707204178422,0.017990325013322372,-0.0027380203185007994,0.0319197763744448
15,2,0.00438575947645584,0.020051883726974817,-0.03287514397171313,0.028435588148095672,0.006493721192230096,0.027392441706004873
15,3,-0.002757406079253261,0.013535142196175385,-0.04808101225698206,0.01642976815849156,-0.0074729659906548436,0.03597239299033164
15,4,-0.018022309931826578,0.022003151884490143,-0.007459435253218942,0.02080435797406483,-0.005989957341682626,0.03392462000614706
15,5,-0.01119478203121003,0.01338617519634988,-0.009437368222939047,0.020829672757464095,-0.003830454451145448,0.04440784429736778
15,Aggregated,-0.009756871215675233,0.014772440730083568,-0.018461103917340085,0.018682153638800193,-0.003182516816938992,0.03388226148670526
15,Centralized,-0.009744232412896323,0.014784145263457131,-0.018551195447377124,0.018653555944646044,-0.0031738317595717937,0.03375686873173651
16,0,0.019918005490838737,0.0009001777089938517,-0.0060467136302736774,0.006636604800448487,0.011754853709685749,-0.01678896438881283
16,1,0.022642153649259953,-0.004217599479686648,0.00039830672833210894,0.01122456008854279,0.004648521232218204,-0.012143653399157227
16,2,0.02314831245222375,-0.004389009703431322,0.0006614516720278686,0.02998021880954125,0.00510839454924215,-0.012745278763154618
16,3,0.03494868102520653,0.0021790593456876045,-0.0035941818828635263,0.022430597187965064,0.0037107366612564655,0.0059565296187484434
16,4,0.024314548102121913,-0.007772351090886219,-0.0041430958680081665,0.004653809828432397,0.0009245729820771845,-0.01761034504096962
16,5,0.027488827453007143,-0.008122565491061362,-0.0028047380847553483,0.011852509348414846,0.0098709509155311,-0.0018826661571969803
16,Aggregated,0.025409442600432423,-0.0035689528277020027,-0.0025887122153322875,0.014463228326457106,0.00600083731126659,-0.009206274997748579
16,Centralized,0.02537959801849632,-0.0035157402897430918,-0.0025864606208863415,0.014489047589233651,0.005959146899294303,-0.009299059581516349
17,0,-0.007566748849293376,0.0020162138441069573,-0.005682359934659647,0.0051917105888692056,0.00551527062900169,0.0023952779093002106
17,1,-0.004742809198647282,0.0011334876318157014,-0.0010939367751089636,0.0024718461987460827,0.002952960830341277,0.005016810778617995
17,2,0.0018214677512485983,0.0028680995153586328,-0.007581535009923736,0.0038430540754289155,0.0040994039307571065,0.007446814271716261
17,3,0.003913533059812625,0.002855052402543424,-0.006069365632284957,-0.0031255742541211867,-0.0008801991031161256,0.014113266137127406
17,4,-0.009666993982862112,0.01709651900979075,-0.01223851049309631,-0.007570889252934707,0.011547337507296722,0.003406807641325434
17,5,0.0049514071033642856,-0.005585661327892315,0.004369681802807876,-0.008288799396296544,0.003886730371472223,0.011768835737850841
17,Aggregated,-0.0018852861433040727,0.00340335389246772,-0.0047214352033598805,-0.0012448744297533865,0.0045217349168413514,0.007355869664655668
17,Centralized,-0.0019683742800897207,0.0035058355281921035,-0.004825779906118531,-0.0011581336749227728,0.004530414622601607,0.007300565595784868
18,0,-0.0036670520645166738,0.001438278733177856,-0.01286370355447878,0.00879481334462899,0.007261324649278874,0.002964456806446303
18,1,-0.0031428541947657583,0.0023690649835970664,-0.009246372667651699,0.004463955864955581,0.007618414509112385,0.0030182434321885466
18,2,-0.005570825167972473,-0.0037835204665687214,-0.012524705456229326,0.0005852697781001108,0.003517794637291827,0.0013915062503552689
18,3,-0.0016517538599400904,0.0036082685560012806,-0.016633329311172715,-0.0072447417615284365,0.0011701615782300139,-0.0010298991804960492
18,4,-0.010927268908564157,-0.002738656147546792,-0.015060456078551825,0.0017248346238719434,0.002977651778749414,0.01800208924604624
18,5,-0.009893990591149805,0.004832180012497277,-0.02120566358959411,0.002374731342241671,0.004589202460483983,0.003075129853186184
18,Aggregated,-0.005808325208132655,0.0009519016567849817,-0.014587053463165748,0.001782505499705608,0.0045217402946949375,0.004573007791113539
18,Centralized,-0.0057602494525124,0.000906541269809975,-0.014507618343877086,0.0017817157469363506,0.0045237915384516185,0.0045897662243528595
19,0,-0.0008638465001531996,-0.00980379044199876,-0.004546588861310271,0.012904073663828567,-0.011668013813472728,0.00573876086774322
19,1,0.007537887207325167,-0.020120480704729493,-0.005576122740995638,0.016434097772213885,-0.004873592925910736,-0.008145533324291
19,2,0.006550801574720176,-0.019852909364177645,-0.00928099760253385,0.022312031514466934,-0.00446406678455066,-0.025600766813848673
19,3,0.011233484177162915,-0.015324880763151073,-0.0014223855466632056,0.007441603553286129,0.012676284752258245,-0.012874992954496036
19,4,0.013059124937125835,-0.022965635282994383,-0.0009752747974789194,0.021244273035029376,-0.006536882726586331,-0.01095625289796634
19,5,0.0063514667534132685,-0.019504249998418988,-0.012535512221676518,0.008722834351519828,0.010641323168825356,-0.007109415100130633
19,Aggregated,0.007312674492411409,-0.017928391655138244,-0.005719272553103904,0.014846429238993734,-0.0007092068080488188,-0.009826249545633978
19,Centralized,0.007318772380687099,-0.017907604320875684,-0.005641544407862393,0.014919199638481956,-0.0008500793802230442,-0.009850928073146541
20,0,-0.0009259831868513331,0.00036736450878646637,-0.004940831215128413,0.010214658353835993,0.010806944552400997,0.00823892325792151
20,1,-0.0017195313233250968,-0.015864764952509325,-0.004841711961116751,0.006525085436083077,0.015114861361866001,0.0025077632710146314
20,2,0.007053764329957557,-0.020074668332473605,0.006765322151512525,0.0073985669914059665,0.01997202227188,-0.002386526038167107
20,3,-4.5301978667402115e-05,-0.024560407532339915,-0.003468944384772674,0.0015077925093229848,0.009145780956864701,0.004144021890972211
20,4,0.0024990883825191214,-0.01135119078165098,-0.0035503037443976706,0.008251161323199332,0.005972160488383157,0.019156919519752874
20,5,0.0013530503773909392,-0.023059907622752132,-0.0031016254121754394,0.005658779672248284,0.0216070890185925,0.0075340858320627835
20,Aggregated,0.0013697845525640947,-0.015753525850589242,-0.0021891128848752954,0.006593314375643773,0.013765191681573445,0.006534460930082893
20,Centralized,0.0013690874132344312,-0.01566006810854659,-0.002179159144539005,0.006607101388102951,0.013675570188684464,0.006521848585064196
21,0,-0.012965307537626675,-0.004542221402172205,-0.002191999098069672,-0.000981403815647585,0.006292075876111939,0.006511349581471455
21,1,-0.0072297149916526115,-0.006940857952767723,-0.002094368532224296,0.0039020897385025873,0.007124950256356381,0.0009959269137219222
21,2,-0.000402972695537695,-0.0021501020721606564,-0.009384238955860963,0.007214460579259444,0.0038337641277716955,-0.006517954517860335
21,3,-0.005539774779439608,-0.009225422116982589,-0.01561973177393932,-0.0036010851460246862,0.009297426265988767,0.008067405856218584
21,4,-0.008223875023825288,-0.0021753899121477777,0.00013308796820912718,-0.004372816766193841,0.0013075387340337342,7.981005491342553e-05
21,5,-0.005541613992607902,-0.014169964593632919,-0.006619506791833119,-0.00673868882738319,0.005481723886170062,0.007271702307341898
21,Aggregated,-0.006651154250240078,-0.0065300793634518435,-0.005962199228217773,-0.0007615422989704482,0.005555455427869209,0.0027326522368937285
21,Centralized,-0.006666423408401122,-0.006439772277019292,-0.005950491789659326,-0.0006894937875305371,0.005556102169734631,0.00267945062999043
22,0,0.01389555497997002,-0.014072273909412547,-0.017229474656476784,0.015792553343499226,0.0031767851885293333,-0.010040564918324637
22,1,0.007553694759675021,-0.021654869070317384,-0.005470111070786932,0.014447660398227261,0.010035961777700674,-0.012227854420705246
22,2,-0.003097793777509216,-0.01916065468171897,0.006033183057721544,0.006457600803871604,0.01869587529287187,-0.017223245525745216
22,3,0.012278469137319207,-0.0023205658846512014,-0.007985414334580035,0.00586687683568329,0.010611520446236646,-0.002796309533682731
22,4,0.018769723404385413,-0.025164239525247458,-0.011721796427022167,0.021855288283942117,0.012638428009981169,-0.015313612929511044
22,5,0.009303559137908209,-0.019140378162149627,6.108667414081695e-05,0.010157453866846196,0.0136488593979368,-0.009559756442048487
22,Aggregated,0.009785657921206708,-0.016918383978257907,-0.006055565548279712,0.01243158384961043,0.011467347757257515,-0.011194686860986158
22,Centralized,0.009790243395228236,-0.016896060726695698,-0.006129298318666248,0.012460612680210441,0.01143879205610456,-0.011215941975628807
23,0,0.008100736212044785,-0.000722629378329839,0.0015405118084292845,0.004600432570930165,0.008364498406870247,0.002294039469867877
23,1,0.004819561828580064,-0.0002643949110059246,0.005693781961399754,0.019520019942430807,0.0045643941952977825,3.98949155276693e-06
23,2,0.010979861598844984,0.002969872144687527,0.013226397065551386,0.037053795037613683,-0.020305708139993224,-0.004930796296465657
23,3,0.00696522924566725,0.010467076495170815,0.007174202947589168,0.03398053904433827,-0.025365470371606767,0.00872816365864059
23,4,0.02315128021127918,-0.006901121064595608,0.01484876158621785,0.0030086415760926825,0.007559475004900599,2.2259484801504586e-05
23,5,0.0164559997926905,0.0005343408935144332,0.0068340954350283485,0.026243850292324452,-0.010147213721636877,0.0002897732702444268
23,Aggregated,0.011746038797802503,0.0010131222229850488,0.008221507692192072,0.02072987390460959,-0.00588610695973382,0.0010682375666667876
23,Centralized,0.01168882052423,0.0010155921076159089,0.008234452719194263,0.0206573428135706,-0.005824887036365837,0.0010750191087166437
24,0,-0.053241598370508895,0.008743908768910255,0.0010024911990077548,0.0012287695779878813,0.00655472576442898,-0.011668498012331099
24,1,-0.025440672714413894,0.0006062206606737764,-0.012937960034571237,0.008708154284817908,0.014701524138292621,-0.032941948512282854
24,2,-0.0013571049817201605,-0.004648262665660234,-0.0274611283934566,0.010918624762665306,0.022269191542248032,-0.05508341277424788
24,3,-0.01267858992594339,-0.007235144654627838,-0.008047860836183581,0.004190238896806577,0.0024540768273971147,-0.03775607908149664
24,4,-0.06524116581234092,0.00205386407318596,-0.00867153428938334,-0.0041617615213828405,0.018671887284186797,-0.02746874881832008
24,5,-0.02175502128347779,-0.014464755862906917,-0.017551498847403965,0.0025379879313484855,0.011394816292672045,-0.04120643877660931
24,Aggregated,-0.029961465410900445,-0.0024854100045566168,-0.012275074417318618,0.0039024283052629927,0.01267547468172887,-0.034350506435983676
24,Centralized,-0.03006590210826169,-0.002339957036344441,-0.012210835112128216,0.003919257318200741,0.012691091966405603,-0.0342620951302823
25,0,0.0016832964099174643,0.007389092578077568,0.00037286818923291547,-0.0056652258623072415,0.010203808855176315,0.023508998077298
25,1,0.008956988630577352,0.008912732912866423,-0.008527226611972449,0.0037405672952494657,0.002547995872522072,0.0165297071901468
25,2,0.013724765113218093,0.019386502606574534,-0.001388879097721684,0.007527757040119619,-0.003347068354685163,0.00479624523795547
25,3,0.023213586070991703,0.014196919057830404,-0.012678256933335505,0.0012161861792060723,-0.004887305693223529,0.005586186538355214
25,4,0.00859223537202173,0.012758314142215182,0.010344902712820396,-0.00482797383195684,0.003363689983647165,0.040893832976035965
25,5,0.020853920420129415,0.007282248804402472,-0.0024897644527722244,0.0006771862222522776,0.001903607974843199,0.02360548241366003
25,Aggregated,0.012834012625279874,0.011656700458921615,-0.002391683288042205,0.0004434391052734024,0.0016307877152763098,0.019154965506658777
25,Centralized,0.012732853981144836,0.011704831257417146,-0.002388649802533838,0.00043952755079242273,0.0016328721704229206,0.019105818991375173
26,0,-0.014218187987067674,-0.006446938147782729,0.0004136131475036627,0.024413593203395444,-0.0002722965207284823,-0.017740961874753675
26,1,-0.014526595594039104,-0.014782681521635239,0.0035406677270801803,0.021517506452898707,0.004356691310439769,-0.014874168135163015
26,2,-0.011868836498579284,-0.01842395441242111,-0.004781048333479473,0.023195406164437316,0.011351538649611139,-0.029928407905124823
26,3,-0.007034479131309008,-0.010563644931849778,-0.010071221725457703,0.017097446213871752,0.01465881404918807,-0.015560394349122476
26,4,-0.016171408192286123,-0.023886317686668556,0.0027470179053740557,0.03637637994236853,-0.0001700778015788268,-0.025131648465053752
26,5,-0.021439516201056906,-0.01996343462675239,-0.00022298348916555317,0.024003194426732093,0.017106993922992978,-0.014954346857562296
26,Aggregated,-0.014207002558833219,-0.01567729776933209,-0.001396268897043836,0.024436205193066905,0.007834038133958445,-0.01970178462234067
26,Centralized,-0.01412489281114447,-0.015624474144055201,-0.0014062368540014975,0.024441652879674727,0.007721260280360812,-0.019756516075689255
27,0,0.010104672371997444,0.008844695225102998,-0.015966094907676354,0.010582233387445246,-0.003552283798346525,-0.01901348409865817
27,1,0.014496232428066039,0.010559651183279634,-0.014733469677989115,-0.0013342348957663267,0.00260532526313063,-0.020990035688784176
27,2,0.032977663521638646,0.01188368329753182,-0.011423144062127124,-0.003413541645043479,-0.0050036847269941225,-0.027285992686129815
27,3,0.022466618774507528,0.0206299376630348,-0.03149228689673021,-0.009540746018552275,0.0018764794907899954,-0.008265748096479942
27,4,0.025320793350009967,0.009604586990262315,-0.002905650437043783,0.004282777340582653,-0.018031973071339556,-0.043396474207721976
27,5,0.021967347959972506,0.021177641312070505,-0.03106262966266011,-0.003303820458495148,0.008333642055843703,-0.024989178614942424
27,Aggregated,0.021223436106341753,0.013780093722007117,-0.01792330169372286,-0.0004525521561443847,-0.002302843951106748,-0.023992897156369233
27,Centralized,0.021208658428696018,0.013689548814061009,-0.017766227430239295,-0.0004130854309244295,-0.0024260687380393956,-0.023981933971000652
28,0,0.0017398044030269787,0.013340004772307954,-0.008117293548698504,0.013346051872472134,0.0015874787078193927,-0.0023264616017401973
28,1,0.0025107730519928627,0.016062215508053403,-0.014097101631049385,0.010231747329027095,0.006612400697923373,-0.008172936024861657
28,2,-0.008792455838227612,0.011138423143679813,-0.010216400242653082,0.017354547592690353,0.015903697119069134,-0.015269640966214588
28,3,0.003470212911550733,0.016649863543801713,-0.013673556805859494,0.007936719970178998,0.00988745333557709,-0.0048484481187075525
28,4,0.0014803325025937349,0.03504089597218158,-0.012338776026171288,0.023224783186053095,0.004623644182312274,-0.00038839029552773766
28,5,-0.003649178056513954,0.010913457882681377,-0.008764538912467788,0.014965546139741947,0.01819703897239678,-0.009458828434298334
28,Aggregated,-0.0005389118095793301,0.0171961574341375,-0.011202063024668685,0.01451154354231943,0.009464634389954433,-0.006741864896665181
28,Centralized,-0.0005030528968623945,0.01726557156411089,-0.011228741868640054,0.014506329929401223,0.009360063247180415,-0.00671034322551502
29,0,-0.0069397501141487536,0.0019467454131964798,-0.006401170836125519,-0.0013204684257314152,0.01344097045874452,-0.004877556691657297
29,1,0.000792939760052359,-0.023228836508062782,-0.005940323878199062,0.012074560667296,0.018822265362854744,0.013541356702950636
29,2,0.006460672593863759,-0.021162434617540665,-0.006733048547528417,0.015489547274452042,0.013640115479328259,0.010841781742021718
29,3,-0.0007829438647444947,-0.0013195398056532965,-0.0008987725736867427,0.00960031211832791,0.005518678497679584,0.00597144180822988
29,4,-0.0077337267595826206,-0.006626839905171155,-0.011135562415477212,0.009480662281091944,0.02402117756353855,0.0068463661687068285
29,5,-0.0017851810374538036,-0.01771947828703489,-0.009611010421857816,0.00595749238382157,0.011809941088534339,0.018983207077125443
29,Aggregated,-0.0016658196368209944,-0.011346681086542212,-0.006786184549935095,0.00854774953348714,0.014544085859466382,0.008545726633309589
29,Centralized,-0.001665482572030922,-0.01127333083147704,-0.0067545423929646405,0.008574470177369042,0.014578056048094467,0.00842093302978523
30,0,0.01586121322335273,-0.010768543436716222,-0.019129894653553324,0.008401633926582221,-0.015404038553930858,0.015114278668734382
30,1,0.021807089805673353,-0.0038740508984458095,-0.008170703623244024,0.007643970409832177,-0.03592965263897219,0.021015045932403047
30,2,0.02861392247559938,0.007418660050864516,-0.011048303685003879,0.009485954118411112,-0.04992416103988668,0.02363042363604089
30,3,0.021869901335769496,-0.001030046165761946,-0.0002940851078573808,-0.002500812870588898,-0.03556129872634275,0.015111804732713762
30,4,0.031107998638223024,-0.009269615348176597,-0.0256319414270722,-0.002417664044428734,-0.04660991830677273,0.022756775615796636
30,5,0.02479194226858734,-0.0014413604100632661,-0.02020666357719824,0.015049738879852134,-0.03669322431781793,0.03113972123284909
30,Aggregated,0.024009661003533002,-0.0031623186045544407,-0.014080135525701394,0.0059385171013555844,-0.036688556742741324,0.021457481728474177
30,Centralized,0.023997120860038326,-0.0031852663339493365,-0.014012780614184884,0.00583747827139226,-0.03667971558886774,0.021344229422655
31,0,-0.07775432975300144,0.026452615419633476,-0.018856475056921382,0.003154835144526666,0.012770881108189856,0.014034855288120244
31,1,-0.0567752965879939,0.00612991943297355,-0.024315940315104197,-0.0051835640192868975,0.01346174780045146,0.0017437195856742514
31,2,-0.06719594193461431,0.017260720840982197,-0.018985482404734876,0.006529220932881973,0.019068815728451125,-0.00853299530679273
31,3,-0.06727097652067802,0.026845157693389632,-0.03856708183989877,-0.005382553486743629,0.002392422618932948,0.01851790457620449
31,4,-0.09586574525718117,0.012926808099413519,-0.0345890032939845,-0.002071516786691412,0.026172009833064867,0.0058108381242984695
31,5,-0.0526806070487466,0.0038665361636658407,-0.03546299427090043,-0.005395161547375175,0.023622610991790027,-0.0008972119682705785
31,Aggregated,-0.06960318544916347,0.015586223949878951,-0.028461312427832938,-0.0013893178685242527,0.01624675008858932,0.005115976778000352
31,Centralized,-0.06979897868021116,0.01572188637707255,-0.02837110852037369,-0.0013398980050430363,0.016162532876162247,0.005183877729283836
32,0,5.7232859776383074e-05,-0.012076740913385502,0.011001294759251786,0.014508599555933473,0.03201853953546001,-0.036196636382258764
32,1,-0.0056188957274960726,-0.013064265329182222,0.010306255888342735,0.011705336379588621,0.03573294946657279,-0.015508441880532709
32,2,0.016923828489470993,-0.013353299107047863,0.0064612921447438215,0.020826327840379927,0.04177224658803214,-0.03256635443973078
32,3,0.001384047118780782,-0.009261340265657144,0.011586489251592854,0.010110315460013963,0.03161645302683125,-0.012289297023674392
32,4,0.015222619218570153,-0.027146836364052258,0.018487187001124263,0.013081543214077155,0.06889853417665927,-0.04692304041013203
32,5,0.0004200193957187675,-0.011160572001556839,0.00730846088635285,0.01970288324014831,0.03865826423199519,-0.02274788636694899
32,Aggregated,0.004736251902714308,-0.014347184485714874,0.010861159791766951,0.014987362362578251,0.04145537243602578,-0.027711822084117252
32,Centralized,0.004783189162992608,-0.01438335317321673,0.010901246520482648,0.014933711683060819,0.04148343890952924,-0.027773770154801713
33,0,-0.009717090324797211,0.006346177209158143,-0.008863338025857637,0.0033293138118402434,0.026339506692722843,0.0009732619650419192
33,1,-0.008186674883572661,-0.004452643063578929,0.0004676670050546937,-0.011903971192950356,0.03146033062656489,-0.02140195570787408
33,2,0.013977269345198098,-0.009431957373286587,-0.012898293309898176,-0.02016325845847401,0.03325563454835673,-0.061207150140088776
33,3,-0.008488372195880212,0.001224658827373656,-0.030475844638514517,0.0032559538273047098,0.025858869617271078,-0.02981137096334468
33,4,0.004553391297877555,-0.0032787072428353244,-0.004155397440478899,-0.015382232827097768,0.042013694664183206,-0.01816948561525176
33,5,-0.018699535163452904,-0.002533925905202509,-0.03175826144677148,-0.0006456349228471044,0.04145251086506056,-0.03664804998542468
33,Aggregated,-0.004418978134275748,-0.002020682646866597,-0.014607291314224106,-0.006921458159599495,0.03339483252172765,-0.027706542802559152
33,Centralized,-0.0042543882106891385,-0.002013025964798537,-0.014398656727906323,-0.00699401811045977,0.0332992817991579,-0.027591488562718574
34,0,0.013871529055047484,-0.0022616074416088477,-0.027793029088792033,0.0019296992048090473,0.018679497920095014,0.019116034652791974
34,1,0.013584787187878398,0.0014747878694792934,-0.0189688232571095,0.0021882342507503144,0.032053608586393514,0.023277936979052727
34,2,0.018056309903365993,-0.001179842204765558,-0.0008699464872630094,0.0008229094349636934,0.026593547376956052,0.011847184672319213
34,3,0.015470292985445671,0.008783295313717522,-0.0144919577803904,0.012121216618235429,0.015031802223957093,0.027988917666700877
34,4,0.03703660251889527,-0.004239814302938885,-0.047662869292335645,-0.002075625771766432,0.04738793020051913,0.037924632357120756
34,5,0.018078583756230344,0.0038670226108970104,-0.010569391598136501,0.007474939373126759,0.03599815319271814,0.02775903593853995
34,Aggregated,0.019353540141246496,0.001071980464572358,-0.020067420521636084,0.00374137607391998,0.029290079470130008,0.02465304365999095
34,Centralized,0.019364458970480624,0.001036246050304767,-0.020178860966923978,0.0036948430203836715,0.029210909759034735,0.024611477067712353
35,0,-0.005752954104763157,0.0025479097355892506,-0.01789283868709545,0.016837741243151787,0.00345729078294853,-0.006423482714338914
35,1,-0.002853755096649113,-0.003028629581886915,-0.0109443346752185,-0.0076249799994456986,0.006989097791846868,0.008913334125865896
35,2,0.015444171787075876,-0.004021152292177483,-0.003371107641003597,-0.0052517542317448524,0.003863565334889822,-0.009177934902300365
35,3,0.008407739666695961,0.002952294664647044,-0.007221440214913499,-0.016041270802100136,-0.0074338691306373725,0.011315961657539097
35,4,0.017326881441124875,-0.006450565315959947,-0.030927062268237934,0.010511245865247935,0.007080449359161831,-0.004598354903443015
35,5,0.0066961931641647,-0.00514788765717735,-0.005438108287634861,-0.012609796771366201,0.01675944460916167,0.0013281139756999908
35,Aggregated,0.006547502541679198,-0.0021905679776176986,-0.012638360317408929,-0.0023562235766805837,0.005114404180581339,0.00022389453738528393
35,Centralized,0.006537793433277249,-0.002155768805768795,-0.012723351579676252,-0.0022275305247271148,0.004982254740983502,0.0002065698136917581
36,0,-0.0037978194350860427,0.01087464169158971,-0.005378590065871644,0.012588644308320787,-0.012428750483435726,-0.018014277046455925
36,1,0.001726873012321155,0.02417986780264662,-0.01119227549678912,0.006605686381797377,-0.009384189922709838,-0.03106422264299485
36,2,0.013149471631922215,0.024261057874526374,-0.015177191459096849,0.013173845593723683,-0.00782110756329538,-0.05052809672018655
36,3,0.0024491297931965176,0.027992955975908566,-0.002779801261355436,-0.012489933974345961,-0.0005342811322159367,-0.032641881779949075
36,4,-0.008048916217414399,0.03478062641466956,-0.006403907289923508,0.010660134972042722,-0.020422732744210345,-0.0458105280324314
36,5,-0.0035502857167566317,0.032593921120914096,-0.018754959618058054,-0.0009935290785361495,-0.00839550852326037,-0.043556225289589134
36,Aggregated,0.00032166896270797226,0.025779120288936475,-0.009943373745331566,0.004927225437302468,-0.009833265235815748,-0.03693514857611445
36,Centralized,0.0003660474723617407,0.025691991387563527,-0.009842101757966265,0.005004695784029499,-0.009852718019549525,-0.03685069129438086
37,0,-0.00668935668317778,0.005796745550907698,0.010679543752726709,0.010751783392500328,0.0030566939450816727,-0.005510510216111607
37,1,-0.007838584877472219,0.008087031138661906,0.0055363540830754695,0.005898324923090045,-0.0030635655323091823,0.003130337551570258
37,2,-0.02094470963953688,0.007547509733189731,0.014290927588553853,0.004245959533641071,0.01658511168609982,-0.00745468758968763
37,3,0.001965578308485696,0.0069588962806537554,0.015228547975640666,-0.0033395129556708643,-0.013783767248243617,0.00704473137483634
37,4,-0.0131390998515669,0.008282855425451293,0.019300800970055893,0.010950151376524827,0.0070285604726971086,0.016080113863631267
37,5,-0.01618327683786743,0.0072580575703101845,0.009990498494090831,0.00370584858770118,0.011687119267760391,0.005443401891083139
37,Aggregated,-0.010469901250264356,0.007321904041988782,0.012507458670376155,0.005370179105928541,0.003583015227420782,0.0031230777395903236
37,Centralized,-0.010405549048707465,0.0073222029933420725,0.012533350562553886,0.00539385949116005,0.0034929534106082193,0.003089647444177853
38,0,-0.012304174056433869,-0.0038940724460839915,0.00738673387598071,0.007542178847587142,0.01541857468792792,-0.0016025962014229896
38,1,-0.0012696463381613175,0.003511725311746854,0.004935767334698657,0.014568608520829834,0.0054019571412210424,-0.0013054894057607245
38,2,-0.003089092440130128,0.008577508764935004,0.009443160616159567,0.014741653864669179,0.013289235591677426,-0.016028323292810256
38,3,0.005533231838869268,0.013506213428777504,-0.008547689817913944,-0.0051849261468244635,0.0008700523175220677,0.0029971621701181494
38,4,-0.03197723317665707,0.018613672509436897,0.022423722966014928,0.009678212702923659,0.010845422309023875,-0.007686259402725642
38,5,-0.021834036261708028,0.011627308191302631,0.0072276490400749556,0.010533059782621115,0.021134199380635602,-0.010631053538977673
38,Aggregated,-0.01082316306604442,0.00865793486972129,0.0071473287515505055,0.008644972560033099,0.011156444959786063,-0.00570824090824096
38,Centralized,-0.010696685847458712,0.008614887394392328,0.007149605385962811,0.008628153951731892,0.011044419698631297,-0.005651481117389735
39,0,-0.0006859172946222944,-0.001939035307309343,-0.0009183947826475655,-0.0019646187547228164,0.0026620202508157017,-0.012556648193806587
39,1,-0.0010542296921326373,-0.00156340051425752,-0.00833897149978243,-0.000393096842845901,0.0020898594594208485,-0.0023598204997567693
39,2,0.007814447224283282,0.001933462319108777,-0.02202251887586207,-0.00549379661360116,0.01306413277167261,0.003747265726893976
39,3,0.005072178093084184,0.005136968749747058,-0.016115751321194978,-0.01940863571722504,-0.0028080131120799164,0.004831806165974061
39,4,-0.007387959325499834,-0.004337492634479321,0.0028811410084602727,-0.006399682929789787,-0.005456412183281614,-0.012096792796918325
39,5,-0.0016381885480720975,0.0034746727363001093,-0.020292788397016284,-0.003976944723450385,0.009278062050897297,0.007495457155468667
39,Aggregated,0.0003533376389282589,0.00044918733224031765,-0.010795600226661498,-0.006274619454485131,0.0031346027426321843,-0.001828452678977867
39,Centralized,0.0003754340165778346,0.0004116481220930473,-0.010680952392796608,-0.006294347884218179,0.003065945555902648,-0.0019420954855509209
40,0,-0.009789032732501283,-0.0022892514583806585,0.0036214689665765376,-0.011105223147568241,0.006057970845305675,0.00873911381855923
40,1,-0.005624363246836519,0.0007437915690836495,-0.006005317797809495,-0.011617183921232819,0.006070359641017136,-0.003215456234973558
40,2,0.0022737780550762888,0.0023826085914497143,-0.026095538359151252,-0.0020407954737596532,-0.004104549959618692,-0.009644675751224798
40,3,-0.0092978396787972,0.004587078639546382,0.00491457141985825,-0.01781091061605824,0.0069086277556952,-0.01371550018959617
40,4,-0.021846657294769874,-0.00836798402300274,-0.009460042104687596,-0.012276384635237298,0.008585306137801953,0.0022938190206336128
40,5,-0.02105931906003892,0.005590085903679863,-0.016575851880661976,-0.005572281079194179,0.013784791240419423,-0.0014645107930054092
40,Aggregated,-0.01088855225190123,0.0004375816885699938,-0.00826374826344819,-0.010072464806788695,0.006214229210387119,-0.0028343371425784388
40,Centralized,-0.010767788754363058,0.00037633495940887155,-0.008166699694189601,-0.010122436497609152,0.006125189894817151,-0.002843119922773342
41,0,8.159728026336205e-05,-0.0036833085002617475,0.0030750939542295705,0.007832878887174719,0.004690651340899418,0.007544028087102469
41,1,-0.00274915389281417,-0.007486436966507304,0.0013641397582545998,0.005945121745380585,0.003008720598735707,0.021959849870120916
41,2,0.0005387488257708956,-0.014647524551940768,0.006271009877793975,0.00748492728224924,0.0100156375307988,0.02538098911848134
41,3,0.008772775559621002,-0.010074502884917512,-0.0020301185477778743,0.0011876202139235953,0.006446715764380951,0.03591215716066353
41,4,0.0015638790358694053,-0.009599419377855817,0.003705633567723959,0.009687400331367273,0.016872091820615807,0.017327033184718076
41,5,0.009398957476194738,-0.01255055336973834,-0.004321492348409306,-0.0008565938464736213,0.013233158394742353,0.034573096503428144
41,Aggregated,0.002932334664460949,-0.009672702509559079,0.0013467792240891656,0.005216663717944491,0.009044679387893035,0.02377762584794327
41,Centralized,0.002853182175245112,-0.00963664326980412,0.0014143901397173783,0.0052894348998718576,0.008993207286020051,0.0236422047624813
42,0,-0.00034761180585970937,-0.007202335102790351,0.0035592581803956646,-0.004717082423394403,0.0016809981775445977,0.0017531604598525507
42,1,-0.004651492557887082,-0.004482866665480569,0.008592118030986813,-0.005142950689041335,-0.007745495120947308,0.001269058480676569
42,2,-0.006222228093841569,-0.006134663197222059,0.007226912316486282,-0.002796623352824335,-0.019858790826519777,-0.006936611629956179
42,3,-0.0025045175968543905,0.013906838394329539,0.00740546886987072,-0.02021089183591579,-0.012579456375436433,-0.0022080589846878063
42,4,-0.00237373492370038,-0.023325821169141146,0.004292233882167808,0.0025643363400003573,-0.0018729565760125472,0.013973575583895677
42,5,-0.004506069982878812,-0.005963960748856444,0.007513486174788143,-0.025581094058920655,-0.013106700510138502,0.01477918174274994
42,Aggregated,-0.0034334989720636467,-0.005536283733697913,0.006430512456005193,-0.009306059429852577,-0.008911124085967318,0.003768844199718389
42,Centralized,-0.0034205768986890817,-0.005536145608349918,0.006417097879354125,-0.00911178062192154,-0.008857971568263076,0.003639898497836646
43,0,0.013480687404817181,-0.014223262924940345,-0.01253640259677045,-0.003927897632037208,-0.00850387242612427,0.006020014702600194
43,1,0.01031531363768991,-0.023747332625112385,-0.021293629852569076,-0.006091404453141742,-0.011410239040693406,0.020502933036339877
43,2,0.023531945150467394,-0.030323742564583252,-0.03861647032725555,0.012524678596035437,-0.009906278858151665,0.00654056015978782
43,3,0.002752365053211516,-0.02658450961825737,-0.041562184304979315,-0.0007271468600925515,-0.015891467827687404,0.03505557142077926
43,4,0.027689542292228274,-0.018657980671626516,-0.007469350653067977,-0.010416356599332799,-0.02090202439745091,0.00877961915109858
43,5,0.01604070581035983,-0.026290701406813114,-0.04385117189672413,-0.0070627900406272535,-0.018785964785262267,0.02643334568691211
43,Aggregated,0.015637378246843178,-0.023302601639285485,-0.0275459992024454,-0.002615544861021995,-0.014232718695998035,0.017216441339381636
43,Centralized,0.015633937847142773,-0.023264034215984566,-0.027347319896603068,-0.0025641027748205766,-0.014175682618805115,0.01710016744983255
44,0,-0.013703399862075975,0.009268215103569594,0.01229418291543787,-0.004523054454675883,0.009569388616398148,0.012490038865481532
44,1,-0.005736675564236518,0.008688704953190221,0.016913399565309583,0.013593391505555077,-0.0223871326263186,0.02670230167809009
44,2,0.0024344874223269125,-0.009691974312411533,0.027477483836556064,0.0319949471180843,-0.01565054613484346,0.02844479652205365
44,3,-0.0010435984140840632,0.02136289764053972,0.011229316429959859,0.0030496007089131933,-0.03269497784024974,0.04515075143735054
44,4,-0.02309339381877845,0.0075987221727297615,0.019898891251762394,-0.006277877437748089,0.01734433330075754,0.02630084739457302
44,5,0.0024627668659515005,0.008858449604821718,0.021646297772519467,0.01518814045229793,-0.01809386714209128,0.03574615844266382
44,Aggregated,-0.006452870171565476,0.007680182088095209,0.01824224037859153,0.008832020036044504,-0.010309882659582832,0.02913628913838201
44,Centralized,-0.006559122929313578,0.007662366607210903,0.018202588879977957,0.008757894310006007,-0.01020972224418892,0.029047634673221703
45,0,0.0017196042944324305,-0.025834348798190247,-0.004271271682500584,-0.009652926043234793,0.008117010062485601,0.0014998760502310372
45,1,0.0007115485539677255,-0.030445823484561638,-0.003272695906727152,0.006349700653379498,0.02468019432352965,-0.011992680266776714
45,2,0.003907721730911073,-0.024060464275352404,0.0006146284554808673,0.014223267785764047,0.014664931324894482,-0.038359768044268786
45,3,0.013777792408920467,-0.01833519976963374,0.00595202917537391,-6.943761400011924e-05,0.028063689107139193,-0.020077108144440838
45,4,0.0015453176834572522,-0.03891931013366012,-0.01528945757272602,-0.016008766417092098,0.027575646714387447,-0.008852327235494272
45,5,-0.0019820481031483815,-0.030463817959656077,-0.008172474502323808,0.014485600145361857,0.0350896287343884,-0.022111261123617068
45,Aggregated,0.003282339856844614,-0.028009984596972574,-0.004073167260014778,0.0015459248672031914,0.02302714379589508,-0.01664611649509067
45,Centralized,0.0033391673464512883,-0.02798296699991897,-0.004027511426668517,0.0013944863973219433,0.02287872724901029,-0.01657530277206201
46,0,-0.019965184393696767,-0.0033440337823198757,-0.01712720321788837,0.0017237949080218227,0.017392526799617836,-0.0046090383073453724
46,1,-0.016272313779833212,-0.009813325742310629,-0.0218407381903984,-0.006774922709366138,0.01864649965574013,-0.005622313683472131
46,2,-0.007944074135374677,-0.014372091045661239,-0.019081774400349402,0.016068271698382767,0.012177905727358884,-0.0313408772712031
46,3,-0.01041772464226704,-0.007700866100332945,-0.017203522128035366,-0.014267793726593377,0.0005306123293883462,0.0055853009135337795
46,4,-0.0146413607372902,-0.015467633888394068,-0.025206607030494786,0.009486724240880384,0.017777430606141044,-0.013813999344270838
46,5,-0.022795344798467614,-0.009181365581543227,-0.03717286393061731,-0.005936975861827358,0.01439774448052138,-0.004510902356501426
46,Aggregated,-0.015335939746097007,-0.009981024457802861,-0.022933221760364185,5.4689543826048556e-05,0.013486610678044951,-0.009055056796304306
46,Centralized,-0.01525250443712246,-0.009987835637361137,-0.02276660915466585,0.0001280236545637804,0.013482044165527975,-0.009110480296777421
47,0,-0.007970263600973589,-0.011516896665369335,-0.0021664931381242384,-0.007401930389061679,0.015262360403788413,0.024138207306237985
47,1,0.01957453797004233,-0.008385408872229699,0.004943596672411287,-0.0024513035840544807,0.008021642612012105,0.015232759017321686
47,2,0.029758257984307042,-0.008134561737434872,0.0054464718090113376,0.0027408957626649483,0.01127273214826476,0.01592429055548117
47,3,0.024775420597126136,-0.010406239336432954,0.002513284686946885,-0.008347354703879532,-0.0032329261004610532,0.01891420226165367
47,4,0.023108254223835292,-0.028735002120844295,-0.004309345097460725,-0.013412775874734818,0.029724987287497836,0.0377210551694547
47,5,0.03874549607696144,-0.009390378644532968,0.00843667378864792,-0.003994952613205071,0.021363633199717888,0.023866572600777146
47,Aggregated,0.02132506227709009,-0.012765722680612959,0.002473527865851091,-0.005480082937028445,0.01373523785680852,0.02263550474421326
47,Centralized,0.021109628389216737,-0.012802477112728214,0.002403709501870504,-0.005495462434829929,0.013649793598020304,0.02261989017148947
48,0,0.00570151430079161,0.00900999103381833,-0.005045210016947814,0.002577556051038418,0.013407920967783019,0.015624469976851055
48,1,0.012560645729562373,0.005818895742232207,-0.027250864027734852,-0.002599620144865707,0.012426800885904013,0.01050398915359475
48,2,0.015433170448665039,0.002062539667458218,-0.04219711284800284,0.009156473555726841,0.011411591415939708,0.0026292136257937745
48,3,0.002891508232141254,0.01659862056409082,-0.019428496542779512,-0.013618504231308549,0.005063455361689544,0.029188581388402732
48,4,0.011313180666706233,-0.0027705049859059264,-0.022284327338282967,-0.010116179394168775,0.026917619023061987,0.015602501958674063
48,5,0.026659227689697085,0.00010568318347626722,-0.04772864524870374,-0.006094272214908764,0.018577383006995088,0.005728058184572768
48,Aggregated,0.0124203262826369,0.005138457653318733,-0.027313082587757744,-0.0034490318091981616,0.014634504777100177,0.013216698965305142
48,Centralized,0.012255276782303757,0.005195672886136718,-0.027070471121391302,-0.0034113755761357198,0.014589336453030103,0.013298503163490988
49,0,-0.008615860135985942,0.027350117425925743,-0.015542876948779519,0.006082024935537723,-0.018600212829553566,-0.011186694260363589
49,1,0.0035536177312546127,0.023046531631058652,-0.003493621186282441,0.0007822215545139164,-0.021006468321156442,-0.015791727103697382
49,2,0.011637653325011904,0.02987180353493613,0.0040698556231872594,-0.004026268214901959,-0.037644495754384236,-0.02818489909820826
49,3,-0.004315270199085765,0.023066689005744677,-0.003021414203023776,-0.011280103736974512,-0.038590017818988194,0.0026081845735866547
49,4,0.0033188142979853675,0.04844528059152842,-0.023901917437470808,0.00795763697318622,-0.028132445672382773,-0.026546961364566753
49,5,0.005428577245397471,0.02845854403631713,-0.012607180934992277,-0.003950535992713211,-0.019192007979065735,-0.02221465166283252
49,Aggregated,0.001833030689402854,0.030044090552500163,-0.009084250120413731,-0.0007367935002286789,-0.027198677611110878,-0.01688538512959028
49,Centralized,0.0017894927341848732,0.030060424234446142,-0.009044777132769145,-0.0006941021905206709,-0.02728397371863364,-0.016826533282380207
50,0,-0.024765214306082816,0.021599967059242504,0.0011798052652077994,0.0021565603595391594,0.004151177776425324,0.008370139259544225
50,1,-0.0018205913273947,0.011925794413588368,0.0017634196685204387,-0.01392930995197238,-0.011535687186134484,0.01588035503789009
50,2,0.013499541762230904,0.014690582110846482,-0.001808033756554305,-0.021413448335386946,-0.013188333173863465,0.009788012254158453
50,3,0.016946015228505973,0.03228284709728142,-0.0057265211829930695,-0.016952332301983515,-0.02387690002366288,0.011183328024460834
50,4,-0.008610993179695684,0.033505190662646386,0.002641945770367513,-0.010932278785685581,-0.004498118183454513,0.019163006588663094
50,5,0.005844756365466991,0.021947918563313303,-0.005525152710787185,-0.021976462177538396,-0.019424220550655475,0.01767888820862702
50,Aggregated,0.0001788896867889198,0.022662070036885303,-0.0012438163025571128,-0.013837336489729981,-0.011390945222852736,0.013676054719006805
50,Centralized,9.89041789380762e-05,0.022663572621443296,-0.0011914787015650445,-0.013735845487315561,-0.011288257119586125,0.01362788580079428
