Round,Evaluator,3,2,4,5,1,0
0,0,,,,,,
0,1,,,,,,
0,2,,,,,,
0,3,,,,,,
0,4,,,,,,
0,5,,,,,,
0,Aggregated,,,,,,
0,Centralized,,,,,,
1,0,0.045684210526315806,0.11887719298245578,0.07884210526315792,0.09891228070175406,0.0941052631578948,0.11305263157894736
1,1,0.07183544303797523,0.13456399437412123,0.09511251758087157,0.09817158931082975,0.10959915611814329,0.11729957805907175
1,2,0.04743319268635688,0.1255625879043607,0.07943037974683599,0.10066807313642798,0.10580168776371299,0.11072433192686357
1,3,0.07093023255813957,0.13424947145877322,0.09147286821705454,0.09587737843551816,0.10535588442565214,0.11522198731501058
1,4,0.05513361462728543,0.13417721518987383,0.0913150492264413,0.06624472573839656,0.09732770745428974,0.1064345991561182
1,5,0.06977272727272722,0.13071969696969815,0.09352272727272647,0.1265530303030301,0.11215909090909075,0.11727272727272729
1,Aggregated,0.06012511766446704,0.12969120229791842,0.08827984762054644,0.09772110572288521,0.10405295919767286,0.11333110171804296
1,Centralized,0.06000593119810197,0.12967378410438934,0.088214709371293,0.09739027283511235,0.10395610913404564,0.11328588374851688
2,0,0.009228070175438566,0.018491228070175416,0.0154035087719298,0.02733333333333349,0.03835087719298243,0.04698245614035085
2,1,0.013888888888888923,0.01582278481012661,0.015541490857946592,0.024156118143459828,0.03379043600562582,0.04026019690576651
2,2,0.016596343178621607,0.02176511954992963,0.015963431786216672,0.016490857946554215,0.05126582278481022,0.03825597749648375
2,3,0.026427061310782162,0.022727272727272662,0.012755461592670778,0.00785764622973927,0.04408033826638474,0.03837209302325578
2,4,0.04469057665260198,0.019022503516174433,0.027777777777777596,0.017053445850914346,0.05400843881856561,0.04419831223628688
2,5,-0.0059090909090909055,0.027803030303030326,0.007765151515151543,0.023749999999999938,0.019280303030303092,0.043219696969697026
2,Aggregated,0.01750125714636398,0.020936196673926877,0.015872971902993978,0.01943740060824844,0.04014107422911275,0.04188144462769364
2,Centralized,0.017763938315539716,0.020854092526690356,0.01596678529062872,0.01939501779359435,0.040379596678528966,0.041868327402135
3,0,-0.01792982456140351,-0.021543859649122768,-0.005614035087719294,-0.021508771929824446,0.013368421052631604,0.023754385964912337
3,1,-0.006329113924050641,-0.02229254571026715,0.0021800281293952173,-0.007172995780590711,0.013818565400843849,0.013466947960618812
3,2,-0.004641350210970472,-0.022609001406469712,-0.002707454289732759,-0.015365682137834114,0.02197609001406469,0.0106891701828411
3,3,-0.0005285412262156162,-0.021035940803382627,0.00021141649048626033,-0.010782241014799134,0.016173361522198736,0.005391120507399599
3,4,-0.004289732770745485,-0.01944444444444453,0.0037271448663854013,-0.011603375527426161,0.022503516174402192,0.006997187060478197
3,5,-0.017992424242424237,-0.012575757575757603,-0.0028409090909090867,-0.022954545454545356,0.005416666666666666,0.02594696969696974
3,Aggregated,-0.008614232349517657,-0.01991963676876847,-0.0008395673802686205,-0.014895143700843117,0.015548294570823911,0.014368472008066053
3,Centralized,-0.008511269276393816,-0.020005931198102008,-0.0008185053380782508,-0.014804270462633428,0.015664294187425855,0.01424080664294188
4,0,0.002456140350877213,-0.0030877192982456214,-0.02628070175438592,0.016315789473684273,0.00014035087719297862,0.0062456140350877305
4,1,-0.0037623066104078675,-0.0066455696202531705,-0.04050632911392414,0.010759493670886097,-0.0033403656821378224,0.007630098452883243
4,2,0.003973277074542909,0.007278481012658244,-0.046378340365682086,0.01687763713080164,-0.010654008438818533,-0.0006329113924050834
4,3,0.004474982381959135,0.00253699788583511,-0.04210711768851313,0.010147991543340399,-0.012755461592670879,-0.006694855532064816
4,4,0.0037974683544303683,-0.0068917018284106605,-0.05428973277074535,0.010935302390998594,-0.005274261603375505,-0.003129395218002821
4,5,-0.0038257575757575787,0.0012878787878787973,-0.021477272727272796,0.015606060606060651,-0.0012878787878787842,0.009696969696969723
4,Aggregated,0.0011888292935902413,-0.0009212438335377274,-0.038515756683251606,0.01343948516966436,-0.005530676906095657,0.0021812116712357442
4,Centralized,0.0012455516014234823,-0.0009489916963226514,-0.03870699881376028,0.0134163701067616,-0.005575326215895635,0.0020996441281138554
5,0,0.004631578947368434,0.004421052631578965,-0.0001754385964912249,0.010771929824561464,0.008105263157894737,0.012245614035087721
5,1,0.005203938115330516,0.007805907172995705,0.004957805907173001,0.014732770745428983,0.007559774964838273,0.01037271448663856
5,2,0.023101265822784735,0.0021800281293952325,0.011462728551336128,0.022819971870604784,0.01656118143459914,0.001933895921237671
5,3,0.01825229034531349,0.01053558844256515,0.007787174066243807,0.012297392529950693,0.007188160676532747,0.005250176180408747
5,4,0.01729957805907169,0.005731364275668149,0.011533052039381129,0.018741209563994467,0.008087201125175797,0.012447257383966273
5,5,0.007992424242424268,0.009053030303030316,0.0028030303030303393,0.011969696969696998,0.010227272727272715,0.005681818181818182
5,Aggregated,0.0127505736698897,0.006619836674079182,0.006397179109368802,0.015224108718908972,0.009621293250705987,0.007989851437613937
5,Centralized,0.012799525504151841,0.006589561091340469,0.006435349940688015,0.0152609727164887,0.009614472123368897,0.008018979833926451
6,0,0.000701754385964911,0.0006315789473684182,-0.019894736842105312,0.008701754385964936,0.0007368421052631598,-0.003508771929824559
6,1,0.004360056258790427,0.0007032348804500519,-0.01701828410689169,0.01114627285513359,0.00414908579465538,-0.007559774964838219
6,2,0.0027426160337552866,-0.00903656821378338,-0.022222222222222286,0.015365682137834076,0.002180028129395232,-0.012236286919831177
6,3,0.002501761804087387,0.002536997885835114,-0.016596194503171263,-0.0008104298801973235,0.001515151515151521,-0.006060606060606067
6,4,0.0041842475386778995,-0.004711673699015454,0.0011603375527426457,0.0060126582278481,0.002777777777777784,-0.013642756680731338
6,5,-0.005037878787878764,0.0010984848484848313,-0.020037878787878785,0.004848484848484827,0.003901515151515121,-0.005227272727272723
6,Aggregated,0.0015782071568121567,-0.0014648434353773938,-0.015763780777302887,0.007544488070546269,0.0025426299399080032,-0.008041298182479676
6,Centralized,0.0016548042704626672,-0.0014946619217081631,-0.015717674970343994,0.007580071174377238,0.002526690391459078,-0.00807236061684459
7,0,0.005929824561403515,0.007824561403508783,-0.008070175438596474,0.005578947368421063,0.0009122807017544013,0.0025614035087719194
7,1,0.007630098452883267,0.008122362869198308,-0.00819268635724331,0.0002812939521800432,-0.00492264416315048,0.003410689170182827
7,2,0.007172995780590699,0.006751054852320692,-0.011146272855133635,-0.004606188466947951,0.0023558368495077146,0.01002109704641352
7,3,0.006589147286821722,0.011733615221987324,-0.008949964763918237,0.00042283298097250954,0.0012684989429175419,0.005849189570119779
7,4,0.010513361462728524,0.006082981715893101,-0.010232067510548528,0.002601969057665265,-0.008052039381153295,-0.0009142053445850771
7,5,0.005454545454545441,0.00852272727272728,-0.00696969696969695,0.0021212121212121206,-0.0016666666666666438,0.006174242424242419
7,Aggregated,0.007216150161566338,0.008172447047057382,-0.00892792940497962,0.0010665586264548075,-0.0016845722595551279,0.004515754671829856
7,Centralized,0.007236061684460255,0.008167259786476888,-0.008950177935943056,0.0010557532621589649,-0.001684460260972703,0.004495848161328581
8,0,0.0009122807017543844,0.0041052631578947325,-0.006456140350877178,-0.0015789473684210585,0.003789473684210546,-0.0028771929824561475
8,1,0.0005625879043600494,0.0017229254571026907,0.0014416315049226426,-0.005203938115330515,0.004535864978902963,-0.005168776371307999
8,2,0.002320675105485252,0.006364275668073136,-0.005625879043600557,-0.007208157524613234,0.012201125175808725,-0.018600562587904365
8,3,0.004016913319238912,0.004756871035940788,-0.0045806906272022425,-0.00609584214235377,0.008210007047216339,-0.014763918252290276
8,4,0.00981012658227849,-0.002109704641350214,0.001617440225035147,-0.012236286919831217,0.015295358649789047,-0.01026722925457098
8,5,0.0007954545454545492,0.0032575757575757707,-0.0020454545454545447,-0.007310606060606038,0.009621212121212122,-0.008863636363636311
8,Aggregated,0.0030719457168713778,0.003015556644006948,-0.0026083960235716145,-0.006606325123356726,0.0089434071518986,-0.010091460739122636
8,Centralized,0.0030960854092526753,0.0030130486358244503,-0.0026156583629893372,-0.006595492289442468,0.00893238434163699,-0.010100830367734317
9,0,-0.005614035087719291,0.00445614035087719,-0.0032280701754386146,-0.00045614035087719514,-0.010491228070175447,0.006912280701754378
9,1,-0.0016877637130801512,0.0002812939521800136,-0.0031645569620252978,0.0007032348804500838,-0.014099859353023917,0.007419127988748244
9,2,-0.00657524613220818,-0.0032700421940928333,-0.0016174402250351588,-0.0020393811533052247,-0.021905766526019707,0.007981715893108324
9,3,0.0005637773079633781,0.0029245947850599207,0.001656095842142367,-0.0009513742071881702,-0.014200140944326995,0.0057787174066244095
9,4,0.007348804500703252,-0.002707454289732756,0.004149085794655417,0.005907172995780577,-0.024613220815752505,-0.0027426160337552423
9,5,-0.0015151515151515123,-0.0029166666666666564,-0.002803030303030285,-0.0007196969696969809,-0.011515151515151542,0.008106060606060618
9,Aggregated,-0.001245210527111077,-0.00020462803108219215,-0.0008327832363468749,0.00040851663755079974,-0.01614100917331975,0.005573370517804389
9,Centralized,-0.0012455516014234739,-0.00017200474495848792,-0.0008125741399762862,0.0004211150652431803,-0.016192170818505245,0.005545670225385505
10,0,0.002491228070175441,-0.008035087719298235,0.00042105263157895905,0.008736842105263196,-0.008596491228070133,0.0007719298245613867
10,1,0.004711673699015436,-0.018002812939521835,0.0013009845288326294,0.00815752461322078,-0.01244725738396626,-0.0027074542897327753
10,2,0.008438818565400815,-0.014978902953586464,0.008016877637130807,0.014556962025316474,-0.011251758087201143,-0.002672292545710263
10,3,0.010359408033826597,-0.014904862579281229,0.0024665257223396796,0.010852713178294608,-0.016596194503171322,-0.006976744186046538
10,4,0.006504922644163139,-0.022011251758087224,0.004676511954992973,0.010689170182841039,-0.017264416315049203,-0.005801687763713092
10,5,0.002196969696969705,-0.013522727272727256,0.007234848484848505,0.005681818181818199,-0.009772727272727247,-0.003181818181818201
10,Aggregated,0.005785612184473911,-0.015243904111770686,0.004018580018877908,0.009781268123194383,-0.012656711495508607,-0.003428553237150085
10,Centralized,0.005830367734282322,-0.015266903914590695,0.003973902728351119,0.009833926453143547,-0.012680901542111479,-0.0034341637010676237
11,0,0.0011228070175438747,-0.010947368421052631,0.0035087719298245866,0.004561403508771913,0.005017543859649135,0.007263157894736887
11,1,0.00453586497890295,-0.011638537271448647,0.006153305203938111,0.0030239099859353047,0.012623066104078783,0.008509142053445865
11,2,0.012587904360056256,-0.0214135021097047,0.006399437412095661,0.0030239099859352752,0.01093530239099861,0.007454289732770763
11,3,0.00824524312896407,-0.01606765327695554,0.010817477096546891,0.005285412262156456,0.008139534883720935,0.006835799859055664
11,4,0.009423347398030954,-0.017369901547116748,0.010654008438818568,0.0016877637130801857,0.01139240506329113,0.009528832630098488
11,5,0.003825757575757586,-0.011515151515151494,0.004015151515151487,0.00333333333333332,0.009393939393939371,0.006856060606060608
11,Aggregated,0.006625365598522743,-0.014827567314732837,0.006926562859682635,0.003485831256146037,0.009583538386364263,0.00774173354573057
11,Centralized,0.006654804270462648,-0.01486358244365363,0.006957295373665483,0.003487544483985764,0.009584816132858838,0.007752075919335682
12,0,-0.003543859649122817,-0.00431578947368424,0.0015087719298245484,0.006315789473684214,0.00919298245614032,-0.0007368421052631617
12,1,-0.0029535864978902735,-0.009177215189873451,0.004676511954992973,0.0042897327707454485,0.01322081575246132,-0.005836849507735547
12,2,-0.002461322081575249,-0.0016877637130801627,0.014310829817158944,0.00221518987341773,0.014451476793248954,-0.012060478199718703
12,3,0.0008104298801973072,-0.00447498238195911,0.0066948555320647946,-0.003594080338266359,0.0023255813953488216,-0.003875968992248062
12,4,-0.0007735583684950749,-0.0016877637130801703,0.011533052039381172,-0.0077355836849508,0.015260196905766498,-0.006047819971870578
12,5,-0.004356060606060603,-0.0024242424242424277,0.006553030303030297,0.001553030303030312,0.017840909090909074,-0.0055303030303030165
12,Aggregated,-0.00221177534631687,-0.003960885758950593,0.007547566293001423,0.0005052020963763253,0.012046491347229415,-0.005681470899729909
12,Centralized,-0.0021886120996441154,-0.003979833926453151,0.0075563463819691475,0.0004982206405693977,0.011981020166073551,-0.005682087781731936
13,0,-0.005333333333333356,0.0014035087719298327,0.0002456140350877045,-0.00021052631578947028,-0.003649122807017523,0.0033333333333333617
13,1,-0.0005625879043600309,0.004149085794655405,0.002285513361462716,0.002250351617440217,-0.004992967651195486,0.007419127988748188
13,2,-0.00042194092827005,0.005098452883262988,-0.0050984528832630285,0.007559774964838247,-0.008052039381153345,0.005133614627285496
13,3,-0.00045806906272020665,0.005673009161381248,-0.0038407329105003525,0.00014094432699083466,-0.0025017618040873825,0.0031007751937984513
13,4,-0.0002812939521800247,0.00755977496483824,-0.00017580872011252314,-0.0016877637130801814,-0.006680731364275649,0.00337552742616032
13,5,-0.007083333333333321,0.005984848484848494,-0.004583333333333336,0.002348484848484861,-0.008939393939393962,0.005454545454545442
13,Aggregated,-0.002354714636442663,0.004978168566756589,-0.0018603932475474926,0.001732726449509102,-0.005801577367070191,0.004635234929602317
13,Centralized,-0.002301304863582465,0.004964412811387924,-0.0018268090154211082,0.0017259786476868208,-0.005765124555160144,0.004626334519572951
14,0,-0.0015087719298245764,-0.00035087719298248376,0.0002807017543859545,-0.0003508771929824449,0.0027017543859649087,-0.009192982456140357
14,1,-0.005661040787623074,-0.006715893108298176,0.0018635724331927037,-0.00421940928270041,0.002566807313642762,-0.02369901547116734
14,2,-0.0037623066104078592,-0.004149085794655406,0.005907172995780618,-0.008438818565400796,0.00580168776371309,-0.02911392405063279
14,3,-0.0005637773079633535,0.0012684989429175564,0.004862579281183935,0.002008456659619436,0.0035588442565186724,-0.021705426356589078
14,4,-0.0051687763713080025,-0.005168776371307988,0.006469760900140621,0.010021097046413546,0.002637130801687775,-0.031997187060478244
14,5,-0.005681818181818159,-0.0028787878787878795,0.004128787878787863,0.0004924242424242405,0.005378787878787874,-0.019621212121212213
14,Aggregated,-0.0037235151170703458,-0.0029989858370666803,0.003919324853186779,-7.941728307236874e-05,0.0037734978899481206,-0.022557376164170424
14,Centralized,-0.00370106761565835,-0.0030011862396203954,0.003914590747330944,-8.896797153024821e-05,0.0037544483985765143,-0.022586002372479142
15,0,-0.0052631578947368324,0.001192982456140342,-0.0050175438596491186,-0.0008771929824561339,-0.001929824561403497,0.007684210526315807
15,1,-0.0037623066104078727,0.004817158931082983,0.0016877637130801894,0.0018284106891702102,-0.0013713080168776463,0.013677918424753847
15,2,0.0019338959212376956,0.003094233473980313,-0.006856540084388201,0.002180028129395223,0.00038677918424752345,0.009810126582278474
15,3,-0.002149400986610295,0.006765327695560279,-0.006941508104298833,-0.004334038054968286,-0.000704721634954201,0.005250176180408735
15,4,-0.002355836849507732,0.004500703234880466,0.0046061884669479575,0.0027074542897327788,0.001230661040787623,0.006188466947960603
15,5,-0.0044318181818181705,0.0015909090909090784,0.0023863636363636305,-0.00045454545454545997,-0.0019696969696969594,0.014242424242424279
15,Aggregated,-0.0026704916534106607,0.0036610523353926743,-0.0016905291109627551,0.0001754108571086554,-0.0007254563370660433,0.009472472207577295
15,Centralized,-0.002651245551601412,0.003683274021352276,-0.0017378410438908766,0.00018386714116251553,-0.0007117437722419924,0.009418742586002409
16,0,0.0074385964912281,0.002771929824561398,-0.0040000000000000036,0.00010526315789475456,0.0005263157894737025,-0.0005263157894736729
16,1,0.012025316455696197,-0.0035161744022503593,0.0017580872011251913,3.516174402251789e-05,0.0016877637130801725,-0.0035513361462728432
16,2,0.012974683544303815,-0.001969057665260184,3.516174402250494e-05,0.009880450070323513,0.0030590717299578125,0.0013361462728551377
16,3,0.0079633544749824,0.0004933051444679463,-0.006025369978858383,0.0030655391120507267,-0.002748414376321337,0.005708245243128967
16,4,0.012482419127988743,-0.0030590717299578242,-0.0025668073136427623,0.0027074542897327523,-0.0003164556962025447,-0.005028129395217979
16,5,0.00647727272727274,-0.0020075757575757727,-0.0021969696969696734,0.0010227272727272732,0.0033333333333333192,0.004734848484848453
16,Aggregated,0.009895121223448728,-0.0012140396177296596,-0.0021665814990356135,0.002803899077676084,0.0009222966013599666,0.00044354779141153383
16,Centralized,0.009934756820877853,-0.0012040332147093642,-0.0021648873072360538,0.002823250296559929,0.0008956109134045148,0.00039145907473311556
17,0,-0.0007719298245614145,0.0017894736842105088,-0.005333333333333339,0.003052631578947355,0.004315789473684206,0.0032631578947368367
17,1,0.002812939521800268,-3.516174402251974e-05,0.0008087201125175593,-0.0018635724331926772,0.0015119549929676326,0.0030942334739803025
17,2,0.0030590717299578086,-0.003023909985935316,0.001722925457102671,-0.005098452883263,-0.0009493670886075982,0.004289732770745446
17,3,-0.001656095842142331,-0.001127554615926694,-0.004087385482734344,-0.0016208597603946328,0.0016913319238900848,0.004686398872445412
17,4,-0.0010548523206751056,0.0011954992967651086,-0.0049929676511955,-0.006610407876230643,0.0030590717299578186,0.006293952180028137
17,5,0.0021969696969697033,-0.0006060606060606084,-0.000757575757575765,-0.004015151515151516,0.0009848484848484914,0.002196969696969697
17,Aggregated,0.0007631956852633295,-0.0003009823121077776,-0.0021079956154707756,-0.0026927456904772638,0.0017694897145410344,0.0039719458822846995
17,Centralized,0.0007473309608540776,-0.0002965599051008322,-0.002123368920521947,-0.0026749703440095023,0.0017793594306049786,0.003991696322657173
18,0,-0.002982456140350883,0.0016491228070175568,-0.004315789473684218,0.0012631578947368569,0.000701754385964907,0.0015789473684210498
18,1,-0.0044655414908579515,0.00010548523206751944,-0.003797468354430362,7.032348804500988e-05,0.003340365682137821,0.002637130801687752
18,2,-0.0086497890295359,-0.004535864978902949,-0.000632911392405074,0.0008087201125175547,0.0016877637130801666,0.004992967651195454
18,3,-0.005073995771670178,0.0020084566596194325,-0.0004933051444679278,0.0006694855532064802,0.004052149400986608,-0.001162790697674409
18,4,-0.010232067510548509,-0.0024613220815752567,0.0010900140646975913,0.0017932489451476772,0.003973277074542875,0.001617440225035155
18,5,-0.006856060606060634,-0.0015151515151514854,-0.005492424242424226,0.003030303030303019,0.00276515151515153,0.010340909090909069
18,Aggregated,-0.006377263878023032,-0.0007916016480926288,-0.002271590598319001,0.0012720377352016718,0.0027534948219310558,0.0033309837669931335
18,Centralized,-0.006370106761565847,-0.0007829181494662055,-0.0022360616844602703,0.0012514827995255015,0.002752075919335713,0.003250296559905092
19,0,0.0031929824561403386,-0.0018245614035087782,3.5087719298236104e-05,0.0035789473684210518,-0.002105263157894739,0.003438596491228045
19,1,0.005133614627285502,-0.01789732770745423,-0.0027074542897327853,0.007172995780590713,-0.006575246132208138,-0.004113924050632924
19,2,0.002848101265822796,-0.01452180028129398,-0.001195499296765116,0.006751054852320669,0.0002812939521800392,-0.013150492264416282
19,3,0.009584214235377047,-0.006095842142353781,0.0021494009866102745,0.0061663143058491585,0.006659619450317122,-0.0057787174066243905
19,4,0.008544303797468419,-0.016385372714486663,0.0015119549929676604,0.008052039381153326,-0.00791139240506328,-0.010689170182841061
19,5,0.0028030303030303,-0.014886363636363602,-0.0023484848484848515,0.0017803030303030231,0.0007954545454545427,-0.00178030303030304
19,Aggregated,0.005352604502902384,-0.011933745409568165,-0.0004244200155623682,0.005585347058094157,-0.0014770749254525613,-0.005348110967336091
19,Centralized,0.005379596678529065,-0.011897983392645325,-0.000403321470937131,0.005628706998813773,-0.0015065243179122093,-0.005385527876631089
20,0,-0.001192982456140333,-0.0028421052631579006,-0.005157894736842094,0.003333333333333353,0.0033684210526315687,0.0003859649122806989
20,1,0.004571026722925434,-0.005098452883263002,0.001019690576652608,0.004254571026722905,0.006962025316455695,0.005168776371307995
20,2,0.004430379746835414,-0.005450070323488044,0.005098452883262995,0.00537974683544304,0.010759493670886076,0.0029887482419127804
20,3,-0.0024312896405919737,-0.0029245947850598834,-0.001162790697674393,0.0002114164904862546,0.005285412262156464,-0.00320648343904157
20,4,0.0020745428973276757,0.003340365682137838,0.0030239099859352987,0.0074191279887481955,0.0020042194092826995,0.005344585091420519
20,5,7.575757575757347e-05,-0.004886363636363624,-0.0020454545454545447,0.005416666666666669,0.012727272727272738,7.575757575757717e-05
20,Aggregated,0.001254719548439441,-0.0029748666236976322,0.00013052504020902455,0.004335799357583527,0.006847946537847674,0.0017936448474801356
20,Centralized,0.0012692763938315459,-0.0029537366548042397,0.00015421115065241686,0.004323843416370081,0.006779359430604989,0.00181494661921709
21,0,-0.00038596491228068777,-0.0006666666666666395,-0.0007017543859649015,0.0013333333333333491,0.0016140350877192758,0.0051228070175438995
21,1,-0.002144866385372705,-0.0013009845288326145,-0.0003164556962025315,3.516174402249938e-05,0.0018635724331926779,0.0018635724331926716
21,2,-0.0014416315049226214,-0.0018635724331926933,-0.0026371308016877463,0.0030239099859353247,-0.0016877637130802018,0.00038677918424754134
21,3,-0.000387596899224818,-0.001550387596899249,-0.004439746300211441,0.0012332628611698149,0.004052149400986597,0.0032064834390415835
21,4,0.0004219409282700424,0.0050632911392405125,0.0039732770745429065,0.003129395218002825,0.0005977496483825765,-0.0005274261603375314
21,5,-0.0028409090909090914,-0.0016287878787879012,0.0011742424242424073,0.0019696969696969737,-0.0007196969696969715,0.0065909090909090995
21,Aggregated,-0.001128749019599526,-0.00032306458090707886,-0.0004913612353908417,0.0017878202962526458,0.0009538717818542556,0.0027718965711432493
21,Centralized,-0.001109134045077111,-0.000308422301304843,-0.0005100830367734325,0.00178529062870699,0.0009727164887307108,0.002728351126927634
22,0,0.004526315789473673,-0.002035087719298249,-0.005929824561403508,0.004561403508771921,-0.0023859649122807245,-0.0029473684210526317
22,1,0.005836849507735569,-0.004922644163150479,-0.00038677918424755094,0.002461322081575227,-0.0009493670886075861,7.032348804500618e-05
22,2,-0.0014416315049226567,-0.004641350210970483,0.004711673699015482,0.0017580872011251913,0.0036568213783403692,-0.0019338959212377087
22,3,0.0019027484143763226,-0.0006694855532064891,-0.005214940098660986,0.003699788583509523,0.00257223396758281,0.0019379844961240345
22,4,0.004324894514767918,-0.012974683544303822,-0.0004922644163150293,0.0041842475386779186,0.0005274261603375617,-0.004008438818565385
22,5,0.002083333333333339,-0.006666666666666648,0.002840909090909118,-0.0001515151515151599,0.0044696969696969855,-0.004848484848484834
22,Aggregated,0.0028722058265555055,-0.005318886323502621,-0.000746740636750532,0.002753697917759886,0.0013140115537330923,-0.0019543292119132195
22,Centralized,0.0028825622775800783,-0.00530249110320284,-0.0007888493475682015,0.0027876631079478014,0.0012752075919335748,-0.001921708185053373
23,0,-0.0007719298245613885,-0.001333333333333331,-0.0016842105263157696,0.0021052631578947485,0.0021754385964912453,0.0037192982456140523
23,1,0.001687763713080189,-0.002320675105485236,0.0016174402250351593,0.0030590717299578073,0.002531645569620272,-0.0002461322081575235
23,2,0.0015822784810126441,-0.0017932489451476766,0.004078762306610414,0.013888888888888867,-0.0059774964838255965,-0.0012306610407876164
23,3,-0.001268498942917544,0.00042283298097251507,0.0009866102889358704,0.003946441155743461,-0.001585623678646918,0.005954897815362909
23,4,0.0029535864978902865,-0.0032700421940928073,0.004571026722925464,0.001793248945147683,0.0069971870604782025,0.0038326300984528865
23,5,-0.0010984848484848597,-0.001212121212121207,0.0007954545454545455,0.003598484848484826,0.0017045454545454642,0.0007575757575757532
23,Aggregated,0.0005149823719356599,-0.001584723522911635,0.0017283270744195708,0.004732201643439703,0.0009746044549046118,0.002132427754868783
23,Centralized,0.0005338078291814908,-0.0015895610913404387,0.001737841043890884,0.0047449584816133,0.0009667852906287294,0.0021470937129300185
24,0,-0.014175438596491199,0.0018947368421052676,-0.0005964912280701772,0.003298245614035081,-0.001192982456140351,-0.0018596491228070223
24,1,-0.004465541490857937,0.0005977496483825729,-0.009845288326300983,0.003691983122362865,0.010689170182841115,-0.011216596343178621
24,2,-0.0011251758087201036,-0.003445850914205353,-0.00921237693389593,0.003340365682137851,0.007559774964838232,-0.01610407876230662
24,3,-0.00017618040873853855,-0.0027484143763213393,-0.005919661733615197,0.0038054968287526488,0.004298801973220582,-0.0034883720930232297
24,4,-0.01128691983122367,-0.0032700421940928025,-0.012376933895921234,0.003305203938115334,0.007594936708860735,-0.009282700421940935
24,5,-0.008750000000000032,-0.004053030303030305,-0.009242424242424245,0.0007954545454545344,0.005530303030303002,-0.011553030303030306
24,Aggregated,-0.006663288695053242,-0.0018370822203772215,-0.007865303252941717,0.0030403556484035273,0.005746321602271347,-0.008916012798860376
24,Centralized,-0.006642941874258603,-0.0018090154211150456,-0.007846975088967987,0.0030664294187425496,0.005747330960854104,-0.008884934756820844
25,0,-0.0018245614035087895,0.0017894736842105179,-0.004701754385964943,0.00014035087719296846,0.003578947368421035,0.007333333333333335
25,1,-0.0009493670886075982,0.002742616033755259,-0.002074542897327701,0.0007383966244725666,-0.0004571026722925642,0.0021097046413502156
25,2,0.0019338959212377147,0.003691983122362912,-0.0013713080168776407,0.006926863572433183,-0.0012306610407876062,0.0027074542897327987
25,3,-0.0009866102889358888,0.003594080338266391,-0.005003523608174796,-0.0020084566596194455,0.003488372093023267,-0.0011980267794221375
25,4,0.00028129395218001914,0.00784106891701824,0.004535864978902968,-0.0017932489451476723,0.0056610407876230935,0.008790436005625877
25,5,0.005681818181818186,0.008295454545454535,0.0007575757575757643,-0.0003409090909090769,0.0070075757575757645,0.010416666666666675
25,Aggregated,0.0006874674700548505,0.004658291026596789,-0.0013095568765417792,0.0006105450165271194,0.0030071970796631243,0.005025252664234955
25,Centralized,0.0006287069988137532,0.004614472123368905,-0.0013345195729537241,0.0006227758007117371,0.0029596678529062964,0.004964412811387885
26,0,-0.004526315789473664,0.001438596491228082,0.0012280701754386152,0.004315789473684205,0.0020701754385964886,-0.012947368421052685
26,1,-0.00021097046413501882,-0.0006680731364275716,0.0018987341772151816,0.009774964838255993,0.0014767932489451502,-0.010161744022503557
26,2,-0.003973277074542924,-0.0028481012658228247,0.0030942334739802804,0.008157524613220819,0.006364275668073142,-0.021343178621659596
26,3,0.003453136011275548,0.00017618040873852437,-0.00232558139534885,0.0017265680056377556,0.0022551092318534006,-0.011627906976744108
26,4,-0.004606188466947984,-0.005766526019690605,0.005942334739803096,0.009634317862166016,-0.0025316455696202792,-0.02165963431786225
26,5,-0.005378787878787863,-0.0032954545454545285,0.004204545454545487,0.007234848484848486,0.004659090909090883,-0.0165151515151514
26,Aggregated,-0.0025398179568075067,-0.00182732779391113,0.0023401703925641656,0.006807134275507173,0.0023807669669516315,-0.015710448087165006
26,Centralized,-0.00250889679715303,-0.001809015421115035,0.0023190984578885182,0.006803084223013011,0.0023546856465005987,-0.01569988137603803
27,0,0.0004912280701754383,0.0015789473684210576,-0.004105263157894739,0.004280701754385948,0.0014035087719298366,-0.0036491228070175525
27,1,0.010302390998593508,0.004571026722925472,-0.0028481012658227523,-0.0020042194092827125,0.0017580872011251723,-0.01388888888888884
27,2,0.011497890295358637,0.006540084388185685,-0.005801687763713058,-0.003340365682137802,0.002601969057665274,-0.009388185654008447
27,3,0.004263565891472874,0.0070472163495419364,-0.00641296687808315,0.0018675123326286106,0.0019027484143763222,-0.004439746300211395
27,4,0.012271448663853738,0.0033052039381153446,0.002812939521800296,0.004781997187060492,-0.0012658227848101296,-0.017686357243319226
27,5,0.0063257575757575644,0.0018939393939393892,-0.0021212121212121527,0.00045454545454543926,0.0011363636363636255,-0.012234848484848505
27,Aggregated,0.007526167680355347,0.004156850427238626,-0.0030789878653367233,0.0010078892576002656,0.0012557655515281348,-0.010214204785731646
27,Centralized,0.007538552787663095,0.004181494661921682,-0.0030901542111506615,0.0010142348754448472,0.0012574139976275118,-0.010189798339264549
28,0,0.00224561403508771,0.0028070175438596368,-0.004596491228070202,0.005017543859649134,0.003192982456140334,0.0018596491228070062
28,1,0.002215189873417698,-0.0001054852320675,-0.002848101265822794,0.0007032348804500839,0.0034458509142053233,-0.0013009845288326346
28,2,-0.003305203938115336,-0.002320675105485229,-0.003973277074542903,0.004606188466947928,0.006399437412095652,-0.0014064697609001383
28,3,0.003030303030303035,0.00193798449612404,-0.005532064834390408,-0.0014094432699083654,0.0003171247357293979,0.00588442565186752
28,4,-0.00024613220815752717,0.0018284106891701794,-0.0034106891701828554,0.004535864978902927,0.0018987341772151935,-0.0024964838255977506
28,5,-0.0007196969696969708,0.0007196969696970053,-0.004128787878787867,0.004166666666666685,0.004431818181818181,7.575757575759999e-05
28,Aggregated,0.0005368639239081087,0.0008114705277871086,-0.004081628104361009,0.0029366961055171327,0.0032802842562496344,0.0004359661336671973
28,Centralized,0.0005516014234875651,0.0008125741399762742,-0.0040806642941874265,0.0029240806642942103,0.003268090154211169,0.0004389086595492401
29,0,0.00017543859649122307,-0.0014385964912280614,-0.0037192982456140024,-0.0004210526315789368,0.0032631578947368346,-0.0020701754385964778
29,1,0.005590717299578048,-0.006821378340365674,-0.0005274261603375481,0.0031645569620253012,0.006575246132208168,0.0004571026722925642
29,2,0.0006680731364275732,-0.007348804500703248,-0.0015822784810126701,0.008895921237693378,0.002250351617440229,-0.0007735583684950716
29,3,-0.0032769556025370105,-0.00031712473572939387,3.52360817476897e-05,0.002184637068357996,0.002184637068357987,-0.0029245947850598886
29,4,0.0016877637130801716,-0.0020042194092826935,-0.0005977496483825414,0.007946554149085811,0.008649789029535879,-0.0030239099859353143
29,5,0.0006439393939394029,-0.001287878787878795,-0.004015151515151492,0.0023484848484848467,0.00534090909090909,0.0015151515151514956
29,Aggregated,0.0009143923865550002,-0.0032031316469186503,-0.001733486975547943,0.004021235662453436,0.004710707807658531,-0.0011382814402165768
29,Centralized,0.0009193357058125555,-0.0032265717674970044,-0.001708185053380786,0.004039145907473294,0.004703440094899171,-0.001168446026097266
30,0,0.006245614035087764,-0.0018596491228070225,-0.0035789473684210643,0.004245614035087734,-0.001157894736842082,0.004526315789473702
30,1,0.008895921237693387,-0.006329113924050647,-0.0035513361462728393,0.002566807313642766,-0.01153305203938113,0.007841068917018263
30,2,0.009071729957805903,0.003973277074542885,0.0002461322081575253,0.005203938115330511,-0.010161744022503527,0.00643459915611813
30,3,0.004580690627202225,-0.0011275546159266988,0.0005637773079633553,-0.0011980267794221313,-0.0016913319238900507,-0.0011275546159267087
30,4,0.010302390998593522,-0.009388185654008462,-0.005168776371308004,0.001019690576652579,-0.007348804500703246,0.006364275668073116
30,5,0.006439393939393935,-0.0032575757575757512,-0.005568181818181826,0.00295454545454546,-0.00742424242424241,0.006856060606060612
30,Aggregated,0.007589976903714253,-0.0029984562158466587,-0.0028419611857582504,0.00246500180495985,-0.006551883487436673,0.0051481945374029486
30,Centralized,0.007603795966785286,-0.0029952550415183886,-0.0028113879003558756,0.002461447212336888,-0.006542111506524315,0.005130486358244348
31,0,-0.018842105263157913,0.004771929824561383,-0.005754385964912272,0.0034736842105263102,0.0022456140350877217,0.005684210526315786
31,1,-0.012130801687763669,-0.001336146272855134,-0.006047819971870606,-0.002004219409282704,0.002426160337552751,0.00010548523206752622
31,2,-0.014310829817158909,0.0013009845288326266,-0.009669479606188473,1.0793834961633467e-17,0.0037623066104078753,-7.032348804501666e-05
31,3,-0.013319238900634217,0.004052149400986622,-0.009901338971106448,0.0005637773079633535,0.00038759689922481243,0.007646229739253003
31,4,-0.01557665260196902,-0.001933895921237694,-0.004078762306610377,0.0009845288326300898,0.008052039381153318,-0.00010548523206748922
31,5,-0.010416666666666678,-0.0026515151515151417,-0.0064015151515151485,0.0005303030303030291,0.007272727272727267,0.0003030303030303139
31,Aggregated,-0.014101432270124498,0.0007019220551193792,-0.00697551540405995,0.000591794237350328,0.004023824891154106,0.002261325179833133
31,Centralized,-0.014145907473309564,0.0007413997627520893,-0.00698102016607352,0.0005931198102016829,0.003985765124555168,0.002283511269276392
32,0,-0.0002807017543859702,-0.0009473684210526323,0.0018947368421052546,0.0037894736842105235,0.005052631578947364,-0.007403508771929839
32,1,0.001722925457102666,-0.0014416315049226361,0.0022151898734177446,0.003129395218002821,0.008473980309423333,-0.005661040787623048
32,2,0.0030590717299577986,-0.0021097046413501973,0.0031645569620253455,0.005872011251758074,0.004992967651195537,-0.010759493670886045
32,3,0.0008809020436927457,0.004016913319238888,0.004193093727977425,0.0026779422128259344,0.0019732205778717573,-0.003171247357293848
32,4,0.004324894514767947,-0.00042194092827006155,0.004922644163150453,0.005028129395217984,0.010021097046413517,-0.01332630098452878
32,5,-0.0011742424242424444,-0.0023484848484848467,-0.0001515151515151636,0.007234848484848478,0.005681818181818172,-0.006969696969696975
32,Aggregated,0.00142361113501583,-0.0005411255447837653,0.002708046509061966,0.004621126669463316,0.006032986855428665,-0.00788335247634803
32,Centralized,0.0014531435349940671,-0.0005219454329774886,0.002740213523131664,0.0045907473309608334,0.006037959667852895,-0.007894424673784064
33,0,-0.005508771929824582,0.0026315789473684193,-0.0036491228070175425,0.0008771929824561505,0.005999999999999991,-0.00035087719298244614
33,1,-0.003938115330520397,0.0003164556962025435,0.002426160337552736,-0.0039029535864979117,0.011673699015471155,-0.006575246132208135
33,2,0.0029887482419128112,0.0008438818565400867,-0.006047819971870605,-0.005239099859353028,0.012306610407876267,-0.01540084388185648
33,3,-0.00010570824524314651,0.0019379844961240154,-0.0025369978858350985,0.0009161381254404496,0.005391120507399556,-0.0013742071881607048
33,4,0.002109704641350194,-0.0022503516174402294,0.001687763713080184,-0.00995077355836845,0.01061884669479607,-0.008544303797468329
33,5,-0.0026515151515151634,-0.0015151515151515188,-0.0015909090909090983,-0.0029166666666666768,0.012462121212121213,-0.010606060606060601
33,Aggregated,-0.0011827984938383932,0.0003278183748362723,-0.0016186037442435391,-0.0033704077898085772,0.009740763093572212,-0.00714073187944529
33,Centralized,-0.0011684460260972694,0.00034994068801896,-0.0016192170818505362,-0.0033748517200474326,0.009709371293001203,-0.00709964412811389
34,0,0.0014035087719298119,0.0020000000000000074,-0.005017543859649117,0.0015789473684210665,0.0018596491228070377,0.004491228070175462
34,1,0.00569620253164556,0.0016526019690576393,-0.006751054852320684,-0.00021097046413503024,0.005907172995780567,0.002144866385372705
34,2,0.00562587904360056,0.0007383966244725648,0.001828410689170192,-0.0008438818565400942,0.007313642756680743,0.0022151898734177407
34,3,0.004298801973220584,0.0016913319238900549,-0.0053558844256518506,0.0008809020436927544,-0.007364341085271281,0.0016208597603946699
34,4,0.013361462728551314,-0.000597749648382558,-0.011111111111111117,-0.0034810126582278385,0.01244725738396622,0.00414908579465545
34,5,0.008257575757575773,-0.0008712121212120986,-0.00045454545454547287,9.25185853854297e-18,0.006931818181818192,0.006590909090909084
34,Aggregated,0.006440884946091855,0.0007692723855794924,-0.004479278026803641,-0.000346611850578204,0.0045157664644759005,0.003534343564357695
34,Centralized,0.006417556346381951,0.0007888493475682104,-0.004525504151838679,-0.00034994068801896816,0.004489916963226571,0.0034994068801898013
35,0,0.0012631578947368345,0.0014736842105262918,-0.0030175438596491224,0.005052631578947364,0.00045614035087719574,0.001087719298245595
35,1,0.001406469760900154,-0.001125175808720119,0.0015119549929676515,-0.005520393811533076,0.0024261603375527424,0.0013009845288326346
35,2,0.004219409282700426,-0.002496483825597774,0.0028832630098452852,-0.005555555555555576,0.0034458509142053137,0.003832630098452862
35,3,0.004510218463706813,0.0018322762508808808,0.0016208597603946252,-0.005461592670895007,-0.003171247357293868,0.004897815362931632
35,4,0.004184247538677925,-0.0021448663853727186,-0.005344585091420537,0.003445850914205348,0.0037623066104078653,-0.0017932489451476905
35,5,0.002954545454545444,-0.0019318181818181743,-0.0003030303030302902,-0.000984848484848481,0.00382575757575758,0.0032575757575757556
35,Aggregated,0.003090124904459714,-0.0007316991466003392,-0.0004425420063551721,-0.0015029368939063442,0.00179015367759753,0.0020963161309862158
35,Centralized,0.003090154211150673,-0.0007176749703439974,-0.0004448398576512432,-0.0015065243179122278,0.0017674970344009485,0.0020818505338078314
36,0,-0.0017543859649123029,-0.00038596491228069335,-0.0043508771929824715,-0.0006666666666666663,-0.0038596491228070407,-0.003719298245614039
36,1,0.002144866385372734,0.003797468354430374,-0.003586497890295331,0.004500703234880443,-0.002812939521800253,-0.008263009845288306
36,2,0.0022151898734177433,0.009845288326300975,-0.0040436005625878865,0.0021448663853727173,-0.003691983122362874,-0.012798874824191264
36,3,0.00387596899224806,0.003805496828752634,-0.0002466525722339519,-0.003136011275546169,0.0009161381254404558,-0.003100775193798444
36,4,0.00024613220815754814,0.006997187060478195,-0.005450070323488032,0.0034458509142053606,-0.0068213783403657064,-0.011075949367088604
36,5,-0.0007196969696969517,0.007840909090909082,-0.009810606060606054,-0.000871212121212114,-0.005833333333333331,-0.013333333333333301
36,Aggregated,0.001001807413551089,0.005316112375904624,-0.004579429059572589,0.0009035252735668989,-0.0036835124827426474,-0.008713645291147355
36,Centralized,0.001020166073546873,0.005284697508896776,-0.00451957295373664,0.0009252669039146107,-0.003659549228944248,-0.008659549228944253
37,0,-0.0024561403508771883,0.0013333333333333363,0.003894736842105293,0.004807017543859666,-0.0016842105263157954,0.002526315789473704
37,1,-0.0039732770745428735,-0.0001054852320675253,1.295260195396016e-17,0.004113924050632925,-0.003445850914205336,0.0013009845288326272
37,2,-0.010654008438818585,0.0007032348804500935,0.0010548523206751026,-0.0015119549929676448,-0.0004571026722925648,0.0024261603375527333
37,3,0.00169133192389009,-0.0017265680056377678,-0.0025369978858350963,0.00165609584214236,-0.007364341085271321,0.004052149400986647
37,4,-0.004078762306610397,-0.002496483825597764,0.010337552742616012,0.006364275668073154,-0.002883263009845307,0.0033052039381153233
37,5,-0.005719696969696983,-0.002689393939393957,0.006098484848484836,0.00454545454545452,0.0028409090909090914,0.004015151515151496
37,Aggregated,-0.004197795027119266,-0.0008297764877534245,0.003141645528726288,0.003328937648255404,-0.002167687744072465,0.0029374872155687316
37,Centralized,-0.0041814946619217076,-0.0008066429418742493,0.0031079478054567198,0.0033155397390272714,-0.002224199288256221,0.0029240806642941786
38,0,-0.00333333333333335,0.002035087719298233,-0.002456140350877165,0.001228070175438606,0.0030526315789473906,0.0015789473684210556
38,1,0.0007383966244725645,0.0032348804500703246,-0.00218002812939522,0.004641350210970444,0.0011954992967651073,-0.0013009845288326678
38,2,0.001441631504922652,0.003727144866385352,-0.0014767932489451636,0.003727144866385347,0.002531645569620241,-0.003621659634317881
38,3,0.004334038054968286,0.006342494714587728,-0.00863284002818887,0.00021141649048623997,-0.005073995771670168,0.0028188865398167846
38,4,-0.005063291139240515,0.0026019690576652345,0.0006329113924050668,0.005872011251758079,-0.0015822784810126682,-0.00035161744022503457
38,5,-0.008181818181818151,0.0026515151515151478,0.0049242424242424265,0.0025000000000000005,0.004507575757575739,-0.0018560606060606184
38,Aggregated,-0.0016754569497075206,0.003432423697274715,-0.001533782450842271,0.003030397737546519,0.0007698685332011776,-0.0004546862053749227
38,Centralized,-0.0016014234875444836,0.00344009489916964,-0.0016073546856465151,0.0030367734282325024,0.0007295373665480257,-0.00043890865954921115
39,0,-0.0003157894736841835,-0.0014736842105263202,-0.003859649122807028,0.0003508771929824591,0.003087719298245614,0.00010526315789473899
39,1,-0.000597749648382571,0.002426160337552751,0.0004219409282700444,0.00010548523206751666,0.001933895921237705,0.0020393811533052177
39,2,0.0028481012658228186,-0.0010900140646975982,-0.005098452883263011,-0.0015119549929676493,0.005168776371308002,0.0039029535864978926
39,3,-0.00021141649048625848,0.00010570824524313386,-0.0021494009866102866,-0.0011627906976744281,0.0009866102889358667,0.0003171247357293701
39,4,0.0013009845288326272,-0.0013361462728551537,0.006399437412095641,-0.00031645569620252965,-0.0011954992967651106,-0.002742616033755303
39,5,0.0032954545454545498,0.0003409090909090926,-0.004356060606060598,0.00011363636363638056,0.0009090909090908946,0.0019696969696969967
39,Aggregated,0.0010525813554420217,-0.00017192715015842063,-0.0014382818188830998,-0.0004038128571980988,0.0018150407381113249,0.0009308507028977227
39,Centralized,0.0010260972716488479,-0.00017793594306049086,-0.0014056939501779478,-0.00040925266903915993,0.0018268090154211103,0.0009193357058125721
40,0,-0.0027017543859649343,-1.4802973661668754e-17,0.0002105263157894758,0.00017543859649121936,0.0033333333333333574,0.0010877192982456337
40,1,-0.0045007032348804606,-0.0005625879043600568,-0.006645569620253121,-0.002672292545710247,0.0022151898734177277,0.0016174402250351573
40,2,-0.0023206751054852402,0.0038677918424753857,-0.005098452883262999,0.0018284106891701853,0.004500703234880457,-0.0027777777777777783
40,3,-0.004157857646229755,0.0010923185341789826,-0.00010570824524314743,-0.0018322762508809283,0.0028893587033121874,-0.0042283298097251796
40,4,-0.008263009845288372,0.00028129395218003394,-0.0013713080168776337,-0.0017580872011251525,0.0015119549929676463,-0.0030590717299577835
40,5,-0.004886363636363625,0.004393939393939388,-0.0017424242424242487,0.0014393939393939354,0.0004545454545454288,-0.0019318181818181823
40,Aggregated,-0.004472083467659132,0.0015110226521827881,-0.002458380826737046,-0.0004705828928639374,0.0024849425883556055,-0.001549138457235375
40,Centralized,-0.0044661921708184765,0.0014768683274021422,-0.002467378410438929,-0.0004922894424673715,0.0025088967971530363,-0.0015421115065243109
41,0,0.0010877192982456354,0.0003157894736842063,-0.0007719298245614033,-0.0015438596491228038,-0.0004912280701754405,-0.0007017543859649182
41,1,0.003902953586497868,-0.0024613220815752845,-0.00021097046413501853,0.002707454289732776,0.005133614627285513,0.003586497890295364
41,2,0.004113924050632893,-0.0015471167369901543,-0.0009142053445850821,0.0021800281293952034,0.002109704641350213,-0.0017229254571027204
41,3,0.0029598308668076175,0.0006694855532064873,0.001057082452431298,-0.0023255813953488363,-0.0007751937984496045,0.002642706131078245
41,4,0.004465541490857945,0.002531645569620284,0.0002109704641350148,0.0007735583684950939,0.00101969057665261,-0.0026722925457102757
41,5,0.0034090909090909293,-0.001249999999999977,-0.001666666666666641,-0.003409090909090917,0.0015530303030303135,0.0059090909090909315
41,Aggregated,0.0033232198124016066,-0.0002891397279240542,-0.00038201544506843586,-0.00026852336414037844,0.0014243002314805594,0.0011706594842999934
41,Centralized,0.003321470937129303,-0.00027876631079479057,-0.0003677342823250329,-0.00023131672597866414,0.0014234875444839865,0.0011150652431791105
42,0,0.001508771929824544,3.508771929823055e-05,-0.00014035087719298882,-0.006807017543859703,0.001894736842105246,0.0014035087719298123
42,1,0.002531645569620252,-0.004781997187060462,0.003938115330520417,-0.008755274261603373,-0.0013361462728551253,0.004184247538677917
42,2,0.002109704641350217,0.00021097046413503796,0.0019690576652601935,-0.007700421940928287,-0.004746835443037967,0.003938115330520418
42,3,0.001057082452431298,0.002959830866807624,-0.0019027484143763244,-0.003453136011275562,0.0007399577167019093,0.0005990133897110542
42,4,0.0004922644163150358,-0.003023909985935319,0.0009493670886075945,-0.0002812939521800376,-0.0002461322081575327,0.0063291139240506285
42,5,0.0006439393939393911,0.00034090909090909235,-0.0003787878787878865,-0.011022727272727278,-0.0025378787878788107,0.006136363636363648
42,Aggregated,0.0013905964231888937,-0.0007100486760879361,0.0007391604300717022,-0.00633345859515308,-0.0010379261592565175,0.0037643576963037944
42,Centralized,0.0013997627520759223,-0.0007236061684460227,0.0007532621589560995,-0.006281138790035583,-0.0010201660735468501,0.0037366548042704474
43,0,0.003333333333333352,-0.005859649122807029,-0.006947368421052658,0.0013684210526315854,0.0010175438596491313,0.004982456140350877
43,1,0.005203938115330507,-0.00632911392405061,0.0009142053445850912,-0.002918424753867791,-0.003656821378340362,0.006786216596343174
43,2,0.005661040787623044,-0.008649789029535861,-0.007172995780590771,0.0012658227848101234,-0.0034106891701828554,0.00597749648382557
43,3,-0.0001409443269908325,-0.0014094432699083793,-0.004263565891472851,0.002325581395348838,0.00042283298097252835,0.007293868921775924
43,4,0.009142053445850961,-0.007841068917018277,0.003481012658227858,-0.003340365682137802,-0.006504922644163148,0.0008438818565400945
43,5,0.006022727272727288,-0.0065909090909091065,-0.00424242424242426,-0.0028030303030303367,-0.003750000000000018,0.002272727272727266
43,Aggregated,0.0048704261300772395,-0.006113340095086486,-0.003037648940212829,-0.0006828264109577833,-0.0026469442144463487,0.004692960913111962
43,Centralized,0.004857651245551601,-0.0061091340450771005,-0.003024911032028447,-0.0006583629893238488,-0.002633451957295356,0.004721233689205226
44,0,-0.0012631578947368345,0.002350877192982467,0.005192982456140364,0.0011578947368421004,-0.0012631578947368107,0.0022456140350877317
44,1,-0.0008790436005625836,-0.0016526019690576762,0.002180028129395206,0.002180028129395214,-0.008122362869198301,-3.516174402250185e-05
44,2,0.0031293952180028125,-0.006891701828410658,0.006962025316455704,0.006153305203938094,-0.011603375527426196,0.00014064697609001065
44,3,0.0033121916842846926,-0.0014799154334038112,0.00014094432699084577,-0.00038759689922479026,-0.007258632840028204,0.0056730091613812535
44,4,-0.0007735583684950994,-0.0033052039381153606,0.008052039381153302,-0.0028129395218003087,-0.00028129395218003166,-0.002988748241912806
44,5,0.0017045454545454722,-0.0008333333333333245,0.00829545454545457,0.002878787878787893,-0.001136363636363635,0.005000000000000032
44,Aggregated,0.0008713903292548118,-0.0019693619442340527,0.005136736200969593,0.0015269674773230918,-0.004944704424123194,0.0016707306001317317
44,Centralized,0.0008600237247924201,-0.0019810201660735304,0.00510083036773428,0.0015124555160142248,-0.004988137603795974,0.0016310794780545663
45,0,0.0008070175438596321,-0.004666666666666679,-0.004842105263157945,-0.0009122807017543852,0.0010877192982456153,0.00010526315789474423
45,1,0.0020745428973276974,-0.005379746835443059,0.00221518987341772,0.006575246132208158,0.007805907172995795,-0.0027426160337552814
45,2,0.0029184247538677805,-0.005063291139240515,0.0034106891701828346,0.009317862165963416,0.0077707454289732865,-0.0078059071729958095
45,3,0.002924594785059897,-0.0011275546159267033,-0.0013037350246652693,0.00028188865398166005,0.0028188865398167586,0.0006342494714587538
45,4,-0.001265822784810124,-0.009036568213783397,0.0005274261603375722,0.0028129395218002852,0.009071729957805917,-0.004219409282700418
45,5,-0.0016666666666666984,-0.00799242424242427,-0.005227272727272712,0.006780303030303003,0.008068181818181792,-0.004507575757575791
45,Aggregated,0.0009659926980034339,-0.00554385381400784,-0.0008683579910742905,0.004141008656830533,0.006103207320324828,-0.0030889397396709982
45,Centralized,0.0010083036773427942,-0.005504151838671386,-0.000806642941874262,0.00405100830367732,0.0060913404507710565,-0.0030604982206405887
46,0,-0.004561403508771936,0.0012631578947368417,-0.002631578947368417,-0.002526315789473666,0.0037192982456140384,0.0005263157894736748
46,1,-0.0034458509142053307,-0.005063291139240511,-0.00893108298171589,7.032348804501542e-05,0.0009142053445851028,-0.004641350210970466
46,2,-0.004676511954992967,-0.0007032348804500581,-0.006082981715893094,-0.0004219409282700358,0.0019338959212376985,-0.002707454289732748
46,3,0.002290345313601121,-0.002043692741367157,0.0011980267794221434,-0.0003875968992247992,0.0008809020436927514,0.0022903453136011477
46,4,-0.0002461322081575315,-0.002566807313642762,-0.004641350210970463,0.00573136427566807,-0.0018635724331926501,-0.004852320675105512
46,5,-0.008409090909090925,-0.002613636363636366,-0.007121212121212101,0.0014015151515151816,0.00022727272727274633,-0.003939393939393932
46,Aggregated,-0.00317210076349792,-0.0019539514162053326,-0.004700063343939826,0.0006450376634113055,0.000968588683956813,-0.0022199436267776366
46,Centralized,-0.0031138790035587253,-0.0019454329774614464,-0.004673784104389095,0.0006346381969157815,0.0009786476868327398,-0.002200474495848157
47,0,0.0017192982456140293,-3.508771929826015e-05,-0.00017543859649122863,-0.0023157894736842307,0.0010526315789473753,0.0018596491228070244
47,1,0.011286919831223634,-0.002496483825597742,0.0034810126582278346,-0.004535864978902928,0.005344585091420539,0.003797468354430361
47,2,0.010724331926863572,-0.0021800281293952277,0.0014064697609001235,-0.0025316455696202467,0.0021448663853726973,0.003094233473980306
47,3,-0.0011275546159267144,-0.0012332628611698537,-0.0025017618040873843,-0.004510218463706846,-0.0022903453136011425,-0.003136011275546166
47,4,0.004606188466947979,-0.00035161744022504753,0.0009493670886075889,-0.0010900140646976013,0.005942334739803099,0.0004922644163150215
47,5,0.010037878787878811,0.0016287878787878635,0.0038636363636363764,0.0012499999999999727,0.002651515151515136,0.003295454545454572
47,Aggregated,0.006205274004794093,-0.0007786664516325906,0.0011690469545191323,-0.0022899362220700327,0.002474273939193957,0.0015659757553342668
47,Centralized,0.006162514827995244,-0.0008066429418742675,0.0011387900355871784,-0.002330960854092519,0.0024733096085409463,0.001548042704626329
48,0,-0.004526315789473697,0.004771929824561419,-0.0011228070175438739,0.004561403508771923,0.004245614035087728,0.004701754385964936
48,1,0.001406469760900148,0.0024261603375527563,-0.00720815752461324,0.002742616033755262,0.004289732770745447,0.002672292545710268
48,2,-0.003973277074542934,0.003481012658227845,-0.0120604781997188,0.0038677918424753865,0.003410689170182846,-0.0010548523206751063
48,3,-0.008069062720225518,0.004721634954193105,0.00035236081747712426,0.002959830866807637,0.002149400986610291,0.0042283298097251605
48,4,-0.005661040787623064,0.0001054852320675162,-0.008192686357243297,0.0015471167369901441,0.009282700421940952,0.0008087201125175815
48,5,0.003749999999999971,0.00041666666666666333,-0.010265151515151559,0.001628787878787894,0.006818181818181826,-0.0023484848484848623
48,Aggregated,-0.002849335551531095,0.002654435900110172,-0.006414659526899572,0.0028849548711573207,0.005032668471536957,0.001502663067521131
48,Centralized,-0.0029240806642941795,0.002680901542111519,-0.00637010676156583,0.0029003558718861213,0.005011862396204056,0.0015480427046263587
49,0,-0.00414035087719299,0.004070175438596484,-0.0031578947368421173,0.0022456140350877135,-0.007298245614035078,-0.002245614035087748
49,1,-0.001476793248945153,0.002742616033755279,0.0001758087201124951,7.032348804501141e-05,-0.005379746835443019,-0.0045710267229254345
49,2,0.003797468354430378,0.004043600562587921,0.0029887482419127974,0.0024613220815752524,-0.01065400843881857,-0.004746835443037963
49,3,0.000951374207188153,0.004439746300211426,-0.0009866102889358594,0.00355884425651867,-0.009161381254404523,0.0011980267794221308
49,4,0.002390998593530248,0.009177215189873402,-0.001160337552742615,0.003375527426160335,-0.011146272855133645,-0.011075949367088648
49,5,0.002272727272727259,0.010113636363636373,-0.0014015151515151447,0.0022348484848484845,-0.004659090909090915,-0.00856060606060607
49,Aggregated,0.0006324218444029516,0.005763563112543684,-0.00059014491674482,0.0023249187257741743,-0.008052045068244643,-0.004999743575422857
49,Centralized,0.0006109134045077149,0.005711743772241996,-0.0005812574139976138,0.002325029655990512,-0.008090154211150655,-0.004958481613285867
50,0,-0.004701754385964868,0.0035087719298245814,-0.0005263157894736785,0.0015087719298245575,0.001333333333333355,0.0030877192982456145
50,1,-0.0009142053445851111,0.0005274261603375574,0.005133614627285501,-0.004184247538677937,0.0002461322081575142,0.003410689170182826
50,2,0.002707454289732765,0.003375527426160354,0.002707454289732774,-0.006821378340365724,-0.0034810126582278467,-0.0005977496483825331
50,3,0.001973220577871702,0.0015856236786469173,0.0011627906976744208,-2.0354088784794535e-17,-0.0035588442565186906,0.0009513742071881567
50,4,-0.002004219409282696,0.006434599156118141,0.00372714486638539,-0.0005625879043600734,0.0016174402250351528,0.0013361462728551225
50,5,-0.0044318181818182095,0.004242424242424244,-0.0017045454545454586,-0.007196969696969714,0.00022727272727274633,0.002045454545454528
50,Aggregated,-0.0012273488520492108,0.003279488783484502,0.0017512906297688074,-0.00287372318616489,-0.0006027712301601415,0.0017051680663784964
50,Centralized,-0.0011921708185053494,0.0032680901542111156,0.0017912218268089808,-0.002823250296559912,-0.000610913404507731,0.0017022538552787748
