Round,Evaluator,3,2,0,1,5,4
0,0,,,,,,
0,1,,,,,,
0,2,,,,,,
0,3,,,,,,
0,4,,,,,,
0,5,,,,,,
0,Aggregated,,,,,,
0,Centralized,,,,,,
1,0,0.14845528455284474,0.07808943089430896,0.06971544715447126,0.09634146341463477,0.0629268292682926,0.06642276422764218
1,1,0.14569105691056902,0.08089430894308987,0.08121951219512218,0.09825203252032494,0.05991869918699181,0.06573170731707315
1,2,0.138211382113822,0.06849593495934993,0.06943089430894314,0.09516260162601642,0.06487804878048783,0.06382113821138208
1,3,0.14922764227642207,0.074390243902439,0.07008130081300801,0.09987804878048832,0.06028455284552844,0.07052845528455287
1,4,0.14634146341463422,0.06093495934959361,0.06951219512195135,0.1022357723577233,0.05272357723577236,0.06581300813008122
1,5,0.1189968404423381,0.051540284360189224,0.04687993680884696,0.07377567140600323,0.07310426540284358,0.04328593996840439
1,Aggregated,0.1411398186498849,0.06904635891852327,0.06779320593523809,0.09426119610225511,0.06231287990977435,0.06258818815592455
1,Centralized,0.14104638619201687,0.06897249190938551,0.06770496224379723,0.09417475728155343,0.062358414239481866,0.06250674217907232
2,0,0.025731707317073284,0.03402439024390247,0.03260162601626007,0.022642276422764222,0.028089430894308723,0.032520325203252015
2,1,0.0114227642276423,0.027520325203252025,0.04008130081300823,0.020243902439024387,0.01849593495934956,0.021260162601626095
2,2,0.023983739837398273,0.03028455284552849,0.0349186991869918,0.01983739837398374,0.028577235772357736,0.03556910569105673
2,3,0.026341463414634194,0.02890243902439031,0.04040650406504053,0.023089430894308947,0.029959349593496318,0.03178861788617908
2,4,0.03223577235772356,0.030243902439024313,0.03707317073170746,0.03004065040650407,0.028211382113820935,0.032439024390243716
2,5,0.014494470774091692,0.02002369668246445,0.02503949447077404,0.014139020537124807,0.042496050552922854,0.023617693522906647
2,Aggregated,0.022363299668225218,0.028494480397677272,0.035013769373515365,0.02166064802584884,0.02931330735788163,0.029528717227867835
2,Centralized,0.02233009708737867,0.028458737864077637,0.03497168284789643,0.021628910463861895,0.02936893203883498,0.029503775620280528
3,0,0.009065040650406498,-0.01914634146341458,0.01841463414634144,-0.0017886178861788646,0.006747967479674781,0.02085365853658525
3,1,0.0034959349593495967,-0.03032520325203259,0.02825203252032522,0.014065040650406532,-0.0034146341463414664,0.019634146341463352
3,2,0.004837398373983741,-0.02101626016260169,0.015528455284552845,-0.0017073170731707274,0.008373983739837403,0.02081300813008135
3,3,0.0033739837398374,-0.017723577235772305,0.01910569105691054,0.0007723577235772257,0.003089430894308936,0.015772357723577227
3,4,0.003983739837398371,-0.021544715447154528,0.014593495934959318,0.008739837398373989,-0.0032926829268292673,0.01215447154471543
3,5,-0.004146919431279638,-0.02326224328593998,0.010308056872037952,-0.005094786729857808,0.03116113744075827,0.007622432859399675
3,Aggregated,0.003430029242557726,-0.02217042001245946,0.017695681304478194,0.0024929117102283523,0.007126200373419681,0.016136247728462207
3,Centralized,0.0033980582524271953,-0.02217502696871626,0.01766450916936357,0.0024608953613808166,0.007227615965480018,0.016100323624595438
4,0,-0.03089430894308926,0.02272357723577232,0.012154471544715429,0.012804878048780492,0.026463414634146285,-0.040813008130081346
4,1,-0.03182926829268287,0.025203252032520322,0.0166260162601626,0.011138211382113851,0.025975609756097636,-0.03735772357723573
4,2,-0.02987804878048763,0.021707317073170678,0.013373983739837338,0.006544715447154468,0.024308943089430907,-0.03605691056910579
4,3,-0.022276422764227657,0.014959349593495923,0.010853658536585356,0.0059756097560975715,0.018008130081300724,-0.027520325203251893
4,4,-0.015162601626016202,0.01646341463414632,0.009186991869918676,0.015121951219512162,0.016991869918699113,-0.025528455284552904
4,5,-0.02906793048973138,0.013823064770932087,0.003909952606635092,0.003988941548183291,0.048459715639810455,-0.03637440758293844
4,Aggregated,-0.026519722467090293,0.019143268487316397,0.011012980988744737,0.009259022473879098,0.02671515264941364,-0.033943355967982196
4,Centralized,-0.02653047464940663,0.01912081984897511,0.010983009708737898,0.009236785329018338,0.02680690399137001,-0.033953613807982744
5,0,0.008943089430894311,0.006056910569105696,-0.005609756097560922,0.018373983739837348,-0.03768292682926828,0.00747967479674797
5,1,0.013902439024390237,0.007520325203251992,-0.006382113821138156,0.023658536585365837,-0.047276422764227576,0.006138211382113827
5,2,0.0068699186991869965,0.007682926829268258,-0.004552845528455281,0.018170731707317058,-0.036747967479674744,0.006138211382113824
5,3,0.00552845528455284,0.002520325203252025,-0.0013008130081300685,0.013292682926829233,-0.0273170731707317,0.004837398373983758
5,4,0.01235772357723571,0.006585365853658533,0.0007317073170731868,0.013983739837398364,-0.035528455284552785,0.00674796747967481
5,5,0.0011848341232227576,-0.0018957345971564097,-0.011532385466034785,0.011690363349131117,-0.001303317535545038,-0.0028830963665086866
5,Aggregated,0.00812664810045465,0.004740786018609112,-0.004778676353729874,0.016525255230449478,-0.030957109287858192,0.004738199104211845
5,Centralized,0.008097357065803657,0.00471278317152104,-0.004807173678532898,0.01650485436893199,-0.0308319848975188,0.004706040992448763
6,0,0.008292682926829244,0.003739837398373976,0.012357723577235778,0.0008943089430894428,-0.002642276422764226,-0.008008130081300791
6,1,0.013130081300812974,0.0072764227642276216,0.010609756097560985,-0.002276422764227614,0.0038617886178861664,-0.01552845528455278
6,2,0.010975609756097545,0.008821138211382083,0.015081300813008071,-0.0029674796747967366,0.005691056910569092,-0.015650406504064993
6,3,0.0009349593495934875,0.004471544715447149,0.006869918699186988,0.0027235772357723565,-0.0039024390243902166,-0.006219512195121931
6,4,0.006178861788617872,0.008861788617886172,0.005691056910569101,0.005813008130081302,-0.00772357723577235,-0.004186991869918684
6,5,-0.0012243285939968565,-0.004028436018957351,0.0031990521327014405,-0.0073064770932069634,0.04980252764612926,-0.0262243285939968
6,Aggregated,0.00637646209871473,0.004851384324236532,0.008964456616059128,-0.0005242409892746268,0.007541474214913428,-0.012644967157656199
6,Centralized,0.006344390507011873,0.00481391585760519,0.008940129449838193,-0.0005528586839266714,0.007719795037756199,-0.012702265372168247
7,0,0.003414634146341461,0.0032520325203252006,-0.003943089430894313,-0.0076016260162601506,-0.0032520325203252124,-0.0016260162601626086
7,1,0.007642276422764183,0.007642276422764187,-0.0024796747967479695,-8.130081300813015e-05,0.0030894308943089296,-0.0109349593495935
7,2,0.007357723577235745,0.007682926829268273,-0.002804878048780461,-0.003739837398373971,0.006788617886178841,-0.010406504065040614
7,3,0.0033739837398373902,0.002723577235772347,-0.0006097560975609835,-0.003658536585365837,-0.006219512195121925,-0.0004878048780487965
7,4,0.003089430894308935,0.00585365853658536,0.0008130081300812959,-4.065040650407063e-05,-0.011260162601626001,-0.005772357723577225
7,5,0.0035545023696682645,-0.004581358609794652,-0.011848341232227519,-0.007385466034755139,0.03372827804107431,-0.015837282780410727
7,Aggregated,0.004738003500381204,0.0037568660475857463,-0.003484124602723096,-0.0037535532188154837,0.0038315094826833346,-0.007516129393610554
7,Centralized,0.004733009708737851,0.003721682847896428,-0.003519417475728147,-0.0037688781014023707,0.003957659115426089,-0.007551240560949313
8,0,-0.005406504065040636,0.0050813008130081196,-0.0013414634146341402,-0.0008130081300812941,-0.0006910569105690989,0.005609756097560966
8,1,0.007723577235772328,0.004308943089430886,-0.007398373983739819,-0.0008536585365853459,-0.001951219512195128,0.000609756097560998
8,2,0.00934959349593497,-0.0008536585365853608,-0.00947154471544712,-0.002764227642276404,-0.0058536585365853416,-0.00016260162601623748
8,3,-0.005528455284552887,0.0028455284552845444,1.1102230246251566e-17,0.00329268292682926,-0.0024796747967479587,0.004308943089430887
8,4,-0.005650406504064982,0.005569105691056906,-0.0021951219512194955,0.008699186991869952,-0.00422764227642276,0.00024390243902438122
8,5,-0.0026461295418640984,-0.0035545023696682667,-0.014889415481832534,-0.005331753554502395,0.03937598736176926,-0.012954186413902074
8,Aggregated,-0.00036117848132841124,0.0022290964941762614,-0.005888395535290041,0.00036790086603796345,0.0040513248913790646,-0.00039874823497482214
8,Centralized,-0.00037081984897517167,0.0022046925566342997,-0.005926375404530735,0.00034385113268608494,0.004200377562028035,-0.00045172599784250403
9,0,0.006626016260162586,0.005975609756097549,-0.011991869918699287,0.004796747967479664,-0.016382113821138168,0.0012195121951219486
9,1,0.009674796747967424,0.01170731707317065,-0.016707317073170785,0.005813008130081314,-0.005406504065040644,-0.005081300813008114
9,2,0.010040650406504049,0.01044715447154469,-0.011341463414634097,0.004471544715447158,-0.014065040650406486,0.0004471544715447402
9,3,0.0020325203252032466,0.0027642276422764137,-0.005731707317073173,0.006869918699186977,-0.013821138211382087,0.0030081300813008045
9,4,-0.0008130081300813108,0.0013414634146341382,-0.005284552845528448,0.008780487804878046,-0.014999999999999986,0.006097560975609748
9,5,-0.00023696682464456901,0.0019747235387045764,-0.018759873617693563,0.0013428120063191133,0.028159557661927348,-0.007740916271721962
9,Aggregated,0.004550946973723759,0.0056993731440742905,-0.011640672452928928,0.005343201138184603,-0.0060640399448938665,-0.0003463606467152693
9,Centralized,0.004530744336569576,0.005683656957928802,-0.011670711974110043,0.005326321467098164,-0.005919633225458518,-0.0003775620280474512
10,0,0.0022357723577235717,0.008008130081300817,0.0012601626016260322,0.000203252032520318,-0.002479674796747955,0.002967479674796743
10,1,-0.0016666666666666553,0.017886178861788546,-0.008292682926829236,0.012032520325203204,-0.01796747967479663,-0.0019918699186991717
10,2,-0.004349593495934956,0.011300813008130059,-0.005934959349593489,0.006097560975609754,-0.015853658536585404,0.0014227642276422796
10,3,0.0008943089430894151,0.005203252032520312,0.0016260162601626142,-0.001097560975609746,-0.007804878048780416,0.0036178861788617807
10,4,0.003008130081300806,0.010975609756097557,-0.001869918699186975,0.005406504065040646,-0.012642276422764158,0.0048780487804878
10,5,-0.008451816745655599,-0.006595576619273315,-0.014573459715639819,0.0008688783570300253,0.043127962085308114,-0.00963665086887839
10,Aggregated,-0.001392814271884363,0.007787225555389267,-0.00463714592774134,0.003916581488414578,-0.0022410573459948524,0.00020333217788891082
10,Centralized,-0.0014225997842502558,0.007726537216828502,-0.0046790722761596605,0.003903721682847888,-0.002049622437971939,0.00016181229773464255
11,0,0.002357723577235767,0.002682926829268278,0.00028455284552842964,-0.00569105691056909,-0.0022357723577235682,-0.004715447154471529
11,1,0.011504065040650375,0.004024390243902457,0.016300813008130088,-0.00959349593495932,-0.007357723577235751,-0.012439024390243834
11,2,0.011300813008130076,0.0019105691056910293,0.009756097560975617,-0.0043495934959349595,-0.004065040650406502,-0.0023577235772357817
11,3,0.00036585365853657707,0.00414634146341462,0.0017886178861788644,-0.000975609756097555,-0.001666666666666659,-0.00365853658536585
11,4,-0.004390243902439029,0.005934959349593484,0.0023170731707317055,0.0007317073170731963,-0.0008536585365853656,-0.0037398373983739673
11,5,-0.00011848341232225297,-0.005450236966824649,0.002922590837282788,-0.012677725118483373,0.05296208530805683,-0.01868088467614537
11,Aggregated,0.0035009789280814217,0.0022032757137878476,0.005559941697652831,-0.005430585690930623,0.006160394791049722,-0.007605641176398398
11,Centralized,0.003485706580366753,0.0021709816612729077,0.005548813376483255,-0.005461165048543694,0.0063578748651564,-0.007652373247033464
12,0,0.005609756097560966,0.008089430894308941,-0.016666666666666705,0.004959349593495933,0.006382113821138204,-0.008373983739837389
12,1,0.014756097560975552,0.019105691056910516,-0.029268292682926543,0.0006910569105691403,0.0049593495934959495,-0.01999999999999997
12,2,0.00963414634146343,0.015000000000000036,-0.02154471544715442,0.0003658536585366261,0.004227642276422784,-0.012560975609756077
12,3,0.00491869918699187,0.010447154471544704,-0.020081300813008015,0.007967479674796716,0.00203252032520327,-0.00772357723577234
12,4,0.009837398373983732,0.00934959349593495,-0.01105691056910569,0.0002845528455284518,-0.003943089430894325,-0.0069105691056910445
12,5,-0.0030410742496050766,-0.0006319115323854565,-0.033767772511848364,-0.000355450236966804,0.06334913112164273,-0.020813586097946295
12,Aggregated,0.006946132461489278,0.01021973682938608,-0.02207173803344582,0.0023171020967613005,0.01286681690760449,-0.01273560205035066
12,Centralized,0.0069039913700107884,0.010173948220064722,-0.022121089536138075,0.0023058252427184383,0.013079827400215766,-0.01276968716289112
13,0,0.0010975609756097534,-0.0006097560975609798,0.0009349593495934931,-0.0029268292682926894,-0.001300813008130064,0.005243902439024391
13,1,0.004634146341463393,0.0035772357723576954,-0.002560975609756116,-0.0010975609756097484,-0.0026016260162601643,0.00048780487804875317
13,2,-0.0019105691056910548,0.002886178861788618,-0.002439024390243903,-0.0014634146341463428,-0.003861788617886174,0.0019105691056910475
13,3,0.0011788617886178835,-0.00012195121951220263,-0.004837398373983709,0.003048780487804861,-0.003495934959349577,0.0042276422764227495
13,4,-0.004268292682926835,0.0011788617886178817,-0.007560975609756092,0.003048780487804875,-0.008739837398373971,0.0017073170731707276
13,5,-0.0076619273301737675,-0.011729857819905258,-0.014099526066350733,-0.00999210110584522,0.05706951026856225,-0.01121642969984204
13,Aggregated,-0.0011591851487106869,-0.0008101810866486304,-0.0050995650520058704,-0.0015690976949442835,0.006210697524979575,0.00038606576776848355
13,Centralized,-0.0011866235167205827,-0.0008562567421790512,-0.0051375404530743995,-0.0016046386192017077,0.0064252966558792,0.00033710895361380535
14,0,-0.0026829268292682764,0.0033333333333333327,-0.005731707317073179,-0.00069105691056911,4.0650406504061375e-05,0.0008536585365853629
14,1,-0.008699186991869926,0.007845528455284547,-0.00467479674796747,0.0021544715447154505,0.004918699186991872,0.0008943089430894188
14,2,-0.00792682926829262,0.009105691056910524,-0.0017073170731707209,0.005487804878048761,0.00036585365853658477,0.0019918699186992094
14,3,-0.005365853658536557,0.0024390243902438933,-0.006869918699186987,0.0043902439024390205,-0.0023170731707316946,0.005284552845528439
14,4,0.005162601626016283,0.008739837398373982,-0.0016666666666666718,0.008048780487804833,-0.0035365853658536495,0.002764227642276416
14,5,-0.014770932069510212,-0.0019747235387045925,-0.020300157977883128,0.0005134281200631999,0.03617693522906802,-0.016232227488151625
14,Aggregated,-0.00571962888800687,0.00491038943267162,-0.0068336851315823005,0.003315491070448678,0.005960690035533097,-0.0007504783143152948
14,Centralized,-0.0057578209277238356,0.004881337648327903,-0.006890507011866243,0.003303667745415307,0.006088187702265355,-0.0008158036677454332
15,0,0.006463414634146335,0.003414634146341455,-0.006341463414634151,-0.001382113821138196,0.006422764227642261,0.006056910569105692
15,1,0.025650406504065058,0.012886178861788607,-0.01743902439024387,-0.00991869918699186,0.009552845528455273,-0.006097560975609769
15,2,0.01743902439024378,0.00821138211382112,-0.010487804878048783,-0.006422764227642275,0.004878048780487793,-0.0038617886178861803
15,3,0.0068699186991869705,0.005609756097560958,-0.006626016260162565,-0.0004065040650406304,0.004878048780487794,0.004308943089430911
15,4,0.007804878048780483,0.004024390243902429,-0.009186991869918747,-0.004837398373983722,0.003089430894308931,-0.003333333333333336
15,5,0.004067930489731463,7.89889415481708e-05,-0.010071090047393346,-0.0005134281200632054,0.05695102685624007,-0.02207740916271728
15,Aggregated,0.011377931983198907,0.00570063535686201,-0.010025427607476744,-0.003911316920323373,0.014322556041295835,-0.004178791647602212
15,Centralized,0.011347087378640769,0.005676914778856521,-0.010025620280474655,-0.003896979503775614,0.014502427184465998,-0.004254314994606247
16,0,0.002479674796747962,0.003983739837398364,0.00040650406504063783,-0.005772357723577199,-0.00967479674796747,0.00126016260162601
16,1,0.010894308943089404,0.015528455284552743,0.00028455284552847155,-0.01849593495934947,-0.016585365853658544,-0.008699186991869902
16,2,0.0060569105691056935,0.009227642276422721,0.0009756097560975606,-0.008008130081300812,-0.012154471544715396,-0.0009756097560975545
16,3,-0.002276422764227632,0.005569105691056888,-0.0005284552845528553,-0.006056910569105699,-0.012845528455284529,-0.0009349593495935042
16,4,-0.002113821138211376,0.006504065040650405,0.0035365853658536482,-0.003983739837398356,-0.0095121951219512,0.005569105691056903
16,5,-0.012835703001579778,0.0020537124802527686,0.00027646129541866244,-0.013151658767772497,0.05762243285939978,-0.02922590837282775
16,Aggregated,0.0003590735138889941,0.007141207823991061,0.0008248598183806464,-0.009247279488493432,-0.00048791548479881243,-0.005516191845583976
16,Centralized,0.00030339805825243507,0.007119741100323661,0.0008225458468177016,-0.009263754045307448,-0.00024271844660194057,-0.005616235167206014
17,0,0.004999999999999993,-0.00020325203252032724,-0.0039024390243902266,-0.00646341463414633,-0.0007723577235772476,0.003902439024390236
17,1,0.0106910569105691,-0.005975609756097543,-0.007235772357723584,-0.0034552845528455075,0.0047967479674796715,0.01581300813008129
17,2,0.005203252032520338,-0.0057723577235772325,-0.01073170731707315,-0.0032520325203251733,-0.00012195121951217117,0.009796747967479678
17,3,0.004634146341463399,0.0005691056910569222,-0.004065040650406491,0.0010569105691057032,-0.000447154471544714,0.005569105691056896
17,4,0.004837398373983729,-0.0037398373983739772,-0.0028048780487804742,0.002317073170731698,-0.0033333333333333288,0.005162601626016252
17,5,0.009004739336492883,-0.011650868878356995,-0.014060031595576618,-0.01721958925750394,0.047906793048973155,0.00023696682464459108
17,Aggregated,0.00656332302154156,-0.004466719872136865,-0.007137727641864938,-0.004510830531899558,0.008030230304871388,0.006742661180719258
17,Centralized,0.006573624595469238,-0.004497033441208211,-0.00716693635382956,-0.004564455231930951,0.008198489751887821,0.006715210355987024
18,0,0.00414634146341463,0.005650406504065037,-0.010650406504065024,0.0013821138211382053,4.065040650407988e-05,-0.0005691056910569185
18,1,0.008617886178861778,0.008008130081300809,-0.02280487804878048,0.013821138211382082,-0.004227642276422779,-0.003414634146341468
18,2,0.005487804878048762,0.004959349593495907,-0.014634146341463476,0.007479674796747951,-0.001544715447154463,0.0031300813008130132
18,3,0.005081300813008119,0.006626016260162564,-0.010121951219512188,0.004349593495934931,-0.0009756097560975461,-0.007398373983739779
18,4,0.003902439024390234,0.00642276422764225,-0.009227642276422745,0.0006097560975609632,-0.006016260162601624,-0.0005691056910569185
18,5,0.0041074249605055355,-0.010624012638230658,-0.030805687203791437,0.0027646129541864066,0.0477883096366507,-0.03455766192733022
18,Aggregated,0.005223154430569236,0.003498099682684508,-0.016383319471562338,0.0050663464856120595,0.0058708636591432075,-0.0072472229506955164
18,Centralized,0.005218446601941738,0.0034385113268608344,-0.016444174757281563,0.005056634304207105,0.006047734627831693,-0.007362459546925563
19,0,0.0016260162601626031,-0.0001626016260162603,0.0050000000000000044,-0.0005691056910569111,0.00024390243902439046,0.0011788617886178872
19,1,0.004227642276422751,-0.0017479674796747834,0.006666666666666657,0.0043495934959349464,-0.0033739837398373868,-0.005243902439024375
19,2,0.0030487804878048747,-0.003983739837398359,0.008902439024390222,0.004146341463414622,-0.00317073170731706,-0.0016260162601625845
19,3,0.0013008130081300733,-0.001300813008130064,0.004146341463414628,0.00223577235772357,-0.00040650406504063783,0.0013414634146341438
19,4,0.0037804878048780448,-0.000975609756097547,0.0028861788617886132,-0.0007723577235772439,-0.0033739837398373868,0.0033333333333333288
19,5,-0.0114139020537125,-0.04067930489731439,0.002685624012638235,-0.00039494470774092407,0.04253554502369678,-0.004581358609794626
19,Aggregated,0.00042075627601798873,-0.008162417193405973,0.005046368947441719,0.0014980089065394502,0.005432710771479833,-0.0009352625201774361
19,Centralized,0.00037081984897517753,-0.008299622437972,0.0050364077669902895,0.0014900215749730098,0.0055892664509169295,-0.0009506472491909317
20,0,0.0007723577235772327,-0.0007317073170731751,0.0003252032520325169,-0.01126016260162595,-0.0003658536585365894,0.003943089430894308
20,1,-0.006869918699186987,0.01398373983739834,-0.004105691056910555,-0.016585365853658433,-0.00036585365853657734,0.006626016260162591
20,2,-0.0014634146341463551,0.008130081300812997,-0.004227642276422749,-0.01093495934959346,-0.0030487804878048482,0.0066666666666666576
20,3,-0.0007317073170731547,0.006422764227642255,-0.0028861788617886032,-0.005894308943089439,-0.0032113821138211388,0.006300813008130066
20,4,0.0005284552845528645,0.009268292682926829,0.0003252032520325169,-0.006788617886178841,-0.0035365853658536578,0.005081300813008115
20,5,-0.018878357030015787,-0.0041074249605055485,0.00027646129541864705,-0.014375987361769307,0.07484202211690369,0.007266982622432842
20,Aggregated,-0.0044496357046007965,0.005488169370587146,-0.0017141707918808214,-0.010975403097733295,0.010759809599661186,0.005981631467619154
20,Centralized,-0.004510517799352749,0.005447680690399149,-0.0017057713052858563,-0.010989751887810126,0.011030204962243812,0.005987055016181234
21,0,0.006707317073170738,0.0048373983739837395,0.003821138211382112,-0.009918699186991866,0.0015447154471544674,0.0003252032520325206
21,1,0.0008943089430894169,0.005691056910569102,-0.000447154471544714,-0.011666666666666634,0.0014227642276422722,-0.0007723577235772421
21,2,0.0019512195121951267,0.004227642276422742,0.0025609756097560664,-0.013780487804878009,0.001178861788617878,-0.0010162601626016062
21,3,0.0022357723577235756,0.0019918699186991795,0.0032113821138211314,-0.006138211382113797,-0.0027235772357723643,0.001422764227642274
21,4,0.0018292682926829228,0.0009756097560975563,-0.0007723577235772421,-0.011422764227642254,-0.0025609756097561,-0.002682926829268301
21,5,0.001777251184834145,-0.001184834123222704,-0.0018167456556082329,-0.0395734597156398,0.04553712480252751,-0.014218009478672982
21,Aggregated,0.0025653534507174974,0.0027539444080525114,0.0010910179814148865,-0.015432116006865141,0.007424133411466749,-0.0028308623134380086
21,Centralized,0.0025620280474649365,0.0027373247033441145,0.0010787486515641855,-0.015533980582524297,0.007584951456310663,-0.0028789104638619273
22,0,0.0028048780487804864,-0.0015853658536585417,0.001991869918699185,-0.005731707317073181,-0.0001626016260162418,0.002682926829268291
22,1,0.0015853658536585324,0.004308943089430892,0.0036178861788617863,0.007113821138211381,-0.005365853658536568,-0.001504065040650408
22,2,0.0022764227642276375,-0.0007723577235772124,0.004390243902439025,-0.0016666666666666483,-0.005243902439024364,0.00589430894308939
22,3,0.00126016260162601,0.00036585365853657826,0.002317073170731702,-0.004756097560975599,-0.004430894308943079,0.002804878048780483
22,4,-0.00044715447154471957,0.00044715447154471214,0.00715447154471545,0.0021544715447154453,-0.005040650406504051,0.003048780487804877
22,5,0.004383886255924169,-0.004541864139020531,-0.0011848341232227574,-0.030055292259083717,0.047472353870458034,-0.01607424960505533
22,Aggregated,0.001978794524237497,-0.0002989795338944323,0.0030450865846958237,-0.005505906676816688,0.004565448065242282,-0.0005344837823298116
22,Centralized,0.0019889428263214592,-0.0003168824163969963,0.0030272384034519787,-0.005609492988133758,0.0047464940668823915,-0.0006000539374325875
23,0,0.0023170731707317055,0.0015853658536585343,0.0006910569105691027,-0.001707317073170737,-0.0049186991869918555,0.00203252032520325
23,1,-0.002439024390243912,0.00841463414634147,0.00044715447154470845,0.00126016260162601,-0.004308943089430884,-0.000934959349593482
23,2,0.002601626016260172,0.006951219512195101,0.00032520325203253914,0.001016260162601614,-0.005447154471544708,0.0018699186991869997
23,3,0.00186991869918699,0.002520325203252031,0.0033333333333333327,0.0012601626016260138,-0.0056910569105690974,0.0015853658536585343
23,4,0.005325203252032521,0.0012195121951219486,0.0033739837398373976,0.003130081300813007,-0.012926829268292642,0.0047560975609756105
23,5,-0.024052132701421765,-0.010387045813586132,-0.006714060031595581,-0.002093206951026867,0.045379146919431186,-0.006872037914691951
23,Aggregated,-0.0024100294233607615,0.0017096180129252216,0.0002383432676127806,0.0004760513601491937,0.002042057931135927,0.00040151064009299456
23,Centralized,-0.0025013484358144687,0.0016585760517799392,0.00020900755124054606,0.00046521035598706315,0.002224919093851145,0.00037081984897518864
24,0,0.0012601626016260081,0.006626016260162589,-0.002195121951219521,-0.0067073170731707195,-0.002195121951219514,-0.006544715447154453
24,1,0.01158536585365851,0.020081300813008136,-0.012560975609756097,-0.02117886178861787,-0.003008130081300804,-0.016869918699186963
24,2,0.003008130081300823,0.01418699186991868,-0.011300813008130033,-0.01813008130081295,-0.00016260162601624336,-0.011991869918699171
24,3,0.004918699186991843,0.010365853658536546,-0.0074390243902438535,-0.01052845528455283,-0.003821138211382104,-0.008130081300812981
24,4,0.013902439024390216,0.01467479674796744,-0.008373983739837389,-0.01365853658536586,-0.007682926829268279,-0.01105691056910568
24,5,-0.04174565560821503,-0.0033175355450236694,-0.007740916271721957,-0.014099526066350686,0.05197472353870449,-0.013507109004739327
24,Aggregated,-0.0012043401548281207,0.010427468558112093,-0.008268136150731055,-0.014050494296714301,0.005880207196597171,-0.011351476027734135
24,Centralized,-0.0013754045307443421,0.010369471413160743,-0.008265911542610584,-0.01405070118662352,0.006074703344120823,-0.011360571736785325
25,0,0.005203252032520326,0.006666666666666672,0.0011788617886178835,0.0028861788617886167,0.002682926829268291,-0.00886178861788617
25,1,0.012723577235772342,0.008943089430894287,-0.0009756097560975622,0.010731707317073149,0.004999999999999994,-0.02666666666666665
25,2,0.011300813008130054,0.008780487804877998,0.0011382113821138138,0.011747967479674768,0.006097560975609753,-0.021991869918699194
25,3,0.008211382113821122,0.005975609756097554,-0.0019512195121951053,0.008902439024390238,0.0023170731707317207,-0.011260162601626012
25,4,0.01288617886178865,0.008292682926829265,-0.0010569105691056772,0.012317073170731696,0.002601626016260169,-0.020406504065040663
25,5,-0.005134281200631909,0.006990521327014217,-0.0024881516587677904,-0.009044233807266992,0.05912322274881498,-0.011532385466034734
25,Aggregated,0.007523745046048945,0.007607782531677583,-0.0006936145611593973,0.006247100104120183,0.012999826437681062,-0.016783213079046136
25,Centralized,0.007470334412081958,0.007605177993527525,-0.0007011866235167234,0.006182578209277232,0.013194444444444457,-0.016761057173678574
26,0,0.002967479674796747,-0.0025609756097561037,-0.00044715447154471957,0.000365853658536582,-0.0036991869918699036,-0.0015040650406504116
26,1,0.007804878048780485,0.006504065040650404,0.00804878048780487,0.0010975609756097477,-0.008455284552845515,-0.005243902439024377
26,2,0.001869918699186998,-0.0034959349593495573,0.0031300813008129937,0.0034552845528455067,-0.009065040650406442,-0.0032113821138211036
26,3,0.0030487804878048695,-0.0018292682926829174,0.001097560975609746,0.0014227642276422666,-0.002601626016260154,-0.001138211382113811
26,4,0.003861788617886171,-0.0028455284552845457,-0.0008536585365853718,0.0039430894308943015,-0.014593495934959313,0.0007317073170731659
26,5,-0.004620853080568689,-0.019707740916271723,-0.004502369668246427,-0.008096366508688812,0.03740126382306477,-0.007582938388625609
26,Aggregated,0.002484132721663883,-0.003999251896721514,0.0010753150164379034,0.000359303356066723,-0.000144942131420425,-0.0029943926431047095
26,Centralized,0.002454153182308521,-0.004065533980582491,0.0010517799352750897,0.0003236245954692564,1.3484358144562337e-05,-0.003013754045307416
27,0,0.004308943089430898,0.0032520325203252063,0.0007317073170731714,-0.002073170731707319,-0.0005691056910569111,-0.005650406504065047
27,1,-0.002276422764227639,0.009349593495934942,-0.001585365853658538,0.00674796747967478,-0.008008130081300791,-0.006666666666666668
27,2,0.0028861788617885907,0.0058943089430893965,8.13008130081283e-05,0.006341463414634109,-0.0041463414634146335,-0.00373983739837398
27,3,-0.0013414634146341402,0.004349593495934952,0.0014227642276422572,0.0006910569105690878,-0.0026829268292682877,-0.004878048780487771
27,4,0.004796747967479675,0.005081300813008131,0.00020325203252032168,0.004715447154471545,-0.00455284552845527,-0.005365853658536594
27,5,-0.0012243285939968463,-0.00300157977883096,0.0017772511848341277,-0.010624012638230674,0.03143759873617708,-0.015995260663507073
27,Aggregated,0.001190068905487309,0.004149646062698777,0.00043933848639188407,0.0009590690724230356,0.0019318649584071645,-0.007055049096192991
27,Centralized,0.0011798813376483585,0.004119471413160739,0.0004449838187702319,0.0009101941747572932,0.002056364617044217,-0.007092772384034514
28,0,0.003170731707317076,0.0037398373983739816,0.00414634146341463,0.005325203252032519,-0.019227642276422693,0.005284552845528454
28,1,0.009837398373983728,0.006910569105691068,-0.009186991869918686,0.0014634146341463428,-0.01272357723577238,-0.003617886178861788
28,2,0.005365853658536564,0.004593495934959345,-0.005731707317073149,0.0018292682926829469,-0.02126016260162592,0.0005691056910569295
28,3,0.00544715447154471,0.004146341463414624,-0.0009756097560975495,0.004024390243902433,-0.01410569105691056,-0.0009756097560975618
28,4,0.00512195121951219,0.005365853658536581,-0.0011382113821138148,0.0067073170731707255,-0.02426829268292693,0.0033333333333333266
28,5,-0.006082148499210107,0.007345971563981049,0.008254344391785167,-0.011334913112164328,0.016587677725118485,-0.017140600315955698
28,Aggregated,0.003803849964872986,0.00535161716956258,-0.0007662176671320395,0.0013277018407063532,-0.012481070032423307,-0.002100778845936403
28,Centralized,0.003762135922330095,0.005360032362459535,-0.0007281553398058552,0.0012742718446601927,-0.012358414239482186,-0.0021642394822006315
29,0,-0.0010569105691056956,0.0027642276422764215,0.003455284552845528,0.0003252032520325169,-0.003861788617886164,-0.0016260162601626068
29,1,-0.01069105691056909,0.0138211382113821,0.009918699186991871,-0.001666666666666646,-0.004715447154471531,-0.004227642276422752
29,2,-0.005243902439024387,0.009308943089430838,0.009674796747967477,0.0017073170731707352,-0.008658536585365771,-0.0019105691056910483
29,3,-0.007357723577235738,0.008902439024390174,0.003983739837398367,-0.0019105691056910548,-0.00512195121951218,-0.0009349593495934801
29,4,-0.00682926829268291,0.015487804878048796,0.00857723577235773,-0.0009756097560975729,-0.009959349593495941,-0.0014227642276422833
29,5,-0.012519747235387037,0.0021327014218009317,-0.0003159557661927582,-0.001737756714060043,0.021406003159557603,-0.004225908372827804
29,Aggregated,-0.007286440136918493,0.00873199896637652,0.005878348346065512,-0.0007103357715089811,-0.001803704837271053,-0.0023924795835968413
29,Centralized,-0.007308522114347361,0.008704153182308494,0.005852211434735708,-0.0007146709816612696,-0.0017057713052858877,-0.0024002157497302968
30,0,0.0035365853658536617,0.0015447154471544728,-0.0016260162601626031,-0.0008943089430894317,-0.0032926829268292712,-0.0017073170731707332
30,1,0.011869918699186972,0.011788617886178845,-0.009308943089430876,-8.13008130081357e-05,-0.004674796747967468,-0.00959349593495935
30,2,0.011097560975609709,0.012560975609756038,-0.008252032520325185,0.0025203252032520163,-0.0021138211382113765,-0.008495934959349584
30,3,0.006707317073170702,0.007439024390243886,-0.004471544715447135,-0.00020325203252032908,-0.0026829268292682764,-0.0043495934959349395
30,4,0.010487804878048818,0.008130081300812969,-0.003943089430894316,0.0005284552845528367,-0.005569105691056903,-0.004756097560975596
30,5,0.0009873617693523012,-0.01895734597156399,-0.008372827804107431,0.007030015797788319,0.03898104265402854,-0.012559241706161137
30,Aggregated,0.007443639289536909,0.0037365336895939056,-0.0059972578185369,0.001486858720518061,0.003463943323357131,-0.006913881627390946
30,Centralized,0.007416396979503776,0.0036407766990291016,-0.006007281553398067,0.0015102481121898547,0.0036138079827400145,-0.006937702265372159
31,0,0.0024390243902439007,0.0014634146341463612,0.003658536585365853,-0.0003658536585365894,-0.0023170731707317133,0.0024390243902439007
31,1,-0.0022764227642276444,0.003821138211382117,0.006829268292682886,0.0027642276422764254,-0.0032926829268292712,0.0019105691056910585
31,2,0.001951219512195131,-0.0030894308943089275,0.00491869918699186,0.0037398373983739777,-0.0027642276422764124,0.00499999999999999
31,3,-0.001341463414634155,-0.002479674796747955,0.004227642276422761,0.0009756097560975545,-0.002560975609756085,0.0011788617886178798
31,4,0.0027235772357723526,-0.006910569105691053,0.001300813008130075,0.0020731707317073115,-0.00894308943089425,0.004878048780487801
31,5,0.009123222748815189,-0.019984202211690363,-0.0016587677725118444,-0.006240126382306491,0.030845181674565483,-0.009715639810426559
31,Aggregated,0.002107668584001825,-0.004539740286752872,0.0032095927840229866,0.00048685271422147154,0.0018463555309227776,0.0009416784486499837
31,Centralized,0.002137270765911543,-0.0046049083063645965,0.0031890507011866115,0.00045846817691479836,0.0019687162891046353,0.0008967098166127356
32,0,-0.005325203252032518,0.0044715447154471495,-0.002357723577235778,-0.0015853658536585473,-0.0034146341463414534,0.003333333333333327
32,1,-0.015569105691056781,0.011910569105691021,-0.0069105691056910385,-0.004796747967479671,-0.005406504065040645,0.01345528455284551
32,2,-0.014593495934959365,0.007926829268292662,-0.005772357723577212,-0.002682926829268275,-0.006747967479674777,0.009674796747967403
32,3,-0.010853658536585391,0.008333333333333314,-0.003089430894308925,-0.0015853658536585232,-0.0009756097560975569,0.008170731707317053
32,4,-0.008495934959349558,0.010853658536585346,-0.005243902439024395,0.0015853658536585287,-0.008333333333333323,0.012073170731707291
32,5,-0.016864139020537,0.001816745655608215,0.006161137440758319,-0.014652448657188002,0.05047393364928918,-0.01034755134281199
32,Aggregated,-0.011953389087241981,0.007548456841768129,-0.0028630506587144647,-0.0039597363916265525,0.004295440775023054,0.0060495003160429515
32,Centralized,-0.011974110032362494,0.0075242718446601724,-0.0028249730312837323,-0.004004854368932041,0.004490291262135906,0.005980312837108951
33,0,-0.0009349593495934968,0.0027642276422764254,0.0017073170731707332,0.0005691056910569111,-0.0015447154471544728,0.0023170731707317094
33,1,0.0039024390243902474,0.0019918699186991886,-0.0006910569105691063,-0.005853658536585371,-0.0006910569105691063,0.0013414634146341475
33,2,-0.002601626016260141,0.004349593495934954,0.001951219512195109,0.0023577235772357596,-0.004796747967479651,0.003617886178861778
33,3,0.0006910569105691027,0.0016260162601625995,0.0017073170731707295,0.0005691056910569074,-0.00191056910569104,0.0021951219512195102
33,4,-0.0015040650406504116,0.0027235772357723565,0.0007317073170731677,0.00048780487804877723,-0.006991869918699172,0.0021138211382113804
33,5,0.0001579778830963595,-0.002883096366508669,-0.005529225908372813,-0.054344391785150055,0.027685624012638223,-0.0030015797788309354
33,Aggregated,-4.806465148169104e-05,0.0017590698548383776,-2.3965768236471107e-05,-0.009397725856434943,0.001974846520390874,0.0014278052484984873
33,Centralized,-4.7195253505905034e-05,0.0017394822006472552,-4.719525350592168e-05,-0.009587378640776658,0.002083333333333346,0.001409115426105726
34,0,-0.0024796747967479513,0.0024796747967479604,-0.00020325203252033464,-0.002073170731707323,0.0007723577235772491,0.0015040650406503986
34,1,0.0015447154471544859,0.005691056910569102,0.004674796747967474,0.0039024390243902383,-0.013617886178861784,0.002682926829268291
34,2,-0.0006504065040650388,0.005203252032520308,-0.0010162601626016066,-0.00012195121951219893,-0.007195121951219484,0.00378048780487803
34,3,-0.0029674796747967396,0.0010162601626016214,0.001951219512195118,-0.0009756097560975618,-0.003414634146341455,0.004390243902439018
34,4,0.001138211382113837,0.0020731707317073115,-0.0017073170731707406,-0.00044715447154472325,-0.008333333333333325,0.007276422764227634
34,5,-0.027685624012638133,0.01532385466034755,-7.898894154819332e-05,-0.030410742496050566,0.05801737756714055,0.003791469194312792
34,Aggregated,-0.005197722708349405,0.005304270295088853,0.0006029313048804593,-0.0050372188643257616,0.004405661998226585,0.003904197340080226
34,Centralized,-0.005292610571736806,0.0053465480043149724,0.0006000539374325623,-0.005144282632146723,0.0046318770226537,0.0039037216828479
35,0,0.0028861788617886167,0.001382113821138209,0.001991869918699185,0.0012195121951219486,-0.005487804878048767,0.00044715447154471214
35,1,-0.0038617886178861677,0.005772357723577224,0.0026422764227642228,0.00126016260162601,-0.0063414634146341554,0.002967479674796743
35,2,-0.009471544715447134,0.004593495934959339,0.002357723577235769,0.002682926829268286,-0.001869918699186977,0.004146341463414622
35,3,-0.005406504065040641,0.0018699186991869862,0.003414634146341459,0.0003252032520325132,-0.0048780487804877945,0.0022357723577235717
35,4,-0.003861788617886186,0.004024390243902439,8.130081300812645e-05,0.005121951219512196,-0.009186991869918669,0.001382113821138209
35,5,-0.04605055292259086,-0.0038704581358609915,0.004462875197472346,-0.010939968404423392,0.045181674565560735,0.0017377567140600288
35,Aggregated,-0.010983371420500564,0.0022913720556694945,0.0024930366878720828,-6.197509312861661e-05,0.0029298627244332817,0.002152505158137493
35,Centralized,-0.011131337648327936,0.002265372168284805,0.0025013484358144484,-0.00010787486515640063,0.0031081445523192955,0.0021507551240561047
36,0,0.0047560975609756044,0.0024390243902438955,-0.0028048780487805003,-0.00906504065040652,-0.005365853658536572,0.0002845528455284463
36,1,0.00886178861788616,0.0037804878048780226,-0.0032520325203251924,-0.0069105691056909595,-0.009959349593495929,-0.004715447154471533
36,2,0.010853658536585294,0.008130081300812999,-0.004959349593495913,-0.009999999999999969,-0.008983739837398348,8.130081300814496e-05
36,3,0.00402439024390242,0.005528455284552829,-0.001178861788617876,-0.003943089430894302,-0.005406504065040638,0.0009756097560975674
36,4,0.0061382113821138165,0.006544715447154471,-8.130081300813385e-05,-0.0043902439024390135,-0.008211382113821124,0.0024390243902438955
36,5,-0.0011453396524486585,0.0048578199052132865,-0.011729857819905215,-0.041982622432859454,0.043404423380726684,-0.019470774091627063
36,Aggregated,0.00557717909330738,0.005213203968513685,-0.004005974281431053,-0.012733920379426954,0.0009400228787084016,-0.003411200915276056
36,Centralized,0.005548813376483262,0.005211704422869454,-0.004038565264293446,-0.012857335490830622,0.0011192017259978595,-0.003478964401294497
37,0,0.0021544715447154453,-0.00020325203252032908,-0.0008943089430894353,0.0005284552845528423,-0.0021544715447154306,0.003008130081300812
37,1,0.004105691056910566,0.0058130081300813,0.005081300813008128,0.004146341463414632,-0.014308943089430889,4.0650406504065074e-05
37,2,0.0038211382113821023,0.003333333333333318,-0.0005284552845528331,0.004471544715447149,-0.0082520325203252,0.004471544715447167
37,3,-0.00048780487804878645,0.001300813008130077,0.001341463414634142,0.00028455284552844997,-0.007886178861788596,0.0005691056910569111
37,4,0.003983739837398374,0.0035365853658536578,-0.0004878048780487846,0.004796747967479675,-0.015325203252032484,0.003495934959349593
37,5,-0.007464454976303341,0.0060821484992101,-0.00355450236966826,-0.0307266982622433,0.06137440758293854,-0.002014218009478665
37,Aggregated,0.001013388286893783,0.0033122064921531605,0.0001572475162029036,-0.0027676793589785542,0.0022789634952401576,0.0015928901219525123
37,Centralized,0.00097761596548005,0.0033238942826321585,0.0001415857605178215,-0.002885652642934202,0.002528317152103574,0.0015776699029126412
38,0,0.003455284552845528,-0.0011788617886178908,0.0028455284552845518,0.001991869918699185,-0.003861788617886164,-0.0008130081300813053
38,1,0.0027642276422764124,0.006300813008130072,0.0028861788617886167,0.0068292682926829155,-0.009715447154471533,-0.00906504065040649
38,2,0.0038617886178861686,-0.0007723577235772283,0.004837398373983726,0.004512195121951222,-0.009227642276422744,-0.0007723577235772377
38,3,0.0015447154471544618,0.0006504065040650301,-0.00020325203252033092,0.004756097560975604,-0.002276422764227622,-0.002032520325203237
38,4,0.007398373983739834,0.000691056910569097,0.0002845528455284518,0.0021138211382113747,-0.013373983739837373,0.0004471544715447288
38,5,-0.02539494470774096,-0.01840442338072661,0.007345971563981023,0.006556082148499188,0.05722748815165868,-0.020221169036334863
38,Aggregated,-0.001077272743631216,-0.002129277280018732,0.003002167511533955,0.004461225461867925,0.003163191379242344,-0.005418933444841627
38,Centralized,-0.0011798813376483494,-0.002197950377562034,0.0030204962243796886,0.00447006472491907,0.003391316073354879,-0.005481391585760509
39,0,0.0008536585365853629,-0.00020325203252032908,-0.0032113821138211227,-0.00069105691056911,-0.001300813008130086,0.0021138211382113804
39,1,0.005650406504065042,0.0008130081300812979,0.0039024390243902435,0.0026016260162601613,-0.006300813008130069,0.0030894308943089422
39,2,0.0016666666666666607,0.002682926829268284,-0.005040650406504049,0.0004878048780487754,-0.005365853658536576,0.0031300813008129998
39,3,0.0008130081300812979,0.001422764227642274,-0.0018699186991869973,0.0006097560975609725,-0.003495934959349578,0.002520325203252031
39,4,0.00451219512195122,0.003455284552845528,-0.002398373983739843,0.0017886178861788596,-0.008983739837398348,0.004065040650406504
39,5,-0.008056872037914711,0.002053712480252792,-0.02480252764612954,0.0030015797788309935,0.03827014218009486,0.0013823064770932018
39,Aggregated,0.0009007958662333093,0.0017042969438845236,-0.005582330659499591,0.001300806313995849,0.0021602012630148773,0.0027159834467448615
39,Centralized,0.000862998921251353,0.0017057713052858637,-0.005663430420711941,0.0013079827400215942,0.002312567421790729,0.0027103559870550204
40,0,0.0034959349593495967,0.00028455284552845556,0.002032520325203254,-0.002682926829268295,-0.0024390243902439046,0.0017479674796747984
40,1,0.004634146341463415,0.0016666666666666644,0.0021138211382113804,-0.0013414634146341512,-0.0019512195121951274,-0.009999999999999978
40,2,0.004796747967479669,0.002479674796747966,0.005650406504065033,0.0008943089430894243,-0.006422764227642292,-0.0025203252032520197
40,3,0.0003252032520325132,0.001829268292682921,0.0030487804878048734,0.0014227642276422702,-0.0013821138211381977,-0.0028048780487804756
40,4,0.00390243902439024,0.002845528455284548,0.0015040650406504005,0.0026422764227642228,-0.007317073170731722,-0.003577235772357712
40,5,-0.018759873617693504,0.0024091627172195948,0.007701421800947867,-0.01804897314375991,0.036769352290679465,-0.007701421800947881
40,Aggregated,-0.00027935681554556167,0.0019194547090906735,0.003677736160734193,-0.0028620242759768836,0.0028978015062932267,-0.0041449177930222994
40,Centralized,-0.0003573354908306496,0.0019215210355987074,0.0036947141316073214,-0.0029261057173678487,0.003040722761596531,-0.0041599244875944194
41,0,0.0017073170731707332,-0.0019105691056910585,0.0003658536585365857,8.130081300813015e-05,-0.002113821138211384,0.0018699186991869936
41,1,0.0055691056910569005,-0.008821138211382104,-0.004024390243902443,0.0033333333333333214,-0.005731707317073153,0.004796747967479665
41,2,0.004512195121951199,-0.003780487804878035,-0.004430894308943071,0.0039024390243902266,-0.009634146341463385,0.0045528455284552715
41,3,-0.0021138211382113934,0.0011788617886178835,-0.0021138211382113656,0.0024796747967479604,-0.0028455284552845422,0.0009756097560975526
41,4,0.0045121951219512235,-0.0016260162601626031,-0.002520325203252035,0.003170731707317076,-0.006951219512195061,0.0034146341463414664
41,5,-0.00027646129541863317,-0.006911532385466062,-0.014691943127962017,-0.002804107424960523,0.03183254344391793,-0.0071484992101105965
41,Aggregated,0.0023167673900495473,-0.003647229486381436,-0.004575707133027453,0.0016910276651863209,0.0007791642148632675,0.001404752861100602
41,Centralized,0.002305825242718453,-0.003661003236245954,-0.004618392664509154,0.0016720604099244659,0.0009101941747572765,0.00136866235167206
42,0,0.004146341463414638,0.0027642276422764254,-0.002682926829268295,-0.002032520325203254,-0.00028455284552845556,0.000528455284552846
42,1,0.003943089430894304,0.004837398373983736,-0.0028455284552845344,-0.005203252032520327,-0.0026016260162601687,-0.0005691056910569148
42,2,0.0030894308943089275,0.004024390243902424,-0.0010569105691056772,-0.0017886178861788707,-0.003373983739837381,-0.003333333333333327
42,3,0.001382113821138207,0.002723577235772355,0.0008943089430894317,0.0011382113821138222,-0.0022764227642276275,0.0010162601626016214
42,4,0.003780487804878052,0.003333333333333336,0.0006910569105691063,-0.0013414634146341475,-0.008861788617886175,-4.0650406504065074e-05
42,5,-0.002290679304897336,-0.006990521327014221,-0.004541864139020536,-0.0047788309636651065,0.03499210110584526,-0.004541864139020544
42,Aggregated,0.0023388439077869556,0.0017764746038488096,-0.0015921924580542734,-0.002335970650262432,0.002952727645365568,-0.0011588645672363216
42,Centralized,0.002319309600862996,0.0017394822006472415,-0.0016046386192017149,-0.0023462783171520943,0.00308791801510248,-0.001173139158576042
43,0,0.003943089430894308,-0.0009349593495935005,0.00195121951219512,-0.0020325203252032575,-0.006829268292682903,-0.0009756097560975655
43,1,0.0032926829268292556,-0.007276422764227572,0.010934959349593485,-0.004878048780487789,-0.00813008130081297,0.008495934959349572
43,2,0.006788617886178843,-0.004512195121951207,0.005772357723577213,-0.0022764227642276314,-0.008252032520325183,0.002479674796747972
43,3,-0.0019918699186992016,-0.0032520325203251816,0.002845528455284543,0.0006910569105691027,-0.004024390243902424,0.0008536585365853537
43,4,0.005284552845528454,-0.001016260162601627,0.004471544715447153,0.0023170731707317037,-0.011219512195121937,0.005040650406504073
43,5,-0.014454976303317513,-0.003988941548183274,0.009676145339652473,-0.021879936808846784,0.04020537124802542,-7.898894154816433e-05
43,Aggregated,0.0004674962258901041,-0.0034971156756590377,0.005944339919734993,-0.004687434536433847,0.0003171281608949951,0.002634155793089641
43,Centralized,0.0004045307443365712,-0.0034991909385113213,0.005960086299892127,-0.004759978425026961,0.0004854368932038885,0.002622707659115435
44,0,0.004308943089430894,0.00048780487804877723,0.00451219512195122,-0.001138211382113826,-0.0035772357723577084,-0.0021544715447154527
44,1,0.0060162601626016264,-0.0009756097560975692,0.006260162601626009,0.003414634146341459,-0.008170731707317058,-0.006544715447154451
44,2,0.0063008130081300545,0.001178861788617878,0.005325203252032515,0.004430894308943075,-0.009430894308943064,-0.007804878048780475
44,3,0.0027235772357723526,-0.0007317073170731788,0.0026829268292682877,0.00398373983739837,-0.0022357723577235643,-0.001544715447154458
44,4,0.0026422764227642262,0.0015447154471544692,0.004146341463414634,0.0022764227642276405,-0.007439024390243882,-0.00317073170731708
44,5,-0.00963665086887841,-0.009597156398104276,-0.027014218009478622,-0.002290679304897318,0.038744075829383946,-0.009162717219589262
44,Aggregated,0.002051746462159255,-0.0013541072830939977,-0.0006980200998688608,0.001776871799382417,0.0013389324791667422,-0.005066318235137319
44,Centralized,0.002002427184466002,-0.001388888888888884,-0.0008090614886731462,0.0017597087378640618,0.0014967637540453038,-0.005083603020496202
45,0,0.0029268292682926855,-0.0022764227642276444,0.003211382113821141,-0.0017886178861788633,-0.004715447154471549,0.00264227642276423
45,1,0.0034959349593495967,0.0017479674796747984,0.0003252032520325206,0.0017479674796747984,-0.0017073170731707332,-0.0007317073170731714
45,2,0.0036991869918699184,0.00203252032520325,0.002560975609756096,-0.000162601626016264,-0.005365853658536572,0.0045528455284552845
45,3,-0.0009756097560975655,-8.130081300813385e-05,0.001463414634146339,0.0003252032520325169,-0.004878048780487791,0.0017073170731707295
45,4,0.0021544715447154453,0.0009756097560975582,-0.0008943089430894353,0.0009756097560975582,-0.01012195121951218,0.004471544715447155
45,5,-0.012677725118483384,0.0008293838862559207,0.0001974723538704648,-0.004423380726698242,0.042969984202211715,-0.02215639810426545
45,Aggregated,-0.0002374217494091705,0.0005381454430491842,0.001143419694911823,-0.0005567700291352042,0.0027225705669530146,-0.001598801840864813
45,Centralized,-0.00028991370010786517,0.000539374325782092,0.0011394282632146721,-0.0005730852211434693,0.002892394822006454,-0.0016855447680690294
46,0,0.004146341463414634,0.0008130081300812979,-0.0013821138211382164,-0.0010162601626016307,-0.0058130081300812875,0.0008130081300812979
46,1,0.0032113821138211314,0.002804878048780481,-0.0026829268292682764,0.0029268292682926756,-0.007317073170731696,0.0010569105691056828
46,2,0.005365853658536582,0.0035772357723577192,-0.0016666666666666533,0.002154471544715442,-0.009552845528455279,0.00012195121951218783
46,3,-0.00040650406504065447,0.001422764227642274,0.0006910569105691027,0.0016666666666666644,-0.00414634146341462,0.0032113821138211374
46,4,0.0013008130081300787,0.0032926829268292673,-0.002764227642276429,0.0030894308943089422,-0.01048780487804877,0.003130081300813007
46,5,-0.008056872037914725,-0.0026856240126382374,0.007819905213270152,-0.00019747235387045184,0.03475513428120062,-0.007938388625592416
46,Aggregated,0.000921108111115398,0.0015347983943560127,7.488525302007561e-06,0.0014362354051138324,-0.000404559388338401,6.072101770590848e-05
46,Centralized,0.0008832254584681713,0.001516990291262133,4.045307443367051e-05,0.0014293419633225261,-0.00025620280474651923,2.696871628908304e-05
47,0,0.0052032520325203295,-0.0012195121951219523,0.004065040650406508,-0.0014227642276422776,-0.0034959349593495967,0.0017479674796747984
47,1,0.006219512195121949,0.007195121951219505,0.0012601626016260081,0.00024390243902438122,-0.0069512195121951125,-0.007967479674796725
47,2,0.004674796747967478,0.002886178861788615,0.002439024390243899,-0.00048780487804878645,-0.004552845528455266,-0.002520325203252035
47,3,0.0001626016260162603,-0.0007723577235772364,0.0022764227642276444,0.0009349593495934968,-0.0018699186991869936,0.0017073170731707332
47,4,0.0052032520325203295,0.0013821138211382127,-0.0006504065040650412,0.0035772357723577266,-0.0045121951219512235,-0.0025609756097561
47,5,-0.014454976303317586,-0.005094786729857851,-0.0065165876777251485,-0.005529225908372853,0.033056872037914756,-0.01567930489731434
47,Aggregated,0.0011581125518812215,0.0007257464054863531,0.00047448269112449685,-0.0004505229107604044,0.001965627960580676,-0.004219444387841128
47,Centralized,0.0010922330097087412,0.0007011866235167197,0.00044498381877022293,-0.00047195253505933715,0.002096817691477902,-0.004267799352750783
48,0,0.0021951219512195102,0.00044715447154471214,0.00195121951219512,-0.005528455284552832,-0.002276422764227648,0.0007723577235772327
48,1,0.009430894308943076,-0.0026829268292682873,-0.0015040650406503966,-0.01178861788617885,-0.0049999999999999975,0.006666666666666653
48,2,0.0024390243902439033,-0.0009349593495934804,-8.13008130081357e-05,-0.011951219512195108,-0.004552845528455297,0.005325203252032499
48,3,-0.0005284552845528571,0.00024390243902439046,0.0006910569105691063,-0.0037804878048780244,-0.0009349593495935023,0.004308943089430888
48,4,0.0030894308943089422,0.001463414634146339,-0.0021138211382113877,-0.004268292682926815,-0.007357723577235788,0.009186991869918712
48,5,-3.9494470774096354e-05,-0.015363349131121508,0.021406003159557714,-0.024526066350710928,0.024052132701421793,-0.017377567140600243
48,Aggregated,0.0027626326573203484,-0.0028124675695297054,0.0034030006008384747,-0.010316255190518061,0.0006699471117948956,0.0014684096251529328
48,Centralized,0.002750809061488674,-0.00286542610571737,0.0034789644012944623,-0.010376213592233018,0.0007686084142394815,0.0013888888888889137
49,0,0.0001626016260162566,0.0023983739837398358,0.001422764227642274,0.00048780487804877723,-0.007113821138211374,0.00020325203252032168
49,1,0.00772357723577235,0.003577235772357717,-0.008130081300813,0.003048780487804872,-0.003455284552845513,0.004552845528455279
49,2,0.001991869918699185,0.005081300813008131,-0.002764227642276412,0.005650406504065033,-0.008414634146341445,0.005772357723577225
49,3,-0.0002032520325203328,0.0019512195121951163,-0.0032520325203251915,0.003292682926829264,-0.006504065040650395,0.002276422764227637
49,4,-8.130081300813755e-05,0.004634146341463411,-0.0026829268292682803,0.006056910569105672,-0.009959349593495925,0.004471544715447151
49,5,-0.004818325434439199,0.0004344391785150096,0.014849921011058432,-0.02823854660347553,0.039099526066350705,-0.0023696682464455034
49,Aggregated,0.000792282414935571,0.0030111421039290473,-8.3237106689057e-05,-0.0016339661587071723,0.0006332684763847181,0.0024813643286733383
49,Centralized,0.0007686084142394726,0.0030002696871628868,-2.0226537216830627e-05,-0.001746224379719511,0.0007955771305285563,0.002460895361380788
50,0,-0.0003658536585365857,0.004065040650406508,0.0008536585365853666,-0.000528455284552846,-0.0026016260162601648,0.001016260162601627
50,1,0.006138211382113819,-0.0051626016260162486,0.001747967479674791,0.0026016260162601574,-0.011341463414634139,0.0011382113821138148
50,2,-8.13008130081172e-05,0.001951219512195131,0.0015853658536585232,0.0026016260162601557,-0.010325203252032514,0.004268292682926818
50,3,-0.004024390243902428,0.0008943089430894243,0.0028861788617886132,0.001788617886178856,-0.0039837398373983625,0.0024390243902438972
50,4,-0.0004878048780487846,0.002479674796747966,0.0006097560975609725,0.003617886178861788,-0.01069105691056909,0.00203252032520325
50,5,-0.0051342812006319235,-0.026382306477093356,0.0011058451816745797,-0.010426540284360243,0.041232227488151606,-0.007503949447077452
50,Aggregated,-0.0006620896414340418,-0.0037069099961123883,0.0014645664858402888,-6.415068675492806e-05,0.00040756744975876935,0.0005599155045495991
50,Centralized,-0.000680960086299906,-0.0038025889967637414,0.0014630528586839432,-0.00010787486515640586,0.0005798274002157328,0.0005258899676375291
