Round,Evaluator,3,2,0,1,5,4
0,0,,,,,,
0,1,,,,,,
0,2,,,,,,
0,3,,,,,,
0,4,,,,,,
0,5,,,,,,
0,Aggregated,,,,,,
0,Centralized,,,,,,
1,0,,,,,,
1,1,,,,,,
1,2,,,,,,
1,3,,,,,,
1,4,,,,,,
1,5,,,,,,
1,Aggregated,,,,,,
1,Centralized,0.9893279075622559,0.9807193279266357,0.9921901822090149,0.9910047650337219,0.962925374507904,0.9864602088928223
2,0,,,,,,
2,1,,,,,,
2,2,,,,,,
2,3,,,,,,
2,4,,,,,,
2,5,,,,,,
2,Aggregated,,,,,,
2,Centralized,0.9586004018783569,0.9250087738037109,0.9702610969543457,0.9657049179077148,0.8569018840789795,0.9473608136177063
3,0,,,,,,
3,1,,,,,,
3,2,,,,,,
3,3,,,,,,
3,4,,,,,,
3,5,,,,,,
3,Aggregated,,,,,,
3,Centralized,0.7438692450523376,0.5817831754684448,0.8160173892974854,0.7866928577423096,0.19362589716911316,0.7042017579078674
4,0,,,,,,
4,1,,,,,,
4,2,,,,,,
4,3,,,,,,
4,4,,,,,,
4,5,,,,,,
4,Aggregated,,,,,,
4,Centralized,0.7575006484985352,0.5547778606414795,0.8238291144371033,0.794019877910614,0.1416112184524536,0.6888751983642578
5,0,,,,,,
5,1,,,,,,
5,2,,,,,,
5,3,,,,,,
5,4,,,,,,
5,5,,,,,,
5,Aggregated,,,,,,
5,Centralized,0.7971392869949341,0.6176325678825378,0.8525474071502686,0.8290279507637024,0.25792136788368225,0.7362706065177917
6,0,,,,,,
6,1,,,,,,
6,2,,,,,,
6,3,,,,,,
6,4,,,,,,
6,5,,,,,,
6,Aggregated,,,,,,
6,Centralized,0.8580363392829895,0.7364248037338257,0.8976225256919861,0.8812225461006165,0.48969680070877075,0.8171439170837402
7,0,,,,,,
7,1,,,,,,
7,2,,,,,,
7,3,,,,,,
7,4,,,,,,
7,5,,,,,,
7,Aggregated,,,,,,
7,Centralized,0.5678390860557556,0.4796225130558014,0.6845472455024719,0.6359792947769165,0.08129679411649704,0.470369428396225
8,0,,,,,,
8,1,,,,,,
8,2,,,,,,
8,3,,,,,,
8,4,,,,,,
8,5,,,,,,
8,Aggregated,,,,,,
8,Centralized,0.6807224750518799,0.6240121126174927,0.7743480801582336,0.7366155385971069,0.3154432773590088,0.6467170715332031
9,0,,,,,,
9,1,,,,,,
9,2,,,,,,
9,3,,,,,,
9,4,,,,,,
9,5,,,,,,
9,Aggregated,,,,,,
9,Centralized,0.7652181386947632,0.5739724040031433,0.8266997933387756,0.8003199696540833,0.21240875124931335,0.7019277215003967
10,0,,,,,,
10,1,,,,,,
10,2,,,,,,
10,3,,,,,,
10,4,,,,,,
10,5,,,,,,
10,Aggregated,,,,,,
10,Centralized,0.5021078586578369,0.5959703922271729,0.6434731483459473,0.5858820676803589,0.30946919322013855,0.6630828976631165
11,0,,,,,,
11,1,,,,,,
11,2,,,,,,
11,3,,,,,,
11,4,,,,,,
11,5,,,,,,
11,Aggregated,,,,,,
11,Centralized,0.8358144760131836,0.6907130479812622,0.880911648273468,0.8635371327400208,0.3993827998638153,0.786971390247345
12,0,,,,,,
12,1,,,,,,
12,2,,,,,,
12,3,,,,,,
12,4,,,,,,
12,5,,,,,,
12,Aggregated,,,,,,
12,Centralized,0.6847639679908752,0.5133554339408875,0.7632636427879333,0.7326636910438538,0.12236844748258591,0.6056007742881775
13,0,,,,,,
13,1,,,,,,
13,2,,,,,,
13,3,,,,,,
13,4,,,,,,
13,5,,,,,,
13,Aggregated,,,,,,
13,Centralized,0.7898590564727783,0.6122524738311768,0.8413815498352051,0.8207640647888184,0.26277029514312744,0.7283920645713806
14,0,,,,,,
14,1,,,,,,
14,2,,,,,,
14,3,,,,,,
14,4,,,,,,
14,5,,,,,,
14,Aggregated,,,,,,
14,Centralized,0.5297456383705139,0.6351726055145264,0.6737464070320129,0.6154298782348633,0.3433610796928406,0.7277995944023132
15,0,,,,,,
15,1,,,,,,
15,2,,,,,,
15,3,,,,,,
15,4,,,,,,
15,5,,,,,,
15,Aggregated,,,,,,
15,Centralized,0.3497154712677002,0.46096980571746826,0.5148060917854309,0.4570690989494324,0.18061767518520355,0.22380395233631134
16,0,,,,,,
16,1,,,,,,
16,2,,,,,,
16,3,,,,,,
16,4,,,,,,
16,5,,,,,,
16,Aggregated,,,,,,
16,Centralized,0.3659348487854004,0.5792131423950195,0.5406597256660461,0.47053614258766174,0.2863074541091919,0.6819453835487366
17,0,,,,,,
17,1,,,,,,
17,2,,,,,,
17,3,,,,,,
17,4,,,,,,
17,5,,,,,,
17,Aggregated,,,,,,
17,Centralized,0.7038418650627136,0.5641767978668213,0.7748579978942871,0.7459977269172668,0.2521343231201172,0.637579083442688
18,0,,,,,,
18,1,,,,,,
18,2,,,,,,
18,3,,,,,,
18,4,,,,,,
18,5,,,,,,
18,Aggregated,,,,,,
18,Centralized,0.704026460647583,0.5426484942436218,0.7702506184577942,0.7490555047988892,0.14230088889598846,0.6258352398872375
19,0,,,,,,
19,1,,,,,,
19,2,,,,,,
19,3,,,,,,
19,4,,,,,,
19,5,,,,,,
19,Aggregated,,,,,,
19,Centralized,0.5051394701004028,0.5395045280456543,0.6211172342300415,0.5744789838790894,0.29761913418769836,0.42909276485443115
20,0,,,,,,
20,1,,,,,,
20,2,,,,,,
20,3,,,,,,
20,4,,,,,,
20,5,,,,,,
20,Aggregated,,,,,,
20,Centralized,0.2773793339729309,0.4253472685813904,0.4355173110961914,0.365630179643631,0.37032443284988403,0.47684845328330994
21,0,,,,,,
21,1,,,,,,
21,2,,,,,,
21,3,,,,,,
21,4,,,,,,
21,5,,,,,,
21,Aggregated,,,,,,
21,Centralized,0.7795159816741943,0.6324834227561951,0.8342575430870056,0.8142552375793457,0.2913156747817993,0.715124785900116
22,0,,,,,,
22,1,,,,,,
22,2,,,,,,
22,3,,,,,,
22,4,,,,,,
22,5,,,,,,
22,Aggregated,,,,,,
22,Centralized,0.683748185634613,0.7019533514976501,0.7753046154975891,0.7367050051689148,0.44412773847579956,0.7811195254325867
23,0,,,,,,
23,1,,,,,,
23,2,,,,,,
23,3,,,,,,
23,4,,,,,,
23,5,,,,,,
23,Aggregated,,,,,,
23,Centralized,0.3942945897579193,0.6910687685012817,0.5791385173797607,0.5036754608154297,0.4382483661174774,0.7703724503517151
24,0,,,,,,
24,1,,,,,,
24,2,,,,,,
24,3,,,,,,
24,4,,,,,,
24,5,,,,,,
24,Aggregated,,,,,,
24,Centralized,0.3471156656742096,0.5005421042442322,0.49069592356681824,0.44878023862838745,0.31351640820503235,0.45101284980773926
25,0,,,,,,
25,1,,,,,,
25,2,,,,,,
25,3,,,,,,
25,4,,,,,,
25,5,,,,,,
25,Aggregated,,,,,,
25,Centralized,0.8595690131187439,0.7362805008888245,0.8957284092903137,0.8823229670524597,0.4906295835971832,0.8188076019287109
26,0,,,,,,
26,1,,,,,,
26,2,,,,,,
26,3,,,,,,
26,4,,,,,,
26,5,,,,,,
26,Aggregated,,,,,,
26,Centralized,0.8263075351715088,0.678564727306366,0.8714345097541809,0.8528238534927368,0.3827798068523407,0.7761828303337097
27,0,,,,,,
27,1,,,,,,
27,2,,,,,,
27,3,,,,,,
27,4,,,,,,
27,5,,,,,,
27,Aggregated,,,,,,
27,Centralized,0.7501299381256104,0.6998156309127808,0.8233588337898254,0.7923892140388489,0.43581143021583557,0.7829777598381042
28,0,,,,,,
28,1,,,,,,
28,2,,,,,,
28,3,,,,,,
28,4,,,,,,
28,5,,,,,,
28,Aggregated,,,,,,
28,Centralized,0.3419496417045593,0.5224742293357849,0.47693273425102234,0.4358263909816742,0.3415776491165161,0.23972098529338837
29,0,,,,,,
29,1,,,,,,
29,2,,,,,,
29,3,,,,,,
29,4,,,,,,
29,5,,,,,,
29,Aggregated,,,,,,
29,Centralized,0.605438768863678,0.6771078109741211,0.7214133143424988,0.6733905673027039,0.4131699204444885,0.7546896934509277
30,0,,,,,,
30,1,,,,,,
30,2,,,,,,
30,3,,,,,,
30,4,,,,,,
30,5,,,,,,
30,Aggregated,,,,,,
30,Centralized,0.8761157989501953,0.7714270949363708,0.906987726688385,0.8956513404846191,0.5587942600250244,0.8401791453361511
31,0,,,,,,
31,1,,,,,,
31,2,,,,,,
31,3,,,,,,
31,4,,,,,,
31,5,,,,,,
31,Aggregated,,,,,,
31,Centralized,0.8207545280456543,0.6726672649383545,0.853169858455658,0.847801685333252,0.37235671281814575,0.7687589526176453
32,0,,,,,,
32,1,,,,,,
32,2,,,,,,
32,3,,,,,,
32,4,,,,,,
32,5,,,,,,
32,Aggregated,,,,,,
32,Centralized,0.3956034779548645,0.6502022743225098,0.5710459351539612,0.5013817548751831,0.35539525747299194,0.7408499717712402
33,0,,,,,,
33,1,,,,,,
33,2,,,,,,
33,3,,,,,,
33,4,,,,,,
33,5,,,,,,
33,Aggregated,,,,,,
33,Centralized,0.8701702356338501,0.763512134552002,0.8973196148872375,0.8883665800094604,0.5442087054252625,0.8327752947807312
34,0,,,,,,
34,1,,,,,,
34,2,,,,,,
34,3,,,,,,
34,4,,,,,,
34,5,,,,,,
34,Aggregated,,,,,,
34,Centralized,0.7516698837280273,0.6717200875282288,0.8201720714569092,0.7916678190231323,0.36991947889328003,0.7645308375358582
35,0,,,,,,
35,1,,,,,,
35,2,,,,,,
35,3,,,,,,
35,4,,,,,,
35,5,,,,,,
35,Aggregated,,,,,,
35,Centralized,0.7660049200057983,0.6830164790153503,0.8330545425415039,0.8056418299674988,0.3996296525001526,0.7726076245307922
36,0,,,,,,
36,1,,,,,,
36,2,,,,,,
36,3,,,,,,
36,4,,,,,,
36,5,,,,,,
36,Aggregated,,,,,,
36,Centralized,0.7876612544059753,0.6323835849761963,0.8285398483276367,0.816357433795929,0.3104272186756134,0.7328870892524719
37,0,,,,,,
37,1,,,,,,
37,2,,,,,,
37,3,,,,,,
37,4,,,,,,
37,5,,,,,,
37,Aggregated,,,,,,
37,Centralized,0.6670329570770264,0.5921770930290222,0.7247787117958069,0.7134214639663696,0.256369948387146,0.5917026996612549
38,0,,,,,,
38,1,,,,,,
38,2,,,,,,
38,3,,,,,,
38,4,,,,,,
38,5,,,,,,
38,Aggregated,,,,,,
38,Centralized,0.26040422916412354,0.4191778302192688,0.4484115540981293,0.3699699938297272,0.3073973059654236,0.5315635800361633
39,0,,,,,,
39,1,,,,,,
39,2,,,,,,
39,3,,,,,,
39,4,,,,,,
39,5,,,,,,
39,Aggregated,,,,,,
39,Centralized,0.3925026059150696,0.502035915851593,0.5177620053291321,0.4730421006679535,0.3496374189853668,0.4233357012271881
40,0,,,,,,
40,1,,,,,,
40,2,,,,,,
40,3,,,,,,
40,4,,,,,,
40,5,,,,,,
40,Aggregated,,,,,,
40,Centralized,0.3770918846130371,0.6161969304084778,0.5587368607521057,0.48475322127342224,0.3102986216545105,0.7089880108833313
41,0,,,,,,
41,1,,,,,,
41,2,,,,,,
41,3,,,,,,
41,4,,,,,,
41,5,,,,,,
41,Aggregated,,,,,,
41,Centralized,0.2986864149570465,0.48352286219596863,0.4741339385509491,0.39604535698890686,0.3079037070274353,0.5699902772903442
42,0,,,,,,
42,1,,,,,,
42,2,,,,,,
42,3,,,,,,
42,4,,,,,,
42,5,,,,,,
42,Aggregated,,,,,,
42,Centralized,0.4109112024307251,0.6174790263175964,0.5113723874092102,0.49716490507125854,0.38282182812690735,0.2741999924182892
43,0,,,,,,
43,1,,,,,,
43,2,,,,,,
43,3,,,,,,
43,4,,,,,,
43,5,,,,,,
43,Aggregated,,,,,,
43,Centralized,0.637956976890564,0.7134186029434204,0.6839236617088318,0.6866469383239746,0.5077773332595825,0.5647464990615845
44,0,,,,,,
44,1,,,,,,
44,2,,,,,,
44,3,,,,,,
44,4,,,,,,
44,5,,,,,,
44,Aggregated,,,,,,
44,Centralized,0.83551025390625,0.7187525033950806,0.854841947555542,0.8600755929946899,0.467179536819458,0.7920133471488953
45,0,,,,,,
45,1,,,,,,
45,2,,,,,,
45,3,,,,,,
45,4,,,,,,
45,5,,,,,,
45,Aggregated,,,,,,
45,Centralized,0.7266359329223633,0.6293453574180603,0.7645933628082275,0.7625985145568848,0.3025166690349579,0.6618288159370422
46,0,,,,,,
46,1,,,,,,
46,2,,,,,,
46,3,,,,,,
46,4,,,,,,
46,5,,,,,,
46,Aggregated,,,,,,
46,Centralized,0.25976476073265076,0.33545470237731934,0.41495856642723083,0.3499554395675659,0.3652474284172058,0.4196360111236572
47,0,,,,,,
47,1,,,,,,
47,2,,,,,,
47,3,,,,,,
47,4,,,,,,
47,5,,,,,,
47,Aggregated,,,,,,
47,Centralized,0.20541414618492126,0.3181391954421997,0.38955703377723694,0.3085101246833801,0.3177671730518341,0.44061198830604553
48,0,,,,,,
48,1,,,,,,
48,2,,,,,,
48,3,,,,,,
48,4,,,,,,
48,5,,,,,,
48,Aggregated,,,,,,
48,Centralized,0.2619745135307312,0.3584904074668884,0.41063013672828674,0.3591141700744629,0.3355369567871094,0.4084599018096924
49,0,,,,,,
49,1,,,,,,
49,2,,,,,,
49,3,,,,,,
49,4,,,,,,
49,5,,,,,,
49,Aggregated,,,,,,
49,Centralized,0.48544037342071533,0.5756255984306335,0.5333908796310425,0.5477983355522156,0.3557509481906891,0.41422972083091736
50,0,,,,,,
50,1,,,,,,
50,2,,,,,,
50,3,,,,,,
50,4,,,,,,
50,5,,,,,,
50,Aggregated,,,,,,
50,Centralized,0.48078590631484985,0.5962389707565308,0.6287991404533386,0.5667587518692017,0.25572317838668823,0.6939228177070618
