Round,Evaluator,3,2,0,1,5,4
0,0,,,,,,
0,1,,,,,,
0,2,,,,,,
0,3,,,,,,
0,4,,,,,,
0,5,,,,,,
0,Aggregated,,,,,,
0,Centralized,,,,,,
1,0,0.17095853065354974,0.08911657335947754,0.0832178568089002,0.11294081353963305,0.0804547178512583,0.08048182323250208
1,1,0.16811272487601808,0.08972092439215618,0.0959022504298356,0.1159381254744569,0.07612310225648804,0.07998138582083388
1,2,0.15664716612539142,0.07512414431753449,0.08135914649650533,0.10917272422836873,0.0796614507002086,0.07596366347774895
1,3,0.17111265032786666,0.0829010529564327,0.08220204362585463,0.11589325708746628,0.07537798034250254,0.08731206746450121
1,4,0.1666004531091992,0.06586223056336847,0.08125677544903931,0.11842451218448669,0.06650079650672229,0.07891945760877564
1,5,0.1406211800753604,0.0631907323310217,0.05904821155806416,0.09102906179930675,0.08940686306019009,0.05756167511098063
1,Aggregated,0.16232826930510347,0.07764338945739796,0.0804840388924132,0.11055395964377317,0.07792814140132169,0.07669114164615505
1,Centralized,0.16178799100530364,0.07731818038372319,0.08005350974930649,0.11011282488680495,0.07850845723492897,0.0763041417287347
2,0,0.029814346712723663,0.03878114675384506,0.036230185782489564,0.025326266644838915,0.032018622336636604,0.03680826618922192
2,1,0.01504319075898012,0.031707641362270715,0.04429032247510916,0.022253343561995948,0.020933683547289757,0.02367029315300378
2,2,0.027402332509350508,0.03444206607979562,0.039309403723685965,0.022142431184129705,0.03253162116158193,0.04069360041636223
2,3,0.028758016473128874,0.0319294254017902,0.04602404511260184,0.02559784854621936,0.0332059038210119,0.03533119808248955
2,4,0.03678626059219879,0.03388782218115458,0.042140443808200354,0.03424038844637256,0.031745394930265604,0.03644354480639312
2,5,0.016446411879088792,0.022851396664008292,0.028141348359190896,0.018478386222353482,0.04624157050316343,0.02715596399536785
2,Aggregated,0.025702521473483154,0.03226058040475764,0.03934880831550399,0.02466916130986059,0.032788048838932035,0.03334652845039013
2,Centralized,0.025352712898727203,0.0319784206401265,0.0391319206113928,0.024360968248389084,0.03331118567103831,0.0330795143638736
3,0,0.01012174949383209,-0.019396082054022483,0.020488883212614602,-0.0036501001642657337,0.00874959089409825,0.024001484506786828
3,1,0.0025871496336161218,-0.03148310408057156,0.030617204779835372,0.013868049066381529,-0.0032540295960642248,0.021584380088950708
3,2,0.004625477680359471,-0.021919848626447146,0.017142643535827274,-0.003414119136931803,0.010831506610822552,0.02393313267274316
3,3,0.003390381324041162,-0.018564689745720953,0.02218045491132385,5.283351824942298e-05,0.004419537565970022,0.018536076128905263
3,4,0.004247138647899127,-0.024032205031340802,0.016970409855768923,0.009851168161862949,-0.0034985747785075388,0.013802511318378227
3,5,-0.005122549409087131,-0.025158595882339263,0.011935291236607233,-0.004730928991024233,0.03369419098273484,0.008576534376153898
3,Aggregated,0.003302849506647152,-0.023426859013052515,0.019884076926340876,0.0019918615474578067,0.008506439021125639,0.018399419921670226
3,Centralized,0.0031485821177894163,-0.023464107213147505,0.01965750648737861,0.0017772244382298849,0.009502651410166398,0.018180782141213377
4,0,-0.03353262600271323,0.025156421430688195,0.013405442473251886,0.013748076773573573,0.029648007894664784,-0.04513492465630363
4,1,-0.03448852182774472,0.02777661068155066,0.018753044590740474,0.011810918579212815,0.027860688282798456,-0.040486468678619825
4,2,-0.0321975123423594,0.024201759832166964,0.01500185934745324,0.0059470409204835295,0.02684721727451041,-0.03960117648212576
4,3,-0.024599658661321824,0.016921923116151386,0.012286516720984545,0.006024943589213695,0.02000753728364257,-0.03056649711464581
4,4,-0.016463749091604068,0.019402732036186164,0.010346822782288845,0.017588451256987648,0.019252056204652274,-0.028727747836347402
4,5,-0.030094917827311024,0.015294487757075027,0.004337639453226797,0.0045620143343620195,0.05198014682550135,-0.03866037879374599
4,Aggregated,-0.028563807743584788,0.021455058953342127,0.01235010927116931,0.009943474427254259,0.02928042377630403,-0.037197132417475916
4,Centralized,-0.028791239486687593,0.021244648024044317,0.012168387910105457,0.009739160339802256,0.030121241424120364,-0.037294897119987375
5,0,0.009712444730018654,0.006812888572329872,-0.006967131196439639,0.020608730373198488,-0.040737723471295006,0.007936774609876475
5,1,0.01544209173243866,0.008962620176228665,-0.0075536841262158795,0.026736288343929344,-0.05103459596901421,0.006227318919537913
5,2,0.007293749707984053,0.009094087713004224,-0.005180148579855933,0.019815120992018112,-0.038793394143171796,0.0061602918759236305
5,3,0.005866557683087723,0.0029561942040923733,-0.0013616532187557984,0.01486723389214084,-0.029194049297579096,0.004955377866188377
5,4,0.014550004039199814,0.007923028550292864,0.0008543877834874215,0.015632157404242765,-0.04002975868384034,0.007364504351781364
5,5,0.0012948445179207409,-0.0022279952248943557,-0.0127846986213964,0.013192090944065963,-0.0026717598860270166,-0.0037825719997710587
5,Aggregated,0.009021685997322372,0.005581821659188951,-0.005503466450721189,0.018471902024402864,-0.03372373703470885,0.004804804213993747
5,Centralized,0.008747167143313547,0.0053819070449680085,-0.005702695732304587,0.01819164025847917,-0.032434770760848886,0.004512308051937941
6,0,0.009432041916881628,0.0043315600274854305,0.014616941472650967,0.0010635783374281177,-0.0031119485455361052,-0.009093252092389323
6,1,0.015143317115478006,0.008490032453405775,0.011940746303199475,-0.0030033276396761047,0.004518419941479581,-0.018144500027591166
6,2,0.01247415195666529,0.010485422417369019,0.017679103158050567,-0.0036429687237783687,0.006590478990600828,-0.017818646143030758
6,3,0.00043611658914101663,0.005259600375472973,0.00776712124256103,0.003193611869841099,-0.004882428560962125,-0.006799822163963596
6,4,0.007172057834191792,0.010515933445304751,0.006548777117636975,0.006875746963763174,-0.008716700004117407,-0.00449068920643207
6,5,-0.0008652200875530582,-0.003877463134928685,0.005065077405425535,-0.007573301238749923,0.05294789191197556,-0.02936216764277029
6,Aggregated,0.007293539270652004,0.005861301336125991,0.01059943042885318,-0.0005189437927207116,0.007919678421914733,-0.014294458786129463
6,Centralized,0.007027963821061333,0.005558346364512544,0.010204244756179913,-0.0007940676561408326,0.009427120116548825,-0.014589766183816034
7,0,0.0037814946739766677,0.004069023227750089,-0.004443066975108865,-0.009645872355759243,-0.004419690669668486,-0.0014400676952273739
7,1,0.008992458332218439,0.009289113792226664,-0.00299329350097777,-0.000556657804206151,0.0034922334609937236,-0.012386781674536721
7,2,0.008527373267847542,0.009232559454712278,-0.0031340146659406985,-0.005053175412462456,0.007759859424352559,-0.011700004961623139
7,3,0.0037887273767369407,0.003341968575848348,-0.0005044746080588781,-0.004766376936276792,-0.007914551174557277,8.43665924670235e-05
7,4,0.0037410615411090408,0.007128275414204918,0.0008887650418787067,-0.00015998421845953925,-0.013637674792952924,-0.007066813361297124
7,5,0.004839165009495078,-0.0047079953301213335,-0.012788494326192865,-0.007808089218856546,0.03596248996592578,-0.018034274474777914
7,Aggregated,0.005611220827300599,0.004719476519661846,-0.0038348085859504556,-0.004667029856625293,0.003561115102580694,-0.008430056355398334
7,Centralized,0.005461409638055834,0.004512535317814578,-0.00413458158149435,-0.004837266814396732,0.004580627426154349,-0.008615256446109061
8,0,-0.0070604232877756684,0.006422695070417933,-0.001075304671087583,-0.0012259165465521838,-0.0006133052740726557,0.007011281659331972
8,1,0.008740791334381682,0.005490816350153149,-0.007943086649317364,-0.0013213686346854525,-0.0023025933944371985,0.0008415569503146623
8,2,0.010194661199009365,-0.0006357091659903219,-0.010069698189167494,-0.003593109546802207,-0.007195082491711951,-0.00021626875357872658
8,3,-0.007360964442600499,0.003650116303956646,0.0007664790491510204,0.0038452607336599176,-0.003026971446572888,0.005303593288272369
8,4,-0.0063617744280606734,0.006573018144125013,-0.0025877666587006513,0.01042461500077056,-0.005010964961948493,1.4414595029446488e-05
8,5,-0.0028276856933604705,-0.003555096874732264,-0.015651400221436972,-0.0057635729462611925,0.04111430907437079,-0.012995552228351014
8,Aggregated,-0.0007805385480567401,0.002986799845822136,-0.006099556570253418,0.00039039203555151793,0.0038513374816191146,-1.5110065332937556e-05
8,Centralized,-0.0008946272071970672,0.0027844663650388765,-0.00652862942581892,0.0001993142932713999,0.005279852550630372,-0.0005567411874126093
9,0,0.0069483417429529815,0.006448490337521444,-0.01246128708354529,0.005144212184874971,-0.020264775931737054,0.001209638082329751
9,1,0.010904882501060132,0.013622486610377278,-0.018207198126440293,0.0065513830062208555,-0.007064992249426492,-0.006489509591458758
9,2,0.010954606735472765,0.011624722877741396,-0.010879779381997296,0.004798230697001749,-0.017677138887073694,0.0003920127839106255
9,3,0.001590088253874509,0.002728662742618972,-0.005060098511368623,0.007979433573333345,-0.017333784332041115,0.00361989800233851
9,4,-0.0014372209974449679,0.0013645126038118551,-0.005078624255196526,0.010306653385230981,-0.018263311737927612,0.007060269319706213
9,5,0.00022008154710864827,0.0028632339382185235,-0.019665502753438154,0.0011953598937731057,0.029616080938558564,-0.007784073879361531
9,Aggregated,0.004860502900772805,0.0064397365247059885,-0.011897037643933584,0.0059928182106040295,-0.008473687340592494,-0.0003367119884868851
9,Centralized,0.004609738381015474,0.006257499550370561,-0.012166057397833404,0.005918772185864957,-0.007254030709170902,-0.0006501464830463516
10,0,0.0029157944546767513,0.009775311237910084,0.0020556474995274392,-0.00022371543194612726,-0.0023891304284681556,0.0037236457091904336
10,1,-0.0016183792023321875,0.021170590335027547,-0.00940700687940349,0.013852037497354535,-0.0206021425562372,-0.0024925842648843267
10,2,-0.004391518360866852,0.012964142289577452,-0.005754645353841435,0.006338288011387208,-0.017600561789658284,0.0018057579154275875
10,3,0.0013055922389252283,0.006100834663487368,0.0028729252050988846,-0.0019775080836044673,-0.008445879739503514,0.004545083374488072
10,4,0.003683977949539969,0.013301785775231948,-0.001965043911520562,0.0063578341255078686,-0.01498681041593943,0.00577720528627249
10,5,-0.009209377842039243,-0.0062157043064742235,-0.0159509812053216,0.0011038709428779318,0.04410756801224622,-0.010851480902202162
10,Aggregated,-0.0012240794162828859,0.009506130120704254,-0.0046986959323123655,0.0042398005838570965,-0.0032892556115399424,0.0004107530148241042
10,Centralized,-0.0015166546636051314,0.009007969288894689,-0.005064794613023463,0.00409633960552705,-0.001445044993233632,0.00010593937941002125
11,0,0.001966823777893736,0.003335390403618731,-0.0004284138419482152,-0.00632958055949555,-0.0025063564450573065,-0.005260034404686651
11,1,0.013529021903521496,0.004822883860117478,0.01859338061491157,-0.01099869251868398,-0.008968830982755135,-0.01448407014545566
11,2,0.0117311300348706,0.0026451660316928103,0.009816191703676447,-0.004348843465254276,-0.004590175464211147,-0.0017089046534304948
11,3,-0.0007412717553401683,0.004976654286368203,0.001074525752721124,-0.0006478693314747119,-0.0020181617949056293,-0.003624657133736861
11,4,-0.004924110700101072,0.006824451626510872,0.002625643680924374,0.0010887129771796503,-0.0012091361189717933,-0.004451634052635512
11,5,0.00041537997884822313,-0.005494624691153558,0.00353227317614215,-0.013140496139419517,0.05457318785505608,-0.02010654017922032
11,Aggregated,0.0036607584563905613,0.0028463324014443543,0.005867443772397394,-0.005734186424669707,0.005911132215139826,-0.008280184819173544
11,Centralized,0.0034084106761076154,0.002568211668286574,0.005687324575054004,-0.005996817089477808,0.007849104438078276,-0.008643338041336848
12,0,0.006206013393968014,0.009415786538924387,-0.020018971410227526,0.005992078015307162,0.0075314709763780975,-0.008907394423785691
12,1,0.017060629846948085,0.02240461512874825,-0.034898755028022865,0.0009043040870517475,0.005504339633195144,-0.022464544492090333
12,2,0.01038334765535343,0.016910172016408313,-0.024590483547004972,0.00015771711068811775,0.004050748780248801,-0.013030183740118844
12,3,0.004905628033096789,0.01194476469143292,-0.02299788059343219,0.009415835668780447,0.001656887234465465,-0.008006544013661654
12,4,0.011593257231458848,0.010950703985475133,-0.013061629986065906,-8.28330649236776e-05,-0.004856412244302046,-0.007529345910420535
12,5,-0.002195102285006753,0.0007464942915491543,-0.03813798634315219,0.0006075879291856127,0.06642295607240395,-0.02275200440654085
12,Aggregated,0.007985800652070484,0.012054875164021131,-0.025625600201487728,0.0028310298272840573,0.013418812854165851,-0.013787388550947062
12,Centralized,0.007518914153152642,0.011607779454043787,-0.02594374358098613,0.002611245676964799,0.015406158587307135,-0.014051297687410853
13,0,0.0008367017303503289,-0.0008719331233086621,0.0009558255321389782,-0.0036646529619513727,-0.001702543775231257,0.006683077684759705
13,1,0.00531361312467262,0.004215542655948144,-0.0033315745178126694,-0.0012520254145030228,-0.0033207388347377908,0.0008316957390175452
13,2,-0.0028714043958733707,0.003354936622728698,-0.003460066021951565,-0.0016390629264192713,-0.005081039167911627,0.0027458502159024454
13,3,0.0012254271283196837,-0.00030290973112708414,-0.006106663493533198,0.003832286622187752,-0.004435955137731251,0.00551523196230011
13,4,-0.005177720817671854,0.0013850841235904614,-0.009305243635676806,0.0036723806411675343,-0.010676983204834843,0.0020291906632862833
13,5,-0.008091385913813254,-0.011987566694811408,-0.015160267674070211,-0.010091082020943184,0.0597915786513095,-0.011122997037841094
13,Aggregated,-0.0014650222026062816,-0.0007083367055105498,-0.006073795094531799,-0.001529154831250575,0.005796832830627477,0.0011058733590225943
13,Centralized,-0.0017342223529805433,-0.0011684260040614697,-0.006502293453134651,-0.0019514839936256316,0.007748055309470209,0.0006306800124368665
14,0,-0.0026166017468240766,0.004020317124643652,-0.006613304997765372,-0.000993337040903843,-0.00032510745358184655,0.0009996888486594265
14,1,-0.009692045922143108,0.009344228497685007,-0.005745477633960534,0.002393616749820558,0.005781916472129775,0.0009080850050593759
14,2,-0.008002804879993415,0.010759305254040676,-0.0013546757382507239,0.0065853265858225535,-0.0001895447715251655,0.0020443199246309553
14,3,-0.005606956972194809,0.0026278265242203366,-0.007910481316554006,0.00522745681454388,-0.0033867171854385356,0.006265592417911213
14,4,0.006708390636836922,0.010625297154614981,-0.0022953671289554036,0.009792480452199956,-0.003938705648144759,0.003219145404208923
14,5,-0.01557132424333298,-0.00118329925207897,-0.021732829534072816,0.001001057848848134,0.037217070240118236,-0.016483501141872987
14,Aggregated,-0.005803122229099317,0.006027678912138672,-0.007617694262579741,0.003999187552628553,0.005879810481180789,-0.0005179636077994457
14,Centralized,-0.006104847489284642,0.0057368297097082,-0.008067780867479606,0.003890375409846933,0.007121908330550778,-0.0011960805846349253
15,0,0.006718966307544283,0.0036464102293188613,-0.006600108271501411,-0.0015046670385787868,0.007706589885285069,0.007671975524803953
15,1,0.03042017316802991,0.015031374924557387,-0.019617492562998027,-0.011688612627715636,0.011071238268253365,-0.006998755917209443
15,2,0.019098595672884536,0.008972488807627695,-0.010307228486828132,-0.006888432146920377,0.0050584194053218574,-0.004335751001078585
15,3,0.006930397345416298,0.006137831296595223,-0.0062095978356448535,0.0002183389146964396,0.00538475185348938,0.005548916519157363
15,4,0.009554847307255065,0.004589129746200435,-0.010450213071264218,-0.005824095136668427,0.0034348715298644188,-0.004291187826907955
15,5,0.005235362576903627,0.000248151215604333,-0.011094115816454588,-0.0012303196988940458,0.05988689336765884,-0.023066180712065894
15,Aggregated,0.012988111130913749,0.006433618298479762,-0.010713368908187465,-0.004484222100878236,0.015452141580696181,-0.004257163275382108
15,Centralized,0.012693780411642274,0.006264283241362134,-0.010706979612484768,-0.004335942595980439,0.017191956986733103,-0.004960281288230249
16,0,0.0022302389907330193,0.0044587329984993275,0.000656624562837618,-0.0063260911539871345,-0.011429170859892193,0.0017712655572672178
16,1,0.01269942330743474,0.018418829018994973,0.0002433148420851319,-0.021698187950558133,-0.019998249086477852,-0.0107369058037876
16,2,0.0059477466053901645,0.010282862298630482,0.0014682745741617714,-0.0080718251866468,-0.014399304909626102,-0.0008914538791535881
16,3,-0.004042840135904932,0.006096679267116119,-0.0002807514681057555,-0.006417621627604792,-0.015377474429196254,-0.0009090650781827596
16,4,-0.0026366473844425735,0.007764539843304531,0.004098678006443724,-0.004405477686930565,-0.011479517394121884,0.006633723852813189
16,5,-0.013330889722311346,0.0026297700506997955,-0.00012081660124742358,-0.014277907856514463,0.05934834047722438,-0.031213228380235304
16,Aggregated,0.00013591401446450208,0.008271636302825002,0.0010101657994896324,-0.010202118761470964,-0.0021833080601330987,-0.00590708822325587
16,Centralized,-0.0004225472325240387,0.00810891066065899,0.0010540326415429944,-0.01036737183551765,0.00010690617485824931,-0.0067192964270057845
17,0,0.005778675445420101,0.0003308470759218381,-0.004179576541891679,-0.0080266546540584,-0.001121823867392548,0.004304419286808279
17,1,0.012670706790474773,-0.006425895310989037,-0.008212743961361608,-0.004203523378468851,0.005405561145158509,0.018807807374921198
17,2,0.005594524965081423,-0.005649025365724206,-0.011458920692368547,-0.0036893572974260372,-0.0012143534425946728,0.010482740079269252
17,3,0.005137069891545637,0.0016172401670364366,-0.003877467870889737,0.001353629336982748,-0.0012032647378461862,0.005906885411779002
17,4,0.005683674776237847,-0.004213989312089342,-0.00293385166315232,0.002675466221981181,-0.004334187768503532,0.006110186158783603
17,5,0.009760410899471526,-0.012100361885885064,-0.01531175536155085,-0.01776706792403454,0.050687779521675067,0.0010246747219830445
17,Aggregated,0.007438991430729933,-0.004411769108654883,-0.0076672628844063765,-0.004951094009084493,0.008063810799626342,0.007768483235406727
17,Centralized,0.00756047021739136,-0.00472738418221417,-0.007883318722141087,-0.0055676932034186884,0.009544011731872732,0.007468257765261876
18,0,0.004275725137728526,0.006792478226440763,-0.01056132786567108,0.0005854617206261255,-0.00011228019981496529,-0.001112851661870679
18,1,0.009900962792718638,0.009543771286583791,-0.02507963983363592,0.016042848956861096,-0.00558777759840464,-0.004697584994575668
18,2,0.005746584920697623,0.005939864663365446,-0.014225249241519787,0.007552342702210964,-0.002533781982711136,0.003454630691719761
18,3,0.005553877363303225,0.008060057933931306,-0.009825493384287893,0.004220737683318602,-0.0015651627502022934,-0.009411564519261114
18,4,0.00446693936774359,0.007583620354761549,-0.00976756586479109,0.0005256153987550789,-0.007650386717208526,-0.0012231047081515752
18,5,0.004170382517950327,-0.01042620431651522,-0.03269886583752818,0.0028126177056864384,0.050562049696553084,-0.03717896465831162
18,Aggregated,0.00568477922772077,0.004572696014980415,-0.017036349040806278,0.005288357941634791,0.005547494161167878,-0.008379945888166151
18,Centralized,0.005653731628372148,0.0040166593081306596,-0.01751168414238225,0.005186873351189309,0.007087056782130782,-0.009361056404457032
19,0,0.0017255378782449404,0.00038960575374349753,0.005785606973836499,-0.0011770778826860598,0.0004353034070295303,0.0017204498947956486
19,1,0.004849358090946958,-0.001614302972667482,0.00784636995744368,0.005082518196132548,-0.004176135428832871,-0.006224702611547681
19,2,0.003240851724853256,-0.003853324876861433,0.010504128940307977,0.004504578708503821,-0.003929598900554211,-0.0016311611904055484
19,3,0.0012466680431697462,-0.0009362388094644369,0.004739220584919299,0.0023541963170253394,-0.0005635036797697149,0.002075613170078473
19,4,0.004705005973255743,-0.0010922943966840124,0.003657485927055155,-0.000915838699700509,-0.004244603919470753,0.004049281391571004
19,5,-0.011297882125340417,-0.0413139273046486,0.003857507073979695,-4.907905346735649e-05,0.04491530797600736,-0.005199958612124406
19,Aggregated,0.000737245351922175,-0.008091275108877473,0.006063645817887731,0.001632143713891499,0.005431317391100062,-0.0008711745776497403
19,Centralized,0.0002447980661562389,-0.00954005155722007,0.0058614735371330514,0.0014892545498008509,0.006816883771192345,-0.0009893654325482237
20,0,0.0010006913995476807,-0.0016124541974681873,0.0005598853613207836,-0.01260101389853105,-0.000646936029695162,0.00441109004898913
20,1,-0.00790659203655088,0.01622707783729401,-0.004760397717715583,-0.01872939438052551,-0.0010719266576505475,0.0074183982294250194
20,2,-0.0007115064468866351,0.00822795874299831,-0.004147928166893643,-0.011084968243201552,-0.004822675532073069,0.006983958956962244
20,3,-0.00010912826218765832,0.006663123432527945,-0.002495306346582701,-0.005607872018685186,-0.004682947345365698,0.006922761884412916
20,4,0.0007670191008028669,0.011041922675336675,0.0005246098690561316,-0.007607662870772118,-0.004509092092526035,0.005768530729616519
20,5,-0.020636844469278413,-0.003956992417113994,-0.00035767667232396996,-0.016254518368544253,0.07869912003062027,0.007247452974397001
20,Aggregated,-0.004609618158206094,0.006092028486964802,-0.0017785624792986188,-0.011983629613300212,0.010537741195446473,0.006459201675609108
20,Centralized,-0.0050738863274533115,0.005716123836157748,-0.0016189532059047533,-0.01199378525992751,0.0129933232699453,0.006576723600155683
21,0,0.00836392293465423,0.0059547650805219865,0.00496644091428699,-0.01290151118122823,0.0016618330498880645,0.00026958749068159427
21,1,0.0012871576029691745,0.006919949870351552,-0.0003736030957498452,-0.01463274795183491,0.0014485085964218807,-0.000884848952542387
21,2,0.002546145740530165,0.005094341749785198,0.0035615863549725963,-0.01772861824640736,0.0011272110691168532,-0.0013603965973378207
21,3,0.002636656528378371,0.0022118213621256273,0.00416113534920251,-0.0077303949252916886,-0.0036292300869090535,0.0015414269989643859
21,4,0.0022223632430225233,0.0010469530777906105,-0.0011510286378019294,-0.013760836518047966,-0.003022393856198839,-0.0034875938289240724
21,5,0.002418730231015303,-0.0012758386092282423,-0.002153970765251667,-0.04255506745756924,0.04793512916980879,-0.014482840309683376
21,Aggregated,0.0032453020615427907,0.0033223986038923214,0.0014994293021967308,-0.01823371206293063,0.007612567112878971,-0.003074722106156883
21,Centralized,0.003167874340031403,0.0032520402645378798,0.0014768340239247545,-0.01931156876489296,0.0090998310630069,-0.0035871077016175314
22,0,0.003383548610408524,-0.002181139327903509,0.0028281036215501267,-0.007451343049125895,6.605337556793789e-05,0.003514240740378202
22,1,0.002056285957072635,0.005175071115711475,0.004497127616350943,0.008534648808104636,-0.006351325292460127,-0.001788875554964736
22,2,0.002591613680293189,-0.0011664936895008748,0.005936165518640757,-0.0024212105897478734,-0.00635794402251041,0.00755764878028705
22,3,0.0014529977909552864,0.0003167315138534854,0.0031266052848494953,-0.006049829864870104,-0.005416945111372477,0.003535360103403627
22,4,-0.0004010602092929752,0.000487638742878321,0.00872325644285896,0.002769062537331263,-0.00598928295341524,0.0035898827990555097
22,5,0.005060353688296433,-0.005125893185637839,-0.0012011539237221983,-0.032166189139907445,0.05025473488560945,-0.016701469247747142
22,Aggregated,0.0023590132627963447,-0.00041868380948652283,0.003981710973869454,-0.0061474091190938385,0.004396803938575936,-5.948562538411132e-05
22,Centralized,0.002451564590819421,-0.0005380170935006549,0.003890430895283139,-0.007029335523053777,0.005949682587091254,-0.0006822301494149477
23,0,0.0031285242490600284,0.0014812095132980248,0.001149814121641281,-0.002314918935724521,-0.005779561371559991,0.0027491674794418745
23,1,-0.003089360237250481,0.010129511246176219,0.0006280188857729183,0.0014768784764033593,-0.005216134832176731,-0.0009550919420636662
23,2,0.003441476315603964,0.007834701162795905,0.0009245014067380356,0.001113404785221023,-0.006892642085919998,0.0027841296658562623
23,3,0.002475095838146644,0.002718824194605298,0.004393702569533352,0.0013848431289605683,-0.007135753933974392,0.0023470695951929407
23,4,0.006388491866081623,0.0014593007356505064,0.003951299685636584,0.003655920605738583,-0.015091072485314294,0.005625655899319574
23,5,-0.025315571788652156,-0.01089550979615169,-0.007081468556794211,-0.0024320289877203596,0.04768218412038116,-0.007087884603384743
23,Aggregated,-0.002176652297295258,0.002113040593676522,0.0006560418079956235,0.00047882617392529676,0.001290765703129085,0.000905408292986134
23,Centralized,-0.0029435331413158006,0.001715343413100791,0.0004239890617791311,0.0004193772130809425,0.0028788314827067943,0.0006434144817540754
24,0,0.0008664230809125207,0.007582157078171351,-0.002402295926954362,-0.007357607453443114,-0.0026542854463785046,-0.007236490435645466
24,1,0.013106558376815515,0.023275616649328888,-0.014815168420339695,-0.02443033414575226,-0.0040972503121473125,-0.01926518815971786
24,2,0.002064448852381093,0.015439659175325018,-0.01234312792929965,-0.0194168267667933,-0.0007936952521230098,-0.012561522971020898
24,3,0.0048723444506862746,0.011623834234344111,-0.007893119530882472,-0.011197492962690476,-0.005074093379082382,-0.008354473078527314
24,4,0.016412471334655118,0.01716832949494417,-0.009998721898940448,-0.016063125953430176,-0.009357228679568839,-0.012784556926075772
24,5,-0.042331544305192766,-0.0030230402162599126,-0.008621958094046374,-0.01570697456149998,0.05450635130061616,-0.014827274109270136
24,Aggregated,-0.0008613393060888444,0.012001507697434171,-0.00934527052340772,-0.01569540102403853,0.005452927089086355,-0.012506398235942956
24,Centralized,-0.002545470538556225,0.011524446573443394,-0.009328838451423517,-0.0156348351313124,0.0072082085130503815,-0.012559961776381755
25,0,0.005602376096789135,0.007992634004613258,0.001586207839757456,0.0028997924112615482,0.002705305568580068,-0.009184431995788238
25,1,0.014614253928780071,0.010532419098080132,-0.000948011134637694,0.012492902672392307,0.005393373921034797,-0.030542632035465943
25,2,0.012031180397220042,0.00996210625295551,0.0021715130660918546,0.012998422329101311,0.0058969352972225745,-0.023666302914007443
25,3,0.00878872168147256,0.006810701123188773,-0.0018670365058669803,0.0098439727787845,0.0016849046009808164,-0.011286188320708577
25,4,0.015317623597600284,0.009842622413706047,-0.001225998876553076,0.014721807120831586,0.0030437345431673407,-0.02403891830978854
25,5,-0.005640175092919302,0.007646332696802153,-0.002966751381541503,-0.009353365045964703,0.06345718047698162,-0.012818155524599978
25,Aggregated,0.008443345399421986,0.008797068476514767,-0.0005432256077382621,0.007256658871248164,0.013728630487445595,-0.01858575869173944
25,Centralized,0.00802135633132704,0.008791347976378299,-0.0005777316074221551,0.0066927057685526965,0.015314390876968502,-0.018389511477145088
26,0,0.00332537911652972,-0.003694361795103271,-0.0010169562426914228,0.0003435088445088916,-0.004359842905991664,-0.00168676799419265
26,1,0.009391098622704997,0.00783408010026939,0.009685776576848833,0.0012213853447813783,-0.010203884212308603,-0.0064198651199415145
26,2,0.001980999155746401,-0.004993488088981119,0.003387398329551043,0.004208583309612768,-0.011057182356921703,-0.003631504272045939
26,3,0.003404420093663719,-0.0024381451676484195,0.0009830772059840323,0.0014471188328711655,-0.003297777159451777,-0.0011994700064012931
26,4,0.00457355538240257,-0.0029630855883669796,-0.0009470062997057611,0.004522981342115736,-0.01762378223549442,0.0004885602443074135
26,5,-0.0049902324110278765,-0.021324789059163275,-0.004754982021806367,-0.009059722825024074,0.03932141722925309,-0.008463507038220427
26,Aggregated,0.002942475921035432,-0.004607296666749289,0.0012190733917375274,0.0004412479161244393,-0.0011776718673636023,-0.003488599482473627
26,Centralized,0.002709063553171967,-0.005170333773695895,0.0009834344139929144,0.00020620834327002353,0.00017976680666818753,-0.0036138527333393856
27,0,0.0056241404905667735,0.0037784841675455533,0.0013376060998452307,-0.002865288931757748,-0.00017345233162491998,-0.006972520554636102
27,1,-0.002580990734279693,0.01133780352568824,-0.0018229224747960237,0.008066162867823534,-0.009560329581164883,-0.00810247220563868
27,2,0.003971498953812712,0.006753747714814842,0.0007786813870968967,0.007306886064155174,-0.0045038566399695544,-0.004637104863241949
27,3,-0.0013971944413925569,0.004822251321397682,0.002526489220563533,0.000208182167643887,-0.002771004017228461,-0.006025535053139482
27,4,0.005921236262260421,0.006180353996866724,0.00023617493670106558,0.005786615653279531,-0.005531420975981323,-0.006797542567495827
27,5,-0.0008602870939802166,-0.002829995690718438,0.00231310018848493,-0.010842728998758247,0.033698631681122054,-0.017325494020740694
27,Aggregated,0.001778050756021032,0.005002110946674129,0.0008957590978251317,0.0012689114127189152,0.0018800602849791649,-0.0083158593174842
27,Centralized,0.00166192556797564,0.004755166335434365,0.0009001215782093205,0.0008018575060600164,0.0029266821773259824,-0.00868714381963172
28,0,0.003210489535784058,0.004187902215238225,0.005359422606962456,0.006330921628934796,-0.023185617043827562,0.006476115514288953
28,1,0.011197825175767237,0.00770486862090445,-0.011109297605402064,0.0010331003452650972,-0.012995515767738905,-0.005090478652946645
28,2,0.005529001928414998,0.004960576669876059,-0.005936860414696719,0.0020101197360822,-0.02586992316923187,0.0005337222860369617
28,3,0.005871397237292971,0.00453075181476157,-0.0005820127096742819,0.004613120506829702,-0.01643516281188375,-0.0014238553441599444
28,4,0.005955667912591468,0.005979640421452402,-0.001610569798218902,0.00763748963589754,-0.02719294646300856,0.0033270295743079684
28,5,-0.006354791621796543,0.007694552956055524,0.008678870959517008,-0.011841350007292141,0.01643674052253915,-0.018424836344291404
28,Aggregated,0.004228180197502302,0.005844229212868253,-0.0008606553380526775,0.0016219779293505424,-0.014853775403897538,-0.0024439123279639246
28,Centralized,0.003832713676455352,0.0059300208391133025,-0.0005571502313169324,0.0011299492161459452,-0.013686290516679302,-0.002977037846983356
29,0,-0.0007702168776829629,0.0030942428972386294,0.0042446242761242075,0.0005172154976586445,-0.004438073597641306,-0.0017594918075280025
29,1,-0.012117105061735975,0.016408939294637822,0.011758471352452091,-0.00204271611934738,-0.005742779037973833,-0.0048363883320272005
29,2,-0.004449872225152188,0.010465226005106201,0.011773971012587668,0.0024575886208254246,-0.010604276696653822,-0.0016371547468675696
29,3,-0.007328670086522575,0.010003989970734324,0.004665805617801316,-0.0019364622720112817,-0.006129080963237036,-0.00018614218009473197
29,4,-0.007887953553114755,0.01861459081315437,0.010261063218342368,-0.001282059157754401,-0.011801123213775926,-0.0017687423432949816
29,5,-0.013501591309552483,0.003306376968243722,0.0002163951137227785,-0.0015466951099952207,0.021739705817049107,-0.004397415150631138
29,Aggregated,-0.007679615697978704,0.01031109227362101,0.007148965739254335,-0.0006394335520229972,-0.0028136072864384924,-0.0024321428556369324
29,Centralized,-0.007853742106923928,0.00999699874199376,0.006927249533163353,-0.0006931986299514914,-0.0018971151562936774,-0.002484500549036001
30,0,0.00396410536535664,0.0015039155761657661,-0.0016595874479708949,-0.00110242679557185,-0.004046933719517621,-0.001809947323013033
30,1,0.014039740421532979,0.013941764587522932,-0.010904117337179107,-0.00010180221582615316,-0.0058780494844313325,-0.011097535971619337
30,2,0.012342786235739355,0.014273594915770009,-0.009079901236413123,0.0029844909056043843,-0.002799898730783062,-0.009552460602795129
30,3,0.0067719784916362704,0.008224405386273967,-0.004806125689248971,-0.00044446528357947415,-0.0034394948581361515,-0.0046579802695785695
30,4,0.012571513279627772,0.009701496615747764,-0.004500306552392665,0.0005223927333265433,-0.006717243461563011,-0.00568667559370678
30,5,0.0015027654567059778,-0.019592727093013743,-0.008747939323653479,0.007677140611892417,0.04179549025352901,-0.013172398041810902
30,Aggregated,0.008527666612799294,0.004659936137962327,-0.006617688609429626,0.0015931030230007172,0.0031769486946240594,-0.00766634560022387
30,Centralized,0.008262040245999967,0.0037841736410706454,-0.006690789779645794,0.0017841691494686785,0.004356925636947373,-0.00793203372674333
31,0,0.00312522476995249,0.00148532112027456,0.0043433684807341385,-0.0006252736910289825,-0.0030552784005585636,0.0031559258482767973
31,1,-0.002791725219904023,0.004740947265876891,0.008247094295596308,0.003336359805018102,-0.004191665920590539,0.002380434002744495
31,2,0.0027089302135331794,-0.004319397559969822,0.005814648715104773,0.004488005764062219,-0.003794646049273969,0.0063542801924114855
31,3,-0.0016367636608699099,-0.0032688328896112607,0.005026774552710675,0.001006002090190411,-0.0034586764169438856,0.0016369723589736063
31,4,0.00318068681696346,-0.007888429189647985,0.0014177728355767416,0.0023594627555196157,-0.010837184903043593,0.005757865047694117
31,5,0.009539214191478237,-0.021895655156519953,-0.0018135341868315631,-0.006806189352504635,0.03236724865550744,-0.009961283512044285
31,Aggregated,0.0023588419649220992,-0.005201657812983032,0.00383575010636338,0.0006216559046148015,0.001191521648573204,0.0015466907126586822
31,Centralized,0.0026462581101781035,-0.005715747859615512,0.003733149289500609,0.0004115638094531175,0.0022464478553659364,0.0011526252730802227
32,0,-0.0055255652587610305,0.005177263788885289,-0.0025931668882349965,-0.0017999127404181932,-0.0042605134373641515,0.0037193221154309367
32,1,-0.017629294948097427,0.013784928939081622,-0.008149239906631538,-0.0056017601477474695,-0.006932231121163935,0.015717099722707795
32,2,-0.015329307569946533,0.008361193988849365,-0.006045362017219561,-0.0028230311119481688,-0.008915427577723569,0.010739490536565432
32,3,-0.011305025419154825,0.00917059611158627,-0.00273292799794748,-0.00143643032876868,-0.0016674039046638616,0.008979108445933992
32,4,-0.009681440766874761,0.012836069721311344,-0.006362703626750905,0.0018364254807437927,-0.009981065906741934,0.014341291497054955
32,5,-0.0184081849721918,0.002184480911647168,0.006624259516608539,-0.015933740245621168,0.05446141386421021,-0.010845205517541073
32,Aggregated,-0.012983264030441718,0.008581674432701449,-0.003203587061446832,-0.004300496376149437,0.0038164380472193943,0.007097071371388064
32,Centralized,-0.013138363185038093,0.008383608677154182,-0.0028953946815035198,-0.004655973214329768,0.005357447502863978,0.006522131854459084
33,0,-0.0015018485393293202,0.0032628268009508763,0.002087390887395556,0.0005067572335293997,-0.001928274539243385,0.0027283142823646793
33,1,0.004648381950454809,0.0024736998859222893,-0.0009209622608479277,-0.007500461855576536,-0.000806055788660598,0.0016595012130208814
33,2,-0.003771296959848262,0.005230635704570946,0.002354905973019836,0.0025945388348457645,-0.0060890622106662615,0.004412439671353063
33,3,0.0006529312146652477,0.00184241962976792,0.0019482352221935654,0.0004676061557676303,-0.002472653239983771,0.0025728823211063566
33,4,-0.0016328402244010277,0.003273921791466892,0.0008318495487080931,0.0005891919921341544,-0.008402264515927467,0.002498508001013206
33,5,-0.0004982696550055381,-0.0032446644698312416,-0.006659719634610849,-0.05661873851978151,0.02856225994432715,-0.003204704545706543
33,Aggregated,-0.0003505845858606948,0.0021363736779401506,-6.392455444159152e-05,-0.010023243686694112,0.001494592990734146,0.0017746468708018238
33,Centralized,-0.0003069336109365069,0.002026447570475722,-0.0001467722971584151,-0.011830765920303531,0.002521715300342804,0.0016457170279987371
34,0,-0.0027863234801608003,0.00275742707019536,-0.0005187070361001568,-0.0029471765038621587,0.001617163877224943,0.0019444476443007367
34,1,0.001980133881353088,0.006797682430519177,0.005548402738312561,0.004575136976681625,-0.016077328199573034,0.0032813424891458593
34,2,-0.0008121389177057721,0.005982152776061071,-0.0016949920382723176,-0.0006975207878720857,-0.007502894928970923,0.00487832646105361
34,3,-0.0036897626420236912,0.0009676910345713514,0.0021992471448879104,-0.0015183679812989515,-0.0034471814240817074,0.005488373867945077
34,4,0.0014689616795554642,0.0024286303033896122,-0.0018689110541175965,-0.0005541030673975267,-0.010153927398687881,0.008679349537257902
34,5,-0.027853647213281537,0.01577025461693802,-0.0007528032814669109,-0.031783691277484406,0.061080878904214465,0.0039872013514817345
34,Aggregated,-0.00529651996051454,0.0057903398104188234,0.00048458334418450427,-0.005504385547529318,0.004289015991886897,0.004709379505482015
34,Centralized,-0.006198002089010197,0.0062305716134209,0.000522397015849394,-0.006540710223987713,0.006235152386560986,0.004736665802092208
35,0,0.003995157014781063,0.0016148351235379327,0.0026035626768477257,0.0014845144615788163,-0.006453935480062327,0.0005339785799830466
35,1,-0.004088572729168237,0.006981780933832022,0.003221342559752184,0.0015598281612045268,-0.007692609631203393,0.0035085464092622087
35,2,-0.010310946496395013,0.005282186210914385,0.0030257319176966225,0.0032189841935570517,-0.002183214717067465,0.004965360800562494
35,3,-0.00548266230686546,0.002063450868915358,0.004353034161900503,0.0002374297195517387,-0.00570925268899443,0.002579871817878279
35,4,-0.0046588664880051,0.004842957547629059,-0.00010034283340641567,0.0061780143748144676,-0.011062805231805682,0.0014738067542137687
35,5,-0.047882921115083854,-0.004234074807118233,0.004658081218260023,-0.011487923653158854,0.04837889386269855,0.0022099077468964706
35,Aggregated,-0.011428058710651908,0.0027540645031844157,0.002961317415121288,0.0001910238587065285,0.002575400081945566,0.00254503155637228
35,Centralized,-0.01287297460298828,0.0025978042779534432,0.0030782913043871335,-0.00021736392018328332,0.004032613037207176,0.0025024089244326704
36,0,0.0053679281571480655,0.00290572166405267,-0.003451385256931436,-0.011017836152621923,-0.00636783530327817,0.0003999388595343064
36,1,0.010502053433584655,0.004474041233962433,-0.004171759382567055,-0.00851250562901529,-0.011998517330018126,-0.005743751701166738
36,2,0.012142874584747767,0.009650426663296572,-0.005791936030498093,-0.012289552071892309,-0.010603464553511624,0.000417997728568461
36,3,0.003826101428603432,0.006431508091444502,-0.0011512337613503718,-0.004960061821640706,-0.0062225579453618245,0.001604325150424967
36,4,0.007633518926198616,0.007915809474717877,-0.0002214465246754486,-0.005325760519833726,-0.00981697101053673,0.002898607968744265
36,5,-0.0026506862207291092,0.0047160822541310555,-0.012617830259151067,-0.041079914352948325,0.04411314054770352,-0.02028559310732177
36,Aggregated,0.006131362468696272,0.006014769721516396,-0.00457273097559657,-0.013881623139946116,-0.0001211479573776349,-0.0034621451790246313
36,Centralized,0.006128484152196671,0.006064722507137632,-0.004864320938480334,-0.01534217160535476,0.0016404899540438667,-0.004140183404222866
37,0,0.002069708658421178,-0.0005494095462566699,-0.0013652947722748335,0.00033974411936835147,-0.002184481884222728,0.003954189863382929
37,1,0.0047292064058000165,0.00707151667805607,0.006008323260086768,0.004880736881047141,-0.016868639800713677,0.00023392439776158557
37,2,0.0041116550735627345,0.0037730095688775942,-0.0011679396786791983,0.005159036833084256,-0.009134760920860767,0.00593443079370456
37,3,-0.0012116853969916996,0.0013301625233358835,0.0012324615071195866,-2.5860140839447285e-05,-0.00904428014854077,0.0010469723667480921
37,4,0.004825113026580423,0.004177657861129493,-0.0007116126756379669,0.005767250794420192,-0.018180144920081638,0.004128202630500019
37,5,-0.008242779263414244,0.005821901911812734,-0.003643812038336677,-0.032389447664233885,0.06370687361905297,-0.002316180860087343
37,Aggregated,0.0010409471181993756,0.0036055537710336844,5.632706506643751e-05,-0.0027303444741444416,0.0014221627202132773,0.0021607337794405383
37,Centralized,0.000752315401357343,0.003776764398554252,-4.192826479972168e-05,-0.0037838450879770576,0.003703943413020335,0.002090036670727632
38,0,0.004206379683770894,-0.001772168944269472,0.0036408408564483205,0.002121408973735737,-0.0041786663310201,-0.0005329238344431898
38,1,0.0031336243513039016,0.007422999969634922,0.0033506303356391704,0.008161302911089954,-0.011552634138197041,-0.010526782710755373
38,2,0.004435270365655656,-0.0016627530443656382,0.005734472030879924,0.004948160127448394,-0.010934416626847498,0.0006054824592454812
38,3,0.0016853717457167017,0.000326307682345676,-0.0003488521611778317,0.005733624422332569,-0.0025631148865959477,-0.001683634485395153
38,4,0.008946360986810764,0.0008890836763295924,5.7963482057834155e-05,0.00251891409047496,-0.01600183613791358,0.0006054292326364446
38,5,-0.026086576711940493,-0.01896832906576485,0.007153644262220496,0.00685199481754068,0.05957894087984815,-0.021664271434885567
38,Aggregated,-0.0006295021543785541,-0.002304773944856052,0.003267262484760894,0.005057045993355189,0.0024278388264202585,-0.005543068121477332
38,Centralized,-0.001579033718697313,-0.0029307368451846473,0.0035515029135046805,0.005136553270267072,0.004448018477859874,-0.00605260901207249
39,0,0.0007797175792800629,-8.388058799024637e-05,-0.004267585900454258,-0.001119506614143682,-0.0012732703395109855,0.002549994828356234
39,1,0.006759825224659355,0.0011338293457977692,0.0047594127916170265,0.003085220714984151,-0.007477461513129802,0.0037692205961567895
39,2,0.0017124437067876218,0.0036639007386646267,-0.006623552979391872,0.00040249325955281817,-0.0062051077909640135,0.0038751045548043915
39,3,0.0007280799287689673,0.0020473425453649144,-0.0024808138758466497,0.0005355367802477474,-0.0040104610630551304,0.0031135517314541026
39,4,0.0055745756921032515,0.004051946175594682,-0.0024998021760244686,0.0021267786593857124,-0.011017627470072575,0.004838281641915656
39,5,-0.008219287913552385,0.0025098710036388244,-0.026256396831933197,0.0029916000566439036,0.04093336823003619,0.002053882224639669
39,Aggregated,0.0012165393698126833,0.0022206860248698275,-0.006240892223956432,0.0013380753563033798,0.001849840345652293,0.0033658356243552933
39,Centralized,0.0008320854900571809,0.002204284257563638,-0.006973426195543788,0.0014085816279471733,0.0031074217495771937,0.003251510034631936
40,0,0.004174565669423841,0.00019375613049959126,0.0024931325330260217,-0.0034378871657720776,-0.0029972251663895845,0.0027892245395934392
40,1,0.005536570246506948,0.0018553789190563423,0.0024719017654369403,-0.001737801429052945,-0.002484346777366157,-0.01155470223212481
40,2,0.005552779083556962,0.0026771629568649448,0.006923944089813271,0.0010089152648216299,-0.008264414633673651,-0.001760810983091738
40,3,0.00011100160475851864,0.0020572787255512936,0.003744881318425103,0.0016393928464611307,-0.0018811752365880594,-0.0025819031776202414
40,4,0.004831995056570243,0.003448782918084453,0.001704608089740061,0.003107427156002794,-0.00889684638477841,-0.004195966835619085
40,5,-0.01987412175373847,0.0026162619509657948,0.008568925117793232,-0.01965636595853375,0.03921869768221955,-0.008325592244778095
40,Aggregated,4.275884059317856e-05,0.002141739659048819,0.00432060906851233,-0.0031898914755786817,0.0024725574276229876,-0.004274209769625991
40,Centralized,-0.0006471866225747562,0.0021541562698232093,0.004455670008721719,-0.003688864294927425,0.0036567821255174267,-0.004375055123358276
41,0,0.0018338382676568686,-0.0017961520205259185,0.0007879253556603026,-9.090347219361343e-05,-0.0025745353653588835,0.002153590129216861
41,1,0.006666626162610402,-0.010318403880078271,-0.00494657970404739,0.0039923173481317105,-0.007047382116936952,0.0057928162078139086
41,2,0.004960372170597671,-0.003603254592602049,-0.004908327791222911,0.004432315496172387,-0.011746421894587428,0.005329353765672459
41,3,-0.0031594368856190705,0.002457775436764256,-0.002074301386833828,0.002767804637803899,-0.0034876304142945,0.0008435091794244358
41,4,0.005588861154633567,-0.001862528798691656,-0.0031461764029916245,0.0038107424170707805,-0.008564466634866173,0.0040502966772363175
41,5,-8.81681298199078e-05,-0.007136057682299816,-0.01613424003826858,-0.003070669240801069,0.033508280004415976,-0.007233402335506827
41,Aggregated,0.0026319468028120708,-0.0037119546919584254,-0.005077337173478448,0.0019703852139941304,3.5994526524776166e-05,0.001816920206820003
41,Centralized,0.0025145736947898307,-0.003849663140222409,-0.005393133154550411,0.0018309557625905658,0.0011943153395012692,0.0014680471769284048
42,0,0.0048476482428306215,0.0032696658509038,-0.0031458046997448566,-0.0022237506396798404,-0.0004031658506530792,0.0007342218336662265
42,1,0.004638952977351226,0.005790668275128159,-0.0032640128157346263,-0.0063003485340179955,-0.0032499024726092376,-0.0006155603808517114
42,2,0.0032951564812647026,0.004533003143874546,-0.0007366226873982622,-0.002026966744878168,-0.004230237078736273,-0.00384173796934821
42,3,0.001147207426498958,0.0029599528710254775,0.0017020425089432918,0.0016132597883913784,-0.0030176473882831865,0.0014988447932795079
42,4,0.004680227950515503,0.004092318926068147,0.0008785755404821571,-0.0016591630762798804,-0.010847205848278137,-9.563442780117227e-05
42,5,-0.002696133700433046,-0.007667318675376494,-0.00441208748104756,-0.005408756761571814,0.037427608434720094,-0.0049917905447998435
42,Aggregated,0.002648766738163451,0.002156781030370608,-0.0014981772263271502,-0.0026693686107179216,0.002635437594951589,-0.001221015047712446
42,Centralized,0.0025192316064473618,0.001878953387412685,-0.0016612188343859487,-0.0027198380291878327,0.0037730473820922193,-0.0013270638101168263
43,0,0.0048028526693722215,-0.0008158011235413972,0.002086823768403614,-0.0023039190843478757,-0.008172158525068396,-0.0016324663275916172
43,1,0.003878969663524143,-0.00835045062492068,0.012993347296326431,-0.005788119702673332,-0.009755679402123534,0.010022135720601231
43,2,0.008219741175925215,-0.0043378464017026575,0.0061698604913514015,-0.0022818785707051526,-0.009922406517516328,0.0021979084116040873
43,3,-0.002752034197639982,-0.002958046813296855,0.002794879037865024,0.001374375924949609,-0.004693594880418296,0.00033076092868506774
43,4,0.006371221475843716,-0.0010749733456118338,0.0052556880062106705,0.0028272782068926596,-0.013316286061449661,0.005947161285948828
43,5,-0.015561669757679857,-0.004018645666085951,0.010694090168855348,-0.023189380420279238,0.043642373597277566,-0.00011633410060160363
43,Aggregated,0.0008160651891353659,-0.00359289893795121,0.006668349716973777,-0.0049052717774819565,-0.0003415653690513197,0.002789673740609286
43,Centralized,0.00030741859522689387,-0.0036051561347498285,0.006793616384308062,-0.005544472655390061,0.0009638532714099084,0.00267186009360839
44,0,0.005015844118503477,0.0008274356781010517,0.005400541456275811,-0.001690387859753981,-0.004410019020991009,-0.002238961439994747
44,1,0.00717083913230055,-0.0011485740163107753,0.007481105543488171,0.004064992972169465,-0.009893658395849407,-0.007674705235798008
44,2,0.007032264920894498,0.0018487785900812256,0.00626528360354939,0.005092381481023242,-0.011459896145549129,-0.008571673907925457
44,3,0.0026289019396789665,-0.0005580382771477599,0.002999254156843485,0.004500818488368538,-0.002752134265888454,-0.0009200440422760451
44,4,0.003188924167010945,0.00185007402435612,0.005011266860303858,0.0026888099285748385,-0.008964344192954382,-0.0037747307872913736
44,5,-0.010420195033086775,-0.01022093236804921,-0.028995402325716433,-0.0024503601787029647,0.041886095018147156,-0.009523210011867633
44,Aggregated,0.0024278999890353665,-0.0012392726546135106,-0.0003246158903881236,0.0020315165537758825,0.0007605768746969271,-0.005453150766549671
44,Centralized,0.0020582018324339555,-0.001537552093806908,-0.001201124561009546,0.0018819800073567236,0.001975433389138097,-0.0056559696401353105
45,0,0.003555474380415,-0.0028817422728620286,0.004048255771021137,-0.002416264507424402,-0.005864982776944767,0.003463259139164485
45,1,0.0042758853732889675,0.0021248072655052222,0.00036522560111488985,0.0021144814699282847,-0.0021075697058737038,-0.0009122240214570662
45,2,0.004376432381401008,0.0023849186671830625,0.003072140061213328,-0.0002687850680236023,-0.006707953668636442,0.005634491944193936
45,3,-0.001365579157452937,-0.00019166801451748946,0.0018112676296073173,0.000351176508935556,-0.006046348831383353,0.0021946732979869856
45,4,0.0026603845934000878,0.0011624931104043704,-0.0011731192588402032,0.001174369951909913,-0.012326747640248072,0.005476614345143574
45,5,-0.013628084666525766,0.0008037848932097894,-0.00020485658657411107,-0.005499332808728009,0.046622609793735954,-0.024268668366192795
45,Aggregated,-2.9589791749450836e-05,0.0005672498410419665,0.001318846810007247,-0.0007604156415429188,0.0022897836997934004,-0.001416554311344898
45,Centralized,-0.00046683231098360034,0.0005791304504154031,0.0013563301599798794,-0.0007970014147966572,0.0036023691673409,-0.0020378162239949545
46,0,0.005003051022974935,0.0009341468492765144,-0.001397008359229526,-0.0015770681658104431,-0.006943819707915744,0.0008827568264287082
46,1,0.0038255428335692166,0.0033713694876896447,-0.003184727592963864,0.0034701516325072986,-0.008721664787157126,0.001239328426354828
46,2,0.0063966785144670335,0.004276823388867371,-0.0015517314308420825,0.0023543254475995447,-0.011512028591257856,9.846639197925228e-06
46,3,-0.0007969001054572174,0.0016075180338944802,0.0013044043646042447,0.0018604570856775168,-0.004814213737845739,0.003942786298489293
46,4,0.0015703206130800278,0.00402229880861501,-0.003521774557614913,0.003805166652602575,-0.012701748319251811,0.003747863440568822
46,5,-0.008698672580882359,-0.0029937351571909404,0.008795247765719466,-0.0003749692145575634,0.03799200199903762,-0.008550723184303496
46,Aggregated,0.0012103485050728295,0.0018666361864879118,7.962856858009294e-05,0.001588424675784436,-0.0010919782320516552,0.00020638973288205167
46,Centralized,0.000889167342608275,0.001740607458124778,0.0003122738143773229,0.0015588705782872488,5.0407598584551216e-05,-4.710088828613346e-05
47,0,0.006381254753066749,-0.0018061067349918805,0.005237200777786966,-0.0018021873127524698,-0.0042505703687666044,0.0025022228566404787
47,1,0.007581825333690787,0.008615148739142165,0.0015932394342279403,0.00027955822180327774,-0.008496117371548874,-0.00957365435731535
47,2,0.005595090231496315,0.003125282879764853,0.003115800869457435,-0.0005183292448939207,-0.005517363070219847,-0.002781122771000366
47,3,-0.00010258155944680343,-0.001319686362044011,0.003067865294426057,0.0012265705680207406,-0.0022406779828368886,0.0024872860392995107
47,4,0.006432910346670899,0.001784298303331357,-0.000901996635982418,0.004381569272150333,-0.00540806975734919,-0.0032108381668206924
47,5,-0.015449411617860257,-0.005673129383108293,-0.006887796240217605,-0.0060474705531627084,0.03591114422495537,-0.017282597811517267
47,Aggregated,0.0017288888712287294,0.000783515501985336,0.0008657724613044201,-0.00041697353175724594,0.0016882237498365184,-0.004651175691973521
47,Centralized,0.001208861253888961,0.0005813347677794233,0.000654723294874711,-0.0005811526689239288,0.0026949815266937524,-0.005021866704249868
48,0,0.0022514004909342496,0.0006467790062931134,0.002633774245683913,-0.006375509511334392,-0.0027498269537709337,0.0005769115054269932
48,1,0.011252348482059773,-0.003126452167001074,-0.0018020696887062068,-0.013882236373394176,-0.006113564803028359,0.007811368567563464
48,2,0.002043294222677609,-0.0009472297692811469,0.0003309016346552001,-0.013489288762521652,-0.005713078541973709,0.0059878014761673756
48,3,-0.001641672129849394,0.0005699598292027245,0.001404477893773049,-0.0036861783913345898,-0.001145177676333479,0.004679271591237695
48,4,0.003825723241131663,0.001679863028175874,-0.002739766759318683,-0.004939265645267948,-0.009007550770927708,0.011195461184921107
48,5,-0.0005136960032903827,-0.016529808915286985,0.023486596646782154,-0.026386216414649295,0.024989478128013637,-0.018746852134599847
48,Aggregated,0.002867409378915399,-0.0029598052642674576,0.003898148946164437,-0.011469298891232585,5.9284326853773536e-05,0.0019041525471406831
48,Centralized,0.002799375308191242,-0.003414745685820354,0.004492081346632171,-0.011993365202588238,0.0009692639529394047,0.0012907062055414439
49,0,-0.00013442927414328287,0.0028512867062524022,0.0021367430088842913,0.0003615469603226544,-0.0089075661379607,3.7672552844508767e-05
49,1,0.00923045187009176,0.004278614877141485,-0.009451890894906364,0.003628929140926651,-0.004350237761362158,0.005474630229959588
49,2,0.0017239085259064069,0.006066944887549514,-0.0020883525521278603,0.006678601685162666,-0.010629972284489041,0.006868984679183737
49,3,-0.0006899877480275482,0.0022108845534955335,-0.003016335786793414,0.003772143649555567,-0.008224605581225357,0.0025571078933416145
49,4,6.0074712150032854e-05,0.005579271048073875,-0.003130143713910923,0.0072953430397253195,-0.012006850632666675,0.005398341317133897
49,5,-0.00544963232193496,0.0006189868300387831,0.016753331724126318,-0.030444616323388546,0.04249213639012934,-0.002341797450646965
49,Aggregated,0.0007860861641913576,0.003599096963737101,0.00021111188117720666,-0.001469826688896325,-0.00024391883684331175,0.002995751402135086
49,Centralized,0.0005980116370574884,0.00352957572267753,0.0006228625831710318,-0.002361044380496143,0.0009598545864883546,0.0028239664842448597
50,0,-0.0007247004068794916,0.0054552519786781615,0.001066789383473891,-0.0007484352438619908,-0.0028827103905325175,0.0013732555781471349
50,1,0.007501149561993463,-0.006079730541856796,0.0020025821134966363,0.0031414481450688196,-0.013807944190860936,0.0013558099252674205
50,2,-0.0006826941264085747,0.0030937018878104024,0.0018346893264627716,0.0031021248079174035,-0.012457360574605654,0.005257664583310092
50,3,-0.005428160997721112,0.001690498597716671,0.003523152729258472,0.002019390678712784,-0.004635417845079205,0.0030692013703894046
50,4,-0.00033143975809321233,0.0030131506044865464,0.0005628667889392758,0.004325564187685255,-0.013080167293198662,0.002299525420960957
50,5,-0.005901666485874959,-0.02848994430093987,0.0009293785032810993,-0.011115121736062206,0.044711250662771956,-0.008141046761649173
50,Aggregated,-0.0009310897240216226,-0.0035687439880687545,0.0016527816396152881,0.00011366497295051304,-0.0003299904944647204,0.0008633239376184893
50,Centralized,-0.0010662010010563112,-0.004259015773118024,0.0016873493810787032,-0.00028936523142641084,0.0010126587673481167,0.0006124721529847166
