Round,Evaluator,2,4,1,0,3,5
0,0,,,,,,
0,1,,,,,,
0,2,,,,,,
0,3,,,,,,
0,4,,,,,,
0,5,,,,,,
0,Aggregated,,,,,,
0,Centralized,,,,,,
1,0,,,,,,
1,1,,,,,,
1,2,,,,,,
1,3,,,,,,
1,4,,,,,,
1,5,,,,,,
1,Aggregated,,,,,,
1,Centralized,0.9997615814208984,0.999725341796875,0.9994462132453918,0.9993971586227417,0.9997549057006836,0.999697744846344
2,0,,,,,,
2,1,,,,,,
2,2,,,,,,
2,3,,,,,,
2,4,,,,,,
2,5,,,,,,
2,Aggregated,,,,,,
2,Centralized,0.9768536686897278,0.975239634513855,0.8979930281639099,0.8819900751113892,0.9758525490760803,0.9740192890167236
3,0,,,,,,
3,1,,,,,,
3,2,,,,,,
3,3,,,,,,
3,4,,,,,,
3,5,,,,,,
3,Aggregated,,,,,,
3,Centralized,0.9771078824996948,0.9756302833557129,0.9068132042884827,0.8932369947433472,0.9752645492553711,0.9790811538696289
4,0,,,,,,
4,1,,,,,,
4,2,,,,,,
4,3,,,,,,
4,4,,,,,,
4,5,,,,,,
4,Aggregated,,,,,,
4,Centralized,0.9524099826812744,0.9444942474365234,0.8633151054382324,0.8434874415397644,0.9486289024353027,0.9220800399780273
5,0,,,,,,
5,1,,,,,,
5,2,,,,,,
5,3,,,,,,
5,4,,,,,,
5,5,,,,,,
5,Aggregated,,,,,,
5,Centralized,0.9555827975273132,0.943161129951477,0.8021053671836853,0.7694476842880249,0.9536800384521484,0.9157037734985352
6,0,,,,,,
6,1,,,,,,
6,2,,,,,,
6,3,,,,,,
6,4,,,,,,
6,5,,,,,,
6,Aggregated,,,,,,
6,Centralized,0.9842792749404907,0.9830408096313477,0.9278892874717712,0.9164701700210571,0.9840906262397766,0.9803808927536011
7,0,,,,,,
7,1,,,,,,
7,2,,,,,,
7,3,,,,,,
7,4,,,,,,
7,5,,,,,,
7,Aggregated,,,,,,
7,Centralized,0.9362072944641113,0.9336166977882385,0.803071916103363,0.7792399525642395,0.9377830624580383,0.9295495748519897
8,0,,,,,,
8,1,,,,,,
8,2,,,,,,
8,3,,,,,,
8,4,,,,,,
8,5,,,,,,
8,Aggregated,,,,,,
8,Centralized,0.9760953783988953,0.975365936756134,0.8634583353996277,0.8411224484443665,0.9756938815116882,0.9723953008651733
9,0,,,,,,
9,1,,,,,,
9,2,,,,,,
9,3,,,,,,
9,4,,,,,,
9,5,,,,,,
9,Aggregated,,,,,,
9,Centralized,0.962395966053009,0.9558044075965881,0.8533618450164795,0.8340684175491333,0.9587111473083496,0.962056577205658
10,0,,,,,,
10,1,,,,,,
10,2,,,,,,
10,3,,,,,,
10,4,,,,,,
10,5,,,,,,
10,Aggregated,,,,,,
10,Centralized,0.8452157378196716,0.8213622570037842,0.7208730578422546,0.6823903918266296,0.822761595249176,0.7186788320541382
11,0,,,,,,
11,1,,,,,,
11,2,,,,,,
11,3,,,,,,
11,4,,,,,,
11,5,,,,,,
11,Aggregated,,,,,,
11,Centralized,0.979667067527771,0.9793802499771118,0.8991999626159668,0.8828920125961304,0.9793993830680847,0.979763925075531
12,0,,,,,,
12,1,,,,,,
12,2,,,,,,
12,3,,,,,,
12,4,,,,,,
12,5,,,,,,
12,Aggregated,,,,,,
12,Centralized,0.6468156576156616,0.6633619666099548,0.5846326947212219,0.5352171063423157,0.5872117877006531,0.48002269864082336
13,0,,,,,,
13,1,,,,,,
13,2,,,,,,
13,3,,,,,,
13,4,,,,,,
13,5,,,,,,
13,Aggregated,,,,,,
13,Centralized,0.979695737361908,0.9791312217712402,0.9056842923164368,0.8907257914543152,0.9791868329048157,0.9761048555374146
14,0,,,,,,
14,1,,,,,,
14,2,,,,,,
14,3,,,,,,
14,4,,,,,,
14,5,,,,,,
14,Aggregated,,,,,,
14,Centralized,0.9713246822357178,0.9736294746398926,0.867387592792511,0.8458816409111023,0.970233678817749,0.972743570804596
15,0,,,,,,
15,1,,,,,,
15,2,,,,,,
15,3,,,,,,
15,4,,,,,,
15,5,,,,,,
15,Aggregated,,,,,,
15,Centralized,0.9449977278709412,0.9468518495559692,0.8131049275398254,0.7815254330635071,0.9370529055595398,0.9404197335243225
16,0,,,,,,
16,1,,,,,,
16,2,,,,,,
16,3,,,,,,
16,4,,,,,,
16,5,,,,,,
16,Aggregated,,,,,,
16,Centralized,0.5224337577819824,0.482408344745636,0.49345478415489197,0.505158543586731,0.4313177168369293,0.4380737543106079
17,0,,,,,,
17,1,,,,,,
17,2,,,,,,
17,3,,,,,,
17,4,,,,,,
17,5,,,,,,
17,Aggregated,,,,,,
17,Centralized,0.8429861068725586,0.8048945665359497,0.7027263641357422,0.6641920804977417,0.8336596488952637,0.8310093879699707
18,0,,,,,,
18,1,,,,,,
18,2,,,,,,
18,3,,,,,,
18,4,,,,,,
18,5,,,,,,
18,Aggregated,,,,,,
18,Centralized,0.9770478010177612,0.9783929586410522,0.8788178563117981,0.8588398098945618,0.977104663848877,0.9797767996788025
19,0,,,,,,
19,1,,,,,,
19,2,,,,,,
19,3,,,,,,
19,4,,,,,,
19,5,,,,,,
19,Aggregated,,,,,,
19,Centralized,0.6560659408569336,0.5389866828918457,0.565298855304718,0.49697113037109375,0.5896833539009094,0.24353963136672974
20,0,,,,,,
20,1,,,,,,
20,2,,,,,,
20,3,,,,,,
20,4,,,,,,
20,5,,,,,,
20,Aggregated,,,,,,
20,Centralized,0.9446545839309692,0.956699788570404,0.8294298052787781,0.8045339584350586,0.9359356760978699,0.9566423892974854
21,0,,,,,,
21,1,,,,,,
21,2,,,,,,
21,3,,,,,,
21,4,,,,,,
21,5,,,,,,
21,Aggregated,,,,,,
21,Centralized,0.5839481353759766,0.4866601526737213,0.5443451404571533,0.5150499939918518,0.4930608570575714,0.2454884648323059
22,0,,,,,,
22,1,,,,,,
22,2,,,,,,
22,3,,,,,,
22,4,,,,,,
22,5,,,,,,
22,Aggregated,,,,,,
22,Centralized,0.967644214630127,0.9675337672233582,0.875241756439209,0.8572665452957153,0.9639285206794739,0.9716471433639526
23,0,,,,,,
23,1,,,,,,
23,2,,,,,,
23,3,,,,,,
23,4,,,,,,
23,5,,,,,,
23,Aggregated,,,,,,
23,Centralized,0.9728306531906128,0.9778792858123779,0.8928932547569275,0.8758975267410278,0.9719304442405701,0.9760776162147522
24,0,,,,,,
24,1,,,,,,
24,2,,,,,,
24,3,,,,,,
24,4,,,,,,
24,5,,,,,,
24,Aggregated,,,,,,
24,Centralized,0.709777295589447,0.7238531708717346,0.6512949466705322,0.5978419184684753,0.6448156237602234,0.5468952655792236
25,0,,,,,,
25,1,,,,,,
25,2,,,,,,
25,3,,,,,,
25,4,,,,,,
25,5,,,,,,
25,Aggregated,,,,,,
25,Centralized,0.952723503112793,0.9537802338600159,0.8508813977241516,0.8286151885986328,0.9455375075340271,0.9474503397941589
26,0,,,,,,
26,1,,,,,,
26,2,,,,,,
26,3,,,,,,
26,4,,,,,,
26,5,,,,,,
26,Aggregated,,,,,,
26,Centralized,0.5775198936462402,0.437231183052063,0.5704067349433899,0.5217853784561157,0.4804130494594574,0.03110852837562561
27,0,,,,,,
27,1,,,,,,
27,2,,,,,,
27,3,,,,,,
27,4,,,,,,
27,5,,,,,,
27,Aggregated,,,,,,
27,Centralized,0.6172761917114258,0.5229365825653076,0.49826863408088684,0.56217360496521,0.5393760800361633,0.5295175909996033
28,0,,,,,,
28,1,,,,,,
28,2,,,,,,
28,3,,,,,,
28,4,,,,,,
28,5,,,,,,
28,Aggregated,,,,,,
28,Centralized,0.9735944271087646,0.9766312837600708,0.9026246070861816,0.8875797986984253,0.9725375771522522,0.9787719249725342
29,0,,,,,,
29,1,,,,,,
29,2,,,,,,
29,3,,,,,,
29,4,,,,,,
29,5,,,,,,
29,Aggregated,,,,,,
29,Centralized,0.7997289896011353,0.772411584854126,0.7535006403923035,0.7175024151802063,0.7545331120491028,0.6320838928222656
30,0,,,,,,
30,1,,,,,,
30,2,,,,,,
30,3,,,,,,
30,4,,,,,,
30,5,,,,,,
30,Aggregated,,,,,,
30,Centralized,0.9284816980361938,0.9465264081954956,0.8217734694480896,0.7948365807533264,0.9174914360046387,0.9440018534660339
31,0,,,,,,
31,1,,,,,,
31,2,,,,,,
31,3,,,,,,
31,4,,,,,,
31,5,,,,,,
31,Aggregated,,,,,,
31,Centralized,0.981697678565979,0.9806922674179077,0.9222064018249512,0.9099845886230469,0.9814558625221252,0.9815680384635925
32,0,,,,,,
32,1,,,,,,
32,2,,,,,,
32,3,,,,,,
32,4,,,,,,
32,5,,,,,,
32,Aggregated,,,,,,
32,Centralized,0.8569341897964478,0.8377788066864014,0.7822627425193787,0.7499722242355347,0.827395498752594,0.767840564250946
33,0,,,,,,
33,1,,,,,,
33,2,,,,,,
33,3,,,,,,
33,4,,,,,,
33,5,,,,,,
33,Aggregated,,,,,,
33,Centralized,0.9291961193084717,0.9196150302886963,0.8505590558052063,0.8281078338623047,0.9182538986206055,0.8778719305992126
34,0,,,,,,
34,1,,,,,,
34,2,,,,,,
34,3,,,,,,
34,4,,,,,,
34,5,,,,,,
34,Aggregated,,,,,,
34,Centralized,0.8968315720558167,0.8936280012130737,0.8193963170051575,0.7937659025192261,0.8765355944633484,0.8362128138542175
35,0,,,,,,
35,1,,,,,,
35,2,,,,,,
35,3,,,,,,
35,4,,,,,,
35,5,,,,,,
35,Aggregated,,,,,,
35,Centralized,0.9796411991119385,0.9810762405395508,0.9241278767585754,0.9119895696640015,0.9787967801094055,0.979663610458374
36,0,,,,,,
36,1,,,,,,
36,2,,,,,,
36,3,,,,,,
36,4,,,,,,
36,5,,,,,,
36,Aggregated,,,,,,
36,Centralized,0.7819840908050537,0.7619513869285583,0.7215628027915955,0.7229042649269104,0.745699405670166,0.718169093132019
37,0,,,,,,
37,1,,,,,,
37,2,,,,,,
37,3,,,,,,
37,4,,,,,,
37,5,,,,,,
37,Aggregated,,,,,,
37,Centralized,0.9619373679161072,0.9664373397827148,0.9023483395576477,0.886925995349884,0.9575619697570801,0.9633923768997192
38,0,,,,,,
38,1,,,,,,
38,2,,,,,,
38,3,,,,,,
38,4,,,,,,
38,5,,,,,,
38,Aggregated,,,,,,
38,Centralized,0.6507562398910522,0.6352806091308594,0.5598488450050354,0.6281259655952454,0.6012487411499023,0.4535735249519348
39,0,,,,,,
39,1,,,,,,
39,2,,,,,,
39,3,,,,,,
39,4,,,,,,
39,5,,,,,,
39,Aggregated,,,,,,
39,Centralized,0.744025707244873,0.6560639142990112,0.6719067692756653,0.6448155045509338,0.6896082758903503,0.41066643595695496
40,0,,,,,,
40,1,,,,,,
40,2,,,,,,
40,3,,,,,,
40,4,,,,,,
40,5,,,,,,
40,Aggregated,,,,,,
40,Centralized,0.9402498006820679,0.952251672744751,0.9173406958580017,0.9044471979141235,0.9295380711555481,0.9226899147033691
41,0,,,,,,
41,1,,,,,,
41,2,,,,,,
41,3,,,,,,
41,4,,,,,,
41,5,,,,,,
41,Aggregated,,,,,,
41,Centralized,0.8791483640670776,0.9035290479660034,0.739780843257904,0.8087290525436401,0.871608555316925,0.8964651823043823
42,0,,,,,,
42,1,,,,,,
42,2,,,,,,
42,3,,,,,,
42,4,,,,,,
42,5,,,,,,
42,Aggregated,,,,,,
42,Centralized,0.946945309638977,0.9582263231277466,0.8778328895568848,0.8587584495544434,0.9406141638755798,0.942600667476654
43,0,,,,,,
43,1,,,,,,
43,2,,,,,,
43,3,,,,,,
43,4,,,,,,
43,5,,,,,,
43,Aggregated,,,,,,
43,Centralized,0.8169010877609253,0.7817562222480774,0.7390298843383789,0.7340716123580933,0.794636070728302,0.8095024824142456
44,0,,,,,,
44,1,,,,,,
44,2,,,,,,
44,3,,,,,,
44,4,,,,,,
44,5,,,,,,
44,Aggregated,,,,,,
44,Centralized,0.6598368287086487,0.5686436891555786,0.5853349566459656,0.6338766813278198,0.5918991565704346,0.5965770483016968
45,0,,,,,,
45,1,,,,,,
45,2,,,,,,
45,3,,,,,,
45,4,,,,,,
45,5,,,,,,
45,Aggregated,,,,,,
45,Centralized,0.95491623878479,0.967765212059021,0.9172928333282471,0.9035879373550415,0.9483552575111389,0.9548345804214478
46,0,,,,,,
46,1,,,,,,
46,2,,,,,,
46,3,,,,,,
46,4,,,,,,
46,5,,,,,,
46,Aggregated,,,,,,
46,Centralized,0.8305257558822632,0.8066568374633789,0.7861341834068298,0.753931999206543,0.7969481945037842,0.6840353012084961
47,0,,,,,,
47,1,,,,,,
47,2,,,,,,
47,3,,,,,,
47,4,,,,,,
47,5,,,,,,
47,Aggregated,,,,,,
47,Centralized,0.6846925020217896,0.6272532343864441,0.6610141396522522,0.6680130958557129,0.6167709231376648,0.6221603751182556
48,0,,,,,,
48,1,,,,,,
48,2,,,,,,
48,3,,,,,,
48,4,,,,,,
48,5,,,,,,
48,Aggregated,,,,,,
48,Centralized,0.9136742949485779,0.9231680631637573,0.8864980340003967,0.8700311779975891,0.9011407494544983,0.8828809857368469
49,0,,,,,,
49,1,,,,,,
49,2,,,,,,
49,3,,,,,,
49,4,,,,,,
49,5,,,,,,
49,Aggregated,,,,,,
49,Centralized,0.5549206733703613,0.362926185131073,0.5800909996032715,0.5566039681434631,0.45953455567359924,-0.11042123287916183
50,0,,,,,,
50,1,,,,,,
50,2,,,,,,
50,3,,,,,,
50,4,,,,,,
50,5,,,,,,
50,Aggregated,,,,,,
50,Centralized,0.5582102537155151,0.2929469048976898,0.6005634069442749,0.5494246482849121,0.45094990730285645,-0.28134071826934814
