Round,Evaluator,2,4,1,0,3,5
0,0,,,,,,
0,1,,,,,,
0,2,,,,,,
0,3,,,,,,
0,4,,,,,,
0,5,,,,,,
0,Aggregated,,,,,,
0,Centralized,,,,,,
1,0,0.011927330173775527,0.04770932069510219,0.04802527646129562,0.06670616113744095,0.08767772511848342,0.10288309636650855
1,1,0.06833751044277403,0.10931495405179618,0.0971177944862156,0.0691729323308273,0.14486215538847128,0.16031746031746025
1,2,0.07042606516290753,0.10935672514619811,0.09966583124477929,0.0784878863826235,0.14578111946532984,0.16044277360066833
1,3,0.06311612364243877,0.09920634920634862,0.10071010860484607,0.08629908103592333,0.145488721804511,0.1618212197159566
1,4,0.05655806182121965,0.11228070175438604,0.11027568922305753,0.07685881370091903,0.15342522974101921,0.1547619047619047
1,5,0.05313283208020025,0.09674185463659073,0.09690893901420268,0.07301587301587291,0.1497493734335839,0.16954887218045123
1,Aggregated,0.053412956033844675,0.09519218575092817,0.09158869778725137,0.07498961754609774,0.13722948611146588,0.15104485202879886
1,Centralized,0.05351675630947453,0.09531099158736749,0.09169769686939734,0.07501034340091019,0.13735346848710475,0.1511653565025512
2,0,0.005608214849921007,0.010150078988941566,0.041548183254344354,-0.05134281200631922,0.03048973143759871,0.018048973143759747
2,1,0.029991645781119507,0.03032581453634086,0.05726817042606523,-0.07322472848788643,0.04603174603174592,0.03241436925647429
2,2,0.02660818713450298,0.027610693400167093,0.054010025062656605,-0.08634085213032576,0.0492898913951544,0.026566416040100335
2,3,0.011111111111111117,0.021219715956558104,0.05705931495405176,-0.08166248955722653,0.0363826232247285,0.028571428571428695
2,4,0.015831244778613182,0.020008354218880506,0.05020885547201344,-0.08103592314118621,0.04999999999999978,0.030200501253132773
2,5,0.02990810359231405,0.029281537176274023,0.0600668337510443,-0.07000835421888071,0.05012531328320792,0.030952380952380634
2,Aggregated,0.01967243675275604,0.022944129508377816,0.053218627522871556,-0.07366501419435893,0.04356128099847578,0.027675541212493694
2,Centralized,0.019707626534271057,0.022976141221900524,0.053247827885808834,-0.07372086608743625,0.043593987036270904,0.02769962763756716
3,0,0.009913112164296998,0.022946287519747335,0.03088467614533951,0.009952606635071056,0.025750394944707676,0.019036334913112078
3,1,0.014536340852130354,0.01959064327485378,0.038178780284043534,-0.02025898078529665,0.021136173767752665,0.017042606516290713
3,2,0.018629908103592267,0.021637426900584775,0.040100250626566476,-0.023893065998329133,0.03295739348370927,0.020843776106934046
3,3,0.020426065162907247,0.029281537176274273,0.033876357560568,0.003759398496240587,0.037468671679197985,0.0255639097744362
3,4,0.024853801169590652,0.02222222222222224,0.03780284043441914,-0.01203007518796991,0.0366750208855472,0.023308270676691657
3,5,0.017000835421888027,0.01491228070175438,0.037928153717627464,-0.03500417710944022,0.02685881370091902,0.02602339181286567
3,Aggregated,0.017468339370399013,0.02177922679339141,0.036394983983445615,-0.012638276563195501,0.03008844251494715,0.02193454957147366
3,Centralized,0.017487243138877426,0.021776306716314944,0.03640877120397184,-0.012694800717142504,0.030099296648738023,0.021941801130878562
4,0,-0.0031595576619273392,0.0062006319115324145,0.004186413902053734,0.02535545023696672,0.0023301737756714043,0.0006319115323854661
4,1,0.004970760233918163,0.003508771929824555,0.01073517126148703,-0.008479532163742672,-0.0004594820384294034,0.014786967418546402
4,2,0.0027568922305764645,0.0066833751044277365,0.009565580618212175,-0.014578111946533025,0.006015037593984968,0.0071010860484544734
4,3,0.008270676691729296,0.008521303258145372,0.00572263993316622,-0.0035923141186298985,0.0032999164578111874,0.002840434419381785
4,4,-0.0008354218880534633,0.002965747702589827,0.006265664160400992,-0.024185463659147855,0.0009189640768588229,0.017376775271512088
4,5,0.0013784461152882242,0.008646616541353392,0.013283208020050083,-0.02050960735171255,0.004553049289891416,0.03024227234753554
4,Aggregated,0.002165685617205417,0.0060890944113514865,0.008243881824753418,-0.007269081121662818,0.0027709286408463315,0.012025003455000256
4,Centralized,0.0021790097917528443,0.006088815335815774,0.008254033926354955,-0.007350710246862501,0.0027720314439387728,0.012053509860708848
5,0,-0.02484202211690359,-0.026658767772511804,-0.003909952606635047,0.015442338072669728,0.007859399684044236,0.006042654028436003
5,1,-0.022598162071846235,-0.020342522974101874,0.006641604010025078,-0.017042606516290654,0.014578111946532961,0.01119465329991647
5,2,-0.02443609022556388,-0.022639933166248946,0.005639097744360896,-0.015998329156223897,0.02619047619047613,0.011194653299916436
5,3,-0.023893065998329154,-0.02347535505430242,0.004803675856307422,-0.017126148705096114,0.016165413533834595,0.010944026733500398
5,4,-0.016750208855472074,-0.012949039264828776,0.00472013366750208,-0.01474519632414368,0.0174185463659148,0.009774436090225548
5,5,-0.024101921470342545,-0.020467836257309913,0.0002923976608187085,-0.021219715956558083,0.016917293233082664,0.013492063492063446
5,Aggregated,-0.022795081610514738,-0.021155680614309398,0.002947949254919288,-0.01145524875124349,0.016417698315125514,0.010387694085534641
5,Centralized,-0.022789960005516426,-0.021141911460488286,0.002965108260929545,-0.011522548613984225,0.016439111846641888,0.010398565715073837
6,0,-0.003949447077409144,0.004502369668246429,0.002488151658767759,0.03886255924170611,0.002172195892575028,-0.0014218009478672929
6,1,0.00580618212197157,0.01570593149540521,0.01758563074352552,0.007477025898078513,0.017836257309941525,0.005764411027568907
6,2,-0.0008354218880534611,0.009231411862990802,0.01294903926482871,0.006390977443609025,0.021512113617376757,0.003383458646616539
6,3,0.007769423558897222,0.010818713450292394,0.007602339181286561,0.013450292397660804,0.01804511278195486,0.0024644945697577542
6,4,-0.0023809523809523786,0.016081871345029218,0.018170426065162847,0.006307435254803686,0.010818713450292396,0.011152882205513767
6,5,-4.1771094402660084e-05,0.013116123642439408,0.02301587301587306,0.006558061821219723,0.013199665831244765,0.011821219715956547
6,Aggregated,0.0010012662179215994,0.011491270636764696,0.013501611853088888,0.013482342066242563,0.013789715674314602,0.005444136568749046
6,Centralized,0.0010136532892014933,0.011508757412770671,0.013529168390566825,0.013418838780857811,0.013818783616053024,0.005461315680595787
7,0,-0.010900473933649284,-0.0020142180094786686,-0.006674565560821467,0.00841232227488151,-0.008807266982622413,-0.0037124802527645877
7,1,-0.01056808688387635,0.005472013366750204,0.00045948203842939757,-0.026649958228905604,-0.012698412698412693,-0.001127819548872181
7,2,-0.0027568922305764294,0.013700918964076832,-0.006349206349206332,-0.03613199665831244,-0.007978279030910609,0.0019214703425229664
7,3,-0.006390977443609006,0.00885547201336674,-0.002005012531328336,-0.024060150375939823,-0.00242272347535506,0.0009607351712614701
7,4,-0.007518796992481177,0.00994152046783622,-0.004427736006683383,-0.04294068504594811,-0.01098579782790307,-0.0017126148705095983
7,5,-0.00852130325814536,0.01395154553049291,-0.005472013366750206,-0.041771094402673264,-0.011695906432748522,0.0058897243107769335
7,Aggregated,-0.007813543627604835,0.008194014129320392,-0.004109300853679572,-0.02676345621816523,-0.009094578324970647,0.0003208970042523122
7,Centralized,-0.007805819886912152,0.008219555923320904,-0.0041028823610536475,-0.026851468762929213,-0.009095297200386149,0.00033098882912702257
8,0,0.000631911532385455,0.0022906793048973087,0.003278041074249579,0.019075829383886217,-0.00039494470774092526,-0.003554502369668261
8,1,0.009857978279030904,0.014076858813700927,0.016165413533834626,-0.023266499582289032,0.008813700918964095,-0.0005847953216374259
8,2,0.011027568922305747,0.01524644945697576,0.02151211361737686,-0.034502923976608174,0.013366750208855447,-0.004093567251461982
8,3,0.006056808688387648,0.007435254803675833,0.014369256474519622,-0.018838763575605686,0.00989974937343356,0.0036340852130325877
8,4,0.01482873851294904,0.019423558897243145,0.0230576441102757,-0.030200501253132946,0.019005847953216345,0.0015037593984962307
8,5,0.009983291562238919,0.010609857978279002,0.020718462823725962,-0.029490392648287348,0.014076858813700873,-0.0008354218880534583
8,Aggregated,0.008633957018841025,0.01140320994221147,0.016358115275283802,-0.019074315046324467,0.010660519306244976,-0.0006898320888272076
8,Centralized,0.008653978761550104,0.01142601020548887,0.01639084264239412,-0.019169769686939717,0.010688180940559946,-0.0006826644600744576
9,0,-0.005213270142180122,-0.0057661927330173715,-0.007306477093206946,0.034360189573459765,-0.006990521327014241,-0.009083728278041065
9,1,0.002673350041771092,0.010401002506265631,0.007936507936507926,-0.004803675856307419,0.000793650793650801,-0.0019632414369256572
9,2,0.00659983291562238,0.004553049289891406,0.007477025898078517,-0.009147869674185488,0.004845446950710129,0.0007101086048454463
9,3,-0.002923976608187148,0.009565580618212182,-0.0014619883040935674,0.00309106098579784,-4.177109440268229e-05,-0.0032163742690058603
9,4,0.0014619883040935774,0.0066416040100250335,0.004553049289891378,-0.0072681704260651285,-0.0035923141186299024,0.003216374269005834
9,5,0.001754385964912268,0.004051796157059306,0.009356725146198825,0.00334168755221385,0.0007518796992481005,0.008312447786131948
9,Aggregated,0.0006541924093504373,0.0047798466089454105,0.003297148393449566,0.003635006720029717,-0.0007809485034835174,-0.0004422532822917796
9,Centralized,0.0006688732588608214,0.004806233622948552,0.0033236794924837824,0.0035581299131154215,-0.000765411667356238,-0.0004206316370155783
10,0,-0.009518167456556089,-0.014296998420221153,-0.004225908372827806,0.0391390205371248,-0.0058846761453396484,-0.007582938388625577
10,1,0.0005430242272347378,-0.011403508771929818,0.0068922305764411015,0.0017961570593149614,0.0036340852130325734,0.0035505430242272545
10,2,-0.0045112781954887,-0.020342522974101898,0.005680868838763588,-0.00041771094402672605,0.004887218045112763,0.007184628237259844
10,3,-0.0057226399331662455,-0.006934001670843795,0.005472013366750191,-0.0009189640768588217,0.0007101086048454491,0.0023809523809523803
10,4,-0.004845446950710089,-0.02272347535505427,0.005931495405179605,-0.007017543859649116,-0.00238095238095236,0.003467000835421887
10,5,-0.008103592314118608,-0.023182957393483642,-0.003216374269005848,-0.0060985797827902855,0.0024227234753550512,0.005597326649958212
10,Aggregated,-0.005409535393410952,-0.016454400659581838,0.0026720250685079786,0.004830017023563693,0.0004874353237856779,0.002312848573939698
10,Centralized,-0.005399255275134462,-0.016459798648462226,0.002689284236657028,0.004744173217487245,0.0005033788442973281,0.002337608605709564
11,0,-0.008017377567140577,-0.011769352290679325,-0.002172195892575013,0.03988941548183257,-0.003515007898894147,-0.004936808846761493
11,1,-0.002756892230576441,-0.009064327485380101,0.00405179615705931,0.007852965747702558,0.007894736842105255,-0.002965747702589787
11,2,0.001670843776106921,-0.0031328320802005206,0.008479532163742674,0.004135338345864703,0.005137844611528816,-0.003759398496240601
11,3,-0.00810359231411863,-0.008145363408521287,0.004887218045112766,0.012280701754385923,0.008312447786131967,-0.0017126148705096178
11,4,0.0015455304928989055,-0.003801169590643267,0.009607351712614861,0.009690893901420186,0.00831244778613199,0.004720133667502076
11,5,0.0005430242272347563,-0.002673350041771088,0.011278195488721792,0.01583124477861312,0.0017961570593149454,0.0007936507936507835
11,Aggregated,-0.0025856496338091312,-0.006495061258450774,0.005923751031633292,0.015245772854545954,0.004558478309948209,-0.0013536075677507548
11,Centralized,-0.0025720590263411834,-0.00648186457040404,0.005944007723072694,0.015184112536201876,0.00457867880292377,-0.001344642118328491
12,0,-0.01678515007898886,-0.010229067930489678,-0.007424960505529199,0.045576619273301706,-0.011808846761453374,-0.015916271721958915
12,1,-0.01461988304093566,0.00396825396825396,0.006349206349206309,-0.03295739348370918,0.002715121136173746,0.0019632414369256373
12,2,-0.016123642439431884,0.006558061821219698,0.008813700918964043,-0.038304093567251535,0.005806182121971596,0.005680868838763546
12,3,-0.013659147869674164,0.004845446950710092,0.005889724310776918,-0.022431077694235642,-0.0008771929824561464,0.0036758563074352386
12,4,-0.015329991645781124,0.006558061821219685,0.008771929824561386,-0.04461152882205484,0.0027568922305764377,0.0017543859649122708
12,5,-0.01992481203007516,0.011278195488721771,0.005555555555555531,-0.03872180451127797,0.004093567251461985,0.0026315789473683898
12,Aggregated,-0.016082299202867183,0.003661287172048664,0.00451432776825641,-0.02109920415429441,0.00030068982292550496,-0.000225440900440024
12,Centralized,-0.01608054061508756,0.003696041925251683,0.004544200799889673,-0.02126603227141087,0.000330988829127001,-0.00018618121638395405
13,0,-0.0053317535545023415,-0.005766192733017363,-0.002132701421800944,0.0473538704581358,-0.0035150078988941376,-0.009281200631911521
13,1,0.00016708437761070078,0.006432748538011694,0.017167919799498745,-0.0006265664160400888,-0.00041771094402674643,-0.002673350041771111
13,2,0.007560568086883855,0.010359231411862986,0.012155388471177949,-0.0021303258145363396,0.001629072681704254,-0.0045112781954887195
13,3,0.0012531328320801918,0.004928989139515446,0.013032581453634087,0.001461988304093554,-0.0011695906432748501,-0.0019632414369256577
13,4,0.009607351712614835,0.016791979949874705,0.016750208855472067,0.00012531328320804442,-0.0018379281537176412,-0.0013366750208855373
13,5,-0.0005430242272347513,0.008563074352548038,0.009732664995822869,-0.002923976608187118,0.0012113617376775425,0.001503759398496261
13,Aggregated,0.0020295747619091488,0.006733309464663921,0.01095883132996058,0.007691295128935435,-0.000717247078559126,-0.0031184399814802805
13,Centralized,0.0020479933802234206,0.006764584195283392,0.010991587367259697,0.0075920562681009475,-0.0007102468625017199,-0.003103020273065806
14,0,-0.009873617693522902,-0.010663507109004754,-0.008886255924170564,0.05505529225908346,-0.0112954186413902,-0.01433649289099525
14,1,-0.0016708437761069161,0.0024227234753550543,0.012740183792815395,0.001002506265664172,0.006223893065998328,-0.008187134502923972
14,2,-0.0007101086048454346,-0.0016708437761069413,0.004135338345864651,0.004051796157059295,0.00639097744360902,-0.007184628237259817
14,3,0.0012531328320801996,0.0010442773600668346,0.00910609857978277,-0.0013784461152881995,0.0032581453634085095,-0.005764411027568898
14,4,0.0018379281537176206,0.002255639097744367,0.008103592314118621,-0.0035087719298245107,0.0018379281537176265,-0.010526315789473694
14,5,-0.0043859649122806885,0.0007101086048454478,0.005764411027568893,0.006223893065998349,0.006975772765246433,-0.005263157894736851
14,Aggregated,-0.002349538837975563,-0.0010996432289594128,0.00499216794204857,0.01077827868441841,0.002069717570554968,-0.008613134246975957
14,Centralized,-0.0023307130051027397,-0.0010757136946628128,0.005026892842366559,0.010667494138739495,0.0021031581850779173,-0.008598813956695674
15,0,-0.012677725118483425,-0.008293838862559228,-0.006398104265402846,0.03550552922590815,-0.005647709320695129,-0.0072274881516587895
15,1,-0.003717627401837949,0.0038429406850459414,0.002882205513784444,-0.00626566416040101,0.001127819548872185,0.004636591478696735
15,2,-0.0059732664995822875,0.0032581453634085216,-0.0015037593984962418,-0.01779448621553879,0.008980785296574749,0.003007518796992489
15,3,-0.009147869674185467,0.008312447786131943,0.003717627401837916,-0.0027568922305764285,0.0007518796992481245,0.006641604010025031
15,4,-0.003425229741019229,0.0027986633249790956,0.006056808688387626,-0.0013366750208855477,0.0011695906432748462,0.0022556390977443554
15,5,-0.006349206349206347,0.0037593984962405857,0.001127819548872185,-0.012406015037593941,0.005472013366750192,0.008395989974937313
15,Aggregated,-0.006951302167868473,0.0021528713070957176,0.0008919789226598841,-0.0004066282212774261,0.001884339991901539,0.0028296149937635014
15,Centralized,-0.006936974210453745,0.002179009791752869,0.0009102192800993096,-0.0004964832436905191,0.001903185767480344,0.0028547786512205355
16,0,-0.02586887835703007,-0.012677725118483403,-0.017022116903633488,0.08708530805687215,-0.015323854660347561,-0.025671406003159487
16,1,-0.0003341687552213831,-0.002005012531328315,0.0027986633249791238,0.002548036758563087,-0.0003341687552213757,-0.005179615705931489
16,2,-0.0017543859649122842,0.001587301587301583,0.0025480367585630718,0.0033416875522138865,0.005221386800334151,-0.010944026733500369
16,3,-0.0048872180451127725,0.003675856307435274,0.001253132832080206,-0.001629072681704247,0.0011278195488721888,-0.007059314954051747
16,4,8.354218880536335e-05,0.0010442773600668402,0.004887218045112774,0.0018796992481203063,-0.0028822055137844565,-0.007518796992481197
16,5,-0.006516290726817031,0.0017126148705096107,-0.00054302422723476,0.001963241436925655,0.0028404344193817795,-0.009482038429406833
16,Aggregated,-0.006777873377577618,-0.0012491165784648238,-0.0012049323335536497,0.016718608832335124,-0.0017234514196706426,-0.011152036773851941
16,Centralized,-0.006730106192249351,-0.0012205213074058844,-0.0011653565025513827,0.01654254585574405,-0.0016894221486691524,-0.011115708178182289
17,0,-0.01417851500789885,-0.0035150078988941355,-0.005963665086887846,0.0432859399684044,-0.0034360189573459875,-0.009083728278041074
17,1,-0.00847953216374268,-0.0004594820384294158,-0.002548036758563085,-0.00818713450292397,0.0007518796992481023,0.003884711779448608
17,2,-0.004427736006683376,-0.0027151211361737676,0.0025480367585630484,-0.006265664160401,0.004135338345864616,0.009231411862990773
17,3,-0.006599832915622389,0.0028404344193817804,-0.0027986633249791146,-0.005221386800334191,0.0007936507936507948,0.003467000835421866
17,4,-0.0045112781954887455,-0.002130325814536352,-0.0029239766081871252,-0.009690893901420219,-0.0024644945697577265,0.004177109440267316
17,5,-0.007351712614870499,-0.0027986633249791363,0.0048872180451127725,-0.010025062656641603,-0.0005012531328320765,0.008270676691729302
17,Aggregated,-0.007670400484336978,-0.00148762679630727,-0.0011910890616838028,0.0011604282129528834,-0.0001599003180266889,0.0031757800349896522
17,Centralized,-0.00765411667356226,-0.0014825541304647391,-0.0011791477037649686,0.0010550268928423607,-0.00015170321334986582,0.003206454282167977
18,0,-0.023499210110584482,-0.019194312796208562,-0.006951026856240112,0.097353870458136,-0.01473143759873621,-0.02112954186413896
18,1,0.002589807852965756,0.005597326649958209,0.007184628237259797,-0.004010025062656657,0.005806182121971574,-0.0021303258145363474
18,2,0.003926482873851294,0.003174603174603193,0.0009607351712615099,-0.00484544695071013,0.0072681704260651545,-0.002965747702589813
18,3,-0.0030075187969924853,0.0052213868003341555,0.0059732664995822814,0.006850459482038448,0.0008771929824561486,-0.0008771929824561598
18,4,0.003299916457811203,0.006641604010025056,0.007059314954051792,0.003675856307435255,0.0022556390977443576,-0.0003759398496240592
18,5,0.0010025062656641678,0.005304928989139533,0.007518796992481202,-0.004260651629072675,0.0025480367585630835,0.0004177109440267501
18,Aggregated,-0.002865033369166917,0.0008806768900130204,0.0034975088577696998,0.016771751013902624,0.0004859904527616376,-0.004709406072856159
18,Centralized,-0.0028134050475796648,0.000930906081919741,0.0035236519100813562,0.016570128258171276,0.0005240656461177662,-0.004668321610812311
19,0,-0.007622432859399693,-0.011137440758293843,-0.009478672985782022,0.040995260663506866,-0.0035545023696682363,-0.02105055292259078
19,1,0.0051378446115288015,0.009314954051796095,0.0030492898913951376,-0.018671679197994995,0.004511278195488703,-0.0008354218880534885
19,2,0.0019632414369256403,0.007101086048454438,0.005847953216374266,-0.012573099415204628,0.006307435254803651,-0.0036340852130326007
19,3,0.00025062656641602096,0.00359231411862991,0.00045948203842939697,-0.012280701754385937,0.002422723475355066,-0.004469507101086054
19,4,0.0028822055137844613,0.008103592314118589,0.0055973266499582145,-0.017209690893901432,0.0005012531328320777,-0.0048872180451127855
19,5,0.0021720969089389906,0.008771929824561363,0.0005430242272347396,-0.009857978279030935,0.008020050125313243,-0.0021303258145363544
19,Aggregated,0.0006963282731197647,0.004106115396782795,0.0008774119462570297,-0.004382393162103138,0.002955714789802368,-0.006346265829838506
19,Centralized,0.0007171424631085203,0.004144255964694524,0.0009033236794924811,-0.004495931595641971,0.002972003861536345,-0.0063094745552337616
20,0,-0.019273301737756668,-0.012677725118483446,-0.006082148499210133,0.09067930489731438,-0.013981042654028483,-0.02681674565560818
20,1,0.004051796157059305,0.002297410192147025,0.005680868838763558,-0.016123642439431932,-0.0019214703425229807,-0.004010025062656624
20,2,0.007101086048454471,-0.0029239766081871534,0.0016290726817042628,-0.018086883876357623,-3.7007434154171884e-18,-0.0027568922305764394
20,3,-0.00012531328320801403,0.004928989139515462,0.005388471177944877,-0.003007518796992491,-0.002046783625730979,-0.007644110275689199
20,4,0.00016708437761068197,0.002422723475355033,0.0013366750208855468,-0.011821219715956541,-0.0018796992481203108,-0.007769423558897235
20,5,0.0012949039264828859,0.0007936507936508075,0.001587301587301589,-0.00998329156223894,-8.354218880533005e-05,-0.006140350877192967
20,Aggregated,-0.0013481187224193955,-0.0010014945263315113,0.0014980658452489648,0.0062999390984638335,-0.00344657595931516,-0.009400905814778156
20,Centralized,-0.00130326851468763,-0.0009722796855606231,0.0015170321334988265,0.006088815335815748,-0.0034202179009791478,-0.009357330023445078
21,0,-0.016350710900473967,-0.012006319115323875,-0.008688783570300156,0.05394944707740888,-0.006279620853080575,-0.017733017377567193
21,1,0.000543024227234764,0.004803675856307432,0.006140350877192969,-0.002339181286549704,0.001712614870509614,0.0016708437761069487
21,2,-0.0029239766081871343,0.00417710944026734,0.005472013366750198,-0.0020050125313283255,0.006683375104427721,-0.0013784461152882158
21,3,0.004803675856307409,0.0010860484544695113,-0.004803675856307413,-0.010484544695070982,0.004427736006683344,0.0024644945697577148
21,4,0.0045948203842940604,0.004720133667502091,0.0008354218880534651,-0.008061821219715912,0.0017126148705096135,0.0012113617376775113
21,5,-0.002840434419381795,0.0004594820384294081,0.0030075187969924914,-0.005722639933166222,0.0043024227234753475,0.000793650793650789
21,Aggregated,-0.002200623214948138,0.0003896160392258437,0.00021905790622606482,0.004818832647290014,0.0019928170914344802,-0.0023485194185939055
21,Centralized,-0.00216521859053924,0.0004206316370155838,0.00024134602123844587,0.0046959040132395526,0.002013515377189359,-0.002310026203282335
22,0,-0.004897314375987363,-0.015047393364928932,-0.0108609794628752,0.11330963665086878,-0.01129541864139017,-0.00485781990521325
22,1,-0.0031328320802004985,-0.013951545530492939,0.009482038429406814,-0.012155388471177943,0.009147869674185434,0.0005847953216374284
22,2,-0.007560568086883853,-0.01708437761069343,0.010484544695070958,-0.014619883040935651,0.0060150375939849576,0.0027151211361737667
22,3,-0.002130325814536325,-0.004218880534669963,0.00893901420217207,-0.013868003341687515,0.009273182957393456,0.004511278195488734
22,4,-0.001127819548872161,-0.012781954887217969,0.013951545530492866,-0.017543859649122764,0.01060985797827902,0.004385964912280706
22,5,-0.005263157894736818,-0.008939014202172049,0.010150375939849571,-0.010818713450292393,0.006098579782790275,0.006265664160400983
22,Aggregated,-0.004029202837241878,-0.012040346923912463,0.00681001280055191,0.008653803007133016,0.00477980336334752,0.0021820822087187082
22,Centralized,-0.004027030754378724,-0.012032823058888389,0.006854227003171988,0.008391945938491277,0.004820024824162201,0.0021996965935733117
23,0,-0.019984202211690352,-0.02109004739336492,-0.02543443917851509,0.06737756714060043,-0.03424170616113739,-0.02112954186413901
23,1,0.0012949039264828802,-0.0005847953216374139,0.0030492898913951423,-0.0032999164578111978,0.00346700083542187,-0.003926482873851293
23,2,0.010275689223057632,-0.0010025062656641658,0.0013366750208855525,-0.004218880534669991,0.004302422723475354,0.00434419381787801
23,3,0.005722639933166232,0.00029239766081871064,-0.0005012531328320897,-0.0005012531328321006,0.0002923976608186977,0.00221386800334168
23,4,0.006056808688387643,0.0015037593984962535,0.0022974101921470215,-0.00033416875522139294,0.00802005012531324,-0.0025062656641604217
23,5,0.00229741019214704,-0.00037593984962404255,0.002673350041771077,-0.0015873015873015823,0.0034252297410192066,0.003592314118629901
23,Aggregated,0.0006929889185884627,-0.003753211244391795,-0.003034944746451023,0.010265640192055777,-0.002836817726084738,-0.003120497905000638
23,Centralized,0.0007447248655357554,-0.0037098331264652984,-0.002978899462143153,0.010122741690801245,-0.0027582402427251376,-0.0030754378706385555
24,0,-0.008254344391785183,-0.008135860979462887,-0.009004739336492904,0.10627962085308064,-0.006279620853080577,-0.02484202211690358
24,1,0.004093567251461973,0.0043441938178780245,0.003926482873851286,0.0014202172096908787,0.003508771929824565,-0.002255639097744368
24,2,0.004678362573099402,-0.002339181286549715,-0.0010860484544695213,0.009314954051796115,0.0033834586466165166,-0.0014202172096908908
24,3,-0.0007936507936507835,0.0018379281537176347,-0.004636591478696716,0.004260651629072667,0.0005847953216374324,0.001253132832080206
24,4,-0.0009189640768588242,0.004928989139515443,-0.004260651629072664,0.0006265664160400919,-0.0016290726817042714,-0.0012531328320802152
24,5,-0.0011695906432748501,0.001545530492898916,-0.0025480367585630713,0.009064327485380096,-0.0002088554720133695,-0.001670843776106934
24,Aggregated,-0.0004883320107102411,0.00026170825087547717,-0.003007695734774093,0.022840133305425683,-0.00018075425506919568,-0.005268943031744579
24,Centralized,-0.00046890084126328485,0.00028271962487934436,-0.002992690663356771,0.02263136119155975,-0.00016549441456349215,-0.005219969659357311
25,0,-0.013388625592417037,-0.03210900473933634,-0.02184044233807266,0.09229857819905184,-0.02409162717219592,-0.029304897314375942
25,1,-0.003550543024227246,0.0020050125313283112,-0.004093567251461989,0.0005847953216374251,0.004970760233918094,-0.0024227234753550846
25,2,-0.0017126148705096022,0.00125313283208019,-0.002255639097744354,-0.0017961570593149397,4.177109440268352e-05,-0.0030492898913951462
25,3,0.0007101086048454535,0.001086048454469507,-0.0003341687552213831,0.0033416875522138557,-0.0015455304928989222,-0.003258145363408517
25,4,0.0027986633249791138,0.003759398496240587,-0.0014202172096908791,0.0036340852130325846,-0.000668337510442768,-0.0005847953216374306
25,5,-0.004385964912280684,0.003759398496240613,0.00020885547201337322,-0.0007101086048454408,0.0028822055137844613,0.0007518796992481323
25,Aggregated,-0.0033763134817013517,-0.0037188072122861476,-0.005158275733855674,0.017137445315562355,-0.0033204857056547995,-0.006586975788415401
25,Centralized,-0.003351261894911046,-0.00364777272100401,-0.005116535650255146,0.016949386291546024,-0.0032685146876292844,-0.006530133774651758
26,0,-0.015521327014217996,-0.011453396524486598,-0.012124802527646155,0.12511848341232232,-0.018799368088467595,-0.024565560821485
26,1,0.0005847953216374543,-0.0019214703425229605,4.1771094402678285e-05,-0.005388471177944864,-0.001461988304093559,0.0006265664160400913
26,2,-0.002005012531328322,-0.0007101086048454496,-0.004010025062656625,0.003634085213032569,-0.0014619883040935774,-0.005472013366750178
26,3,-0.0017543859649122918,0.0006265664160400956,0.0005430242272347341,-0.0009189640768588262,-0.0007518796992481239,-0.00025062656641604536
26,4,0.0019632414369256447,-4.177109440269e-05,-0.0009189640768588226,-0.005012531328320797,-0.001503759398496235,-0.004511278195488706
26,5,-0.0032581453634085156,0.002088554720133665,-0.0029239766081871434,0.005847953216374221,-0.002882205513784451,0.0011278195488721766
26,Aggregated,-0.0034779338136962,-0.0020164405761098985,-0.0033387672382968756,0.02180036629311475,-0.004648563224802396,-0.005735983573349498
26,Centralized,-0.003447800303406444,-0.001992828575368925,-0.003316783891876988,0.021541856295683448,-0.004613156805957796,-0.005688870500620602
27,0,-0.031161137440758182,-0.012756714060031493,-0.008214849921011045,0.09407582938388606,-0.006437598736176913,-0.03787519747235393
27,1,0.004636591478696708,-0.0021303258145363483,0.003717627401837915,0.0011278195488721942,-0.0036758563074352412,0.0013366750208855434
27,2,0.013116123642439383,-0.0015455304928989216,0.001837928153717618,0.0011695906432748592,-0.0017543859649122731,-0.0027986633249791103
27,3,-0.005597326649958189,-0.00476190476190476,0.003842940685045923,0.004928989139515437,-0.003341687552213862,-8.354218880533375e-05
27,4,0.001211361737677504,-0.006265664160400959,0.0040517961570592995,0.0041771094402673105,-0.001336675020885538,-0.004344193817878016
27,5,-0.0010860484544695168,-0.00121136173767753,-8.354218880536335e-05,0.001211361737677541,-0.005346700083542179,-0.0035087719298245515
27,Aggregated,-0.0034825762220374278,-0.004874225429315739,0.0007498768215726382,0.018696397254463,-0.0036822492230859003,-0.008238544339014716
27,Centralized,-0.0034133223003723627,-0.004854502827196268,0.0007723072679630485,0.01850779202868571,-0.0036753551234312565,-0.008164391118466431
28,0,-0.017575039494470764,7.89889415481819e-05,0.0017377567140600448,0.1159557661927332,-0.01097946287519745,-0.022867298578199056
28,1,-0.0034252297410192153,0.00016708437761069246,0.002339181286549692,0.00020885547201335102,0.004135338345864651,-0.005931495405179635
28,2,-0.0037593984962405926,-0.0019632414369256516,0.001253132832080191,0.0005430242272347594,0.0033834586466165296,-0.0044695071010860486
28,3,0.0012949039264828746,-0.0008354218880534559,0.004344193817878025,0.0012531328320802033,0.003299916457811203,-0.0018379281537176091
28,4,0.0024227234753550517,0.000918964076858813,0.004845446950710105,0.0007101086048454515,0.0033834586466165487,-0.0072681704260651545
28,5,-0.0013366750208855676,-0.0015455304928989127,0.0004594820384294022,0.0064327485380116815,0.006725146198830374,-0.00321637426900585
28,Aggregated,-0.0038957629579622955,-0.000522560522382351,0.0024874360627843827,0.02199072777859796,0.0015064781358477652,-0.007781505314288695
28,Centralized,-0.0038615363398152008,-0.0005240656461177782,0.0024893118190594367,0.02175561991449454,0.0015377189353192834,-0.0077437594814508195
29,0,-0.04000789889415482,-0.021208530805687197,-0.020971563981042607,0.07061611374407588,-0.044194312796208716,-0.03902053712480253
29,1,-0.006725146198830376,0.0006265664160401119,0.0030910609857978406,0.0045112781954887195,0.0010442773600668439,-0.01507936507936506
29,2,-0.0025062656641604035,0.002422723475355041,0.003425229741019216,0.005555555555555527,0.004010025062656628,-0.010401002506265675
29,3,-0.0024227234753550642,0.0016708437761069283,-0.00029239766081871606,0.0026733500417710685,0.002506265664160388,-0.006641604010025062
29,4,-0.002213868003341696,0.004511278195488718,0.005346700083542197,0.0010025062656641615,0.003926482873851272,-0.012573099415204646
29,5,-0.005179615705931486,0.0005847953216374361,0.0003759398496240851,0.0034252297410192188,0.0030075187969924836,-0.009732664995822886
29,Aggregated,-0.010204208452346568,-0.002130206839699766,-0.0017375471607912745,0.015301826400960493,-0.005420418978752055,-0.01585578101898523
29,Centralized,-0.010129637291408068,-0.002082471383257482,-0.0016894221486691433,0.015163425734381519,-0.005323403668459491,-0.01579782099020837
30,0,-0.01042654028436017,-0.005371248025276483,-0.009162717219589271,0.10568720379146941,-0.012480252764612952,-0.011374407582938423
30,1,-0.009607351712614825,0.0016290726817042652,0.002715121136173748,-0.005054302422723468,0.0007101086048454257,0.0071010860484544145
30,2,-0.015914786967418517,0.004803675856307437,-0.005597326649958191,-0.007518796992481165,0.0019214703425229635,0.009774436090225548
30,3,-0.013074352548036745,0.003216374269005853,0.0012113617376775263,-0.011111111111111072,0.003467000835421889,0.008771929824561382
30,4,-0.015413533834586405,0.0010860484544695107,-0.00025062656641605305,-0.008020050125313245,0.002756892230576407,0.004803675856307424
30,5,-0.014118629908103617,0.0032163742690058334,-0.0007936507936507945,-0.007393483709273186,0.003049289891395131,0.008521303258145334
30,Aggregated,-0.013060572595369278,0.0013485155469262619,-0.0020657505450649466,0.012232176831471335,-0.00024437873117630826,0.004408173141915051
30,Centralized,-0.013067163149910386,0.0013653289201489302,-0.0020479933802234063,0.011998345055854351,-0.00021376361881121538,0.004447662391394302
31,0,-0.011571879936808848,-0.027172195892575055,-0.007503949447077435,0.08811216429699861,-0.006003159557661912,-0.03586097946287535
31,1,0.007393483709273186,0.004093567251461987,0.004636591478696711,-0.0010442773600668248,0.008855472013366738,-0.001378446115288207
31,2,0.004093567251461968,0.0012113617376775206,0.000626566416040086,0.004385964912280695,0.007852965747702606,-0.008145363408521279
31,3,0.0060150375939849446,0.0036758563074352473,-0.00016708437761068598,-0.003049289891395157,0.004553049289891388,-0.0010025062656641708
31,4,0.004803675856307442,0.00668337510442773,0.0011695906432748686,-0.003216374269005845,0.004678362573099411,-0.0015873015873015717
31,5,0.00258980785296577,0.0007101086048454478,-0.0036758563074352334,0.0030075187969924883,0.013199665831244744,-0.003299916457811173
31,Aggregated,0.002055270788567299,-0.002103820811728027,-0.0008991625702241152,0.015579358898408929,0.0053845535289073,-0.008873207487931519
31,Centralized,0.002089366983864287,-0.002041097779616597,-0.0008826368776720476,0.015397876155013101,0.005413046476348107,-0.008805681974900063
32,0,-0.017496050552922585,-0.010110584518167449,0.0029620853080568857,0.08281990521327039,0.00047393364928909797,-0.04443127962085302
32,1,0.0027151211361737555,0.006349206349206324,-0.00016708437761071712,-0.017418546365914757,0.000877192982456127,0.00012531328320802344
32,2,0.004177109440267347,0.004803675856307439,-0.003174603174603168,-0.013199665831244833,4.177109440267458e-05,0.002339181286549714
32,3,0.00037593984962404315,0.0019214703425229841,0.006892230576441075,-0.006265664160401035,0.0014202172096908865,-0.0018379281537176328
32,4,0.006140350877192957,0.004720133667502071,0.0045948203842940735,-0.011612364243943192,0.0019214703425229796,-0.0007518796992481271
32,5,0.004970760233918131,0.00948203842940684,-0.002005012531328336,-0.0167919799498746,0.0013784461152882268,0.002965747702589805
32,Aggregated,-6.430239700026138e-05,0.0027054866300492164,0.0015343955260393206,0.003879765119208563,0.0010123062389391702,-0.007381351654504908
32,Centralized,-2.0686801820455716e-05,0.0027375534409047,0.001530823334712461,0.003682250724038066,0.0010136532892014883,-0.007288649841401167
33,0,-0.01958925750394945,-0.023973143759873604,-0.023617693522906835,0.09932859399684071,-0.01204581358609791,-0.029581358609794644
33,1,0.0015455304928989166,0.0036758563074352412,-0.0007101086048454432,0.0005847953216374349,0.0020467836257309856,0.002882205513784445
33,2,-0.0005012531328320765,0.00133667502088556,0.0010025062656641508,0.004302422723475343,0.004344193817878011,-0.00045948203842940407
33,3,-0.0009189640768588174,-0.0017961570593149577,-0.0007936507936507952,0.00016708437761070078,-0.0009189640768588068,-0.0007518796992481184
33,4,-0.0024644945697577187,0.0014619883040935644,-0.0005430242272347409,0.00012531328320801357,0.000793650793650776,0.0006265664160401086
33,5,-0.007602339181286523,0.004845446950710074,-0.004678362573099411,0.0013784461152882078,0.004678362573099383,0.003884711779448603
33,Aggregated,-0.005097630029034362,-0.0026667429087875987,-0.005114562724226701,0.018626966595377006,-0.0003258351274422308,-0.004207742733114226
33,Centralized,-0.005061370845400632,-0.0026134326299820424,-0.005068266446007445,0.01842504482140389,-0.000296510826092938,-0.004144255964694526
34,0,-0.04699842022116904,0.006595576619273301,0.020379146919431247,0.07085308056872039,-0.0194707740916272,-0.014770932069510283
34,1,-0.0016290726817042717,0.0009189640768588118,-0.0007518796992481151,-0.0003341687552213849,-0.008395989974937335,-0.004845446950710098
34,2,0.005973266499582279,0.001754385964912284,-0.002172096908939017,0.003299916457811189,-0.005555555555555551,-0.0032999164578111956
34,3,0.00346700083542188,0.005304928989139497,0.0023391812865497215,0.0011278195488721905,-0.00814536340852128,-0.0015873015873015702
34,4,-0.0030075187969924922,0.00029239766081872175,0.00346700083542187,-0.002005012531328317,-0.009523809523809478,-0.004260651629072671
34,5,0.0011695906432748592,0.0011278195488721924,-0.006558061821219693,0.00451127819548873,-0.0072263993316624845,-0.005555555555555541
34,Aggregated,-0.007318974906189394,0.0027127904720286155,0.002994814018225626,0.013603455417409739,-0.009836545256404136,-0.0058284704482545
34,Centralized,-0.007219693835333092,0.0027030754378706253,0.0029513170597158917,0.013460212384498706,-0.00981243966349473,-0.005806095710936444
35,0,-0.010031595576619274,-0.006793048973143764,-0.0024881516587677765,0.06777251184834107,-0.0028436018957346165,-0.04561611374407575
35,1,0.0015455304928989311,0.0003759398496240629,0.002380952380952389,-0.004260651629072667,-0.0007101086048454423,0.0031746031746031707
35,2,-0.006725146198830388,-0.0016290726817042762,-0.0017543859649122875,-8.354218880535317e-05,-0.000501253132832078,0.003174603174603156
35,3,-0.0017126148705096048,0.0030075187969924545,0.001587301587301578,-0.0004594820384294136,0.002255639097744349,0.0028404344193817665
35,4,0.0018796992481202918,0.005597326649958217,0.005973266499582248,0.001211361737677511,0.003508771929824559,-0.0006265664160401159
35,5,-0.0005430242272347545,0.00125313283208018,0.003842940685045937,-0.0010442773600668216,0.002422723475355057,0.004093567251461981
35,Aggregated,-0.0026869742509552886,0.00021691095346797326,0.00154142781401092,0.011208965384392073,0.0006463499256500675,-0.005974238783899189
35,Centralized,-0.0026685974348365587,0.00023445042063163408,0.001551510136532889,0.011067438973934616,0.0006550820576472142,-0.005875051717004561
36,0,-0.0062796208530805945,-0.022274881516587675,-0.013309636650868857,0.07697472353870462,-0.007069510268562354,-0.016192733017377597
36,1,0.003007518796992471,0.008187134502923913,0.008437761069339985,-0.004135338345864651,-0.0040517961570593125,-0.008939014202172094
36,2,0.005472013366750187,0.009398496240601493,0.009649122807017517,-0.003634085213032571,-0.004010025062656638,-0.009356725146198806
36,3,-0.002130325814536336,0.0035505430242272137,0.00705931495405178,-0.006098579782790287,-0.0004594820384294025,-0.006934001670843768
36,4,0.003842940685045948,0.00041771094402673597,0.007226399331662467,-0.003842940685045953,-0.00284043441938179,-0.009816207184628214
36,5,0.0037593984962405835,0.003675856307435225,0.0029239766081871296,-0.006683375104427716,-0.0012531328320802195,-0.00994152046783624
36,Aggregated,0.0011880454220011523,0.0002195412219286874,0.0034610036565458162,0.00958111889008445,-0.003326150071419637,-0.010268580793827553
36,Centralized,0.0012067301061922779,0.000275824024272527,0.0035029651082609317,0.009412494828299532,-0.0033167838918769336,-0.010253758102330814
37,0,-0.01812796208530803,0.012440758293838897,-0.007503949447077403,0.06311216429699829,-0.0140205371248025,-0.0216824644549763
37,1,0.003968253968253968,0.001921470342522978,0.0006683375104427596,0.0005847953216374288,0.000793650793650789,-0.0029239766081871304
37,2,0.003926482873851279,0.0025898078529657297,0.0022974101921470354,-0.0008354218880534725,0.00045948203842940407,-0.005931495405179613
37,3,0.0005430242272347597,0.001420217209690911,0.003675856307435257,-0.0008354218880534503,0.00012531328320801541,-0.007435254803675826
37,4,0.0038847117794486253,0.0008771929824561481,0.006975772765246431,-0.0015873015873015882,0.0001253132832080302,-0.007769423558897204
37,5,0.005304928989139521,0.003884711779448613,0.004553049289891378,-0.0007101086048454386,0.001211361737677517,0.0007936507936507889
37,Aggregated,-0.0002997448143191604,0.0039586109415600266,0.0016664770254906668,0.01059203558401789,-0.002029726121501767,-0.007661615530072205
37,Centralized,-0.00025513722245209907,0.003937387946490131,0.0016894221486691446,0.010460626120535124,-0.0019997241759757457,-0.007626534271135072
38,0,-0.02685624012638234,-0.018167456556082116,0.005410742496050544,0.06188783570300152,0.01054502369668249,-0.06599526066350726
38,1,-0.0046783625730994075,-0.0025898078529657228,0.00342522974101922,8.35421888053578e-05,-0.00016708437761069154,0.00142021720969091
38,2,-0.007602339181286547,-0.0019632414369256377,0.0003759398496240592,0.0020467836257310025,0.0069757727652464355,0.0001670843776106823
38,3,-0.004051796157059323,0.0011278195488721814,0.0014619883040935533,-0.003759398496240617,0.0004594820384294022,0.0022556390977443532
38,4,-0.002923976608187151,-0.0012531328320801944,-0.0013784461152882303,-0.0005012531328320792,-0.00179615705931496,0.00033416875522138215
38,5,-0.008688387635756063,-0.007017543859649065,-0.0017961570593149519,0.0005430242272347637,-0.0003759398496240703,0.00229741019214704
38,Aggregated,-0.009345977263698116,-0.00513535179287235,0.0012997633044491855,0.010671520547959269,0.002702012462640335,-0.010592352921665568
38,Centralized,-0.009302165218590524,-0.005102744449041505,0.0012894773134740022,0.010543373327816899,0.002682388636050208,-0.01045373051992828
39,0,0.004028436018957362,-0.02345971563981043,0.019233807266982636,0.06117693522906809,0.0016982622432859253,-0.005805687203791478
39,1,0.006098579782790276,-0.009064327485380127,0.0034252297410191992,0.006516290726817023,0.0034252297410192205,-0.007894736842105272
39,2,0.002339181286549704,-0.007226399331662498,8.354218880535132e-05,0.004887218045112806,0.0012531328320802085,-0.00885547201336674
39,3,0.008563074352547996,-0.011069340016708423,0.0065580618212196995,0.0035087719298245797,0.006975772765246455,-0.00952380952380952
39,4,0.015413533834586494,-0.010401002506265657,0.008479532163742682,0.005973266499582271,0.003341687552213882,-0.01027568922305764
39,5,0.007017543859649113,-0.009231411862990814,0.005973266499582266,0.007518796992481189,0.005847953216374261,-0.007101086048454461
39,Aggregated,0.007204850597395935,-0.011882504529406144,0.007435395599080872,0.01548461949479306,0.003732326142171848,-0.00821353130933361
39,Centralized,0.007212798234726244,-0.01185353744311131,0.007405875051717008,0.015370293752585834,0.0037374155288925673,-0.008219555923320939
40,0,-0.01962875197472353,-0.007424960505529272,-0.0242890995260664,0.05268562401263818,-0.018127962085308025,-0.018759873617693434
40,1,-0.004720133667502087,0.0022974101921470333,0.002965747702589808,-0.01006683375104426,0.0036758563074352564,0.0033416875522138856
40,2,0.0018379281537176397,-0.0016290726817042528,0.007644110275689211,-0.012489557226399335,0.0036340852130325833,0.0010025062656641493
40,3,0.0007101086048454342,-0.0010442773600668298,0.0024644945697577317,-0.0044277360066833785,0.002631578947368429,-0.00033416875522138156
40,4,0.0002923976608187088,0.002005012531328311,-0.00016708437761071005,-0.005472013366750213,0.0007936507936507853,4.1771094402654995e-05
40,5,-0.0006265664160401012,0.0023809523809523794,0.0011695906432748673,-0.006265664160401015,0.0005012531328320857,0.0028404344193817778
40,Aggregated,-0.003880253510995056,-0.0006513433748583317,-0.0019728140576766983,0.002930999403222605,-0.001352138535885812,-0.002179122522189893
40,Centralized,-0.003840849537994774,-0.0006343952558267779,-0.0019169769686939787,0.0028065094469728307,-0.0013101641152944371,-0.0021376361881119727
41,0,0.013862559241706107,-0.012124802527646115,0.005173775671406018,0.05624012638230652,0.001026856240126385,-0.07365718799368075
41,1,0.002756892230576442,0.002506265664160382,0.00517961570593148,-0.00614035087719299,0.002589807852965741,-0.0043859649122806885
41,2,-0.00029239766081871156,0.0011278195488721684,0.004970760233918129,-0.008730158730158729,0.0038847117794486292,-0.0009607351712614916
41,3,0.00213032581453635,-7.401486830834377e-18,0.0031746031746031677,-0.009314954051796146,0.0033416875522138617,0.0006683375104427792
41,4,0.006307435254803664,-0.002255639097744346,0.0051378446115287885,-0.011487050960735155,0.0027568922305764377,-0.000459482038429425
41,5,0.005096073517126159,0.0005012531328320931,-0.0019214703425229796,-0.008855472013366747,0.002589807852965765,8.354218880535502e-05
41,Aggregated,0.005083337144681256,-0.0018323997544857746,0.0036378245893443767,0.002602829722168366,0.0026782567031293134,-0.013844319273621177
41,Centralized,0.005061370845400623,-0.00180664735898496,0.0036339815197903797,0.0024686250172390126,0.0026823886360502016,-0.013694662805130384
42,0,-0.007977883096366522,-0.008333333333333328,-0.014928909952606668,0.06631121642969985,-0.010189573459715667,-0.008293838862559284
42,1,-0.0035087719298245367,0.001253132832080201,-0.0044277360066833395,-0.0011278195488721888,-0.00016708437761067674,0.0004594820384294318
42,2,-0.004636591478696728,0.0033834586466165413,-0.006098579782790319,0.002673350041771093,0.0037176274018379174,0.0009607351712614786
42,3,-0.0022138680033416814,0.0009189640768588284,0.0031328320802005006,-0.0009607351712614713,0.000375939849624074,0.0012531328320802004
42,4,-0.0034670008354218827,0.0025898078529657427,-0.0005430242272347489,-0.0003759398496240518,-0.0006265664160401086,-0.0025898078529657475
42,5,-0.0022138680033416914,0.0014202172096908976,-0.004260651629072675,0.004511278195488711,-4.177109440268722e-05,0.0005847953216374306
42,Aggregated,-0.00405064820398177,0.00010301241504249347,-0.004645781596749063,0.012491577227617567,-0.0012635417376535628,-0.0013551077647931198
42,Centralized,-0.004040821955592358,0.00012412081092259922,-0.00462005240656461,0.012356916287408619,-0.001241208109226324,-0.001337746517721702
43,0,0.011295418641390229,-0.006003159557661937,-0.021998420221169043,0.06504739336492887,-0.012045813586097897,-0.03866508688783584
43,1,0.001754385964912272,0.00743525480367583,0.0071010860484544535,-0.0007101086048454534,-0.003216374269005848,-0.0023391812865497237
43,2,0.004093567251461979,0.007017543859649129,-0.0005430242272347785,-0.0016290726817042678,-0.0016290726817042775,-0.004803675856307424
43,3,-4.1771094402670574e-05,0.002506265664160394,0.0035505430242272207,-0.0005430242272347618,-1.4802973661668754e-17,-0.002965747702589822
43,4,0.004678362573099395,0.001754385964912286,0.0021303258145363526,-0.0013784461152882158,-0.0008771929824561412,-0.0012949039264828746
43,5,-0.002506265664160414,0.004135338345864642,0.0016290726817042513,0.0034670008354218715,-0.0006683375104427698,-0.003550543024227225
43,Aggregated,0.0033091836730079222,0.0027019812974628838,-0.0016025422160724978,0.011360366920624188,-0.003180367117312558,-0.009292909492905958
43,Centralized,0.003289201489449747,0.0027237622396910927,-0.0015515101365329,0.011226037787891375,-0.003158185077920279,-0.00921941801130883
44,0,0.006358609794628769,0.005173775671406018,0.006635071090047403,0.04845971563981043,-0.015165876777251166,-0.03013428120063182
44,1,-0.00012531328320801357,0.00029239766081870326,0.005346700083542173,-0.004260651629072687,-0.00672514619883042,-0.002046783625731016
44,2,4.177109440267982e-05,-0.00020885547201335842,0.004177109440267335,-0.00254803675856307,-0.002756892230576452,-0.003717627401837916
44,3,-0.0036758563074352447,0.0020050125313283308,0.004218880534669994,-0.005430242272347516,-0.0035505430242272263,-0.001086048454469501
44,4,-0.0017961570593149601,0.0014202172096909028,0.007017543859649113,-0.004260651629072671,-0.002213868003341694,-0.005179615705931478
44,5,-0.0026733500417710785,0.001503759398496244,0.0010442773600668456,-0.00551378446115285,-0.005472013366750212,-0.0014202172096909101
44,Aggregated,-0.0002317520219205627,0.0017393888563221908,0.004762649364081853,0.004935820609038022,-0.006090834997224194,-0.007538263658867285
44,Centralized,-0.00024824162184525027,0.0017307957523100353,0.004757964418700907,0.004826920424768978,-0.006068128533995296,-0.007481726658391979
45,0,-0.0020932069510268465,-0.028475513428120037,0.0019747235387045847,0.04877567140600307,-0.00035545023696682213,-0.034044233807267156
45,1,0.006808688387635737,-0.009356725146198822,0.00526315789473683,-0.005931495405179605,-4.177109440267982e-05,0.0032581453634085195
45,2,0.005346700083542182,-0.005680868838763553,0.002715121136173767,-0.0017961570593149365,-0.002213868003341686,-0.0008771929824561255
45,3,0.003926482873851269,-0.0051378446115288015,0.005179615705931488,-0.0047201336675020775,1.8503717077085942e-18,0.0007518796992481007
45,4,0.009106098579782774,-0.00931495405179612,0.005889724310776924,-0.007268170426065157,0.0011278195488721942,0.0004594820384293982
45,5,0.010985797827903068,-0.010233918128654937,0.005889724310776936,-0.00664160401002506,0.003299916457811175,0.0017126148705096187
45,Aggregated,0.0055869070483509295,-0.011571738778826378,0.004455247128874318,0.004276283709612284,0.00029488363994653317,-0.005140585630911002
45,Centralized,0.005606123293338862,-0.011529444214591091,0.004461453592607896,0.004164942766514941,0.0002965108260929612,-0.005068266446007442
46,0,-0.003159557661927351,0.006358609794628747,0.005371248025276484,0.036611374407583004,-0.012282780410742496,-0.023420221169036297
46,1,0.0005847953216374306,-0.0012949039264828679,0.006683375104427718,-0.0005847953216374227,-0.00037593984962404624,0.002506265664160407
46,2,0.0023391812865496994,0.003258145363408492,0.004761904761904725,-0.004845446950710078,-0.0018796992481203013,0.003884711779448608
46,3,0.001127819548872161,0.0025898078529657384,0.0029657477025897975,-0.0031328320802004993,0.002464494569757722,0.004010025062656639
46,4,-0.00037593984962407215,0.000793650793650795,0.0007936507936507945,-0.005472013366750202,0.006223893065998331,0.003049289891395157
46,5,-3.7007434154171884e-18,0.002213868003341675,0.0032581453634085316,-0.00459482038429408,-0.0016708437761069235,0.005806182121971587
46,Aggregated,4.714139339802e-05,0.002368279525479389,0.003989115354614405,0.0033998816403584416,-0.0013856986690432831,-0.0009664004929122662
46,Centralized,5.5164804854499856e-05,0.0023582954075299823,0.003985657150737824,0.0033167838918769757,-0.0013584333195421387,-0.0009102192800992919
47,0,-0.004660347551342825,-0.006951026856240123,-0.012006319115323863,0.04691943127962095,-0.004146919431279604,-0.012045813586097997
47,1,0.0024644945697577234,-0.0048454469507101285,0.0050960735171261574,-0.0005012531328320777,0.00401002506265663,-0.006223893065998356
47,2,0.008813700918964072,-0.005722639933166243,0.0009607351712615005,-0.0020885547201336657,0.005304928989139516,-0.00225563909774436
47,3,0.001044277360066828,-0.006265664160400993,0.005137844611528793,-0.002255639097744353,0.0005847953216374358,-0.00827067669172931
47,4,0.0010860484544695354,-0.008145363408521284,0.007435254803675848,0.0015873015873015795,0.0011695906432748482,-0.005639097744360921
47,5,0.0038011695906432757,-0.008145363408521279,0.0011278195488721794,0.00020885547201336026,0.005680868838763568,-0.002673350041771098
47,Aggregated,0.002010615308373923,-0.006682508841044985,0.0011324821956258321,0.00778650830587546,0.002025653520058965,-0.006255007597968095
47,Centralized,0.0020273065784029813,-0.006681836988001642,0.0011653565025513673,0.007688594676596334,0.0020410977796165857,-0.00624051854916563
48,0,0.003949447077409156,0.008293838862559253,-0.007345971563981082,0.04577409162717206,-0.02748815165876771,-0.03266192733017376
48,1,-0.005137844611528807,0.004135338345864633,0.0016290726817042597,-0.0006265664160401105,-0.0017126148705096263,-0.0007936507936507977
48,2,-0.006056808688387599,0.0018379281537176237,0.00329991645781118,-0.005096073517126139,-0.0002923976608187239,0.006307435254803647
48,3,-0.0017961570593149642,0.0007518796992480935,0.004093567251461986,0.004135338345864656,-0.0021720969089390274,0.0050125313283207835
48,4,-0.0006265664160401072,0.0029239766081871252,0.0037593984962405952,0.002297410192147036,-0.0025898078529657544,-0.0007518796992481221
48,5,-0.004093567251462015,0.005722639933166228,0.0013784461152882177,-0.0017961570593149573,0.0020050125313283125,0.004302422723475342
48,Aggregated,-0.0022187413075771406,0.003996409654215293,0.0010340594009481754,0.007907460755071464,-0.005640102017894839,-0.0034519299917689333
48,Centralized,-0.002234174596607387,0.0039856571507378025,0.001055026892842381,0.007812715487518936,-0.005585436491518404,-0.0033788442973383273
49,0,0.001461295418641378,-0.019984202211690415,0.007227488151658785,0.03353080568720379,0.003515007898894143,-0.025750394944707728
49,1,0.005806182121971585,0.005346700083542225,0.004302422723475349,-0.013116123642439427,0.0002506265664160469,-8.354218880534115e-05
49,2,0.0057226399331662394,0.009064327485380106,0.003508771929824549,-0.012071846282372583,-0.003801169590643286,8.35421888053578e-05
49,3,-8.354218880536859e-05,-0.0007518796992481258,0.00020885547201337506,-0.013575605680868803,4.177109440266903e-05,-0.0008771929824561302
49,4,0.0030910609857978124,0.005722639933166226,0.0015873015873015836,-0.011319966583124477,-0.0030075187969924823,-0.0010860484544694972
49,5,0.004469507101086041,0.005973266499582286,0.0038847117794486388,-0.014912280701754356,-0.0011278195488721948,-0.0007936507936507798
49,Aggregated,0.003387815195622616,0.0006448401862291939,0.003498504116310484,-0.0047793346661072714,-0.0006377958178371596,-0.0050029529557733855
49,Centralized,0.0033926354985519373,0.0006964556612880974,0.003489173907047312,-0.004875189629016689,-0.0006481864570404137,-0.004951041235691619
50,0,0.008688783570300125,-0.011532385466034772,0.006358609794628755,0.042693522906792986,-0.01982622432859409,-0.026382306477093245
50,1,-0.0053049289891395025,0.003216374269005842,0.0004594820384294059,-0.004636591478696746,0.0012949039264828618,-0.0025480367585630965
50,2,-0.003926482873851294,0.00818713450292394,-8.354218880534485e-05,-0.0023809523809523725,0.001712614870509608,-0.008521303258145357
50,3,-0.0015873015873015984,0.0001253132832080228,0.004218880534669993,0.003508771929824534,0.0027568922305764338,-0.0015037593984962708
50,4,-0.007769423558897198,0.002297410192147028,0.005221386800334174,0.0003759398496240555,-0.0016290726817042597,0.001503759398496243
50,5,-0.00513784461152881,0.0030492898913951436,-0.0023391812865497163,0.0008771929824561394,-0.0009189640768588341,-0.0030492898913951657
50,Aggregated,-0.0023719940817186255,0.0007415968058094579,0.0023545227448053207,0.007170662793279748,-0.0029727988445873432,-0.006985506518699707
50,Centralized,-0.0023996690111708755,0.0007723072679630365,0.002344504206316385,0.0070817818231967925,-0.0029306302578954754,-0.00693697421045378
