Round,Evaluator,2,4,1,0,3,5
0,0,,,,,,
0,1,,,,,,
0,2,,,,,,
0,3,,,,,,
0,4,,,,,,
0,5,,,,,,
0,Aggregated,,,,,,
0,Centralized,,,,,,
1,0,0.03364119427686035,0.06852990454698682,0.07422199057411774,0.09235640176447837,0.11705251492827728,0.13342235154973098
1,1,0.0562766090863945,0.10175273239935174,0.08779514169477386,0.046737182084980206,0.14240553000379338,0.15859549771357317
1,2,0.0579917534880581,0.10167855014978683,0.09034681681843194,0.058730264289141736,0.1435506706160043,0.15779078081112752
1,3,0.05088427830000638,0.08908117155581707,0.091623729049799,0.06951415791072191,0.14295075799053145,0.1587698300200978
1,4,0.04142563200463636,0.10481536050453337,0.10442799087439608,0.056555411957634916,0.15379916712001526,0.15107502556520103
1,5,0.038350355593930574,0.08473346512115047,0.08735765649331417,0.05159668724879687,0.14887067971294088,0.16851409153655794
1,Aggregated,0.04627501176949241,0.091486652410582,0.08911485218874728,0.06293862388028358,0.14114588393644878,0.15443958427550947
1,Centralized,0.04584195355680416,0.09079856618660773,0.08864065827382853,0.0636143167382331,0.14019680942751617,0.15332869534399798
2,0,0.01519612267902912,0.017326854677712885,0.04281294627455298,-0.04929837004392658,0.02696241309060548,0.013042241422147278
2,1,0.03786314486076992,0.03588851386076733,0.06179432786104344,-0.07459159884172192,0.05071386078522525,0.03651075028112544
2,2,0.034388356009198234,0.03198461816343836,0.059213217702737804,-0.09103170881223023,0.05538731870087486,0.02918008374404124
2,3,0.015966600589553934,0.025682664234192916,0.06176421950033156,-0.0824903406244999,0.03771089789446237,0.03049929782417657
2,4,0.02094731406800526,0.024013816919559956,0.0528251942938926,-0.08172764601185445,0.05444480064117121,0.03321179195604692
2,5,0.03937647517327627,0.0360360441139212,0.06533911471580807,-0.07046200042577304,0.05562514960150269,0.03458772043005551
2,Aggregated,0.027144691319604508,0.028354943036084327,0.0571179342751086,-0.07462629521991489,0.046569504763322216,0.02930795476153081
2,Centralized,0.027120261931884417,0.028237714359574003,0.05654684955164914,-0.07288495485346508,0.045821805667018774,0.028608777284810413
3,0,0.006844615582510353,0.021759605922144248,0.037597008160584845,-0.005980380192089344,0.024745249185749617,0.0193620740085792
3,1,0.014613573830403579,0.019698087414004514,0.04172567265683649,-0.021203920218627274,0.02305894461005533,0.016093953549333455
3,2,0.019881832774372,0.022340989246465756,0.04403102976785494,-0.027677391010472816,0.03726915498173948,0.021368224966777087
3,3,0.02108060375487012,0.031061489845797787,0.03702773058224438,0.001846395717910987,0.04208415219543352,0.027086052692116416
3,4,0.02656539748973858,0.022579987810655296,0.040439813773142506,-0.013894940642635249,0.042196598456869495,0.023911631930554202
3,5,0.017888551997555548,0.013925806273467931,0.041173290575247726,-0.03932937771863466,0.030082851287148795,0.026889421893688162
3,Aggregated,0.01768094695665451,0.021892712705176825,0.04029963205174791,-0.0175660282523591,0.03313766270404317,0.022414852384318132
3,Centralized,0.017301257265117696,0.02138577050386094,0.040079381149921295,-0.017363878522770812,0.03231417791006226,0.02198363634318116
4,0,-0.0032720701403385647,0.008963406949208906,0.00705136601128189,0.024018217349965277,0.004075681039546199,0.00620692387488447
4,1,0.006164946770873345,0.003279016208318983,0.01152941279191996,-0.009235713076988145,-0.001257785675226173,0.014937163282632678
4,2,0.00251887770170016,0.007354417176400399,0.010664606453566322,-0.017844247869618753,0.006951704767137898,0.00708435304991821
4,3,0.009879861849483864,0.010157177707447142,0.0065270078051385925,-0.005032574305180234,0.0035947501135606377,0.003868613963808979
4,4,-0.001009185313952064,0.00269467631281059,0.00645754836984673,-0.028714500678596194,0.0008824362032084514,0.019798110935942522
4,5,0.0018410448705921101,0.009230997587827831,0.01433654499379151,-0.02367431082511346,0.005029969934689207,0.033954473823457114
4,Aggregated,0.0026158056035851694,0.00697079264585327,0.00939925964496775,-0.009671745476668858,0.0032231370458793655,0.014211154082816946
4,Centralized,0.002178434785719954,0.006800369607122292,0.009407694456279047,-0.008962913429554646,0.0028519776877556197,0.014603569454259183
5,0,-0.0312875326635068,-0.03382169197397884,-0.004183576306674614,0.012681899061222666,0.011873617642091213,0.009363547703522464
5,1,-0.024653132554174867,-0.020023162617363807,0.008000644169708639,-0.018457677444773713,0.015444648115322925,0.0117714235189673
5,2,-0.0264799670271356,-0.02303728397495599,0.005945158282731849,-0.017214379637857758,0.030295034261610752,0.011396700409922817
5,3,-0.026166465703794085,-0.024361957350929744,0.005313164761885352,-0.018728927144734994,0.017824865451951326,0.011437770803594842
5,4,-0.016827936257671632,-0.011407342640085576,0.005340166586006165,-0.015488997484676255,0.01914293158659756,0.00935289657025475
5,5,-0.026008382985471663,-0.019346258741068635,0.00042636144440378856,-0.0231206420577579,0.01878347233594437,0.014244994713824677
5,Aggregated,-0.025309767225177797,-0.022141339402302177,0.0033818581977459097,-0.013075593074321608,0.018809933333403264,0.01123847294102889
5,Centralized,-0.02574483344079725,-0.022602348874642367,0.0031648792787669646,-0.01225768386328189,0.018670191149532018,0.011136081470378268
6,0,-0.0063793031749704455,0.009688373476690597,0.0072806753897874206,0.04149187852146718,0.003046142886168577,0.003060514915259381
6,1,0.007195252713246299,0.018121548991846374,0.020119523514412617,0.007238940045844346,0.020672504885807273,0.0057111267431896266
6,2,-0.0015647496147900028,0.010349623270307683,0.01516590746183217,0.006747375246152595,0.025196425832032313,0.00331911168175368
6,3,0.008247001612889653,0.013218735421067126,0.009122151777295497,0.014802034590955662,0.0208409134596763,0.0029088097682656326
6,4,-0.002828308812213795,0.018529308803858394,0.021114336156602853,0.006241615674554198,0.012131145938972306,0.012395742252042876
6,5,-0.00012752682661211213,0.01412987458907668,0.026196371679577776,0.00591137633242687,0.014289042359268212,0.012662089481078387
6,Aggregated,0.0006715101638492635,0.013954481407440435,0.016389308355277795,0.014071573466603577,0.0158737195672241,0.006632887208163633
6,Centralized,0.00013555148917152715,0.01417202174916948,0.016613855613507443,0.015029129153181274,0.015686701075215588,0.0067959178379245035
7,0,-0.012262811568848814,-0.0007433645328343501,-0.008560469652076214,0.0020772831826247696,-0.010712027511057173,-0.0033259012041243928
7,1,-0.012844135281428184,0.005477519800924728,0.0017002101487442673,-0.02854059858208695,-0.01524647418046481,-0.002012535161666666
7,2,-0.003006077206896576,0.015748357640986404,-0.007680976107195092,-0.04232362401413092,-0.009021538530907171,0.0018386746589696425
7,3,-0.007954518070190207,0.009989159658667738,-0.00225111120006442,-0.027572438623822512,-0.003045291186599559,0.0008628291357265067
7,4,-0.009186288926678497,0.011015721384711668,-0.0046430747655077645,-0.04846582858865472,-0.013008925412937073,-0.0027522222979200787
7,5,-0.010591877496742478,0.015376512415942125,-0.005340586233303284,-0.04619127791648277,-0.01360573379809721,0.006500112404915355
7,Aggregated,-0.009343044986627247,0.009354792066597046,-0.004511792463944151,-0.03142952694362904,-0.01077259685381925,0.00014306895043431702
7,Centralized,-0.009541130597398608,0.009308746807742931,-0.004904100882160026,-0.030910426150098747,-0.011075322860740774,-1.0590645428583863e-05
8,0,0.003263875082751584,0.006075513858240421,0.0060074664901733224,0.016153452550199194,0.002167127451055429,-0.004832266393131904
8,1,0.011160950922139323,0.015298372047691513,0.018144499243583842,-0.02599771853744287,0.009239724624110945,-0.0005805698407183177
8,2,0.01317205281020577,0.01770763300828044,0.025342603497818673,-0.04057873023814526,0.01565397070674446,-0.0052271068943230995
8,3,0.007314633236799185,0.00882228718277528,0.017077819209329506,-0.02207674640877305,0.01160456473554804,0.004250321585607755
8,4,0.017442853596487243,0.021994238570652344,0.026634401351562885,-0.03467442099874817,0.021978105417864227,0.0019261999965216364
8,5,0.011151682293927899,0.01098502118327532,0.023700931802336664,-0.03251768226043311,0.0155180189341276,-0.0006946782254060868
8,Aggregated,0.010496583486663952,0.013391739780943818,0.019323055984774313,-0.022809221945538156,0.012567394008551903,-0.0009073066690425514
8,Centralized,0.010480094213115274,0.01360933123275291,0.01923598625809971,-0.022083313251549663,0.012611906344942914,-0.0013681993990540264
9,0,-0.004420674036950523,-0.00693201214735464,-0.005606574891788616,0.03340275511377451,-0.008275527025283893,-0.006811232118963976
9,1,0.002857211849946531,0.013010889299341553,0.009259385025488096,-0.0054266760414628116,0.0011186828891062092,-0.0028545219768361125
9,2,0.008262175431365008,0.005173502830342283,0.009328752965286624,-0.011464865673060147,0.00584437299543443,0.000994618137178145
9,3,-0.003870118645015393,0.011550529892190941,-0.0015731066675409575,0.00355172762848561,-0.00041739470101650496,-0.0031789266105309855
9,4,0.0014727622590085122,0.00825018409285081,0.005274028053114227,-0.008640488391255976,-0.004403883536551206,0.0036160408346361866
9,5,0.0014105653369953922,0.004938826774781461,0.010568312969281027,0.004568845171683173,0.0009231907912504386,0.009681455490772987
9,Aggregated,0.000887579507249458,0.005843640482747119,0.004420140740865696,0.003033698285125927,-0.0009572228418953214,0.00015669385154379263
9,Centralized,0.0006709079621948576,0.005504357542918184,0.004394486831443081,0.004017668252912465,-0.0013004363389628962,0.00022695230950217854
10,0,-0.0115386026364227,-0.018399677870767347,-0.004205425522532911,0.04011848461283574,-0.005846334166279069,-0.005981664873206601
10,1,0.001396943405285664,-0.011584384672861965,0.008634154539513288,0.0020947075765314397,0.004918693794071493,0.0035246254664261763
10,2,-0.005227283594422518,-0.023499593149742298,0.006791271837625276,-0.0006392882068341418,0.006114103369717383,0.008222323759905788
10,3,-0.006968364689220347,-0.007253489826732996,0.006499646018952461,-0.0010736466469567327,0.0008177696347995188,0.0025913006481801024
10,4,-0.005160358185975529,-0.0250264294479888,0.00704681043634641,-0.008943674071941445,-0.002496388432903757,0.0029124630093578193
10,5,-0.009336240238146911,-0.025863391315190505,-0.0037143059639357513,-0.007434653953850235,0.003337638685571121,0.005786525261956648
10,Aggregated,-0.0062037150122205885,-0.018602039037772734,0.0034162149589644945,0.00445306676315371,0.0010571506016100317,0.0027368102057526203
10,Centralized,-0.00653219352397677,-0.019087058471986742,0.0030848015735242193,0.005796285898007675,0.0006218607412461518,0.002477719534600302
11,0,-0.008493942101710002,-0.012749805628578473,-0.001032898238141171,0.04270310156436789,-0.0024051197358819732,-0.0029276150333608147
11,1,-0.0034802378152282228,-0.011493502560199325,0.004543423953965279,0.009281184864364023,0.009118631488283607,-0.004402214426059699
11,2,0.001975132865490161,-0.003807449779343555,0.010053348302518162,0.00476734479134071,0.0061652274034345094,-0.004663075648613642
11,3,-0.010315677962557087,-0.010219704840096353,0.0059331897310987425,0.015179406201304755,0.009996999448415646,-0.002074797706173001
11,4,0.0016487627292596527,-0.005005793179112495,0.011409384749009316,0.011715078252326415,0.009837702970620905,0.0052628218524006795
11,5,0.00036038492802626017,-0.0037599247165801923,0.013312221844343927,0.019321595455252902,0.001770670863257418,0.00013201729174900184
11,Aggregated,-0.0031161804590606806,-0.007898229890347159,0.007269047002310581,0.017467480789073037,0.005649620143244618,-0.0014632451635179524
11,Centralized,-0.003375675189503513,-0.007979910441112,0.007185908054620859,0.018458398837492146,0.00546910347436313,-0.0015204280558241585
12,0,-0.020500480340588906,-0.009578553129279683,-0.0077082137762596375,0.04322752411212287,-0.01162900598446067,-0.016445446736382388
12,1,-0.01684725525791387,0.004289324384989293,0.007813281328930992,-0.037179651042574084,0.0030492166178463743,0.0016596408561395733
12,2,-0.0189316474236858,0.007867966232391044,0.010259213398665186,-0.04487598436590669,0.006852946911459031,0.006250957335484023
12,3,-0.016539237450348937,0.005683813727971943,0.0071066865380735944,-0.026089784839833815,-0.0012623534680183395,0.004271694348718757
12,4,-0.01794006758046334,0.007476476412411159,0.010449833582052453,-0.050966626439466645,0.002865060360545739,0.001139379933384262
12,5,-0.023054954453832262,0.013008260856222776,0.0066655837263308836,-0.043602204302544106,0.004060860141685752,0.002055005830042568
12,Aggregated,-0.018987300536759965,0.004618949797879891,0.005602887641213294,-0.02574425427014142,0.0005088465164513952,-0.0003731408832624028
12,Centralized,-0.01944915297760357,0.004141224149459649,0.0051089742727233635,-0.02390840515915215,4.77896831083439e-05,-0.0008016741017004722
13,0,-0.0047067479481380506,-0.004279965162427995,-0.00022878247137102668,0.048123219348261456,-0.0030362256600409095,-0.00934510336705149
13,1,-0.00014193188699187508,0.006712695832450555,0.020445523437488705,-0.0007948410404606359,-3.348557267033345e-05,-0.0030436639130516046
13,2,0.00926516993428147,0.012384225162275175,0.014414837750561632,-0.0026262471465328873,0.0020828825691398484,-0.005666400546118277
13,3,0.001362316929291152,0.005679844234101312,0.015818258570193717,0.001949713546961549,-0.001296230582211568,-0.0023188060256021078
13,4,0.01169530059675163,0.01951437749318129,0.019893897802926847,6.725420498682435e-05,-0.0016634889438553438,-0.001547365753830633
13,5,-0.00048604369533032654,0.009459385855571014,0.011173708582990726,-0.003566560268683579,0.002323343044711708,0.00238725713095143
13,Aggregated,0.0027409772518097826,0.00809494334430401,0.013420625949792073,0.0076827726461068425,-0.00030368933330924934,-0.00332868048783028
13,Centralized,0.0023635849584296223,0.007998182834191297,0.013259045542430117,0.009454992352776928,-0.0007868328793429046,-0.003867695168299738
14,0,-0.01043735183753493,-0.011035109916492435,-0.007935914360858219,0.0564097060039717,-0.010325548628950984,-0.016022523386727466
14,1,-0.0019990449691759745,0.002879405743781582,0.015259778499660613,0.0008146303556743364,0.006902207309820548,-0.00952634293479744
14,2,-0.0007966867144146125,-0.002056447823191987,0.004722232997050181,0.004983434524431046,0.007754125905459421,-0.008498233328845957
14,3,0.00154780489641686,0.0011905912407620567,0.01097838212788456,-0.0016180265356454686,0.0037613522752890545,-0.006746930845390806
14,4,0.002572195105607967,0.0026629662322329947,0.009554196727836785,-0.004708186489649702,0.001707552567438922,-0.012416667307559835
14,5,-0.004961463923739379,0.000556029191628508,0.006182784312290051,0.007067908167619477,0.0074613141624265715,-0.005562857826695829
14,Aggregated,-0.0024427600321797107,-0.0010877897147223883,0.0062876620723509285,0.011042044743988833,0.0027185636115039527,-0.009870241125862725
14,Centralized,-0.002896506971367769,-0.0013850056084220926,0.006081103061825822,0.013051111137587751,0.0025555402848102264,-0.01043301059380722
15,0,-0.013451914849012267,-0.009062843549382785,-0.006498273867446873,0.03549799375049552,-0.005046140850491322,-0.006667999674320127
15,1,-0.004718714164157382,0.004728002372752809,0.003441554903283842,-0.00667601951417137,0.0008476232983052374,0.005154857553248559
15,2,-0.006997737939367219,0.003709971039260545,-0.0021167762181549302,-0.02139071418604634,0.010747251504805315,0.0033387828615848844
15,3,-0.011480288202625031,0.010249625092131863,0.004368284089520345,-0.0030020331323525867,0.0007306385365156191,0.008064434042721638
15,4,-0.004366070297436281,0.003421879512090477,0.0072479858135381285,-0.00044138433835379996,0.0008567712856783501,0.0020996202576697783
15,5,-0.008269228892103927,0.004700904770570138,0.001124909577968716,-0.013450530253140948,0.005869994139325541,0.009494895565772106
15,Aggregated,-0.008276784668005206,0.0028138181102657063,0.0011682590830781306,-0.0011326577687520117,0.0022458788304774956,0.003457902786122601
15,Centralized,-0.00849252085588378,0.002495679961989679,0.0009281676917926427,3.936682335617762e-05,0.0022103822843665875,0.003371711846934797
16,0,-0.026728349196488286,-0.012639338107270798,-0.01710302637736608,0.0884399879391861,-0.015495955798676778,-0.027909380200170208
16,1,-0.0004076717453239805,-0.0023292172162022455,0.003452551531420358,0.0030356567672314193,-0.0005458384401404134,-0.006191131455186665
16,2,-0.0019128987295218428,0.0018118000793979306,0.0031879859921305543,0.0043525613458239385,0.006343451948622561,-0.01290294200155594
16,3,-0.006113889615552242,0.0045742929072871644,0.0015364445611317646,-0.0018218367465980012,0.0013119787645605539,-0.008592811715927393
16,4,3.589183549884134e-05,0.00147963637523083,0.006206037398167472,0.0022590605839515883,-0.003717320519380609,-0.009018616234475635
16,5,-0.00822606795161635,0.0025115960833255206,-0.0003834104215576321,0.00184999919764036,0.0034901381757253135,-0.011505949532383984
16,Aggregated,-0.00745929798630003,-0.0009075522299857721,-0.0007160668705905946,0.017216756326822714,-0.0016041468002384145,-0.0128692936016609
16,Centralized,-0.008199160536427165,-0.0015767411998707812,-0.0014768804144302077,0.020472863675465212,-0.00215582917743452,-0.01341810889277358
17,0,-0.01625431816988977,-0.003258121274417218,-0.00660986987131119,0.04431146844721864,-0.003562012911077768,-0.008269840601552244
17,1,-0.010098694542329758,-0.0006371926529127014,-0.0026579628165090945,-0.009064256681781357,0.0013312705573763277,0.003630077029405882
17,2,-0.005205866070414008,-0.0034114284042978996,0.0031787550284442623,-0.007194028392594265,0.004981991607315732,0.010737219325532791
17,3,-0.007877428453824624,0.003475016456647235,-0.003316705085161118,-0.005977335747748003,0.0012178780350640492,0.003846525372112158
17,4,-0.005542408786398501,-0.002385220337542747,-0.0031664036119168613,-0.010650356759229611,-0.0024572671737888812,0.003945272906878048
17,5,-0.008478166933114196,-0.0032304420486916345,0.006395034202992505,-0.010793850713716897,4.336300633710427e-05,0.008944161537866684
17,Aggregated,-0.00899753049478642,-0.0015947472064767965,-0.001096422595822149,0.0006352177553570785,0.00021339506115475727,0.003660809103506308
17,Centralized,-0.009416916592479927,-0.0019807812230257034,-0.001514653926323421,0.002200048275740816,-0.00021864191424352314,0.0033370923463957375
18,0,-0.022984175006278196,-0.018713855228512676,-0.006293891478346303,0.09911273406784697,-0.01396509058676645,-0.022282641317388666
18,1,0.002727290081100032,0.006578575428900569,0.008767807158219716,-0.004479963712733862,0.006912000118675119,-0.0029956327872305583
18,2,0.004829840484670885,0.003698290888378316,0.0009277675685922939,-0.005789849191960797,0.008702997591181327,-0.0035030596282599057
18,3,-0.003694017923254506,0.00627477514960382,0.00720541918787659,0.008728718449750492,0.0007953494014268018,-0.001146773988498392
18,4,0.003575677467297219,0.007797891995043475,0.008450354680111441,0.005193784217600169,0.0024644818187476,-0.000869165658465058
18,5,0.00045045956400514966,0.005926150942216034,0.009142938221900704,-0.004402877949359433,0.0027788584173551803,-0.00023015752883899973
18,Aggregated,-0.0027611957632791193,0.0016795290506567936,0.0045682701970016,0.017385393727828165,0.0010986572883792168,-0.005376370187069275
18,Centralized,-0.0033792685465318033,0.0009612427865574082,0.004144666697256525,0.02069088228290347,0.00042165373433600457,-0.0057602440250539835
19,0,-0.00754667530627686,-0.011081790633975087,-0.009005664431613318,0.03981717038196693,-0.0034602174989558625,-0.022172135973469946
19,1,0.00594599226051131,0.010677498033769502,0.00345079597661398,-0.02064823642709675,0.0052250838304888,-0.0012648720996062321
19,2,0.002086038506948495,0.008259688272644807,0.006892674435099655,-0.01402938709429824,0.007568754951762832,-0.004654340080039756
19,3,-7.061911329983758e-05,0.004035659410782728,0.0004460956886663697,-0.013810285343273667,0.0027473149467275746,-0.005709749723738423
19,4,0.0029705838036995897,0.009202454495143276,0.006483454048863497,-0.01889202177165601,0.0004356693642552506,-0.006479501714885261
19,5,0.001905973648354827,0.009866492928699983,0.00027426476315950594,-0.008286795753666597,0.009712315438753569,-0.003276219634327614
19,Aggregated,0.0007808406503640156,0.004965293632008205,0.001298577225511962,-0.005425969800938136,0.0036189256146759888,-0.007438243091020702
19,Centralized,0.00047652065724619147,0.004606842618735145,0.001031972536077847,-0.003991429034969662,0.003266701128958999,-0.00803575536327594
20,0,-0.018370431052909145,-0.013100689215742351,-0.0062532815649874824,0.08966188030711948,-0.014847188174288813,-0.027872482633362314
20,1,0.004545209732764893,0.002656367532626553,0.0069218075028889756,-0.0190324614520676,-0.002425703863751048,-0.005192956531043983
20,2,0.008550746680431216,-0.003391630802258655,0.001748956263076277,-0.021741271274461762,-9.528294703669929e-05,-0.003447102685108327
20,3,-0.00042604685276495275,0.005864056844599415,0.006381128515228473,-0.003292418052336184,-0.002609659419904355,-0.009294784005511666
20,4,-0.00013523839660387583,0.002929991257725511,0.001426958407973833,-0.01385050936640686,-0.0024225404523308884,-0.009901589709353311
20,5,0.0006601482728795221,0.0006365822027180067,0.0015913210027847413,-0.010964195574190858,-0.00034028748425841694,-0.008349970192362922
20,Aggregated,-0.0010724860013708918,-0.000882469740239981,0.0018709071033781396,0.0044968512652854824,-0.003922662771289002,-0.010882626833669739
20,Centralized,-0.001763931097843384,-0.0013107435111465633,0.0016137553828899421,0.008166114961928593,-0.004339849441587761,-0.011414203869069169
21,0,-0.01698457466122227,-0.010936558389799454,-0.007395448799396914,0.05383975777580442,-0.004397102883823358,-0.017708554642713356
21,1,0.001176472227524397,0.005633636104515072,0.007364778752482105,-0.0029898503131167357,0.0017311311894806446,0.0023346289501698578
21,2,-0.00341586290316135,0.005083798935799988,0.0065542327654507845,-0.002501821834896631,0.008041343444629681,-0.0017010908722455535
21,3,0.005898011790533595,0.0014350821303609125,-0.005974163616827534,-0.012570334239887017,0.00518791748862827,0.0028475179523022223
21,4,0.00631160693245706,0.005567420787558836,0.0007244211068409205,-0.01011861935498442,0.0018274698022983963,0.001514654532978108
21,5,-0.0025144314964848503,0.00014745884731152712,0.003130432356020579,-0.007774502359424297,0.005015661229997538,0.001252439303320302
21,Aggregated,-0.001772702452005917,0.0010101843138708134,0.0006365856598073748,0.0035904697480760557,0.0028135794606381228,-0.0020994599164045474
21,Centralized,-0.0026567385757927434,0.0006169265663506911,0.00035696242556229054,0.005919621038262975,0.0023362182806896804,-0.0030017724305628434
22,0,-0.006255159065971261,-0.01804610338359133,-0.010525301445294838,0.1129813310920083,-0.010692726137809097,-0.005334000093248926
22,1,-0.0031708873845244807,-0.01625592874141478,0.01049270615003711,-0.013175015953390044,0.010085677073813628,0.0006780266345963225
22,2,-0.0087078369802763,-0.020251589726572847,0.012222141130934021,-0.017138805199440534,0.007049971181347988,0.002892798682100707
22,3,-0.002151982685854032,-0.004749421727067169,0.010478680306257211,-0.016372184390670473,0.010870234933646538,0.005541991034256266
22,4,-0.0005008424483306462,-0.014482991342973425,0.01616825262966726,-0.020022182483519134,0.012218612180062956,0.005255577088057733
22,5,-0.005179502635735869,-0.009612738478434829,0.011006332431614134,-0.011203232336952156,0.006548923354686721,0.007713362149003791
22,Aggregated,-0.004350808246792358,-0.013949501554490902,0.008081371724262121,0.0071293369211875065,0.00581317493929125,0.002693886476458466
22,Centralized,-0.00473761210746413,-0.014483766577629446,0.0077147880900999355,0.01182806751438825,0.0052293043313970744,0.002387392817918632
23,0,-0.01968068321601683,-0.020577271070509256,-0.024882447543306985,0.06845202687744456,-0.0332681683750821,-0.02111683182950552
23,1,0.0012459477502975735,-0.0008768862672891897,0.0034015651981988354,-0.003933940096310998,0.0039055693396221774,-0.004879998512254416
23,2,0.012035922206188841,-0.0009624876309522986,0.001651582257279309,-0.004919450033585704,0.005271441897310911,0.005087387378231544
23,3,0.006953878816726556,0.00037344283103797523,-0.0008359290162938083,-0.00036840217776501114,0.00011509289765331647,0.0028499457781599666
23,4,0.007041761612337518,0.0019000066022675085,0.0023250798487218544,0.00019287656368719523,0.009568967004346183,-0.00345977501310277
23,5,0.002537906627432476,-0.00018509628457325327,0.0025631070917960155,-0.0014484066881268569,0.0036628608496040303,0.004158640418672291
23,Aggregated,0.001432940814792923,-0.0035941132412712247,-0.0028962755449422626,0.010367220884385684,-0.002168058259956608,-0.0031119008861048144
23,Centralized,0.0006131858657771473,-0.0045881908018020326,-0.003724677672005718,0.012828397507328157,-0.0035344292010648986,-0.004001075177367557
24,0,-0.008441285346547133,-0.008636353419662587,-0.008728315084454714,0.10650813167898919,-0.006493022043581539,-0.025957846705906906
24,1,0.00500439914048363,0.005306366260470151,0.004730000926346649,0.0019645730779204724,0.004647029541633839,-0.0023653332256398894
24,2,0.005721232612710468,-0.0029727536412440685,-0.0014997483644476448,0.011504908173879915,0.004202841715018214,-0.00168663411570843
24,3,-0.0009869808717187512,0.0021970456165592667,-0.005972622669174216,0.005494450522534802,0.0007126480805361268,0.0016866185777440034
24,4,-0.001008867304865522,0.00608140439449009,-0.005760419432703722,0.0006773821895358282,-0.001831214382931227,-0.0013759304077351467
24,5,-0.0014115374841506825,0.0019025354390704969,-0.003510685355467596,0.011075828753383832,-9.94264240384568e-05,-0.0016406705460964121
24,Aggregated,-0.0002861236042697998,0.0005350926593941268,-0.003520158004695816,0.02387352345300909,0.00010969555080687303,-0.005471865405513039
24,Centralized,-0.0006388046424081991,0.0002579364348628136,-0.003726723319635478,0.028025480090123806,-0.00021969473889082807,-0.0064235193777240655
25,0,-0.013955653463322946,-0.03176750643797853,-0.021770684681655793,0.09380794786917623,-0.024023235065008974,-0.03071564466443496
25,1,-0.004221938228546265,0.0020711702339753324,-0.004542089652245586,0.00015903498381809045,0.005530067937818565,-0.0026430171426034287
25,2,-0.0020284413637091823,0.001346990996247787,-0.0026156045950104234,-0.0022414262501383223,-0.00018506195452252516,-0.003626793601111505
25,3,0.0009705135528644008,0.001197043871945149,-0.00020763988495931652,0.003991063394740204,-0.00216324034493627,-0.0038868953918676234
25,4,0.00388106270063202,0.004355120280086097,-0.001129713543707322,0.004197306293296806,-0.0016330883342352092,-0.00042208880966734466
25,5,-0.005032783977299512,0.004244321751085781,0.0009859251342404242,-0.0013292835728265786,0.0025226130163523352,0.0014094254184216387
25,Aggregated,-0.0035244402564381517,-0.003435903815488147,-0.005082453986173912,0.017358372276847892,-0.003573450928575238,-0.006936031543622818
25,Centralized,-0.004078473755387621,-0.004621631895510139,-0.00614634512271885,0.020832360662515655,-0.004170486582748467,-0.00799924357673785
26,0,-0.015707335826254217,-0.012131602482858717,-0.012668625996476423,0.12710095775313734,-0.019332711434834636,-0.027071635302555356
26,1,0.0005553711464373803,-0.002165249091825452,9.436408787154849e-05,-0.0065524409125306046,-0.0020109664069863126,0.000767447375551407
26,2,-0.0023601014396793124,-0.0009139454520136186,-0.00485376350045763,0.004245532988724476,-0.0017053562776330152,-0.00672086927176172
26,3,-0.0023396502860849465,0.0008567455122665216,0.0006305218244204584,-0.000918499703381001,-0.0010708622860692368,-0.00038953364274279254
26,4,0.002163935482872367,0.00013813675127971294,-0.0011559308852631912,-0.005981392681644923,-0.0020291360569777315,-0.0058570512530603126
26,5,-0.00444414520882166,0.0028842376651425886,-0.0037301072976533584,0.007680995295174362,-0.003775941893566439,0.0011217627260884967
26,Aggregated,-0.003832734452809501,-0.0020114059321839316,-0.003722471508468491,0.022201980522406142,-0.005159466343899222,-0.0066066247814204095
26,Centralized,-0.004270054881172325,-0.0025184524455921496,-0.004048056866468382,0.026673368793755228,-0.0057228199957097,-0.007091985431527463
27,0,-0.030123978219768154,-0.012723138718628348,-0.008108922499565055,0.09652865250352867,-0.007558768350077293,-0.0379283173160433
27,1,0.005650125930478256,-0.0026969665123327677,0.004554886703808034,0.0015909685302263185,-0.004595110775858446,0.001591677999327216
27,2,0.016012491188789398,-0.0017403264662138238,0.002077971810038054,0.0014668576781477036,-0.0018953395056744296,-0.0034991872639033705
27,3,-0.006815523520447588,-0.005615554746514259,0.0045188291619542,0.006065162770867961,-0.004209536969506308,-0.0002718387308685566
27,4,0.001311970356468289,-0.007932342647022729,0.005022622915665892,0.005423944251828548,-0.0015144788010257482,-0.005496846023877402
27,5,-0.0019384516537075613,-0.0015885443885699994,-0.0002721766849403081,0.0018995073000554986,-0.006628116689466375,-0.00441299592128798
27,Aggregated,-0.002979912641510257,-0.005470808168290222,0.001186087855730197,0.019760644354233695,-0.004438089835299113,-0.008691001252678212
27,Centralized,-0.004047906152303197,-0.005805885665424791,0.0007960108581422804,0.02273002053923159,-0.004518729097109698,-0.010085639825061395
28,0,-0.018713907126901456,-1.1541457426597778e-05,0.00121249053198002,0.12278945622006049,-0.011457678723141367,-0.024045754445011447
28,1,-0.004091056346964065,0.0002184926868213807,0.0028505406196068896,0.0001338243569113816,0.004753494645378869,-0.006844199902591114
28,2,-0.004254542540825142,-0.0021974200136651435,0.0013859760204839038,0.0005325230799386605,0.004004211852155373,-0.005504222498414628
28,3,0.0016208389529661618,-0.000850588675786684,0.005372628989627618,0.0016081015970653059,0.003921802168193522,-0.002088891877127192
28,4,0.0032719058274090274,0.001672939310783088,0.006089119034311927,0.0006637132833276105,0.0038189113270993328,-0.008741767396033561
28,5,-0.001256991717385039,-0.0013562047476620525,0.0007736389977607949,0.007663541401712928,0.007869868533559508,-0.003562410662821318
28,Aggregated,-0.004081500663065054,-0.00041581523976097707,0.0029266009283953104,0.023437345658929663,0.001988618086470756,-0.008651328902337345
28,Centralized,-0.004695490849861562,-0.0004582504181676638,0.002983211192692587,0.026992026557073383,0.0016806910530254703,-0.009467760365728791
29,0,-0.04172118827525995,-0.022205939825223092,-0.021498456432729313,0.07098200005838741,-0.04479133119547769,-0.04128885445516121
29,1,-0.007781406577661033,0.000727533180585042,0.003560463302908174,0.005022777441458034,0.0007962618387763114,-0.01742480134267442
29,2,-0.0027820482528995434,0.002939613815041469,0.00393272921958962,0.006486553606358578,0.004760319208651291,-0.012270262215823833
29,3,-0.002701818716346548,0.0020513100345101874,-0.0005985752016475419,0.003128832423327805,0.0028948566415461143,-0.00782495346277963
29,4,-0.0019944684445381135,0.0057137663902883514,0.006083080252903291,0.0006046087224013624,0.004578258645586884,-0.014685568325875805
29,5,-0.005357291954807745,0.0008652664138849094,-0.00014754075585088282,0.0035131166087172937,0.003211253166372829,-0.010995749047003723
29,Aggregated,-0.010765305916232936,-0.0018978163017697555,-0.001685121075960718,0.01562795139650137,-0.005238312244751695,-0.017701231150973648
29,Centralized,-0.012303627376529796,-0.0026279557603987183,-0.0023090350538617415,0.018525914483135474,-0.0066966177955061715,-0.019147281182818512
30,0,-0.013539994681164094,-0.00545101924379691,-0.009915843795429473,0.111754988188201,-0.013108074912318789,-0.011704266548505052
30,1,-0.010890416302654485,0.0020099724555552754,0.0034291763596262007,-0.004510322281732272,0.0005694160938372069,0.007851217584575774
30,2,-0.018737111237095563,0.005724732071114806,-0.006769300474066115,-0.008756119797950204,0.0022367450476574314,0.011444921334982148
30,3,-0.015484334001066396,0.003838492769631889,0.001373452316907888,-0.013001160356167187,0.004103959623331906,0.010285413721684308
30,4,-0.017491734834126024,0.0011682207883938743,-0.0003535639046908771,-0.008745429130436135,0.0031308932085575415,0.004783676367137729
30,5,-0.015367933309503801,0.003658777160472922,-0.0016038401155553288,-0.007241279354931214,0.003391886010135075,0.008852869852474807
30,Aggregated,-0.015231398137634442,0.0017376393073265713,-0.0023978723361194375,0.012784303857242364,-0.0001036512484631678,0.005049029797772478
30,Centralized,-0.015329498835227927,0.0014359085768740534,-0.0026348864954731026,0.016273359546509283,-0.0005685709039611134,0.004718401781885094
31,0,-0.011166215086289776,-0.027861951606511167,-0.008662668358137312,0.09197761277725258,-0.005721682986871732,-0.03766261537781195
31,1,0.008622060336518696,0.004627350113544658,0.005410374701192488,-0.0011039354385962658,0.01027483174601328,-0.0017096133423691539
31,2,0.004749903445867722,0.0013641433060294164,0.0006090316044634583,0.005209760023237184,0.009208123839465817,-0.009715052339686841
31,3,0.00716912216999405,0.004312295213211816,-0.00022840882112825828,-0.0035211676245478257,0.005318894686619601,-0.0011403619559153672
31,4,0.005471753998796846,0.007880722959838174,0.0010507455047460367,-0.003791288614444847,0.005031834698967313,-0.001759524546669299
31,5,0.002704134877242787,0.0006622133370024559,-0.0048411908584545475,0.003965164196558997,0.015471414959326026,-0.0038568942841498907
31,Aggregated,0.002756199450341996,-0.0018185347484361845,-0.0012008899551454416,0.016373365940877117,0.006449556806874261,-0.009647266978603453
31,Centralized,0.0022821517730882207,-0.0027841867743602,-0.0013085107116737789,0.019280649630407137,0.006220284542883595,-0.010907883982286433
32,0,-0.018538503634200194,-0.010673778081075846,0.0025700615123801993,0.0888576934406927,-0.00043217059746949695,-0.04626609384539739
32,1,0.002794322734929542,0.007278264873997827,-0.00016416684932162492,-0.01972372331696147,0.0007863243781641506,-0.0003473879285212345
32,2,0.004608216343997714,0.005395548084676756,-0.003938970938554264,-0.0144725108079247,-0.00011089630475272813,0.0023950600033908506
32,3,0.00019222243110786783,0.0021150940929446417,0.00855050985941432,-0.006765964173036104,0.0015951144212115209,-0.0025780967423486437
32,4,0.006917973250859372,0.00524693127761222,0.005879197551712383,-0.012304623965875354,0.0021629503880075404,-0.0015891036418379653
32,5,0.005084520422133102,0.010579362805436381,-0.0021701214247321966,-0.017782531078106435,0.0013959963784237694,0.002795575761956777
32,Aggregated,-4.789660004530691e-05,0.0031557701262345996,0.0017971299588695148,0.003997702678227078,0.0008835883908204329,-0.008061890549334979
32,Centralized,-0.0005070367520317664,0.00288676849885166,0.001835918541853971,0.006380621598641106,0.0009867682064953513,-0.009454955855340655
33,0,-0.01989914059733664,-0.025607484729613203,-0.024045930162905297,0.10382922051691526,-0.013108271983346633,-0.03172390471230099
33,1,0.0017400168287884253,0.0044556466245284036,-0.00040934134456872086,0.0008260307467583996,0.0024145824913120884,0.003426754318589599
33,2,-0.00048444166305117164,0.0015032917450910112,0.001524383270721629,0.0053446785815265,0.0054103942135697615,-0.0007319708381112517
33,3,-0.001290343936868438,-0.0023384602421388247,-0.0007591724046665286,0.00046919552467365115,-0.001209304547403291,-0.0010311692759387185
33,4,-0.0032552062523620836,0.001605213287700627,-0.000175815710311511,0.0005564961597076922,0.0008410793612680193,0.00042823315399725395
33,5,-0.00969572878152344,0.00574428308505993,-0.005086446610317505,0.0021497630314777196,0.005617545593463919,0.00437696353261007
33,Aggregated,-0.005653654551604346,-0.0027173220974660538,-0.00505580326027216,0.019881145389294953,-0.00016273671834075872,-0.004539029125608894
33,Centralized,-0.0062537928448475645,-0.0033715913389951537,-0.0061343881535882465,0.023069344954567875,-0.0004982122229784249,-0.005286116033287301
34,0,-0.04908653977762789,0.006596167231386623,0.02100677784234185,0.07692240653247777,-0.02093572053997464,-0.0162264785306154
34,1,-0.0022552934494235112,0.0008301215046409312,-0.000493301100426329,-0.0006626744611497278,-0.009591417158045274,-0.00598513347196761
34,2,0.007104159149649376,0.0019927913391590145,-0.002584570498953788,0.003825751244140921,-0.006385847406719843,-0.00388092375520537
34,3,0.0042079229096354965,0.006434543706141031,0.0029972558324097014,0.0012513172887616219,-0.009724662787523247,-0.0019065942926943912
34,4,-0.004119889119392382,0.00018269648803368824,0.004894425204987908,-0.002778379460592036,-0.010928098170211599,-0.0051174832249042115
34,5,0.0009329068089914476,0.0010747421163826672,-0.007376648089166531,0.005307297132708613,-0.007960270781340838,-0.006617130774539787
34,Aggregated,-0.007704891820495643,0.0028967307259674677,0.00328896834244727,0.014732202571702588,-0.011041059363538403,-0.006737425794136179
34,Centralized,-0.009233901023632893,0.0031759528413310366,0.004016807269870051,0.016694696075088958,-0.011722066321976267,-0.00709726252853054
35,0,-0.011847308356233457,-0.007715954546668587,-0.003288898586811674,0.07393456902690435,-0.0034493820018557404,-0.0472454759504406
35,1,0.0017017117048440682,0.00022762177562600793,0.0027968331335425337,-0.004822550497385018,-0.0011703082486531772,0.003723689066293534
35,2,-0.00828602232631765,-0.0019033600917782204,-0.0022613490459029804,0.0001637762025069739,-0.000660104039806224,0.003465841050641025
35,3,-0.002275378823923213,0.0035983519846013684,0.0018069983445304224,-0.0001194057326315069,0.002592804434450226,0.003369720273139499
35,4,0.0018366544872282407,0.006895548535401585,0.007178454533680928,0.0021428189059862148,0.004070405917130692,-0.0013098161079909557
35,5,-0.0014446723924681545,0.001474871580982549,0.004448751319586989,-2.9042826015502712e-05,0.0024506831391673117,0.004318608823724563
35,Aggregated,-0.0034872721837734605,0.0003318652412895026,0.0017193640215935548,0.012622291414157443,0.0005900047627530319,-0.00611199722806755
35,Centralized,-0.0035320734391347066,0.00015414816783850446,0.0017072721844509698,0.01428294832970283,0.0005726727777506213,-0.007566786727894561
36,0,-0.0068463608034156544,-0.02328713809421571,-0.013863064835395218,0.08495478274643403,-0.008989471060607462,-0.019113865446136996
36,1,0.003506486271986545,0.009550241701525823,0.009949630822339425,-0.00431485687576305,-0.005074314692041202,-0.010146137989007134
36,2,0.006628224984059046,0.011124630469550631,0.01147424053924424,-0.004017656246616847,-0.004580215595359372,-0.011040419508070996
36,3,-0.0027766283444215912,0.0041539160791154595,0.008453473023740766,-0.007196901650125046,-0.0005834073114069302,-0.008049878198212077
36,4,0.004474780184843558,-0.00029800963014308725,0.00829185467688858,-0.0039454662859827235,-0.003368879228407396,-0.010791249063105647
36,5,0.004280214556150323,0.0035558634933567012,0.0029168316137255248,-0.006869284674668586,-0.0016452530898696139,-0.01041987498614616
36,Aggregated,0.0014438636340351437,0.0005111614272719275,0.004316578845845635,0.010669770992986178,-0.004099588069147703,-0.011683724246703865
36,Centralized,0.0013001453437190597,-0.000168320722658404,0.0038421316562402144,0.012545683093728223,-0.0040818109070053996,-0.01198792467258797
37,0,-0.019480187644331712,0.013228598296749869,-0.008033234121251563,0.06977911182126682,-0.014816997083514406,-0.024356957262125473
37,1,0.004671834388470261,0.0024526879524079054,0.0010511083672997948,0.0006923077123979067,0.0007481227530401406,-0.003749876770481557
37,2,0.004598821475272965,0.0032042479955352904,0.0027979780326246447,-0.0011165123873683172,0.0005490989297948797,-0.007481120142066948
37,3,0.0005256610437324403,0.0018938471679543951,0.0046038481109156,-0.000997014628874628,1.8006598328351718e-05,-0.0093668412056839
37,4,0.004331170342202089,0.001389248196196153,0.008859918034645939,-0.0019902099413478314,-0.00016178637425632672,-0.010147677445340186
37,5,0.005736894118374323,0.005143521993414654,0.006086015055074818,-0.0008534050984470659,0.0009451126227548789,0.00039123629784632946
37,Aggregated,-0.00017026405554985697,0.004656040128538032,0.0024339358398779085,0.01162466141799937,-0.0022719552906715185,-0.009301217757062672
37,Centralized,-0.0006133521554843646,0.0049330961891659005,0.0020966330152085593,0.013058229084541859,-0.002670268725305767,-0.009616598638402796
38,0,-0.030216672950020014,-0.020239943146164587,0.004822131603294422,0.0657571227108561,0.011003307041091509,-0.0684309093390954
38,1,-0.005336383662788635,-0.003024433192830309,0.004237105661420366,-3.889277289765569e-05,-0.00023868061445403432,0.001503083921384734
38,2,-0.00910514482811282,-0.002207433448027305,0.00038225535363018424,0.002459014404538164,0.008524978603611726,9.59052213904555e-05
38,3,-0.004788704369961486,0.0014876263035127127,0.0017728896382217549,-0.004731337400190087,0.0005266924086068214,0.0026539436557717084
38,4,-0.0032037304199346076,-0.0010459815647360677,-0.001700045998527676,-0.0009051147431959108,-0.0019836179352733024,0.00019738774384936723
38,5,-0.01002330308458556,-0.008207347203835117,-0.002267780551535666,0.00028758612818126453,-0.00015876803237372024,0.002169357839335712
38,Aggregated,-0.010682671734155033,-0.005715813440531409,0.0012510884231050695,0.011134162337807743,0.0030422471781525627,-0.010998723424783101
38,Centralized,-0.011231154058552888,-0.006199584567310246,0.0015716170369371118,0.013016480380238704,0.0033929781020058244,-0.013172052282197736
39,0,0.004344018462500756,-0.02573307821607748,0.021764908128751394,0.06996901560844007,0.0016656809435099792,-0.006942122675111971
39,1,0.006501182960010486,-0.009576854355427277,0.003831928067965879,0.007212562813408713,0.0035520403750482913,-0.008345917038108113
39,2,0.002566001980438452,-0.008017541452820734,-7.325069166950194e-05,0.005542961512812195,0.0012759265648318921,-0.010001249048044971
39,3,0.010296292248413101,-0.012885273984107807,0.007841511829796394,0.0038791914581784073,0.008273002414672654,-0.011003341289286466
39,4,0.01842458564986081,-0.011166360015962894,0.010196622676626469,0.006342439777364279,0.0034459394883132543,-0.011420214949225235
39,5,0.007889400845340133,-0.009087339329904133,0.0066805471275079385,0.00785274338477832,0.006277859942638827,-0.007053266555264447
39,Aggregated,0.008289046815226707,-0.01290011622793217,0.008534245019267384,0.017437212057723087,0.004052777857130945,-0.009101484708715253
39,Centralized,0.008310452886588068,-0.013624293145022417,0.0089305916216247,0.01858782217195072,0.004134314247014482,-0.009051999535869163
40,0,-0.022058489388470937,-0.009446257439011372,-0.02621109379873213,0.057839067008949176,-0.019838919711713573,-0.021943978215513568
40,1,-0.005845696393587453,0.0027320988090600985,0.0035219113052536444,-0.0116348583820173,0.004185670669649062,0.0037997687364432296
40,2,0.0020784543065826954,-0.001961405553535539,0.009084751069198677,-0.014644168564337558,0.004214925114421392,0.000837470199595752
40,3,0.0009183528344664161,-0.001442343030998071,0.002956993133985518,-0.005029702217422549,0.003007173537056885,-0.0006598878440730248
40,4,0.0006555003417057667,0.0022983865023033147,-0.0004653561186418446,-0.006003907687419149,0.0004909649076746958,-0.0008011911209744058
40,5,-0.0004250434634513461,0.002760687168690976,0.0012141534057203125,-0.006384884131747613,-0.00016662197104986935,0.0025943735314576926
40,Aggregated,-0.004327953190032379,-0.0009462732118083611,-0.0019442149027121484,0.0030220449291314196,-0.0015727663655030319,-0.0029263242179050275
40,Centralized,-0.00478837720842736,-0.000941534994545262,-0.002655876053331439,0.00437472462933148,-0.0020182645372021813,-0.0031188677625819668
41,0,0.014191599768263483,-0.013304696298285859,0.005238009054711406,0.060675974536865615,0.0008866100825019328,-0.07834833508201891
41,1,0.0031192615712980535,0.003068631045835004,0.006246615879632097,-0.006658118112366781,0.002988389450543822,-0.005477556203681855
41,2,-6.059312962588085e-05,0.0013544551138858015,0.006068426048493798,-0.010616807100797434,0.004726358746094905,-0.001099763723084713
41,3,0.0025419219561630714,1.2451726646784153e-05,0.003856676596048216,-0.011128679448577887,0.004098193117587601,0.0008688496391170438
41,4,0.007577750806997605,-0.0026772710018354694,0.006340827799129287,-0.013598354908327634,0.0034192138529128106,-0.0005207594627153642
41,5,0.0056981542573042564,0.0007489654907835467,-0.002437557846595064,-0.0100864320413724,0.00295230164121534,0.0004461165496691296
41,Aggregated,0.005615408152877315,-0.0019375008247242925,0.00423105081760129,0.002141490123193165,0.003151035811021833,-0.01479305402555947
41,Centralized,0.006152202219459176,-0.0022945370042676628,0.004393438839747471,0.003861945926514324,0.0031864003851462047,-0.017101114433533224
42,0,-0.009300783915556238,-0.009171581212446853,-0.016468783147000003,0.07380423455681497,-0.01090854946486591,-0.008722947143372604
42,1,-0.004361321577352805,0.0014541529604661274,-0.005415164539134268,-0.0013660732738883798,-0.0003346523054517547,0.00041423371378796294
42,2,-0.005641857008322657,0.00403240685033523,-0.0072532647834302934,0.0033828128094022746,0.004317286327463318,0.0008856863793685592
42,3,-0.002825121829081239,0.0011455136584002366,0.003892283663081868,-0.0011077607664887524,0.0003151464596627074,0.0013788498194697684
42,4,-0.0044869195293904185,0.0031890673623070484,-0.0005882415063258503,-0.00031869383532528626,-0.0010572530810255627,-0.0035741352959381264
42,5,-0.0031190938854532488,0.0018316099480178815,-0.004980550133077339,0.005987695572005162,-0.00046533687623755425,0.0003985237138462513
42,Aggregated,-0.005007936748564758,0.00029862185390369976,-0.005271482169091765,0.014121198066087737,-0.0014700811777522645,-0.0016227811072627033
42,Centralized,-0.005047645966433321,5.4393232428715894e-05,-0.005641174054378199,0.015484299619058846,-0.0017208512773681408,-0.0018498773261161907
43,0,0.011532550737920658,-0.006804340420022901,-0.023568273510288285,0.07137935164822166,-0.013663217847532765,-0.041746908875869244
43,1,0.002050662099178694,0.009024587823465859,0.0086723460152656,-0.00091899205807211,-0.004049036055415489,-0.0023172856431345344
43,2,0.004947585792708251,0.008233664747962723,-0.0009847095761068847,-0.002016600718648531,-0.0018201781381147024,-0.005606973287835324
43,3,-0.0001830765868519435,0.0029211266322316113,0.004364197314656536,-0.0006312027609403081,4.426999513530983e-05,-0.0033648114529462765
43,4,0.005821738838240684,0.001777814358613531,0.0023531663099600445,-0.001678147048704665,-0.0010051569249958296,-0.0009909920412006642
43,5,-0.003219783974762197,0.004586911023956081,0.0015717774230877266,0.004309365961837582,-0.0008917379493044386,-0.0035828261552684143
43,Aggregated,0.003588007677921022,0.0031689500915978983,-0.0015326182583929975,0.012455578890626868,-0.003685243586268359,-0.009986990863020023
43,Centralized,0.0039983000741414315,0.003119591395901897,-0.0020883667954818886,0.01402904936925893,-0.003882926492678154,-0.011164663278894536
44,0,0.006847549003321916,0.005576852698530602,0.0072420084989059325,0.055453503914548265,-0.017077000619065894,-0.03331425457192754
44,1,3.822140022380719e-05,0.0001801112335953962,0.006439202712303837,-0.00512141316815339,-0.008160079602858385,-0.0024155518443162386
44,2,0.000131391020792219,-0.00014382142423626602,0.005012755562304365,-0.0028933016372143074,-0.0032478288057027757,-0.004375776002249632
44,3,-0.004405099940321172,0.0024539890412186424,0.005124607273156618,-0.00658657834529694,-0.004369529661341892,-0.0012905813608271798
44,4,-0.001937097447846969,0.0016780372245043227,0.008470364166811002,-0.004857886850471099,-0.0022597936237363113,-0.0065255525696784195
44,5,-0.003035322594811913,0.0017738553023727492,0.0007068918697205606,-0.006064443847898836,-0.006019771193955174,-0.0015952141447402837
44,Aggregated,-0.0003065885924505278,0.0019636776898840844,0.005520196564137249,0.005593290653786302,-0.006978200718058594,-0.008553258506075082
44,Centralized,-0.00011708324609135216,0.002079995439996419,0.005690494864011592,0.006520903869409312,-0.007269638987702841,-0.009279359156050725
45,0,-0.00290301108348885,-0.032066820305091996,0.0014476532814175047,0.055025897145609036,-0.0011273138230084754,-0.03730296611289587
45,1,0.007842173142516713,-0.01106881291821979,0.006367186613197092,-0.006719360935144238,-7.231955021991624e-05,0.0037159910672322624
45,2,0.005994309216348874,-0.006526184910474038,0.002985475844028535,-0.0019046137457192894,-0.0025575566387081366,-0.0011863882353932028
45,3,0.004584710238894606,-0.006123099243887886,0.006292206357423201,-0.005558957528825655,-1.5881332945518375e-06,0.0007715859530668448
45,4,0.010657361601652777,-0.011153800059217948,0.007076670300012902,-0.008348529484791544,0.0014083125772858323,1.1611354679069708e-05
45,5,0.012750417528161957,-0.01201664845962113,0.007133441766536375,-0.007118956828121806,0.004172107990051046,0.0013741882252177743
45,Aggregated,0.006375084628536453,-0.013385892096839457,0.005171917453061755,0.004838197294811404,0.00028645317352747656,-0.005818017907591177
45,Centralized,0.006319014399313717,-0.013924382948837324,0.005254489820948238,0.005905472600074442,0.00034963649756357716,-0.006563717769131569
46,0,-0.003666694473375514,0.007185229134358701,0.005949503286199592,0.041514580519781054,-0.01396222604115605,-0.02590010234935957
46,1,0.0005730288150337955,-0.0016183195532645579,0.00815571107000474,-0.0008055207359257425,-0.0006109360660027097,0.0032227938621900275
46,2,0.002754665322145778,0.003995590912198603,0.005537533855557816,-0.006021259035553163,-0.0021480738921167506,0.004701338711101862
46,3,0.0012991783437355964,0.0032163864124630905,0.0035492835522104864,-0.003834377904835974,0.002984901910688864,0.0051318751745373595
46,4,-0.0006819580374434826,0.0012195623218018649,0.0006498344561525094,-0.007099614341537217,0.007776537474732252,0.00395761564519986
46,5,-0.00023706658120662785,0.00305885318391615,0.003443579476238158,-0.006523816905358406,-0.002271929445052304,0.007619718497316548
46,Aggregated,-3.71797037081713e-05,0.002894939823946298,0.004564380624427185,0.0033349169974080115,-0.0015228866711991282,-0.0005190864906957455
46,Centralized,-0.00010135414201891679,0.0029941505672933535,0.004656704817859751,0.0040680312506711875,-0.0017581799827615081,-0.0011561900574795752
47,0,-0.005177626500544231,-0.00777281753955269,-0.013431180578141872,0.05413841826468509,-0.005040672641600326,-0.014314763418856088
47,1,0.002672440721314886,-0.005443283302215403,0.005829379497942908,-0.0006661454757739857,0.004568740363941859,-0.006830992674861545
47,2,0.010601787904294769,-0.006826542416405632,0.0009194411279064158,-0.002262002195407206,0.006296583573771009,-0.002407753287817401
47,3,0.0010782355861769315,-0.0074763630725187364,0.006052141336252815,-0.002725762570181134,0.0005362463120180639,-0.009818560969250266
47,4,0.0009853173298339142,-0.00940768916861728,0.008794141288826383,0.0021575608154442523,0.0010059206280275373,-0.006306314434870584
47,5,0.0040455207047666196,-0.008833967068241782,0.0007521628048453771,0.0007843081281671721,0.006292569938298485,-0.0023888768384743592
47,Aggregated,0.0022771602072260127,-0.007628527829196846,0.001307186735889421,0.00911732483106148,0.0021888455668235733,-0.007098765353383692
47,Centralized,0.0021480285128042927,-0.007810320693070313,0.001044431752931902,0.009862109209623302,0.002166341156259523,-0.007151411371519397
48,0,0.003956830214150133,0.008741123497476532,-0.008521141780705604,0.05142686671447295,-0.030705327657174868,-0.036020443554258055
48,1,-0.005972766773978213,0.004884653561012722,0.002129011776548785,-0.0007983006163042767,-0.0022338413572627978,-0.0011246841694992093
48,2,-0.00712201499467156,0.002034169697162546,0.0041252573396362065,-0.0061345987341990225,-0.00046765278290018347,0.007502384484858595
48,3,-0.0018805661319843303,0.0008849299603902504,0.005072504156454768,0.005050666081567304,-0.00278062690192651,0.0060093301024851924
48,4,5.660490176961075e-05,0.002969165828273202,0.004860048018031977,0.0029945980128680376,-0.003507935631975434,-0.0012812196012363848
48,5,-0.0037449884460542173,0.005817880301953351,0.0020698513204555503,-0.0020161254921364654,0.0018159487902812176,0.004830340356436733
48,Aggregated,-0.0023743312590428427,0.004276162601861132,0.0015009853118675058,0.00893607828905788,-0.006605651904982455,-0.003739067116371356
48,Centralized,-0.0022468681618081723,0.004554286504981646,0.001348491801669387,0.009854131997341422,-0.007147831640308676,-0.00450855333022828
49,0,0.0010890958445861141,-0.02236115248380998,0.00788401831207127,0.03772534097735356,0.003226580792713483,-0.027634606609959478
49,1,0.006771525315503735,0.006542589076610202,0.004990201569798272,-0.015152191953316862,0.0002619550434466893,-0.00030297151328294764
49,2,0.006614142733444833,0.010772553780174735,0.004161215882103832,-0.013981365337472431,-0.004466629118985436,-9.463406317006262e-05
49,3,-0.00034337024409039103,-0.0009459519088868085,3.476399708453099e-05,-0.01621395686350695,1.0376552327419353e-05,-0.001232963630152851
49,4,0.0033104393851174454,0.006979909728333914,0.0016551559543809269,-0.012831559674402462,-0.0036397115890951094,-0.0016001230390333963
49,5,0.004728832723221523,0.007173543377021955,0.00430831519851184,-0.0165965118504491,-0.0014865843827619623,-0.0011689554696818602
49,Aggregated,0.00366387001919045,0.0010758761544032327,0.0038874375378565346,-0.005648762480803372,-0.0009648126449473262,-0.005606321878724541
49,Centralized,0.0037421115566074205,0.0006201082039860913,0.00398162322708889,-0.00477934673053195,-0.000773539099351728,-0.006312436041475674
50,0,0.009524399315290314,-0.013177494471083465,0.006970329898476868,0.04895844618263402,-0.022161534587636686,-0.029818765722045733
50,1,-0.00633649378319981,0.004073648513287497,0.0005234378400978787,-0.005791074151547071,0.0015742350074245983,-0.0031458345031847986
50,2,-0.004831737505093494,0.009865515930134967,-0.00015441900576661875,-0.0028895925820599058,0.0021647624569507726,-0.010087615393793865
50,3,-0.0017811092504364202,0.00019223666306831996,0.005144242770793207,0.00429403355392181,0.0034653073769200064,-0.001863671660788682
50,4,-0.00926421750227819,0.0029467575996760136,0.006399643085181166,0.00037030184884751703,-0.0018341217449982252,0.0016905488992282175
50,5,-0.005670443924191874,0.0042473584302045765,-0.003092593056783598,0.001327056216935139,-0.0007378759696903621,-0.0043940517168906176
50,Aggregated,-0.0029090726390375568,0.0011837520502916636,0.002683784253719156,0.008205997054965887,-0.0031521872209904107,-0.008198889100631126
50,Centralized,-0.002639036206931789,0.0009034756478170965,0.0028470921988372065,0.008939455372228141,-0.003634087718964945,-0.008615057247793103
