Round,Evaluator,2,1,3,5,0,4
0,0,,,,,,
0,1,,,,,,
0,2,,,,,,
0,3,,,,,,
0,4,,,,,,
0,5,,,,,,
0,Aggregated,,,,,,
0,Centralized,,,,,,
1,0,0.1068699186991872,0.0960975609756101,0.11085365853658462,0.1085365853658533,0.12756097560975632,0.1110569105691057
1,1,0.10463414634146384,0.09524390243902524,0.10150406504065101,0.11060975609756102,0.12264227642276436,0.10682926829268294
1,2,0.1113821138211388,0.09617886178861737,0.1145528455284547,0.1071951219512199,0.12434959349593479,0.13170731707317074
1,3,0.11150406504064993,0.09239837398373998,0.10422764227642203,0.11000000000000018,0.1300406504065039,0.12012195121951219
1,4,0.09784552845528546,0.09178861788617994,0.10069105691056965,0.0947154471544713,0.10796747967479682,0.1094308943089431
1,5,0.08617693522906757,0.07365718799368112,0.08981042654028401,0.10390995260663534,0.09996050552922567,0.10098736176935233
1,Aggregated,0.10305801516881014,0.09088309476360168,0.1035978200201802,0.10582658779551737,0.11874159863123254,0.11334773180193161
1,Centralized,0.10298678532901767,0.09081040992448798,0.10353964401294526,0.10581850053937433,0.11866235167206039,0.11329557713052946
2,0,0.01979674796747969,0.001178861788617865,0.03528455284552849,-0.009308943089430902,-0.005203252032520349,0.014349593495934967
2,1,0.026747967479674797,0.011747967479674793,0.03260162601626014,-0.00536585365853659,-0.003495934959349619,0.02069105691056913
2,2,0.030853658536585372,0.011056910569105667,0.03943089430894314,-0.003414634146341485,-0.000772357723577255,0.01552845528455281
2,3,0.02288617886178862,0.0062601626016260264,0.027520325203252097,-0.0045121951219512235,-0.0034552845528455314,0.01715447154471545
2,4,0.02967479674796751,0.0069512195121951455,0.03817073170731699,0.010447154471544722,-0.004512195121951227,0.02414634146341461
2,5,0.016824644549763016,0.00019747235387045122,0.020537124802527548,0.026737756714060028,-0.0052922590837283035,0.014454976303317527
2,Aggregated,0.02445912853967241,0.006228251663728798,0.03225007010723793,0.0024460446332198425,-0.0037895059398527177,0.01771873369187607
2,Centralized,0.024426914778856574,0.006202804746494057,0.032200647249191014,0.0025485436893204114,-0.003795846817691511,0.017704962243797247
3,0,0.020447154471544736,-0.007195121951219537,0.03516260162601632,0.004837398373983744,-0.0026016260162601648,-0.021382113821138207
3,1,0.023699186991869917,-0.009471544715447163,0.03406504065040646,0.006504065040650408,-0.0008943089430894353,-0.024634146341463426
3,2,0.019674796747967536,-0.0024796747967479635,0.03081300813008129,0.0012195121951219504,-0.008617886178861786,-0.025975609756097553
3,3,0.023821138211382174,-0.008780487804878032,0.030731707317073153,0.002479674796747977,-0.00024390243902438306,-0.028495934959349625
3,4,0.014634146341463443,-0.0028455284552845552,0.02845528455284551,0.004796747967479679,-0.0013821138211382127,-0.02170731707317079
3,5,0.008925750394944745,-0.007819905213270131,0.015205371248025266,0.029225908372827795,-0.006042654028436036,-0.022906793048973167
3,Aggregated,0.018527569963805404,-0.00643292865633704,0.02906332811890983,0.008190637421726073,-0.0032988323489209774,-0.024182838435989375
3,Centralized,0.01848705501618127,-0.00643878101402373,0.029004854368932013,0.00827939590075513,-0.0033104099244876156,-0.024177454153182242
4,0,0.006382113821138228,0.008902439024390259,0.00565040650406504,0.012439024390243874,-0.013008130081300834,0.00890243902439025
4,1,-0.0006910569105691063,0.01097560975609757,0.0035365853658536617,0.004715447154471549,-0.007967479674796768,-0.0008130081300813016
4,2,0.004268292682926843,0.006341463414634142,0.0055691056910569196,0.009308943089430841,-0.007764227642276352,0.011544715447154444
4,3,0.0069918699186991735,0.009715447154471524,0.007520325203252017,0.008658536585365815,-0.007439024390243865,0.006260162601625999
4,4,0.008658536585365861,0.009430894308943099,0.0041056910569105725,0.009105691056910578,-0.009959349593495969,0.005487804878048785
4,5,0.005055292259083734,-0.0012638230647709155,0.001619273301737751,0.030845181674565497,-0.017851500789889393,-0.0018167456556082233
4,Aggregated,0.00511080597732389,0.007344846458116999,0.004664954835290457,0.012523825590609002,-0.01066953382577349,0.004923261515836208
4,Centralized,0.005110571736785315,0.007308522114347349,0.004652103559870541,0.01260113268608416,-0.010699838187702235,0.004894822006472513
5,0,0.0111382113821138,-0.004918699186991873,0.003373983739837399,0.012560975609756081,0.020325203252032496,-0.01808943089430892
5,1,0.009878048780487841,0.009065040650406439,0.003943089430894285,0.00833333333333334,0.011951219512195117,-0.011463414634146352
5,2,0.011504065040650375,-0.003699186991869924,0.0020325203252032063,0.006707317073170728,0.016991869918699123,-0.01158536585365853
5,3,0.007560975609756095,-0.004756097560975596,0.005934959349593484,0.005772357723577245,0.010813008130081287,-0.01556910569105687
5,4,0.006707317073170738,-0.0006910569105691137,0.015487804878048779,0.010853658536585346,0.012682926829268299,-0.020650406504065
5,5,0.005134281200631938,-0.012559241706161127,-0.011295418641390113,0.045181674565560874,-0.001263823064770924,-0.010979462875197455
5,Aggregated,0.008651572628390149,-0.0029326816305009712,0.0032368855062671177,0.01492085795316148,0.011908330808293602,-0.014720477796348965
5,Centralized,0.008636731391585795,-0.0029733009708737945,0.003175566343042088,0.015048543689320402,0.0118527508090615,-0.014704692556634301
6,0,-0.004512195121951207,0.012642276422764177,-0.000325203252032528,0.005853658536585371,-0.02065040650406504,-0.00032520325203250954
6,1,0.0013414634146341569,0.009674796747967495,0.0008536585365853561,0.003495934959349593,-0.01528455284552843,-8.13008130081209e-05
6,2,-0.00426829268292682,0.011666666666666669,-0.0011382113821138164,0.0047560975609756174,-0.015853658536585356,0.00239837398373983
6,3,-0.0023577235772357505,0.012195121951219513,0.0019105691056910388,0.006829268292682912,-0.01849593495934959,-0.0025203252032520176
6,4,-0.004837398373983731,0.012682926829268255,0.007032520325203239,0.007195121951219516,-0.017479674796747904,-0.002154471544715447
6,5,-0.009755134281200653,0.005410742496050582,-0.013625592417061638,0.034715639810426496,-0.01856240126382307,-0.00529225908372828
6,Aggregated,-0.004068507935576775,0.010708708636284354,-0.0008901678533892842,0.010489741970112685,-0.017721641187747716,-0.0013317243091195891
6,Centralized,-0.004092502696871625,0.010686353829557684,-0.0009439050701186437,0.010591963322545833,-0.01772518878101403,-0.0013484358144552101
7,0,-0.003211382113821126,0.002032520325203241,0.005772357723577233,0.0012601626016260266,0.00012195121951220449,0.006219512195121925
7,1,-0.0014227642276422666,0.002764227642276414,0.004105691056910562,-0.0006504065040650301,-0.0023983739837398284,0.0024796747967479587
7,2,0.0008943089430894317,0.001585365853658538,0.0019105691056910585,-0.000528455284552846,0.0012601626016260175,0.007073170731707323
7,3,-0.006788617886178855,0.0016666666666666644,0.0037804878048780482,0.001422764227642274,-0.0012601626016260211,0.006056910569105695
7,4,0.0045121951219511906,-0.00028455284552845924,0.0026016260162601305,-0.0016666666666666754,-0.0021951219512195063,0.0043495934959349326
7,5,-0.013862559241706126,-0.0047788309636651,-0.007582938388625614,0.038823064770932066,-0.013388625592417052,0.0007898894154818219
7,Aggregated,-0.0033198623708110336,0.0004942021366423567,0.0017586726593047544,0.006464054231036141,-0.00298333319637994,0.004492429800118915
7,Centralized,-0.003364347357065823,0.00045846817691478357,0.0017125134843581488,0.006593851132686084,-0.002993527508090609,0.004470064724919059
8,0,-0.008699186991869907,-0.021138211382113782,0.012520325203251952,0.0029674796747967518,8.13008130081394e-05,0.00207317073170732
8,1,-0.005325203252032494,-0.008577235772357694,0.009024390243902364,-0.001178861788617878,-0.001544715447154459,0.007601626016260132
8,2,-0.007357723577235757,-0.018861788617886125,0.007642276422764222,0.00040650406504063783,0.0011382113821138148,0.004837398373983731
8,3,-0.006138211382113804,-0.01292682926829266,0.008495934959349591,0.0023983739837398267,-0.00138211382113822,0.00467479674796747
8,4,-0.007073170731707294,-0.016504065040650363,0.011747967479674786,-0.0008943089430894114,-0.0008536585365853462,0.0038211382113821062
8,5,-0.012717219589257518,-0.018404423380726714,0.004660347551342819,0.04593206951026855,-0.005963665086887857,-0.00402843601895735
8,Aggregated,-0.007888199968307866,-0.016070248017427714,0.009012430528244176,0.008295886407838026,-0.001423669778186238,0.0031586972507288867
8,Centralized,-0.007908576051779954,-0.016080097087378665,0.008994066882416413,0.008454692556634308,-0.0014428263214671055,0.0031283710895361264
9,0,0.016138211382113795,0.012520325203251987,-0.011260162601626,-0.0016666666666666477,-0.009674796747967463,-0.008495934959349602
9,1,0.009918699186991849,0.011219512195121916,-0.004674796747967465,-0.004308943089430879,-0.007235772357723565,-0.007357723577235747
9,2,0.0131707317073171,0.008536585365853642,-0.011382113821138183,-8.13008130081431e-05,-0.006016260162601617,-0.004227642276422753
9,3,0.00780487804878046,0.00926829268292679,-0.0058536585365853485,0.0007317073170731677,-0.005569105691056891,-0.003943089430894294
9,4,0.012804878048780442,0.007804878048780451,-0.011951219512195084,-0.00097560975609756,-0.005121951219512178,-0.002560975609756085
9,5,-0.005766192733017382,-0.004225908372827782,-0.017061611374407575,0.04601105845181672,-0.009794628751974708,-0.004423380726698256
9,Aggregated,0.009002445827841517,0.007513125170569894,-0.010368197219659496,0.006643489117382822,-0.007237050783827217,-0.005167649617370032
9,Centralized,0.008940129449838187,0.007463592233009729,-0.010396440129449803,0.006809600862998894,-0.007247842502696892,-0.005164509169363542
10,0,0.0021544715447154527,0.0038617886178861772,0.006666666666666655,-0.005040650406504012,0.009634146341463399,-0.01971544715447146
10,1,0.00646341463414631,0.0015040650406503986,0.008495934959349569,-0.007439024390243891,0.0009756097560975654,-0.012439024390243884
10,2,0.005528455284552838,0.003373983739837395,0.004308943089430887,-0.0040650406504064915,0.008089430894308924,-0.01723577235772356
10,3,0.0038211382113821097,0.003414634146341453,0.005040650406504062,0.0013414634146341623,0.004471544715447145,-0.015650406504065028
10,4,0.007967479674796725,0.004715447154471527,0.011382113821138184,-0.0023170731707317055,0.0105284552845528,-0.01764227642276423
10,5,-0.00422590837282781,-0.003949447077409184,-0.003791469194312807,0.04510268562401261,-0.003357030015797802,-0.027409162717219618
10,Aggregated,0.0036131741532082835,0.0021495210482065873,0.005344644829565546,0.004622884504652686,0.005051661766007664,-0.018354458117141953
10,Centralized,0.003580097087378637,0.0021237864077669846,0.005306094929881302,0.004793689320388329,0.0050161812297734405,-0.018392664509169376
11,0,0.005203252032520291,-0.0027235772357723565,0.0024390243902438803,0.0032520325203251907,-0.005894308943089429,0.002601626016260126
11,1,0.004756097560975599,-0.002439024390243886,-0.0011788617886178965,-0.0004878048780487735,-0.0034552845528455184,0.0028048780487804756
11,2,0.008130081300813021,-0.0019105691056910585,0.0019512195121951237,0.001585365853658538,-0.0018699186991869936,0.004308943089430898
11,3,-0.0009349593495935042,0.0008943089430894243,0.005243902439024387,-0.0050813008130081196,-0.001951219512195109,0.001829268292682921
11,4,0.005853658536585379,-0.0017073170731707185,0.004837398373983731,-0.002195121951219505,-0.004634146341463404,0.0002845528455284426
11,5,-0.007148499210110593,-0.00351500789889416,-0.004699842022116924,0.058491311216429545,-0.01571879936808846,-0.006082148499210107
11,Aggregated,0.0026370290506141716,-0.0019012273185382619,0.0014282306945068359,0.009292134026246216,-0.005593738938173473,0.0009533649330860999
11,Centralized,0.0025957389428263315,-0.0019080366774541664,0.0014023732470334431,0.009499730312837136,-0.005636461704422875,0.0009236785329018375
12,0,-0.006504065040650372,-0.001747967479674776,0.01020325203252025,0.0025203252032520496,-0.011300813008130057,0.006829268292682893
12,1,-0.00410569105691054,0.0010975609756097514,0.010772357723577227,0.006260162601625988,-0.01467479674796749,0.0006504065040650524
12,2,-0.0018292682926829321,-0.0015040650406504116,0.005934959349593498,0.0006910569105691027,-0.009715447154471523,0.003983739837398374
12,3,0.00186991869918699,0.0030081300813008063,0.004837398373983735,0.00020325203252033835,-0.002926829268292667,0.0003252032520325114
12,4,-0.0015853658536585232,0.002682926829268284,0.00914634146341462,-0.00024390243902438122,-0.008699186991869915,0.006016260162601614
12,5,-0.008530805687203796,-0.005055292259083703,-0.01042654028436019,0.0370853080568721,-0.013112164296998394,-0.004699842022116901
12,Aggregated,-0.003450787046557914,-0.00025617945050394257,0.00506807652012026,0.0077714014511482896,-0.010073478133721054,0.0021797837551442356
12,Centralized,-0.0034722222222222173,-0.00027642934196334124,0.0050026968716289175,0.007895091693635382,-0.010086299892125146,0.002150755124056078
13,0,0.0011788617886178835,-0.003292682926829236,0.0030894308943089223,0.004308943089430867,-0.0034552845528455067,-0.0018292682926829228
13,1,0.0033739837398373993,-0.0013414634146341495,0.0028048780487804847,0.004552845528455283,-0.005487804878048765,0.003414634146341461
13,2,0.0004878048780487809,-0.003617886178861792,0.0006504065040650412,-0.0009349593495934968,-0.0034959349593495967,-0.0004065040650406508
13,3,-0.00024390243902439046,0.0003252032520325206,4.0650406504065074e-05,-0.007195121951219519,-0.0008130081300813016,-0.0018699186991869936
13,4,-0.0004878048780487846,-0.00455284552845527,0.002967479674796747,-0.0013821138211382164,-0.00020325203252032908,-0.001219512195121956
13,5,-0.006358609794628752,-0.009320695102685657,-0.00410742496050555,0.039454976303317506,-0.00896524486571879,-0.008333333333333338
13,Aggregated,-0.00034544726587667845,-0.003637020931673388,0.0009043727755284389,0.006488459570518338,-0.0037400883362866686,-0.001711541501771411
13,Centralized,-0.0003708198489751772,-0.003661003236245951,0.0008832254584681731,0.006627562028047445,-0.003762135922330096,-0.0017394822006472472
14,0,-0.005934959349593475,-0.0015853658536585122,0.0021951219512195068,-0.004918699186991849,-0.0023983739837398193,-0.0019918699186991682
14,1,0.0005284552845528682,-0.006260162601625993,0.0025609756097561,-0.00686991869918697,0.0015040650406504138,-0.006097560975609743
14,2,-0.003333333333333336,-0.0012195121951219523,-0.0011788617886178872,-0.0013008130081300824,0.0034146341463414664,0.003617886178861792
14,3,-0.00024390243902439046,-0.0018699186991869936,0.001504065040650408,-0.0014634146341463428,0.0012195121951219523,0.0008536585365853666
14,4,-0.005569105691056913,-0.002926829268292683,0.0021138211382113765,-0.006260162601626002,0.00565040650406504,0.0021138211382113765
14,5,-0.013191153238546636,-0.00876777251184836,-0.009873617693522938,0.052053712480252645,-0.012677725118483417,-0.009913112164297027
14,Aggregated,-0.004629461798608727,-0.0037747788445361714,-0.0004524262864968408,0.005236651401952521,-0.0005556469192286086,-0.001907969816357543
14,Centralized,-0.004665587918015077,-0.003795846817691454,-0.0004921790722761592,0.0054341963322545985,-0.000606796116504843,-0.001941747572815538
15,0,0.0002845528455284666,0.0010162601626016192,-0.0039430894308942945,-0.0027642276422764037,0.0040650406504064845,0.006219512195121909
15,1,-8.13008130081505e-05,-0.003861788617886171,0.0008536585365853407,-0.0031300813008130054,-0.001991869918699174,0.013089430894308838
15,2,0.001504065040650408,-0.0006504065040650412,-0.0033739837398374015,0.00028455284552845556,0.0006097560975609762,0.006504065040650413
15,3,0.0018292682926829285,0.0,0.001585365853658538,0.001504065040650408,0.0008130081300813016,0.001585365853658538
15,4,-0.00012195121951220449,0.001747967479674789,-0.004959349593495921,-0.0030894308943089275,0.005203252032520321,0.008536585365853657
15,5,-0.008965244865718801,-0.003278041074249613,-0.013625592417061518,0.0519747235387045,-0.0073459715639810595,-0.009281200631911566
15,Aggregated,-0.0009302277942639797,-0.000839223956510681,-0.003916692340820934,0.007491645290576453,0.00022070867642459756,0.004433543681455184
15,Centralized,-0.0009641316073355111,-0.0008495145631068032,-0.003957659115426092,0.0076793419633225035,0.0001887810140237145,0.004375674217907204
16,0,-0.0006504065040650616,0.0009349593495934986,-0.00012195121951221003,0.004349593495934922,0.0008943089430894188,0.001910569105691034
16,1,-0.0006504065040650283,-0.00479674796747966,0.001219512195121943,0.0017073170731707406,0.006707317073170711,0.0080081300813008
16,2,-0.0028861788617886206,-0.0009349593495934968,-0.004471544715447158,0.0014634146341463428,0.0015447154471544728,0.00528455284552846
16,3,0.0006504065040650375,0.0012195121951219486,0.0016260162601625995,-0.004593495934959335,-0.004959349593495943,-0.0012601626016260211
16,4,0.0013008130081300824,0.002154471544715449,-0.0034146341463414664,8.130081300813015e-05,-0.0030487804878048808,0.0004878048780487809
16,5,-0.010900473933649284,-0.006595576619273303,-0.009004739336492897,0.04842022116903634,-0.01721958925750391,-0.007069510268562393
16,Aggregated,-0.00219492815910412,-0.0013397431449639553,-0.0023654590792426,0.008596797567943648,-0.0026894992408053402,0.0012216079504500385
16,Centralized,-0.0022316612729233994,-0.0013619201725997732,-0.0023934735706580097,0.00876483279395899,-0.002750809061488671,0.0011866235167206159
17,0,0.0062601626016259996,0.005894308943089426,0.004390243902439013,-0.0056910569105690844,0.0032113821138211374,-0.011626016260162552
17,1,0.005203252032520313,0.0014634146341463354,0.012357723577235764,-0.0062601626016259996,0.0030081300813008085,-0.015772357723577178
17,2,0.0056097560975609684,0.0025203252032520293,0.004186991869918697,-0.0027642276422764254,0.0021951219512195085,-0.011747967479674805
17,3,0.00036585365853657826,-0.0010162601626016344,0.0028861788617886132,-0.0008536585365853518,0.0018699186991869862,-0.0008130081300812867
17,4,0.0039024390243902383,0.005772357723577231,0.0010569105691056828,-0.0036178861788617733,0.002195121951219505,-0.004430894308943075
17,5,-0.013072669826224279,-0.0010268562401263936,-0.014139020537124744,0.045971563981042844,-0.003672985781990534,-0.004581358609794623
17,Aggregated,0.0013689191298347728,0.0022657811174588223,0.0017796825680850914,0.004490558513237005,0.0014645039970184145,-0.008159650949908066
17,Centralized,0.0013079827400215664,0.002251887810140235,0.001712513484358132,0.004665587918015079,0.0014428263214671024,-0.008144552319309597
18,0,-0.002926829268292653,-0.0019105691056910548,0.00260162601626015,0.004756097560975594,0.002682926829268275,-0.005203252032520293
18,1,-0.004308943089430898,-0.0017479674796747984,0.0017886178861788633,0.0029268292682926855,-0.0006504065040650412,0.0019918699186991886
18,2,-0.0013414634146341475,0.00012195121951219523,0.00012195121951219523,0.0017886178861788633,0.0009756097560975618,0.0007723577235772364
18,3,0.001666666666666668,-0.0017479674796747984,0.0024390243902439046,-0.0006910569105691063,0.0022764227642276444,-0.001504065040650408
18,4,0.0032926829268292712,-0.0034146341463414664,0.003211382113821141,0.0023170731707317094,0.004227642276422768,-0.0023170731707317094
18,5,-0.013744075829383879,-0.013823064770932076,-8.943463253924873e-18,0.03858609794628744,-0.005687203791469213,-0.010071090047393367
18,Aggregated,-0.002900578036648745,-0.0037601283632788998,0.0016926870735076468,0.008299931138853635,0.0006334662297079707,-0.002726560946511762
18,Centralized,-0.0029463322545846627,-0.003802588996763748,0.0016855447680690513,0.008427723840345193,0.0006067961165048633,-0.0027575512405609384
19,0,-0.00341463414634144,0.004349593495934941,0.003943089430894289,0.004430894308943072,-0.0016666666666666496,-0.005203252032520307
19,1,0.004227642276422762,0.005325203252032512,0.0016666666666666533,0.0017886178861788522,-0.008008130081300795,-0.007439024390243889
19,2,0.001016260162601627,0.0028861788617886206,0.0019105691056910585,0.0004471544715447158,-0.005325203252032525,-0.0009349593495934968
19,3,4.0650406504065074e-05,0.0004065040650406508,-0.0034959349593495967,-0.0023983739837398397,0.002073170731707319,0.0009349593495934968
19,4,0.0007723577235772364,-0.00024390243902439046,-0.0023170731707317094,-0.001056910569105692,-0.0008943089430894317,-0.0011382113821138222
19,5,-0.009873617693522964,-0.009241706161137434,-0.01161137440758294,0.04458925750394932,-0.007424960505529221,-0.00643759873617693
19,Aggregated,-0.001210750095428267,0.0005740498005019001,-0.0016570266834700555,0.00799012200041216,-0.0035434926683446644,-0.0033716370465966096
19,Centralized,-0.0012473031283711151,0.0005326321467097865,-0.0016990291262135853,0.00814455231930958,-0.0035598705501618095,-0.00338457389428263
20,0,-0.002276422764227635,4.0650406504050275e-05,0.0019105691056910197,0.0014634146341463334,-0.0022357723577235674,-0.00378048780487801
20,1,0.005609756097560981,-0.00264227642276423,0.005691056910569108,-0.0003252032520325206,0.0008943089430894317,0.000528455284552846
20,2,0.0017886178861788633,-0.0005691056910569111,-0.0009756097560975618,-0.0008130081300813016,-0.0009349593495934968,-0.0009349593495934968
20,3,0.0030487804878048808,-0.004837398373983744,-0.0028048780487804903,0.0006097560975609762,0.004715447154471549,-0.003170731707317076
20,4,0.0023170731707317055,-0.001300813008130086,-0.0035365853658536656,0.0022357723577235756,0.0017073170731707295,-0.008739837398373978
20,5,-0.007345971563981033,-0.009320695102685643,-0.01560031595576613,0.04838072669826232,-0.0074644549763033365,-0.020497630331753558
20,Aggregated,0.0005186216013619523,-0.0031089025647390105,-0.0025609457625153775,0.008617277166181624,-0.0005574253173213093,-0.006108378297341669
20,Centralized,0.0004854368932038814,-0.003135113268608412,-0.002615965480043136,0.008785059331175855,-0.000586569579288021,-0.006169093851132649
21,0,-0.0017479674796747713,0.0033739837398373876,0.0008130081300812904,-0.0023983739837398405,-0.0009756097560975618,0.0009349593495934968
21,1,0.0039024390243902287,-0.002723577235772342,0.0035772357723577084,-0.009837398373983687,-0.010569105691056901,0.0010162601626016083
21,2,0.0014227642276422776,0.0038617886178861824,0.0001626016260162603,-0.0018699186991869936,-0.004186991869918703,0.0030487804878048808
21,3,-0.001585365853658538,-0.003658536585365857,0.0009349593495934968,0.001666666666666668,0.002154471544715449,0.0004878048780487809
21,4,0.001585365853658538,0.0038617886178861824,0.0012601626016260175,0.0015447154471544728,0.002520325203252035,0.0038617886178861824
21,5,-0.011374407582938426,0.001540284360189564,-0.02053712480252764,0.04763033175355455,0.00047393364928908745,-0.005884676145339676
21,Aggregated,-0.0013059518923156798,0.0010429392046958283,-0.0023098211510346432,0.006149133752621981,-0.001762402796718391,0.0005733662618410427
21,Centralized,-0.0013484358144552116,0.0010450377562027842,-0.0023867313915857395,0.00632416396979503,-0.0017529665587918118,0.0005461165048543714
22,0,0.00378048780487803,-0.0002032520325203106,0.003699186991869901,-0.004349593495934916,-0.004268292682926793,0.0013414634146341306
22,1,0.010284552845528443,0.0005691056910569055,-0.0028455284552845387,-0.005772357723577219,-0.0034146341463414517,0.0036178861788617655
22,2,0.004349593495934963,0.0013008130081300824,-0.0039024390243902474,-0.0035365853658536617,-0.00024390243902439046,0.004471544715447158
22,3,-0.0023983739837398397,0.0013821138211382127,0.000528455284552846,0.0006097560975609762,0.0030894308943089457,-0.0007723577235772364
22,4,0.0021951219512195102,-3.7007434154171884e-18,0.0010975609756097534,-0.005284552845528446,-0.002682926829268299,0.0022357723577235756
22,5,-0.020892575039494456,-0.00015797788309635674,-0.007543443917851515,0.04241706161137459,-0.013823064770932094,-0.002369668246445477
22,Aggregated,-0.0004599006865614646,0.00048139254229965383,-0.0014982246234798258,0.0040384386829771576,-0.0035637766627520068,0.0014183568465105374
22,Centralized,-0.0005461165048543622,0.0004786947141315871,-0.0015237324703344225,0.0042003775620280326,-0.0036070658036677365,0.0014023732470334485
23,0,0.0035772357723577158,-4.065040650407433e-05,0.00032520325203253355,0.0004471544715447288,0.0015040650406503966,-0.003373983739837396
23,1,0.00451219512195122,-0.0032520325203252098,0.006016260162601632,-0.0039024390243902287,-0.0010569105691056956,-0.0023170731707317133
23,2,4.0650406504065074e-05,-0.001056910569105692,-0.003983739837398377,-0.0019918699186991886,0.0009756097560975618,-0.0013008130081300824
23,3,-0.0034146341463414664,-0.0014634146341463428,-0.006178861788617891,-0.00024390243902439046,0.001585365853658538,-4.0650406504065074e-05
23,4,-0.0013008130081300824,-0.0012195121951219523,-0.008780487804878064,-0.0026016260162601648,0.0025609756097561,0.001585365853658538
23,5,-0.013428120063191155,-0.002962085308056873,-0.022393364928909896,0.04976303317535563,-0.0037519747235387276,-0.0024881516587677687
23,Aggregated,-0.001676411422276172,-0.0016665940752293715,-0.0058430569010867635,0.006939044970100653,0.0003002699971568914,-0.0013232941525042428
23,Centralized,-0.0017259978425026986,-0.001672060409924489,-0.005912891046386149,0.0071197411003236215,0.0002831715210355986,-0.0013282092772383901
24,0,0.0011382113821138443,-0.007642276422764175,0.002682926829268291,0.00028455284552847773,0.0012601626016260062,-0.00504065040650403
24,1,-0.005081300813008108,-0.010528455284552797,0.001788617886178856,0.0002845528455284666,0.0026829268292682873,-0.006219512195121925
24,2,-0.0015040650406504116,-0.011382113821138184,0.0007723577235772235,0.0049186991869918616,0.005934959349593483,-0.0036178861788617733
24,3,0.003170731707317072,-0.0042276422764227495,0.004065040650406504,0.0033333333333333327,0.002520325203252031,0.000894308943089428
24,4,0.0008130081300812922,-0.009390243902439002,0.006422764227642272,0.0044715447154471495,0.007601626016260161,-0.005040650406504051
24,5,-0.010703001579778852,-0.016034755134281202,0.0007503949447077505,0.04447077409162718,-0.004699842022116896,-0.013783570300157982
24,Aggregated,-0.002033266966826731,-0.009871513033153832,0.002745744093614898,0.009649457392517297,0.0025454041630218905,-0.005473295035024495
24,Centralized,-0.002069848975188757,-0.009897518878101428,0.0027373247033441123,0.009796386192017266,0.0025148327939589926,-0.005508360302049613
25,0,0.003373983739837405,0.003048780487804862,0.0005284552845528496,-0.0017479674796747947,-0.005894308943089432,-0.0017479674796747947
25,1,0.0003658536585365931,0.0045121951219511975,-0.003536585365853646,0.0031300813008130037,-0.0033333333333333197,0.001300813008130075
25,2,0.0009349593495934968,0.003130081300813011,-0.005975609756097567,0.003211382113821141,-0.006300813008130087,0.0025609756097561
25,3,8.130081300813015e-05,0.001016260162601627,0.00024390243902439046,0.002073170731707319,-0.0028861788617886206,-0.000528455284552846
25,4,0.003658536585365853,0.0032926829268292673,-0.00317073170731708,0.0021138211382113804,-0.01024390243902438,-0.0005284552845528496
25,5,-0.0015007898894154918,-0.0009478672985781965,-0.008135860979462914,0.047985781990521253,-0.017575039494470847,-0.01034755134281206
25,Aggregated,0.0011506158892142164,0.0023399246419814213,-0.0033441286074121367,0.00948560648137621,-0.007711888294773226,-0.0015540500181533963
25,Centralized,0.0011394282632146758,0.0023260517799352505,-0.003364347357065795,0.009648058252427186,-0.007753505933117566,-0.0015911542610571557
26,0,-0.002357723577235743,-0.0021544715447154353,0.0021138211382113674,0.0026829268292682487,0.004146341463414622,-0.001991869918699185
26,1,-4.065040650408728e-05,-0.004593495934959353,0.011178861788617874,0.002845528455284533,0.006991869918699177,0.0031300813008129885
26,2,0.0022764227642276444,0.0009756097560975618,0.0027642276422764254,0.0026016260162601648,0.005569105691056915,0.0028861788617886206
26,3,-0.0008130081300813016,0.0008943089430894317,0.0028861788617886206,-0.0019512195121951237,-0.0030894308943089457,0.002073170731707319
26,4,0.0035365853658536617,0.0023983739837398397,0.004268292682926833,-0.001666666666666668,0.0015447154471544728,-0.0003252032520325206
26,5,-0.007069510268562399,-0.005213270142180117,-0.0114139020537125,0.03621642969984202,-0.007859399684044248,-0.016508688783570275
26,Aggregated,-0.0007486798031128587,-0.0012846637777731203,0.0019577161387629356,0.006806866218931022,0.0012114135209793685,-0.0017987728263989511
26,Centralized,-0.0007753505933117484,-0.0013012405609493145,0.001901294498381854,0.006930960086299882,0.0011731391585760346,-0.0018608414239482212
27,0,0.0015853658536585308,0.002845528455284532,0.0017886178861788295,-0.0007317073170732002,-0.0019512195121951217,0.0013414634146341432
27,1,0.0005691056910568956,0.004959349593495911,-0.007601626016260141,-0.005040650406504054,-0.005650406504065014,0.0030081300813007946
27,2,0.0010569105691056882,0.002357723577235771,-0.009878048780487793,-0.0019918699186991925,-0.006382113821138227,0.0026422764227642262
27,3,-8.130081300813385e-05,-0.0029268292682926894,0.002682926829268291,-0.0037804878048780335,0.0021544715447154453,-0.0004878048780487846
27,4,0.003292682926829264,0.0005691056910569036,-0.002560975609756085,-0.0010569105691056772,-0.005081300813008142,0.004837398373983737
27,5,-0.0033965244865718706,-0.003791469194312796,-0.013309636650868824,0.056319115323854765,-0.01362559241706155,-0.00797788309636653
27,Aggregated,0.0005018862657749846,0.0006660577583904088,-0.004818540690773965,0.00731750921066812,-0.0050948025439822645,0.0005551529965260063
27,Centralized,0.00048543689320389806,0.000647249190938524,-0.004854368932038796,0.0075242718446602045,-0.00513079827400217,0.0005191477885652607
28,0,-0.0008130081300812793,0.00024390243902439046,0.0033333333333332993,0.0013414634146341475,0.0006910569105691137,8.13008130081468e-05
28,1,-0.009430894308943059,0.0014634146341463354,0.00825203252032518,-0.004918699186991849,0.0009349593495934893,0.006138211382113804
28,2,-0.0051219512195122,0.002154471544715449,0.0015447154471544728,-0.0018699186991869936,0.0003252032520325206,0.0054065040650406555
28,3,0.001382113821138209,-0.002398373983739843,-0.006138211382113812,0.0011382113821138185,0.0026016260162601613,0.0034146341463414625
28,4,-0.004186991869918703,-0.0014634146341463428,-0.001585365853658538,0.0006910569105691063,-0.0004471544715447158,0.004552845528455289
28,5,-0.0065955766192733,-0.005608214849921009,0.00031595576619274736,0.04296998420221191,-0.015205371248025245,-0.011137440758293864
28,Aggregated,-0.004129291442104557,-0.0009376820812188635,0.0009533366826113519,0.006581897094550485,-0.001858461473494889,0.0014013433051613428
28,Centralized,-0.004139697950377546,-0.0009573894282632352,0.0009506472491909242,0.006735436893203912,-0.0019147788565264125,0.0013484358144552422
29,0,0.0001626016260162714,0.0013821138211382144,-0.0043495934959349395,-0.007682926829268265,0.004308943089430853,0.001300813008130077
29,1,-0.0037804878048780335,-0.004105691056910553,-0.004024390243902424,0.0009349593495934881,0.007764227642276405,0.0007723577235772217
29,2,-0.0019512195121951237,0.0028048780487804903,-0.008252032520325208,-0.001585365853658538,0.0039024390243902474,0.005081300813008134
29,3,0.00203252032520325,0.0003252032520325169,0.003048780487804877,-0.006463414634146329,-0.0005284552845528496,0.0015853658536585343
29,4,0.0017073170731707259,0.00373983739837398,-0.008658536585365846,-0.00747967479674796,0.0031300813008130037,0.005121951219512192
29,5,-0.004304897314375987,-0.004146919431279602,-0.019549763033175273,0.033293838862559204,-0.0181279620853081,-0.0037519747235387054
29,Aggregated,-0.0010244537214909233,-2.740142515778683e-06,-0.006972279811224411,0.001856291867740956,6.327369375606646e-05,0.0016815026491391353
29,Centralized,-0.0010382955771305268,-2.0226537216833097e-05,-0.007025350593311727,0.0019889428263214592,-1.3484358144566499e-05,0.001658576051779916
30,0,0.0017073170731707517,-0.0027642276422763933,-0.003089430894308921,-0.0013008130081300733,0.0026829268292682894,-0.0021138211382113535
30,1,0.00186991869918699,0.004430894308943089,0.0027642276422764215,-0.010813008130081268,0.0031300813008130024,0.0010569105691056828
30,2,0.0013008130081300787,0.0017073170731707295,-0.003861788617886186,-0.0071544715447154315,0.0034146341463414625,0.0021544715447154453
30,3,0.0028048780487804864,-0.0019512195121951274,0.0013414634146341438,0.004796747967479675,-0.0010162601626016307,-0.005975609756097551
30,4,0.004796747967479675,-0.0024796747967479734,-0.0005691056910569148,0.00012195121951221373,0.0016260162601625995,0.001382113821138209
30,5,-0.003909952606635081,-0.012480252764612943,-0.01860189573459714,0.04514218009478678,-0.009004739336492948,-0.008254344391785183
30,Aggregated,0.001424883627389455,-0.002262712256103667,-0.0036789418725723974,0.005157606266525243,0.0001329470412546843,-0.0019623938953622815
30,Centralized,0.001402373247033456,-0.002305825242718437,-0.003741909385113237,0.005326321467098158,9.439050701186558e-05,-0.0019889428263214536
31,0,0.0013821138211382107,-0.0021544715447154353,-4.0650406504059525e-05,-0.0009756097560975785,0.0022357723577235587,-0.005325203252032504
31,1,-0.0067886178861788085,-0.004349593495934939,-0.0012195121951219282,0.0023170731707317046,-0.0020325203252032275,0.0023170731707316907
31,2,-0.0003252032520325206,-0.002073170731707319,-0.0027642276422764254,0.001585365853658538,-0.0002032520325203254,0.0013414634146341475
31,3,0.0033739837398373976,0.00024390243902438675,0.0017073170731707295,-0.004756097560975596,0.0009349593495934931,0.0009349593495934931
31,4,-0.001056910569105692,0.002032520325203254,0.0025609756097561,-0.003617886178861792,0.0022764227642276444,-0.002195121951219514
31,5,0.000592417061611383,-0.007543443917851491,0.001066350710900491,0.048380726698262246,-0.005252764612954203,-0.01354660347551345
31,Aggregated,-0.000469691932626145,-0.002310714418763487,0.00021891615309453774,0.007181878527847123,-0.0003433624115469976,-0.00275245834095943
31,Centralized,-0.000465210355987065,-0.002332793959007564,0.0002224919093850845,0.0073557173678533185,-0.00036407766990292727,-0.002798004314994611
32,0,0.0031707317073170465,-0.0029268292682926578,0.0018292682926829124,-0.00028455284552844444,0.002317073170731696,0.0007723577235772439
32,1,0.009024390243902378,-0.010975609756097576,0.005853658536585344,0.0017073170731707148,0.00686991869918697,0.002154471544715425
32,2,0.004552845528455289,-0.0028861788617886206,0.0027642276422764254,0.0012601626016260175,0.0035365853658536617,0.0054065040650406555
32,3,-0.003780487804878052,0.0017479674796747984,0.0019918699186991886,-4.0650406504065074e-05,-0.003617886178861792,-0.0011788617886178872
32,4,-0.0013414634146341475,-0.0023577235772357743,0.002154471544715449,0.0006097560975609762,-0.0052032520325203295,0.0012601626016260175
32,5,-0.013428120063191103,-0.003633491311216433,-0.003120063191153225,0.037203791469194156,-0.013072669826224355,-0.006319115323854667
32,Aggregated,-0.00030872026688199574,-0.0035053926041559067,0.001909030437442263,0.006762057895270083,-0.0015357318883043643,0.0003450017067585711
32,Centralized,-0.00036407766990289583,-0.0035059331175835867,0.0018878101402373321,0.006890507011866232,-0.001584412081984904,0.0003168824163969926
33,0,0.007642276422764216,0.0023983739837398397,-0.0010975609756097497,-0.004268292682926832,-0.0021951219512195102,-0.009796747967479676
33,1,0.012845528455284529,0.006869918699187005,-0.006910569105691045,-0.00752032520325196,-0.012154471544715365,-0.010203252032520295
33,2,0.013455284552845476,0.005691056910569081,-0.009837398373983728,-0.007601626016260231,-0.007642276422764199,-0.011138211382113804
33,3,0.003739837398373982,0.00292682926829268,0.001869918699186988,0.0004065040650406452,-0.001504065040650408,-0.0025609756097560777
33,4,0.01963414634146341,0.008373983739837363,-0.007113821138211365,-0.006138211382113846,-0.0063821138211382,-0.01081300813008129
33,5,0.002211690363349145,-0.00714849921011059,-0.018996840442338094,0.042812006319115574,-0.01311216429699837,-0.019984202211690415
33,Aggregated,0.009916545211120145,0.003178688914136616,-0.007022017996264817,0.0029737576672556514,-0.007168827115581913,-0.010755287220672967
33,Centralized,0.00988403451995685,0.0031351132686084013,-0.007072545846817678,0.003141855447680674,-0.0071939050701186925,-0.010794228694714088
34,0,0.00012195121951220819,0.004471544715447134,0.006747967479674769,0.001585365853658536,-0.00048780487804876244,-0.005121951219512175
34,1,0.005772357723577207,-0.0005284552845528496,0.006463414634146321,0.0054065040650406295,0.002601626016260139,-0.00020325203252032908
34,2,0.0038617886178861824,-0.0027642276422764254,0.0026016260162601648,0.0011788617886178872,0.00272357723577236,-0.00028455284552845556
34,3,0.0019918699186991778,-0.007723577235772351,0.002723577235772349,-0.0028455284552845444,-0.0022357723577235904,-0.001666666666666657
34,4,0.005528455284552849,-0.005081300813008134,0.006463414634146347,-0.0008130081300813016,-0.0013821138211382127,-0.0022764227642276444
34,5,-0.010110584518167487,-0.015126382306477138,0.0028436018957345823,0.049565560821484826,-0.007503949447077443,-0.012559241706161154
34,Aggregated,0.00118709892079378,-0.004465534273408425,0.004639454636376399,0.009038813708029421,-0.0010515225894296805,-0.003691005439432387
34,Centralized,0.0011394282632146665,-0.004510517799352749,0.004631877022653693,0.009209816612729243,-0.001078748651564195,-0.003728425026968717
35,0,0.004146341463414608,0.0031707317073170743,-0.004837398373983738,-0.0018699186991869862,-0.006991869918699172,-0.003373983739837396
35,1,0.00634146341463412,0.0006097560975609484,-0.007682926829268281,-0.003577235772357707,-0.010365853658536558,4.0650406504046575e-05
35,2,0.006382113821138206,0.001951219512195118,-0.006991869918699204,-0.0010162601626016324,-0.008048780487804863,0.002845528455284549
35,3,0.0062195121951219515,0.0019512195121951237,0.0025609756097561,0.0007723577235772364,0.001097560975609757,0.002032520325203254
35,4,0.007804878048780486,0.007682926829268267,-0.009512195121951197,-0.0002439024390243997,-0.007357723577235759,0.0016260162601625938
35,5,-0.009518167456556132,0.004857819905213303,-0.030845181674565486,0.04225908372827831,-0.00841232227488153,0.0016587677725118535
35,Aggregated,0.0035543505233664348,0.0033715604325373653,-0.009565008586117644,0.006077103332903848,-0.006680936042878119,0.0008054609543371451
35,Centralized,0.0034991909385113282,0.0033778317152103597,-0.009654800431499482,0.00622977346278317,-0.006688241639697946,0.0008090614886731203
36,0,0.001016260162601636,0.004186991869918703,0.003658536585365853,0.0010569105691056538,0.014146341463414567,-0.006991869918699187
36,1,-0.0026016260162601483,0.003861788617886171,0.0051626016260162425,-0.0052845528455284395,0.011300813008130047,-0.009999999999999969
36,2,-0.0009756097560975711,0.0023170731707317003,0.0019512195121951144,-0.005772357723577225,0.008902439024390245,-0.008861788617886175
36,3,0.0009756097560975618,-0.001056910569105692,-0.002113821138211384,0.003333333333333336,-0.002113821138211384,-0.0014634146341463428
36,4,0.0022764227642276405,0.004959349593495926,0.0014227642276422648,-0.004349593495934945,0.008211382113821114,-0.01008130081300811
36,5,-0.008451816745655635,-0.008649289099526057,-0.005213270142180107,0.037045813586098014,-0.009557661927330163,-0.017022116903633495
36,Aggregated,-0.0012980237957679365,0.0009303891597474787,0.0008074974450823277,0.004359111664312738,0.0051388729775254625,-0.009075151648855532
36,Centralized,-0.0013282092772383938,0.0008899676375404453,0.0007820927723840631,0.004497033441208189,0.005076860841423956,-0.009108683926645067
37,0,0.0023170731707317055,-0.001747967479674778,-0.007235772357723512,0.004430894308943079,8.13008130081542e-05,-0.0051626016260162486
37,1,0.00499999999999999,-0.002682926829268273,-0.015365853658536563,0.013943089430894283,0.010934959349593498,-0.006951219512195104
37,2,0.0037398373983739777,-0.0001626016260162603,-0.010121951219512133,0.008373983739837398,0.005365853658536581,-0.0023170731707317094
37,3,0.0011382113821138222,4.0650406504065074e-05,-0.0019918699186991886,0.0019918699186991886,0.0004471544715447158,0.0008130081300813016
37,4,0.004227642276422758,0.0021544715447154397,-0.011422764227642235,0.006178861788617872,0.004715447154471539,-0.005853658536585348
37,5,-0.004028436018957357,0.00015797788309637463,-0.011374407582938418,0.0465244865718799,-0.008965244865718798,-0.005726698262243288
37,Aggregated,0.0020618360270959336,-0.0003730605695951547,-0.00958657705591507,0.013594872021725928,0.002089525944873672,-0.004200680698873994
37,Centralized,0.002036138079827386,-0.0003708198489751957,-0.009594120819849046,0.01373381877022651,0.0020428802588996794,-0.0042071197411003266
38,0,0.00524390243902435,0.0028861788617885855,0.003658536585365836,-0.0051626016260162624,0.001219512195121945,-0.0005284552845528441
38,1,-0.000528455284552846,0.008211382113821138,0.0027235772357723526,-0.011626016260162568,0.00016260162601624734,-0.00138211382113822
38,2,0.0012601626016260138,0.005000000000000001,0.002357723577235771,-0.007642276422764219,0.00012195121951219153,0.0013414634146341438
38,3,0.002235772357723579,0.001056910569105692,-0.0023577235772357743,-0.0017479674796747984,-0.0009349593495934968,-0.0006910569105691063
38,4,0.0030894308943089422,0.004634146341463415,0.0028861788617886167,-0.008943089430894304,0.0008536585365853629,0.002357723577235771
38,5,-0.0011453396524486598,-0.0051342812006319,-0.01358609794628751,0.04624802527646137,-0.019944707740916317,-0.006437598736176976
38,Aggregated,0.0016907695725338295,0.0027706797436394676,-0.0007278372476884106,0.0018826489465441152,-0.003097738253480246,-0.0008935431709814259
38,Centralized,0.001678802588996773,0.002737324703344114,-0.000782092772384028,0.0020698489751887626,-0.003168824163969765,-0.0009169363538295432
39,0,0.0039024390243902213,-0.009837398373983697,0.0028861788617886197,0.0001626016260162677,-0.003170731707317031,0.0011788617886178872
39,1,0.013821138211382084,-0.011138211382113789,-0.0003658536585365931,-0.0067073170731707195,0.0011788617886178798,0.0007723577235772235
39,2,0.007560975609756096,-0.00943089430894308,-0.000162601626016264,-0.0036178861788617954,-0.000162601626016264,0.0033739837398373976
39,3,-0.001585365853658538,-0.0014227642276422776,-0.001056910569105692,0.0008130081300813016,-0.0012195121951219523,-0.0004065040650406508
39,4,0.0017886178861788596,-0.0065040650406503935,0.0016666666666666644,-0.0021544715447154527,0.0013008130081300787,0.0039024390243902435
39,5,-0.0017377567140600284,-0.004739336492891017,-0.007938388625592417,0.04822274881516587,-0.014257503949447066,-0.012440758293838845
39,Aggregated,0.003954709803078092,-0.0071772230338501605,-0.0008330177571061298,0.0061466234522839225,-0.002729133735671675,-0.0006108170257160744
39,Centralized,0.003930690399137002,-0.007166936353829551,-0.0008629989212513585,0.006324163969795018,-0.002777777777777796,-0.0006607335490830776
40,0,0.001016260162601614,-0.0027642276422764115,0.0035772357723576884,0.0024390243902438504,0.0006097560975609539,-0.0024390243902438955
40,1,0.0020325203252032427,-0.005162601626016224,0.004593495934959343,0.0043089430894308525,-0.00386178861788616,-0.001910569105691042
40,2,0.0,-0.0028861788617886206,0.0013414634146341475,0.0030894308943089457,-0.0017073170731707332,0.0001626016260162603
40,3,0.0007317073170731714,-0.00024390243902439046,0.0035772357723577266,-0.0018699186991869936,0.001056910569105692,-0.0008130081300813016
40,4,0.0012195121951219523,0.0003252032520325206,0.0023983739837398397,-0.0013008130081300824,-0.0006910569105691063,0.0004878048780487809
40,5,-0.009419431279620867,-0.013052922590837263,-0.022314375987361773,0.045240916271721984,-0.003771721958925756,-0.0037914691943128002
40,Aggregated,-0.0007421076525856406,-0.0039698995766862775,-0.001151263040035314,0.008674591621884433,-0.0013957187738198344,-0.0013854789747008494
40,Centralized,-0.0007820927723840335,-0.0040115965480043,-0.0012405609492988116,0.008825512405609482,-0.0014023732470334375,-0.001388888888888886
41,0,0.007926829268292643,-0.004593495934959336,0.0018292682926829298,0.000284552845528462,-0.004756097560975577,0.0017479674796748131
41,1,0.0016260162601626012,-0.0016666666666666516,0.002276422764227633,0.0054878048780487715,-0.008048780487804873,0.005203252032520315
41,2,0.00028455284552845556,-0.0050000000000000044,-0.00028455284552845556,0.0028455284552845552,-0.00601626016260163,0.005731707317073176
41,3,0.0018699186991869936,0.00272357723577236,-0.0012601626016260175,-0.0032520325203252063,-0.0003252032520325206,0.002682926829268295
41,4,0.006097560975609747,-0.0074796747967479605,-0.0006097560975609798,-0.0041056910569105785,-0.002723577235772364,0.006382113821138213
41,5,0.0009478672985781792,-0.0055687203791469336,-0.0071879936808846995,0.040323854660347706,-0.016390205371248003,-0.01212480252764615
41,Aggregated,0.0031240692313012543,-0.003598753514128753,-0.0008768219606318391,0.006951959428977352,-0.006383071481525268,0.0015951080912909414
41,Centralized,0.0031148867313915887,-0.003607065803667727,-0.0009034519956850007,0.007092772384034537,-0.006425296655879169,0.0015372168284789763
42,0,-0.0008943089430894309,0.0033739837398373716,-0.0006504065040650301,0.00028455284552845556,-0.0008536585365853648,-0.0036991869918698923
42,1,-0.0005691056910569111,-0.0002032520325203254,-0.004186991869918703,0.007520325203252039,0.00012195121951219523,0.004634146341463419
42,2,0.0003252032520325206,0.0005691056910569111,-0.001056910569105692,0.004471544715447158,0.00024390243902439046,0.0052032520325203295
42,3,0.0001626016260162603,0.0022764227642276444,-0.0004065040650406508,-0.004227642276422768,0.0022764227642276444,-0.004959349593495939
42,4,0.000528455284552846,0.002682926829268295,0.001097560975609757,-0.001016260162601627,-0.00264227642276423,-0.005528455284552851
42,5,-0.013586097946287559,-0.005529225908372822,-0.003791469194312807,0.04316745655608214,-0.016745655608214918,-0.0011453396524486478
42,Aggregated,-0.002346046089961727,0.000524464843580005,-0.0015005816956993733,0.008388850122277264,-0.002942025167954918,-0.0009159685206679372
42,Centralized,-0.002393473570658035,0.0004989212513484331,-0.0015102481121898623,0.008535598705501588,-0.0030002696871628733,-0.000916936353829582
43,0,0.007113821138211357,0.00528455284552845,-0.008780487804878006,-0.00024390243902437688,-0.0029674796747967322,-0.005284552845528424
43,1,0.004024390243902416,0.010487804878048741,-0.011016260162601587,-0.00020325203252033464,-0.0027642276422764067,-0.005406504065040636
43,2,0.007317073170731714,0.00796747967479675,-0.011951219512195079,-0.0019512195121951315,-0.004227642276422769,-0.0020325203252032557
43,3,0.001585365853658538,0.0009349593495934968,-0.0001626016260162603,0.002520325203252035,0.002195121951219514,0.00024390243902439046
43,4,0.008983739837398369,0.013414634146341465,-0.013211382113821158,0.001138211382113813,-0.003983739837398377,-0.0039024390243902474
43,5,-0.0004739336492891044,0.00793838862559242,-0.01567930489731443,0.05248815165876783,-0.00868878357030018,-0.009518167456556141
43,Aggregated,0.0047550735426799065,0.007671473534077025,-0.010137078396823873,0.008985805069930923,-0.0034094931433702623,-0.004320029742591136
43,Centralized,0.004733009708737849,0.0076725997842502745,-0.010160463861920141,0.009169363538295564,-0.0034317691477885313,-0.004341963322545803
44,0,8.130081300812645e-05,0.006341463414634102,0.004512195121951195,-0.0039024390243902513,0.00353658536585364,-0.0008130081300813034
44,1,0.009512195121951226,0.0005691056910569055,-8.13008130081357e-05,-0.00873983739837397,0.007357723577235774,-0.0013008130081300824
44,2,0.0054471544715447165,0.0034146341463414625,-0.0008943089430894353,-0.007317073170731696,0.005243902439024391,-0.0010162601626016307
44,3,-0.001016260162601627,-0.001585365853658538,0.0022764227642276444,-0.0004878048780487809,-0.0022764227642276444,0.0006504065040650412
44,4,0.001991869918699185,0.004065040650406504,0.00451219512195122,-0.006422764227642264,0.002073170731707315,0.0010975609756097534
44,5,-0.01832543443917844,-0.008254344391785148,-0.015363349131121647,0.03376777251184841,-0.01575829383886253,-0.002132701421800962
44,Aggregated,-0.0003963004234586361,0.0007526761705439807,-0.0008489505642608632,0.0011704380497734473,1.937875093375671e-05,-0.0005867887686577385
44,Centralized,-0.0004584681769147817,0.0007281553398058342,-0.0009776159654800423,0.0013214670981661354,-3.371089536138664e-05,-0.0005798274002157655
45,0,0.007113821138211383,0.004471544715447169,-0.010609756097560943,0.0028048780487804994,-0.021504065040650434,0.0030894308943089552
45,1,0.010853658536585329,0.007967479674796728,-0.01182926829268289,0.005772357723577228,-0.028902439024390127,0.006382113821138197
45,2,0.007764227642276415,0.010040650406504046,-0.015528455284552815,0.0057317073170731585,-0.02569105691056905,0.00792682926829268
45,3,0.005162601626016256,0.0044715447154471495,-0.004430894308943075,0.002276422764227635,-0.01162601626016261,0.004146341463414629
45,4,0.010325203252032492,0.010528455284552832,-0.018333333333333323,0.007195121951219498,-0.02804878048780481,0.006138211382113793
45,5,-0.0006319115323854796,0.0032780410742496153,-0.02503949447077408,0.05552922590837279,-0.026026856240126378,-0.0071090047393364995
45,Aggregated,0.0067598844511364345,0.006790711706963569,-0.014302050342075764,0.013245261035062253,-0.02363472840564721,0.0034222684993658495
45,Centralized,0.00672869471413163,0.006775889967637546,-0.01434735706580369,0.013423678532901823,-0.0236448220064725,0.003377831715210365
46,0,-0.0028048780487804547,0.0027642276422764106,0.001016260162601625,0.003089430894308909,-0.00012195121951219709,0.005813008130081252
46,1,-0.0007723577235772364,0.0003658536585365857,0.0017479674796747984,-8.130081300813015e-05,-0.0014227642276422776,0.0026016260162601648
46,2,-0.0038617886178861824,-4.0650406504065074e-05,-0.002154471544715449,0.0028048780487804903,-0.0003252032520325206,0.008455284552845527
46,3,0.0012195121951219523,0.0017073170731707332,0.0027642276422764254,-0.0023170731707317094,0.0001626016260162603,0.0013414634146341475
46,4,-0.0065447154471544745,0.0035365853658536617,-0.001097560975609757,0.004186991869918703,-0.0019918699186991886,0.00922764227642277
46,5,-0.018641390205371235,-0.01599526066350711,0.0005924170616113707,0.05493680884676148,-0.009281200631911532,0.00023696682464457595
46,Aggregated,-0.005242817375137593,-0.001286371549678934,0.00047821282853812797,0.010464993786553732,-0.0021679359052246203,0.004609875468099617
46,Centralized,-0.005299352750809047,-0.001348435814455238,0.0004786947141315834,0.01065264293419634,-0.0021979503775620625,0.004591423948220033
47,0,0.009715447154471498,-0.0014634146341463243,-0.0025203252032520163,0.003333333333333318,-8.130081300811165e-05,-0.0065447154471544415
47,1,0.0014634146341463408,-0.000609756097560978,-0.003983739837398379,0.0014634146341463464,-0.0019105691056910605,-0.0037398373983739833
47,2,0.003739837398373987,-0.00028455284552845556,-0.003130081300813011,0.0001626016260162603,-0.0004471544715447158,-4.0650406504065074e-05
47,3,-0.0015447154471544728,-0.001666666666666668,-4.0650406504065074e-05,-0.0017073170731707332,-0.000528455284552846,-0.0018292682926829285
47,4,0.004959349593495939,-0.0002032520325203254,-0.0014634146341463428,0.0011382113821138222,-0.0024390243902439046,-0.0019918699186991886
47,5,-0.0015402843601895764,-0.005963665086887867,-0.016311216429699803,0.050039494470774076,-0.01078199052132705,-0.003593996840442333
47,Aggregated,0.002796075078019513,-0.0017012704582414961,-0.004582387142024869,0.009097742202405288,-0.0027032363412240264,-0.0029571293456952938
47,Centralized,0.002777777777777772,-0.0017192556634304122,-0.004631877022653671,0.009270496224379702,-0.0027373247033441314,-0.002959816612729231
48,0,0.0032113821138211184,8.1300813008132e-05,-0.0015853658536585159,0.001097560975609757,0.00036585365853656346,-0.0031707317073170526
48,1,-0.001666666666666668,0.0056910569105691105,0.009024390243902466,-0.0004471544715447158,0.006747967479674798,0.0001626016260162603
48,2,0.000528455284552846,0.0033739837398374015,0.003617886178861792,-0.0015447154471544728,0.0011788617886178872,0.0026016260162601648
48,3,-0.00024390243902439046,-0.00264227642276423,0.0008536585365853666,0.0009349593495934968,0.0014227642276422776,-0.0003252032520325206
48,4,0.0033739837398374015,0.0002032520325203254,-0.0006910569105691063,0.0008943089430894317,0.0008536585365853666,-0.002195121951219514
48,5,-0.01224328593996839,-0.0003159557661927187,0.0013823064770932098,0.04372037914691965,-0.015205371248025188,-0.02918641390205374
48,Aggregated,-0.001180396649193994,0.001064346309009764,0.002099845351988089,0.0074656854073069665,-0.0007819124947440181,-0.005367402736471183
48,Centralized,-0.0012270765911542377,0.0010585221143473618,0.002096817691477883,0.007618662351672082,-0.0008427723840345013,-0.005467907227615932
49,0,0.001300813008130088,0.003170731707317051,-0.004146341463414582,-0.006138211382113776,0.004349593495934941,-0.0034146341463414244
49,1,-0.006300813008130082,0.0031707317073170686,0.0006504065040650341,-0.010284552845528453,0.00032520325203251875,0.0026829268292682877
49,2,-0.0011788617886178908,0.0011788617886178835,-0.004512195121951227,-0.009146341463414627,0.0006504065040650375,0.0032520325203252024
49,3,-0.003983739837398377,0.0028048780487804903,0.0023170731707317094,-0.0008536585365853666,0.0024390243902439046,0.002154471544715449
49,4,0.0022764227642276405,0.0057723577235772395,-0.004390243902439032,-0.010325203252032506,0.0036991869918699184,0.0005284552845528423
49,5,-0.005647709320695114,-0.004462875197472341,-0.014020537124802517,0.03921800947867299,-0.0041864139020537225,-0.02511848341232226
49,Aggregated,-0.002257810645198961,0.0019350326964239217,-0.0040233507799667355,0.00043641471579022525,0.0012093911554715573,-0.0033331033990344713
49,Centralized,-0.0022721143473570732,0.0019080366774541493,-0.004065533980582516,0.0006000539374325566,0.0011866235167205966,-0.00342502696871629
50,0,-0.00483739837398372,-0.0006097560975609651,0.004918699186991843,-0.0050813008130081196,0.0020325203252032297,-0.0013008130081300806
50,1,0.0013821138211382255,-0.005447154471544708,0.001463414634146328,-0.0051219512195121815,0.006056910569105669,0.00654471544715446
50,2,-0.004186991869918707,-0.0029268292682926894,0.0010975609756097534,-0.007804878048780475,0.00459349593495935,0.0067886178861788615
50,3,4.0650406504065074e-05,-0.0009756097560975618,0.0024796747967479695,-0.0011382113821138222,0.0014227642276422776,-0.0018292682926829285
50,4,-0.0039024390243902513,0.002560975609756096,0.0012195121951219486,-0.008739837398373971,0.0060162601626016264,0.0028455284552845518
50,5,-0.008965244865718808,0.0005134281200632047,-0.006240126382306498,0.047037914691943045,-0.009715639810426578,-0.013151658767772556
50,Aggregated,-0.0034150924181732046,-0.001146432055317472,0.0008186193806289657,0.0032199100416447557,0.0017270852507575265,-2.5520312023800772e-05
50,Centralized,-0.0034385113268608335,-0.0011394282632146682,0.0007888349514563427,0.0034048004314994515,0.001678802588996773,-8.090614886731203e-05
