Round,Evaluator,2,1,3,5,0,4
0,0,,,,,,
0,1,,,,,,
0,2,,,,,,
0,3,,,,,,
0,4,,,,,,
0,5,,,,,,
0,Aggregated,,,,,,
0,Centralized,,,,,,
1,0,0.2128324756228889,0.2269581087353437,0.22348412090670727,0.17534930400709114,0.23141899770290075,0.20461093511440925
1,1,0.21173269101519196,0.22416622085462662,0.21972306994953905,0.17327031653438577,0.2260471660587602,0.2013627098230545
1,2,0.2178456200731408,0.23220988592663744,0.22740454761395854,0.17281770853430675,0.230012393902714,0.21024503832164348
1,3,0.21313366575891324,0.2274369001011378,0.22366530284812203,0.17085086595824553,0.22921399307368143,0.20350836839537198
1,4,0.20609254073405492,0.22206590162557022,0.22131223687373355,0.16858147504178633,0.22683441227611717,0.1945455036288589
1,5,0.09227947423067984,0.09351057548116426,0.057482246434902844,0.32305152810371995,0.10005259329127655,0.047302016468688764
1,Aggregated,0.1922556305971249,0.20432057327048236,0.19542391970368447,0.19740035993146787,0.20719490703097873,0.17684645131443144
1,Centralized,0.19183403447013106,0.20385323108011721,0.1948419191917563,0.19793055756764039,0.2067428492694112,0.17629984300401447
2,0,0.04991323194272725,0.024321182466910448,0.04682724540048729,0.005443775121072176,0.01959528825166946,0.04021989387866095
2,1,0.04826234588674762,0.030766038911336887,0.04770988390893057,0.004402248150229134,0.020613313372673386,0.043167499614928176
2,2,0.04802479935530217,0.029496900141488588,0.0482612515594588,-0.0008098422076926632,0.022382756691826176,0.03972428554716166
2,3,0.05133667339738253,0.029500831169158602,0.048392094985731,0.0014227533532716514,0.02096413435531508,0.0398594376393211
2,4,0.04928916509909767,0.025837410966970818,0.04890395720874057,0.009580542930547718,0.01938356436157181,0.039590402283963703
2,5,-0.0029153273829222084,-0.05105930139575701,-0.03597901649039641,0.31505285210543454,-0.02654571479155955,-0.02118621613488175
2,Aggregated,0.040624038406475674,0.014768514959552148,0.03397460858348312,0.05601397763574484,0.012707181986483497,0.03019643713610555
2,Centralized,0.04044028484887263,0.014490622461855906,0.03367965075767912,0.05710702432400792,0.012541516434865634,0.029979529515622858
3,0,0.03467880675062519,0.006411338004719723,0.04697938213992349,0.0029586755753944925,0.009929373960043335,-0.019306464227722676
3,1,0.03832618952831282,-0.007356824094189011,0.0477674427370335,0.0018559956407175893,0.0048620106910892665,-0.025692787673552656
3,2,0.034967308739552345,0.004530602517021192,0.04409143706581797,-0.0009838907170590086,0.003161765192954888,-0.01966318117196074
3,3,0.03621268211603212,0.00594736058179355,0.04442295047528645,-0.002404131867355929,0.010814504969960797,-0.023460653432705057
3,4,0.03172793022466815,0.006781518034456835,0.046303842729815754,0.0036150090918897625,0.010070415206027854,-0.022684907270827344
3,5,-0.021985224504815604,-0.08198516164044077,-0.04490179761525149,0.3120873526870716,-0.027732660733420466,-0.05410721433468437
3,Aggregated,0.02562424260994623,-0.010990486091815264,0.03072896030142379,0.053020109226950336,0.0018320404943610934,-0.027502840505866585
3,Centralized,0.025423441737452007,-0.011290297856922319,0.030409745496661728,0.05411326285489149,0.0017072505449557771,-0.027614766413565157
4,0,0.011178971956746315,0.015198806524821066,0.011629788798482563,0.0113683480298116,-0.008696359165914956,0.011209169042861459
4,1,-0.0013632244515217316,0.02315750432551274,0.012438095175931167,0.012100357880187158,-0.013611942418363592,0.011540807175726954
4,2,0.0033146658856511736,0.016790969616697474,0.012057488650081978,0.007348950489553292,-0.0065487850640758745,0.016443200118826176
4,3,0.010662575655929589,0.01506347463307184,0.011654124445955044,0.004919397109696994,-0.003338092434241951,0.007374106979532791
4,4,0.008482358898957107,0.019545876188268797,0.010078957459302935,0.010506828008313483,-0.007674965303206196,0.010075219118519238
4,5,-0.021285132733763736,-0.05671360403668972,-0.06334865437660023,0.2939394290637018,-0.061554654457212046,-0.054865356091778596
4,Aggregated,0.0018169643553719492,0.005467502241291222,-0.0009548379753683504,0.05684847262889321,-0.016932600160787237,0.0002610227135458835
4,Centralized,0.0017198432226652282,0.005204853580503701,-0.0012180522773419982,0.05784890269126867,-0.017121156204189053,2.8633509014793255e-05
5,0,0.0230376897602866,-0.0038772420397918516,-0.004250743618702036,0.01344071887983423,0.03123631299004388,-0.02398846195845687
5,1,0.01656983536721812,0.010471243945946203,0.010990334394606834,0.012788017673573836,0.029701014752450936,-0.029151165674850456
5,2,0.01767084788271141,0.005740816117958183,-0.002350799268107386,0.0020291665299708088,0.02542293528402313,-0.01305831143955568
5,3,0.019731750030027327,0.001670347021016948,-0.005637459983717209,0.0018433407884389517,0.025085573825691557,-0.019358307615065583
5,4,0.021477915829930555,-0.0004164982741311397,0.0037992052694744414,0.0070150542283858,0.02638462934281275,-0.022333367167075065
5,5,-0.03818996655248588,-0.07235058121976563,-0.09300966225621252,0.3356325961172574,-0.06712000417735363,-0.003464711700897474
5,Aggregated,0.010018923446887816,-0.009833535690762013,-0.015126207325072093,0.06229919108092378,0.011734770926323607,-0.018549430834032557
5,Centralized,0.00981537274595687,-0.010097376953847286,-0.015454875675573016,0.06345270087775147,0.01140209251970795,-0.018485743467123
6,0,-0.0036372882835156305,0.02847999763113672,-0.006170750092994071,0.011433955140308228,-0.0322838677893318,0.0031078703800085164
6,1,-0.0047081028627897455,0.02473563360777526,0.011503647915391666,0.007446893854476148,-0.03227818308062863,-0.0009462894757465512
6,2,-0.00024619235519954513,0.018701926439960513,-0.0038118551224044783,0.002822399331036982,-0.018761403588568322,0.007737704956734466
6,3,-0.000210865455226709,0.020766161187146304,-0.005094929350847329,0.004352620557553621,-0.02063594187973459,0.003163327649991757
6,4,-0.0029317864358122583,0.02990227307375078,-0.0013422111456088427,0.008757017101551733,-0.029271595709955366,0.0017443249235681215
6,5,-0.09458628430835588,-0.04678192328129518,-0.06597946750758833,0.29368789265446676,-0.08238508823400298,-0.05468551190277011
6,Aggregated,-0.017769092799597333,0.012596130706882461,-0.011850459613127837,0.05490246497430412,-0.035965627071701894,-0.00667705631525255
6,Centralized,-0.01809330695263035,0.01234547584676877,-0.012078836182215157,0.05591002089708883,-0.03616158696213056,-0.006879662650787417
7,0,-0.007980667102387356,0.00454023443046103,0.0059524951887842134,-0.00032202959266886276,-0.004123555280813992,0.017343708336553628
7,1,0.0023494916033038574,0.0021776437354905777,0.008574651860801911,-0.00397467609304552,-0.0014224316943636328,0.011245031705058067
7,2,-0.005434512055976878,0.0032005939199217454,0.004565029496984502,-0.007081943383312016,0.0034592067208718837,0.014275009310921646
7,3,-0.010304025255528027,0.0058279065846962436,0.0018436492115341484,-0.0044352210578009555,0.0006278920968834272,0.009940981327946269
7,4,-0.004541434660544825,0.007485376501282875,0.0029969414776159393,-0.0045230810998250015,-0.0037706976684970354,0.015457320832687266
7,5,-0.08592205682964585,-0.055028177673766956,-0.03458995441115991,0.32651057082469714,-0.10041076859878598,-0.023295824932387167
7,Aggregated,-0.018681763902077257,-0.005331108419699666,-0.0017971183321610772,0.051204570411739814,-0.017659517604114154,0.007474740751862489
7,Centralized,-0.01896540549112833,-0.005540826375951934,-0.0019353465872015716,0.0523662755662231,-0.018008673269674196,0.007344869094608575
8,0,-0.019114804352014465,-0.04928815773088513,0.027864662353906278,0.006371350630745463,0.002017299796338283,0.010828865183825039
8,1,-0.016873739237177852,-0.03510909464878667,0.018488339159780025,-0.006214381358229558,-0.00485328207036332,0.01670400776743446
8,2,-0.006071141623237896,-0.02839349086917651,0.011146907661326698,-0.0009553688256314618,-0.000613361926285262,0.016668928004959227
8,3,-0.009935804645238501,-0.02656506052273564,0.016140352992476223,0.0041116964278695,0.0053643765458554656,0.006167993648164738
8,4,-0.01365653131660112,-0.03276008901206324,0.021856528930257624,0.003532547530020712,0.0035807562686577896,0.00875546585666654
8,5,-0.08151800220186081,-0.0751394518755887,-0.016606644118061183,0.3077966572283634,-0.04945346509058493,-0.05806867479585284
8,Aggregated,-0.024564671092901492,-0.04123085638769586,0.013129387474864406,0.05260321976977091,-0.007353137675833838,0.000138963551314571
8,Centralized,-0.02480503750476651,-0.04137438353108063,0.013003503928845878,0.053680047623977135,-0.007530941705442288,-0.00010665025119553608
9,0,0.026348252824370914,0.020944612636750504,-0.024632373593120767,-0.00029819136234248436,-0.011810925270348606,-0.010250003792798824
9,1,0.025079850560974757,0.025082250817958663,-0.01387037875655295,-0.006768467968583144,-0.014901051941252725,-0.009079220456666807
9,2,0.016598907437581564,0.01590967500642125,-0.01109738672935469,-0.0022308891185237305,-0.009771692356428744,-0.002527700717446394
9,3,0.009443858724893924,0.011796029398023484,-0.011058762125349517,0.0001436545653500989,-0.004124508050336604,-0.0036699977311456023
9,4,0.016721825649956078,0.017206464275374617,-0.018449989236067225,-0.0004390921272557494,-0.004812423786866712,-0.0032121931199401025
9,5,-0.08693097007536338,-0.04104778534830886,-0.09712930500025825,0.29740471336168767,-0.03992421455921347,-0.0013079373505415185
9,Aggregated,0.0011540929028723366,0.00828373633251615,-0.029416230706971004,0.048127649654852465,-0.014240521125451678,-0.005005483313759274
9,Centralized,0.0007825001631764987,0.008075550157987684,-0.029701838159433728,0.04917979814304158,-0.014349016604435112,-0.0049898501904142795
10,0,0.008883717028571093,0.006947289690388113,0.019610374458958912,-0.003252950112725109,0.02454222309090785,-0.0646256149206547
10,1,0.011396972812449533,0.006242558002745955,0.01978172832476696,-0.015345314612258923,0.009924986761137048,-0.03601261024758659
10,2,0.008848220355466889,0.0010964657208935222,0.010215757290826816,-0.005803024926776145,0.0108917394770473,-0.024031501021691923
10,3,0.007203125192605117,0.008123676111049234,0.007730017344537552,-3.259944618119182e-05,0.014511895841354903,-0.0447849574899332
10,4,0.012200164384323234,0.008811225887978578,0.016505227765161827,-0.0011392304072198804,0.016550327646683006,-0.05472834849401527
10,5,-0.038513026403065864,-0.03100062302237672,-0.021128670188366463,0.28522357240074664,-0.021139521428564904,-0.17160828341639428
10,Aggregated,0.0016442435553719308,1.6977455557812444e-05,0.008766667180418712,0.043429330182577254,0.009194256872065092,-0.0660325721908677
10,Centralized,0.0014748166123392597,-0.00011352342109555737,0.008640375570180122,0.044449352654791614,0.009066234171835033,-0.06647812222213625
11,0,0.013191960743741772,-0.008878702791716863,0.008510255780496705,0.007747614105136171,-0.01355785968400296,0.009101324720125944
11,1,0.011722600468717112,-0.005482343973779618,0.0024867488157060236,-0.00181835436732248,-0.008399105156865502,0.01206991172932438
11,2,0.008778850970014436,-0.004131197242964066,0.002378353665665205,-0.007412073535065949,-0.005543809604384233,0.008690515378248385
11,3,0.0016951862106753313,0.0010449108011933621,0.0070891739229504945,-0.004090679024737379,-0.0019533744097652685,0.0020154836977281892
11,4,0.013659062065160679,-0.0010020233195069158,0.01196400336434719,-0.002028287982141329,-0.009309489680818486,0.004573577632356465
11,5,-0.04289769806652195,0.002682552131254528,-0.029789869084995296,0.30475283547181464,-0.14800323479017075,-0.035459365089198246
11,Aggregated,0.0009969907406999889,-0.0026244151075538627,0.0004205047782464156,0.049687896632071515,-0.031202326357162604,0.00014252881276931079
11,Centralized,0.0008117279708260952,-0.002602113740898193,0.0002934011551142471,0.05076418796286956,-0.031695202003838276,-7.637198828805386e-06
12,0,-0.020045066651109222,-0.0025670878233178263,0.025381797991146593,0.002365544992587194,-0.02884282602855358,0.0125066766033719
12,1,-0.012631296800399469,0.005043901041480785,0.0223175508163316,0.01114688753179021,-0.03223892572815128,0.0006638362493246342
12,2,-0.0014347034672460971,0.0017643338642598589,0.011445642539958967,0.0011401130781135387,-0.01993505066693202,0.006968193211071692
12,3,-0.004022354175746824,0.004411401055263571,0.007199807821133359,-0.0010454861270056983,-0.00922270757352691,0.0019090542527498311
12,4,-0.0030944160951254067,0.004491806200788994,0.017710951462696183,-0.0025147468285228168,-0.01911883653464732,0.007254031125020041
12,5,-0.06296390568478902,-0.014961720832238895,-0.11369722027272892,0.23743970422800378,-0.08529958488977991,-0.0015036931338518087
12,Aggregated,-0.017394361958320673,-0.00031224017681093794,-0.005009583145747357,0.04154697425107614,-0.03247668738844784,0.004629103914408156
12,Centralized,-0.017586810891786635,-0.00037385555071767186,-0.005468324098399923,0.04237309604928154,-0.03269958978331074,0.004602981274384064
13,0,-0.001236504660784549,-0.01317649643493228,0.008077409375098217,0.01141697225860148,-0.005776572414327126,0.0009665759447934466
13,1,0.004448685887887938,-0.0023127008307878834,0.006078189036941538,0.0036480784334349853,-0.008821151165408513,0.0064642514145814775
13,2,0.004993862479043895,-0.0018048177755914086,0.0012307592927016085,-0.006540486151704149,-0.0023855199949303035,0.008923783729488837
13,3,3.854900851125331e-05,-0.003973312021442317,0.003387892355320574,-0.005672975138668224,0.0026302768961523745,-0.002197437891386246
13,4,-0.0007120380252772919,-0.00778031828407386,0.010356129522632844,-0.005176452282900611,0.0009921476041916501,0.0014499777999823784
13,5,-0.04327352597336583,-0.06212952210340247,-0.0014961480058410556,0.2593577778767093,-0.05986583555364655,-0.05664745947622999
13,Aggregated,-0.005980619874985233,-0.015226117002534937,0.0046018150152675776,0.042976861218006986,-0.012234829045017792,-0.006871806215846297
13,Centralized,-0.0061381061821639705,-0.01542431671766423,0.004575870028854536,0.04388956911017638,-0.012435880067478275,-0.0070818642134226175
14,0,-0.017401927309565288,-0.0013879467017831053,0.003355367076674498,-0.009955494040044675,0.0035414318214050267,-0.011532121656402616
14,1,-0.0037801133118849127,-0.012745586081932572,2.594178001251639e-06,-0.013215448069247125,0.005169130411375228,-0.015475238969948788
14,2,-0.003602403863910273,-0.004709262003873407,-0.002264082167579021,-0.00897484126087226,0.005321857947173091,-0.0006627408483659155
14,3,-0.0031105392317117286,0.003189391947462793,-0.0009429335391839318,-0.004985978528690019,0.0023582783871377434,-0.005688738939129709
14,4,-0.0025646235717487064,-0.0023175276071766863,0.0014757103783229926,-0.013283645304464494,0.005769577760333322,-0.005422098835181402
14,5,-0.0579461585583331,-0.027151015443072843,-0.0595136056624187,0.2803086603116963,-0.11071429636803697,-0.04351305716522741
14,Aggregated,-0.014761844109740081,-0.00753283989754782,-0.009679616974332294,0.03846982533304137,-0.014820179809995575,-0.01373466344940361
14,Centralized,-0.014943613291639722,-0.007615761592568105,-0.009890322752335147,0.03949011307881638,-0.015224901104086,-0.013860443692890308
15,0,-0.0029826648335064864,-0.00253951132418322,-0.0059070262181330924,-0.002981774838668806,0.006497369010482079,0.02122055295539782
15,1,0.002902873431704581,-0.008758522092872019,0.0065888804685285286,-0.0030386955121863408,0.0004310538783647239,0.02334863043769791
15,2,0.0036453273926874345,-0.006243359449448782,0.00183212708736468,-0.00392765255247384,0.0008777492150552017,0.011121201266696322
15,3,0.0015647515747532932,0.0002041301617113964,-0.0015304199068800455,-0.000605053511714598,0.004939654614532209,-0.0015575735128236462
15,4,0.0006624233840557517,-0.0008155982621702642,-0.002820194486756845,-0.001330808919981632,0.0048306569970759565,0.011392351953820603
15,5,-0.08227898984566724,-0.01058540745089487,-0.10443826911057268,0.28386591180641596,-0.05690063406686054,-0.01649815437888893
15,Aggregated,-0.012792042940018187,-0.004793406459430178,-0.017767775875100728,0.045482399874056265,-0.006586123629810101,0.008155440149325793
15,Centralized,-0.013085111468749215,-0.004817809482029567,-0.01813354514590987,0.04648819433081611,-0.006798563492385216,0.00805125193078877
16,0,-0.008803776866677623,-0.0029961575171755096,-0.003995616719255023,0.017914681186668363,0.006138108961244251,0.010595882960822473
16,1,-0.004614058624388287,-0.011876489479101963,0.0030572134575066728,0.0023676363152437744,0.013134062959119775,0.013047855829004805
16,2,0.0005969036039017654,-0.005252920403257255,8.04906426964104e-05,-0.0032428450792723984,0.004760022085417879,0.009000276247355068
16,3,0.0020573625048714347,0.006387162524114366,-0.00023107145111127636,-0.0035468160779574807,-0.006334116028219262,0.000259164983768772
16,4,0.002791317617170459,0.003382530678315907,-0.0038819131265733597,0.0020391608962268843,-0.003843027054005311,0.008997346198991936
16,5,-0.07285352929321878,-0.04102489499533668,-0.0896240221392778,0.3066780577942145,-0.09971595944791023,0.0020137401867896996
16,Aggregated,-0.013508822971491754,-0.008584157377443788,-0.015812908319204996,0.05386293140626092,-0.014364602047456234,0.007315661994864981
16,Centralized,-0.013759147771697363,-0.008720914240543703,-0.016124261066233138,0.05493005543894603,-0.014724704078779682,0.0072933113878507535
17,0,0.013429268597103632,0.014748452511295739,0.01713313530549445,-0.014500717099317818,0.008720962129786776,-0.048678844176843955
17,1,0.009780454079705627,0.006342376436863827,0.025610548903016846,-0.01164124793012259,0.0070328633980577685,-0.039457582075691375
17,2,0.008879301194343114,0.002927085242810084,0.00819188200409246,-0.006520025306944318,0.008347026187991326,-0.020896804450143764
17,3,-0.003832917059504596,0.0054332040080244315,0.0013615247665671076,-0.0009451360411181231,0.007363977437935251,-0.010662903867429449
17,4,0.005043815496272308,0.01407149846319252,0.007679030541685389,-0.010108136836752196,0.005993655541194336,-0.0212792184890353
17,5,-0.06508402715110552,0.011155936232802106,-0.09009568969918015,0.25783904352968406,-0.02812865694695664,-0.020658160646075296
17,Aggregated,-0.005335467910381446,0.009114394568089641,-0.005074168234801593,0.03582892996553109,0.0015360464406887777,-0.026934914642100464
17,Centralized,-0.005587537394422902,0.009123148440248257,-0.00543298913106802,0.036765634012427016,0.0014110357793857401,-0.026908245409480256
18,0,-0.025434899938303165,0.00012855070929286506,0.004399783251999289,0.011068773866771563,-0.0008622110770960012,0.003079503664614537
18,1,-0.01411156538982348,0.0011526125253819377,0.005239739233316565,0.0032074754262775957,-0.0026686244510017707,0.008037324841093154
18,2,-0.007361089151384903,-0.00033295997231263825,0.0009258501466100983,0.0008227396046735802,-0.0034252486531063287,0.00601025161317209
18,3,-0.003098603294681627,-0.0022809380285339835,0.0010242124704214128,0.0011097592327792647,0.006159677422271249,-0.004885157200153401
18,4,-0.004656073202932242,-0.0046883971667495755,0.002608451298040332,5.167137929435561e-06,0.004220694445724185,0.0038114981262110954
18,5,-0.08914739847976752,-0.06412855252571728,-0.030886854607553887,0.23869445248148036,-0.042100983966305204,-0.059917611489959416
18,Aggregated,-0.024009826645899297,-0.011725045340991436,-0.002799388339961569,0.042609821821578533,-0.006468847871845268,-0.007344238039688837
18,Centralized,-0.024284419981195245,-0.01194608411083052,-0.0029177321258804186,0.04343707083739848,-0.006619157891156544,-0.007565827815456205
19,0,-0.005329241460947394,0.00964115323795669,0.015651288994155486,0.014468913038425697,-0.01724294569505466,-0.018425431259982243
19,1,0.007673012979916553,0.007853129763378321,0.006638902876390565,2.7942715801337506e-05,-0.019214217853569637,-0.013158001218822414
19,2,0.006069890499424004,-4.261360201971813e-05,0.00504616915033626,-0.0030413219756231925,-0.008894792709262309,-0.0018726653715443714
19,3,-0.002757503931247899,0.005841858609393253,0.0015228264942738546,0.0020028702782226666,-0.0014916139000153079,-0.006137356485178599
19,4,0.0018077345071600562,0.0013016281673427412,0.003936942342370468,0.004836950162858224,-0.010290811605261949,-0.0070179518145400575
19,5,-0.06742736810300272,-0.04770785928002654,-0.08469460583096376,0.2860896911508227,-0.07295080678841512,-0.038366685156474165
19,Aggregated,-0.010030529387791007,-0.003880077491357068,-0.008698228532924075,0.05088089435396614,-0.02171355200247907,-0.014178446311119242
19,Centralized,-0.010272822218477489,-0.004064943403165501,-0.0090190655556963,0.051873450514228064,-0.0219296958361818,-0.014280573079095653
20,0,-0.006025047442595416,0.006656686511599789,0.00576440160075183,0.007348421371208742,-0.007908064915706984,-0.0056560602795518115
20,1,0.002658878858371427,0.002914257374119984,0.0104249145550524,-0.0011401602772544222,-0.003489558656318645,0.002834771996669573
20,2,0.005186214228162173,0.0027273243531988475,-0.0005826676887237336,-0.003770772176910546,0.002262425683962239,-0.00016096346122225884
20,3,-0.0024284178854936554,0.004040458364046394,-0.007953707117942035,0.002587447355667246,0.004242147555448295,-0.006895721025162681
20,4,0.000647734931027784,0.0004934831368667814,0.0014159148533651649,0.003044396129666358,-0.0014614849655338797,-0.00479635531985045
20,5,-0.0340027449903875,-0.05310310743054496,-0.08329760057337385,0.3200034653655969,-0.03988472457136085,-0.1132739189097362
20,Aggregated,-0.0056786333255368065,-0.006075151500879412,-0.012416676485472245,0.054847957846508685,-0.007727058569002743,-0.021383330218272423
20,Centralized,-0.005797626040017166,-0.006274063824658317,-0.012715449537556404,0.05596705598327838,-0.007862723888531676,-0.02177089938571716
21,0,-0.0008669942665480092,0.005407686272241754,0.0063379958777216175,-0.010245295049483951,-0.016915686379011072,0.003309841053908871
21,1,0.0071189794548623475,-0.007772318127355066,0.012020974378187499,-0.019474323399365594,-0.023212370296378577,0.008113898628181102
21,2,0.005852941646790928,-0.007136240132379162,0.004171675079065118,-0.008293302777058573,-0.009902654960613967,0.007491478083699587
21,3,-0.006428001734972866,-0.0023741809534185095,-0.0013695482677074276,0.003726890152574588,0.0015001782649163252,0.0020807046633376956
21,4,0.0001654206709390857,0.0026541605422141326,0.004880030220461342,-0.004047632321776423,-0.010539612534610065,0.010296114778780154
21,5,-0.049098893386645276,0.0177517854083727,-0.14679496711749085,0.27730178016165336,-0.0034953097513493645,-0.03630935263714851
21,Aggregated,-0.007236131308865347,0.0014322267033383407,-0.02020639822929104,0.03997942128493536,-0.010423156264045143,-0.0008588351982954327
21,Centralized,-0.0074131526658860435,0.00150071698167714,-0.020740840209476124,0.04098029751796851,-0.010394371157773322,-0.0010086819767612812
22,0,0.010363777334713857,0.0037233041931583294,-0.00055639886769122,-0.015633618273891804,-0.010739461865051704,0.0058061309781935995
22,1,0.017905977790738423,0.0029069351961270246,-0.010865851867556441,-0.011470596438456342,-0.0013243783833269747,0.0057460493884691705
22,2,0.010390450384514967,-0.0009706849711680233,-0.010748123049167299,-0.003266101989924034,-0.0002477793925624139,0.006549990826806378
22,3,-0.006832664852558983,0.005831697617387542,-0.0005991091484729616,-0.003312004722884937,0.004929720109149529,0.0007494487119100103
22,4,0.006151122173990231,0.0027757754446118593,-0.0029993098062602954,-0.010507721034103752,-0.000941257532887533,0.01031134398294871
22,5,-0.14536122037471094,0.007356463812922371,-0.051307169399314234,0.23981594165578965,-0.08806240962665471,-0.0022761444488089712
22,Aggregated,-0.01797835790791526,0.003606307659623455,-0.012870514681589179,0.032736424677557496,-0.016110163664480464,0.004476828456567104
22,Centralized,-0.018516094695547377,0.0036224352509830046,-0.013032711900212303,0.03360987368815095,-0.016413774194761425,0.004448277239323471
23,0,0.011067872085465376,-0.0010402275133787075,0.008184456427926708,0.0037162985314977996,0.0030111636872424403,-0.006596594074700638
23,1,0.011411049693725878,-0.00994021234347583,0.011518525641962598,-0.007431813916676216,0.0012815140551066552,0.00041654904789828495
23,2,0.0047764357353430155,-0.002037242903278222,-0.0037967736618194315,-0.005640654391016044,0.0027948975916795202,0.001352742501232589
23,3,-0.007915875084178558,-0.00028707699062410606,-0.01562046290153902,0.002502555089402288,0.010709182466812874,0.0010406025261091877
23,4,0.005426367358896202,-0.0034915667999976204,-0.010641032377419455,-0.0035310958689436104,0.0075272419446344024,0.004244860518322265
23,5,-0.07785639661442288,-0.008105659852832403,-0.12402595405958061,0.28633458484197355,-0.01651954342381872,-0.01745853287127012
23,Aggregated,-0.008892420627791098,-0.004152852794255599,-0.022461667291772177,0.04614487678809154,0.0014559417727823508,-0.0028427196748090355
23,Centralized,-0.009183480476228141,-0.004169515091100772,-0.022890221498264453,0.04715838733242826,0.0013801232896316132,-0.002904402784472007
24,0,-0.015635513019221524,-0.04288113374466461,0.009038841081948131,0.008780220942983526,0.009542860289875103,-0.027197866753602553
24,1,-0.011499587546986387,-0.0338186698468611,0.004360030754881379,0.0014068330930511407,0.008926464728686585,-0.012396255656295855
24,2,-0.003287631316203512,-0.025163043900311842,0.00031490085414273854,0.004529033995726141,0.01168803012299703,-0.008346444025244664
24,3,0.0019332206458603223,-0.014550454717542655,0.004795575217491866,0.010807069468025118,0.004983772777299481,-0.005059540688443623
24,4,-0.0028295286869691435,-0.029949624665413715,0.007999705836754367,0.008162767294483706,0.008144903587897063,-0.014147975159735112
24,5,-0.06695836684761686,-0.09986568412309613,-0.008537648913000375,0.25083501110636824,-0.0650716097522715,-0.04290084169467368
24,Aggregated,-0.016411814399622048,-0.04107560746402414,0.0029878813283417153,0.047549843490690476,-0.003670101323808344,-0.01835714519027478
24,Centralized,-0.01662500294265947,-0.04132379805946065,0.002939053455004639,0.048407427403271835,-0.003928385682660424,-0.018460641330162935
25,0,-0.002460190694535592,0.01990796307903991,-0.007443569700873086,0.013529128547613047,-0.023357842212524405,-0.0038541479935191975
25,1,-0.008040456049408166,0.013662031426767175,-0.006857254037684805,0.008774712067481389,-0.010395157659628175,0.0028109225635797232
25,2,-0.0014281656930854169,0.005551755223948456,-0.010506684200844506,0.009107695725184778,-0.009716538654413296,0.007180939634949263
25,3,2.0715391274903957e-05,0.007327981145217464,-0.0020164102904448333,0.005595109622279003,-0.010735946282648547,-0.0012677009232682107
25,4,0.004124050664062647,0.012522396644611144,-0.006671060790334965,0.008995955425519545,-0.01878727374787397,-6.932436159833716e-05
25,5,-0.02066232643625324,0.008491191926344734,-0.04434145722969965,0.24790006298363493,-0.0682610151461234,-0.05793884781795956
25,Aggregated,-0.004751212767054096,0.011242131588890831,-0.012992738557546277,0.049110596831427204,-0.02357080611737979,-0.008887652444929853
25,Centralized,-0.004818242769972125,0.011230316079731758,-0.013124963472454078,0.04994908422588461,-0.0237596485463932,-0.009094596533521808
26,0,0.007534359271259626,0.0016247713397657252,0.010065104246449021,0.017986284181723586,0.01684417260558183,-0.01108332683960158
26,1,0.004991174928495939,-0.0025614808687533116,0.01880229667801866,0.0022938618044335436,0.011807952259627896,0.007470394946508652
26,2,0.005012117033097335,-0.0010175487679088024,0.00732452832250632,-0.0013870650706914332,0.006832625279667279,0.008231353247425964
26,3,0.0006104698082775197,0.005005380434052257,0.002254231193190733,-0.002772149943230975,-0.0003865040426613443,-0.0042473366407302935
26,4,0.00926540699470439,0.003510464781401041,0.004033331996668203,0.003002168031912326,0.006220919011943005,-5.311722865688515e-05
26,5,-0.05741936357096188,-0.02763178760517922,-0.07122973819333514,0.26528009682429143,-0.03270184703520681,-0.1273091882032855
26,Aggregated,-0.005034392028768191,-0.003527077919659074,-0.004834065312132314,0.04753944214663936,0.0014144548939056204,-0.02123287574170833
26,Centralized,-0.005255386930966293,-0.0036286569807868485,-0.0051140320555712075,0.048458122883581076,0.0012705788069458034,-0.021680460913815904
27,0,-0.00037237346886938766,0.01142139986425865,-0.016793251892023395,0.0021546292715756738,-0.02343487502348345,0.00924407635196284
27,1,-0.0002570053846217415,0.0064546207456829575,-0.018184113132351895,-0.007885212944764578,-0.01171699061750829,0.011554713313830588
27,2,0.0051355787674039356,0.0044137156282481535,-0.014869849672207872,-0.00783887343516723,-0.0043843087575970085,0.00919668220083523
27,3,-0.0009666486349582642,5.932716233158763e-05,0.00019404105637512578,-0.0005723576517675691,-0.0034630366511358814,0.0025567735749913055
27,4,0.002543479092682608,0.0012451970183388929,-0.008926186954753636,-0.003238383122027273,-0.012693419669571831,0.013239774176471398
27,5,-0.018445470218094253,-0.007325129621558994,-0.10573168799933862,0.3094397853257822,-0.07595451874033923,-0.054852687193643106
27,Aggregated,-0.0020708529678705847,0.002705122914359829,-0.027435124726337447,0.04884284794706689,-0.021975627870621718,-0.0015441199179512493
27,Centralized,-0.002139476610285261,0.0026630752049359575,-0.027765197007031492,0.049942670620763185,-0.022202935245144422,-0.0017685899694710287
28,0,-0.025744536859075594,0.00858650850552373,0.016899361661490125,-0.0021014977646492974,-0.0023421172106379315,0.003674247047124032
28,1,-0.03039889005770235,0.0015983180969944468,0.01610674073727585,-0.01084831656670904,0.0034411688438446175,0.013486629658885025
28,2,-0.013217450808512924,-0.000754353915936676,0.00330940587541481,-0.006840873008545567,0.0037744615467358755,0.010789841699409379
28,3,-0.0018579544917635088,-0.0008613727298245231,-0.007745083614481284,0.0055550682425134276,0.00332694107145895,0.006292943237621003
28,4,-0.011124192543608932,-0.00037397079480679633,-0.0006202324566414745,0.001823971924954709,0.00092117052142155,0.012069897375577354
28,5,-0.04935979949246493,-0.012635373063099935,0.033203645008663664,0.21296677763319496,-0.08400589617557917,-0.05107453760715205
28,Aggregated,-0.021967945575787195,-0.0007476245407959659,0.010206977122455184,0.03354032171533729,-0.012526312910516807,-0.0008255531997844994
28,Centralized,-0.022083385506729412,-0.000797652052429068,0.010304189255350787,0.034297632683957816,-0.012827817810234295,-0.001037633042738997
29,0,-0.004661252329652747,0.003874840850276841,-0.02173458684951559,-0.0031096439967348765,0.016645432772513395,0.0043326846881914394
29,1,-0.007809936201973003,-0.005770804770161751,-0.009954815002767497,-0.0006738150154349754,0.01964404529288769,0.006797247526360348
29,2,-0.000657132681917277,-0.0030933511578665565,-0.007828693159186472,-0.0040337959086020605,0.011590617708851066,0.007813295648176798
29,3,-0.001487444376236106,0.0023276092843194365,-0.004736396550785808,-0.01214488227548951,0.006882876399356189,0.0037422332266774444
29,4,0.0008288968867923161,0.006314458830791567,-0.016811011156543022,-0.015730998946187624,0.008304483853110643,0.011358716240081189
29,5,-0.03492507977102581,-0.017223133101990012,-0.14236829047930247,0.21094669774938382,-0.11871265194642808,-0.02106763674780195
29,Aggregated,-0.008135748561432466,-0.0022712686802592932,-0.03397478276281998,0.029324794177597122,-0.00934397200253135,0.0021479461843911226
29,Centralized,-0.008248640770965848,-0.0023342737276471175,-0.03443209040294056,0.030091203638501915,-0.009805395571610856,0.002050290700449451
30,0,-0.0011184083891664426,-0.0067104757750685385,-0.007146801400542393,-0.002898153302979565,0.013032306060475604,0.004047263203421381
30,1,0.004570204530112575,0.005447898847626111,0.007082535960592616,-0.016158459854337226,0.009751505931690227,-0.009300790864918114
30,2,0.006858416925063473,-0.004622302754329452,-0.0004411543548637276,-0.006609833966401989,0.005071667439915184,-0.002417178077309302
30,3,0.0037021976162956646,-0.00809830153062408,-0.0016027662974545927,0.006289736468711165,0.003147538851229805,-0.015506495302348235
30,4,0.005652871625691265,-0.007041409162857908,-0.007732461761591326,-0.00337488714487662,0.005698485172725398,-0.0013696026196979383
30,5,-0.02998762234064383,-0.06698784274061895,-0.13894423042378432,0.3062855383454913,-0.061632874789569886,-0.007324708002616979
30,Aggregated,-0.001738411830328179,-0.01470209499156034,-0.02487025417944419,0.04742080172514207,-0.004191873532467477,-0.005313201868080295
30,Centralized,-0.0018574522500096702,-0.014923025931524898,-0.025351493987175087,0.048513241201380265,-0.0044341766702952,-0.005321591270370076
31,0,-0.007949410917390848,-0.004354536389961813,-0.002458183907422356,0.012280572176058775,0.003260679993018261,-0.01727171218089844
31,1,-0.012201181124438625,-0.009353657083100517,-0.005013497129304568,0.0089173780255015,-0.002695908230993971,0.0011815631130314382
31,2,-0.008273326704008797,-0.006183338708732573,-0.0019853760944951028,0.0024223925310513515,0.002293847500059216,0.004195173711495034
31,3,0.0060669529189028805,0.003119964406320365,0.0012825431267968759,-0.00486309206273375,0.004626982174510345,-0.005368222476472145
31,4,0.00030252601755496666,0.0009270747532840949,0.001910562742826692,-0.0006187340184473557,0.0030599773039295423,-0.0059998983730751585
31,5,0.00999567486425781,-0.05869376684162849,0.012723439461016022,0.2621346854316038,-0.04205587275949948,-0.12167911425783014
31,Aggregated,-0.0020021400491227444,-0.012452543293761125,0.001084006841924676,0.046849543340531916,-0.005275180226469239,-0.024219210454518563
31,Centralized,-0.0019513227069791355,-0.012647771071002522,0.0011331333999715512,0.04775791269722147,-0.005430385036549477,-0.024630313574004924
32,0,0.011997904235985297,-0.012450205620410564,0.0067428178690593895,0.01469666489600254,0.004046162264858943,0.006990382522855254
32,1,0.01526943084865132,-0.01927638430131159,0.014027733297786771,0.006165827074872243,0.013730425045878151,0.009419651468771138
32,2,0.006354516988375612,-0.01052781204516636,0.0035928538179703933,0.002475517644543248,0.005565119851276142,0.00624625008955418
32,3,-0.007842751132700297,0.004591448410012903,0.0032723762532648466,0.0036593281742053935,-0.006675921839103456,0.0007133029749190344
32,4,0.002535592156799293,-0.005379650727269514,0.008732783312082047,0.007016399644794098,-0.00480300736477284,0.011715621802342513
32,5,-0.06937739103510217,-0.0127062597387158,-0.012917882963317284,0.22338743087608737,-0.10189897562448992,-0.027130324576968325
32,Aggregated,-0.006883651404102795,-0.009293654437813919,0.003897719274211185,0.04301526468090244,-0.01506143169649933,0.0013076717844807528
32,Centralized,-0.007147564081205417,-0.009308148296395272,0.003826690165790871,0.04377618130778,-0.015428021045331523,0.0011875098369442398
33,0,0.034508022226289674,0.01666790783945351,-0.020051308738956573,-0.015042247738301985,-0.02966105990701614,-0.04138473202194622
33,1,0.026391523716970337,0.017423583410594832,-0.017451970780050334,-0.01657910816899101,-0.03364651484167774,-0.028398522081698723
33,2,0.023409194092579196,0.01102445800281594,-0.014230315080650814,-0.011804191054546852,-0.021294342749203436,-0.013036195569807722
33,3,0.017089455578403676,0.01004884446555122,-0.003791769785615462,-0.0006311648919607102,-0.005357034873164187,-0.015667147226806052
33,4,0.03280799504031161,0.015884037408095894,-0.018734363676804797,-0.012022157450196014,-0.022260393331636694,-0.03069752215116191
33,5,-0.0024567294928012403,-0.07998733108509645,-0.11086168464554,0.2687512603691849,-0.03426312633719347,-0.06124440890878022
33,Aggregated,0.021942677716936712,-0.0015397962673034376,-0.03090457810297146,0.03559414308329591,-0.02442002483057628,-0.03175689980140979
33,Centralized,0.021839731423422975,-0.0018705257856846858,-0.031241884191909333,0.036578180536862494,-0.02446140054275075,-0.03188126879976218
34,0,0.0032073302904633283,0.01311637377537288,0.023531647563214166,0.019837234826955718,0.004738890685625306,-0.016501594665310322
34,1,0.011539565461112091,-0.002434881634167834,0.02167938868005973,0.01502598330230932,0.007044013293698052,-0.006865015472884165
34,2,0.011173191473573048,-0.00917495046801524,0.010580571866047252,0.0023245366859303896,0.007478130483914889,0.0019810637518658325
34,3,0.005882445735791953,-0.02248863420398053,0.011072172783653652,0.002992892929004725,-0.003683096330255282,-0.007773566312545088
34,4,0.01486487304230582,-0.009719494705146416,0.020313763126348458,0.008815672356752126,0.003412216629437697,-0.010998902124826853
34,5,-0.10157716198322594,-0.07194975958660467,0.033839366214589967,0.29482970838744305,-0.07804245914063415,-0.10232042144854113
34,Aggregated,-0.009210552063597655,-0.017143521910727228,0.020178200296349647,0.057455772809040934,-0.00988553202291929,-0.0237965010504123
34,Centralized,-0.00960024201935562,-0.01737459358594363,0.020235905493382687,0.05845741232100227,-0.010173150023218504,-0.024127975705986193
35,0,0.0057811547290430405,0.00944331740225358,-0.026747079659477254,0.0007247319882928205,-0.021353863681747198,-0.012970757808508822
35,1,0.00670713211752048,0.00949272159563366,-0.013463240230079141,-0.005403078530615382,-0.021091578909086642,-0.0070559938055656
35,2,0.009754175244058711,0.006006852858688954,-0.016410178927139786,-0.0022327680039828,-0.014221583710731185,0.0020674883078536754
35,3,0.009523502620282174,0.0059888880589803,-0.0031521467790598394,0.005371657581631261,-0.0021049927765729643,-0.0022846361364080247
35,4,0.012156331730601634,0.01176260990131392,-0.017702772202555898,-0.0003079355750698757,-0.01603125801407516,-0.0058942746751735765
35,5,-0.04448121965489545,0.02443644145073769,-0.18131120428637143,0.23439271229915543,-0.004709629081765017,0.029675045284597922
35,Aggregated,-0.00012145356018672545,0.011196918144796529,-0.043219200652795595,0.03888228084121479,-0.013246704728743106,0.0006080220832706032
35,Centralized,-0.00030890539843918074,0.011252621598214572,-0.04380191820444889,0.03970721971969122,-0.013211090579978848,0.0007304989557597594
36,0,-0.010314072838970817,0.013438449376394488,0.015541574951584123,0.005280708958539387,0.04050409396551741,-0.04585992381858616
36,1,-0.005827913964670808,0.0108750172385403,0.021095387434186163,-0.009246939677307798,0.026972003215704914,-0.027160489743645364
36,2,0.0028990196326229493,0.004953600230130556,0.007810573498568893,-0.006701900042425129,0.019330121075507682,-0.014958609128696464
36,3,0.0016169543903308517,0.005650587808446473,-0.0007641492438539809,0.007729509028184023,0.007843631343766321,-0.017012449094738334
36,4,0.0023378872756945257,0.013910424843085554,0.008390670930500114,-0.0008819075054449199,0.020294563305658892,-0.03066526754135892
36,5,-0.05437319022424363,-0.07423711990452035,-0.05386576981864467,0.2668555595008408,-0.06951469133377912,-0.09288817822097181
36,Aggregated,-0.010638120449147206,-0.004279470147576918,-0.00033277054161278286,0.04398135621010473,0.007522473745265845,-0.03812575574602181
36,Centralized,-0.010822725311137558,-0.00457474445466261,-0.0005587267003478809,0.044921849567326,0.007197359442910425,-0.03835690280638218
37,0,0.005488307683879603,0.0020854065250132245,-0.03129950689334579,0.0306803763399352,0.007520539792489911,-0.02532067538475191
37,1,0.010180017748895117,-0.0018459771078835599,-0.04572595000439928,0.021919207461429936,0.020271010331757933,-0.020088429569062535
37,2,0.00799935050915516,-0.00301721434634455,-0.029622429228792338,0.015153837310478367,0.012371092250275257,-0.011221636555879922
37,3,0.0042564512718727375,0.004414676421293933,-0.00801212264963356,0.005391034405043319,-3.872975294140105e-05,-0.0071003479283314975
37,4,0.011508057076758225,0.005377904815957781,-0.028053337026141344,0.01505695445588871,0.00370443718567852,-0.014444582999906738
37,5,-0.025856816305053463,-0.00689139756171166,-0.0640664291514702,0.2486686971104315,-0.0915721972352364,-0.007350793372516206
37,Aggregated,0.002244633771060727,1.6159722611245328e-05,-0.034482169356600034,0.05626776166566673,-0.008010616727952828,-0.01425000955457588
37,Centralized,0.002126038636845595,-1.3336523567223585e-05,-0.0346069686167315,0.05707937695446322,-0.008363095049682103,-0.01422081056987603
38,0,0.004159152191382799,0.006812842253808338,0.01698648884201146,-0.01714028606439735,0.009465264797725142,-0.003241557153121634
38,1,-0.00697987691494671,0.013362309720543074,0.016916937244342293,-0.029991434758998108,0.008334488995689728,0.004770033408725535
38,2,0.0002110215486166079,0.0026997215488230716,0.008916316126114012,-0.019871211841085736,0.003043275309322837,0.006529251409239258
38,3,0.006708825801479508,0.0027673319179691343,-0.001477315563387294,-0.004388497762890157,0.0024382094475053277,-0.001720838730559136
38,4,0.0024732175652514743,0.010466217663691895,0.010720532373617862,-0.016546681586976267,0.0046407793859754186,0.002141689270340586
38,5,-0.030670765363081262,-0.03768067520998291,-0.0907267989039098,0.2834429192033496,-0.0998317947786486,-0.02627028520267673
38,Aggregated,-0.004033397731185574,-0.0002858983345105136,-0.006497707980790822,0.03274407000148556,-0.012040969713014679,-0.002980142644847812
38,Centralized,-0.004145729524241218,-0.00044364718965932116,-0.006853250373210486,0.033801725728250256,-0.012411365239061266,-0.003078492338114377
39,0,0.016989637750717042,-0.027617066835781717,0.011128530007734646,-0.0017677611266573834,-1.5890932946107252e-05,0.006310016146924341
39,1,0.02495887223648581,-0.027129642905761864,0.006402220415287036,-0.009729490229109796,0.0049270577012437205,0.006932117649063395
39,2,0.012759349376726072,-0.01421931072763669,0.00017050222759584633,-0.006711766092821947,0.0028525610771178815,0.0072877568145122374
39,3,-0.004402708106494506,-0.006778433749246826,0.00197466665415616,0.0034856309440358673,-0.0005049921986724074,0.0016096832756939108
39,4,0.011915253666740967,-0.01891269954346427,0.00437849083132867,-0.0034658606282590284,-0.0002882107872174827,0.009709834466071193
39,5,0.010037081829105034,0.01701223014102659,-0.062316306348119535,0.23683971171637655,-0.05949242193305248,-0.0507376094015394
39,Aggregated,0.012041635636674285,-0.01292172398202735,-0.006412646918544856,0.03656950818244981,-0.008785998107996141,-0.0031783743280359923
39,Centralized,0.01203317350634235,-0.01279534541450442,-0.006648349324237595,0.037414494264565425,-0.008999959677163806,-0.0033789317994843003
40,0,-0.008681289378119192,-0.009140848580433167,0.009539095528834366,0.018030612182501946,-0.00015996217643823385,-0.014397690515879082
40,1,0.00025753989368218066,-0.007866700158980723,0.014264625576825401,0.006292246440755892,-0.004200401107783131,-0.014067420480090223
40,2,0.0005639498735695484,-0.004520226506057955,0.007861234580808672,0.0002878551134065994,0.0007122672898060926,-0.004514640303814753
40,3,-0.0023620156144057783,-0.002860292651080562,0.005869131049774551,0.002306310136873287,0.003566478408034434,-0.008916828560411438
40,4,0.0003786971136742036,-0.005220233150436847,0.006777646013266435,0.005746436622562167,-0.003949205989358412,-0.008068293586616256
40,5,-0.059932691221171217,-0.059142725389260735,-0.11454449044690611,0.21412174385757143,-0.00010893857001986642,-0.0099149193704939
40,Aggregated,-0.011660097468541535,-0.01482011372767585,-0.011771024825560592,0.041241158037140076,-0.0006895899261393619,-0.009979923999293335
40,Centralized,-0.011864110468577731,-0.01500730891280932,-0.01220465078327855,0.041970719783300164,-0.0006870717722360648,-0.009979296332518657
41,0,0.013720993081109354,-0.027670928703613047,0.005671771317684786,0.016367942223036787,-0.015920461064774717,-0.002361639697263612
41,1,0.005204942102202971,-0.011156234494902035,0.012647052692212913,0.008839259984066868,-0.015665227854148697,0.005327895382192206
41,2,0.0040874965118336565,-0.011349907243856375,0.0047521271133644785,0.0007415475015268848,-0.004594326052278211,0.009674082323305551
41,3,0.010253696683300426,-0.0054085921788189365,-0.006131439678845621,-0.003706099400084985,-0.002306941529869748,0.005291244977178865
41,4,0.01513281918537633,-0.017836859062488504,0.002984129845389167,-6.889449728674794e-06,-0.011235915766629995,0.010389470354674864
41,5,-0.003914137266574212,-0.01705862547042968,-0.05361336951363181,0.2122822131125248,-0.09280199320912325,-0.060704807379032465
41,Aggregated,0.007407079249531146,-0.015081452546688743,-0.005645556179782082,0.03919675034308291,-0.02379816582660475,-0.005432553745650816
41,Centralized,0.007359281177906459,-0.015089825006514901,-0.005847750492821044,0.03992725640664502,-0.02408926534282853,-0.0056657422386016685
42,0,-0.010231432055016991,0.0026849489579445183,0.001365661806724492,0.02469516382563132,-0.013867866405074635,0.010464309503609739
42,1,-0.004711236919462542,-0.0015846954194132592,-0.0009738931186374789,0.010136163128448835,-0.00011392952406823352,0.008482940235347684
42,2,0.0021432218221967485,-0.004347034674052991,0.001402827211715703,0.000516898426949616,0.0013399597623284533,0.00378082673951017
42,3,-0.002862663175657552,0.008955346103018501,-0.001308027524868984,-0.0007217810445175817,0.0009165124309577188,-0.010284852378144286
42,4,-0.003614865278519676,0.007875334897439318,0.0011575113406044962,0.004573804437731841,-0.0063790835288588645,0.0009693718120672846
42,5,-0.08550591443194668,-0.036363861270907044,-0.01846180226050115,0.2261375710714362,-0.10239419941766212,0.0023868766447766457
42,Aggregated,-0.017507195369439395,-0.0038174235120056223,-0.0028129370845598116,0.044338949955852976,-0.020135578702702474,0.002633088353334216
42,Centralized,-0.017794113712454922,-0.003954783003907703,-0.0028791522746080458,0.04510614621529017,-0.020482603693269662,0.002631955664684701
43,0,0.019478567364230145,0.033957593924884115,-0.03878289910291347,0.00028993083166424993,-0.02285730579440859,-0.019517387747438525
43,1,0.012408750725541085,0.02654410326472039,-0.03206017087691722,-0.006128894834036552,-0.015935093263497534,-0.011958629598067764
43,2,0.010109987986172301,0.015079749104170911,-0.024232160776454896,-0.0040909977819210954,-0.012116879103240302,-0.0019333459335994646
43,3,0.007112616446330176,0.012765378019489017,-0.011856127506294833,0.005292017444967824,-0.0030299816278389906,-0.00219025329855616
43,4,0.01902387921234304,0.024321232904347727,-0.036348396678747355,0.0029354914119808693,-0.019753431560930748,-0.004860906775204512
43,5,-0.03643359775581885,0.03468296884840409,-0.06459894473945546,0.21566932621690799,-0.028217981072321895,-0.03027030986330257
43,Aggregated,0.005256770603573562,0.024564959214915617,-0.03466554621379922,0.03577591008805567,-0.016992273606236542,-0.011800255331582691
43,Centralized,0.005080675367171225,0.02460736772929351,-0.034791997756041915,0.036535037161138186,-0.017039929773756478,-0.01187816077951995
44,0,-0.0006640931770430893,0.014537397443554213,0.006618731761951107,-0.012336128037044303,0.018998378295404635,-0.01288898106128618
44,1,0.012244327141643363,0.007234262825603065,0.009121090984061315,-0.019445740786348455,0.018675752021084267,-0.009303079333469633
44,2,0.009758438359821818,-0.00046799632344258737,0.004556787780898988,-0.009361503483176499,0.010153044716942632,-0.0009340724723654412
44,3,-0.005649567315567798,0.003430662235249553,0.005234295378495753,-0.003956583401878314,-0.0012059852789224055,-0.002642543423085179
44,4,0.0007407282459411882,0.0103287423485847,0.00913476080113609,-0.01155600801588731,0.006989269346971674,-0.002103008523469868
44,5,-0.10340711676304559,-0.036402430778818336,-0.0773600955468957,0.21422175228145596,-0.08440452400314977,0.008015058974485017
44,Aggregated,-0.014552899224286505,-0.0002462931580493751,-0.007160522556639447,0.026380799498137927,-0.005182884271319201,-0.003302217686652367
44,Centralized,-0.014927207084379066,-0.000398696813257286,-0.007456643766309596,0.027173588873568744,-0.005516893336460574,-0.0032541452073921932
45,0,0.016416542738103,0.03318172648859274,-0.04555384053504606,0.031931941185062686,-0.08988500345612653,0.019324960256257778
45,1,0.016340605852625017,0.02715772934231392,-0.039063905466864675,0.022678745037172595,-0.08690757944759413,0.02390521107498774
45,2,0.020568762982405973,0.020637807870296263,-0.027467390584027418,0.018915006808685457,-0.07336820541755144,0.02271098294981729
45,3,0.013893789088464146,0.01757409829774178,-0.015338910230957507,0.015145976439130304,-0.04763311336601971,0.01393755321429689
45,4,0.014937130974998929,0.02904336071596603,-0.0372157325328596,0.021491906452507967,-0.08015070683347306,0.022693076759403116
45,5,0.001656349850878202,0.008168037499762288,-0.1120082293543715,0.27051309233381626,-0.09290633534369411,-0.0659183464366169
45,Aggregated,0.013961013715941212,0.0226179082840823,-0.04615001625967962,0.06357812730271714,-0.07848435793428983,0.006062985198313041
45,Centralized,0.013909306102009477,0.022556908227313693,-0.04642805879247143,0.06445134716602442,-0.07854540239950816,0.0057593089417409616
46,0,-0.022395444118723275,0.002495284375276927,0.0021528935275770445,0.02116004328370377,-0.003171512782265433,0.012985768090941405
46,1,-0.01191218132362933,0.003696684641780396,0.0016384562594954836,0.008907544597449864,-0.0014506697191311417,0.014419095698449354
46,2,-0.004960572654426522,-0.003757740124076888,-0.001222191713554431,0.0016854369980850196,0.0004945474571048836,0.014246286999781038
46,3,-0.007780526814665308,0.0045520562176874745,0.0014263335462137844,0.004263158721300822,0.0005427650901810912,0.0023674929798766058
46,4,-0.012781125824549489,0.0025732631784102867,-0.0009328620546549354,0.011985074092774477,-0.0005294103114999557,0.017804838463928514
46,5,-0.12506892819155027,-0.08570523938950002,0.02507213210457167,0.24989234634781543,-0.0276718110470112,-0.014900883154306611
46,Aggregated,-0.0308765539834316,-0.012737498909387758,0.004702122166592459,0.049776599555048054,-0.005311946551781604,0.007805947163626594
46,Centralized,-0.031273974374535184,-0.013045276626307459,0.004788020234611223,0.05062078829655512,-0.0054063415705018604,0.0077101966672141345
47,0,0.017062889966668285,0.0005732758910136222,-0.004034810822875765,0.01779302162729098,-0.007095185432820468,-0.013580458269557085
47,1,0.013665220443169729,0.0003985857029562616,-0.0018093535731513346,0.009596489948184505,-0.002420334283983324,-0.01224817393891927
47,2,0.008059424159867549,-0.0018416383422431644,0.0010226959272605328,0.0013526544624605703,-0.0012611979474220153,-0.003111268770280219
47,3,0.0048614031500641905,-0.002860723350423256,-0.001249458225882916,0.005905203914745226,-0.0034967149626135797,-0.00657306649726147
47,4,0.014152537635807242,-0.0016832373307471057,-0.0030191758561716594,0.008944758838087421,-0.007468548806891202,-0.006233535275636845
47,5,-0.026969843495694833,-0.025355950954829152,-0.09760417389246717,0.22587792855321073,-0.04191608798394048,-0.00854911133042003
47,Aggregated,0.005118134510614294,-0.00514117758453688,-0.017833269936054535,0.04502705158410445,-0.010629637694198602,-0.008382708505114755
47,Centralized,0.004982969134426461,-0.005226430067874339,-0.018169759382269612,0.045790118780715865,-0.010761728751272265,-0.008383385318499777
48,0,0.008267110851893777,0.012524089228793084,0.013590976991493323,0.0032224614274804376,-0.006758798379726112,-0.009427984149787353
48,1,0.001959797255375888,0.008560876410049207,0.012584775926913299,-0.0018757295881232008,2.0109503940702925e-05,0.0015585147276174019
48,2,0.0029178780327879074,0.0024593630003816196,0.00403447102030146,-0.0036060221055499997,0.0004312906949462534,0.0017852140542839996
48,3,0.00394456720407143,-0.0012098556176068469,-0.0001478484008202804,0.0008556472566144317,-0.002625100564193477,-0.008683797779586378
48,4,0.012189225017710895,0.00740665436495714,-0.0036769278018359236,0.0041925047682855685,-0.011474266709794508,-0.0005260762734464558
48,5,-0.0808053043390762,0.007211007556068469,0.04127585225218223,0.22609537419472986,-0.06596760754605564,-0.16308209789456415
48,Aggregated,-0.008633830070699434,0.006159360064597683,0.011296009228038471,0.03826719924579545,-0.014428608577638943,-0.029814390490318445
48,Centralized,-0.008938232923397535,0.006163486921632651,0.011422361320919568,0.0390596863326502,-0.014646110277057865,-0.030376603119369915
49,0,-0.002675915996609875,0.00227908980400071,-0.01578368799806002,-0.006835241904004767,-0.004791170724471737,-0.004806616365597681
49,1,-0.006745350295285789,0.0038973167499212684,-0.011215688768296232,-0.021784487905905345,-0.002539687251014963,0.012816034947746984
49,2,-0.0001499548667885571,0.0034699178338522857,-0.0063528552176804675,-0.014755559227191429,-0.0050838554039106245,0.011504203889960525
49,3,-0.007097889241173676,0.004707037813344719,-0.00042096917790311345,0.002471325490092825,0.004435083694956334,0.00433459860599597
49,4,0.002526028015775345,0.006846305130505969,-0.01219039555415436,-0.011329636734282262,0.000537153741621183,0.001836428147578889
49,5,-0.016665612865323694,-0.0047745535698112285,-0.09409935720092973,0.25933582852083487,-0.012704250651133581,-0.1905907071561402
49,Aggregated,-0.005142134043208611,0.002732729624930841,-0.02338893596941245,0.03466037166471257,-0.003363746619905296,-0.02758833174465263
49,Centralized,-0.005190881508703381,0.002701023849855483,-0.023687228819376443,0.035608353015934645,-0.003403115190018818,-0.028276032594830185
50,0,-0.025702962874425278,0.0027026426659381947,0.010926070080194155,-0.004844591895973517,0.01053828719785351,0.00016656340648441131
50,1,-0.018512620706422914,-0.005191470309428968,0.008667986308101356,-0.017407201022196655,0.012904396205118015,0.01734027562744843
50,2,-0.011776290095859999,-0.004918210220203403,0.003558356158555163,-0.01240911005773314,0.010914429457426685,0.012320536947753345
50,3,-0.005875067201231107,0.0014239661371978083,0.006010021840046141,-0.003937581646947949,0.004806341465085984,-0.003884436247294841
50,4,-0.014333573798836794,0.005064705025786554,0.006317969903997245,-0.009523149129369595,0.009775655071725347,0.000752533496145133
50,5,-0.02990460142769034,0.02646848559467631,-0.04559309499293757,0.2643848725370865,-0.0687942527997585,-0.11016453502464302
50,Aggregated,-0.01769197716526589,0.004272513258937472,-0.0017134418494751703,0.03618945234624368,-0.003350940686462015,-0.013972876588291345
50,Centralized,-0.017743503313155478,0.0043660554328443435,-0.001898729711516824,0.03715210569115092,-0.003626677684112002,-0.014378940951728798
