Round,Evaluator,2,1,3,5,0,4
0,0,,,,,,
0,1,,,,,,
0,2,,,,,,
0,3,,,,,,
0,4,,,,,,
0,5,,,,,,
0,Aggregated,,,,,,
0,Centralized,,,,,,
1,0,,,,,,
1,1,,,,,,
1,2,,,,,,
1,3,,,,,,
1,4,,,,,,
1,5,,,,,,
1,Aggregated,,,,,,
1,Centralized,0.9964982867240906,0.996473491191864,0.996700644493103,0.9876192212104797,0.9966058731079102,0.9974408149719238
2,0,,,,,,
2,1,,,,,,
2,2,,,,,,
2,3,,,,,,
2,4,,,,,,
2,5,,,,,,
2,Aggregated,,,,,,
2,Centralized,0.9900965690612793,0.9899212121963501,0.9896125197410583,0.9547767639160156,0.9893296957015991,0.9889253377914429
3,0,,,,,,
3,1,,,,,,
3,2,,,,,,
3,3,,,,,,
3,4,,,,,,
3,5,,,,,,
3,Aggregated,,,,,,
3,Centralized,0.9491408467292786,0.9385058879852295,0.943845272064209,0.8427577614784241,0.9393293261528015,0.9289014935493469
4,0,,,,,,
4,1,,,,,,
4,2,,,,,,
4,3,,,,,,
4,4,,,,,,
4,5,,,,,,
4,Aggregated,,,,,,
4,Centralized,0.9837519526481628,0.9826284050941467,0.9837034344673157,0.916738748550415,0.982754111289978,0.9859455823898315
5,0,,,,,,
5,1,,,,,,
5,2,,,,,,
5,3,,,,,,
5,4,,,,,,
5,5,,,,,,
5,Aggregated,,,,,,
5,Centralized,0.9793465733528137,0.9789276719093323,0.9794732332229614,0.8951213359832764,0.9791780710220337,0.9816348552703857
6,0,,,,,,
6,1,,,,,,
6,2,,,,,,
6,3,,,,,,
6,4,,,,,,
6,5,,,,,,
6,Aggregated,,,,,,
6,Centralized,0.8078786730766296,0.8142026662826538,0.759475588798523,0.7264466285705566,0.8356553316116333,0.6749743223190308
7,0,,,,,,
7,1,,,,,,
7,2,,,,,,
7,3,,,,,,
7,4,,,,,,
7,5,,,,,,
7,Aggregated,,,,,,
7,Centralized,0.8911256790161133,0.8802344799041748,0.8602454662322998,0.7924661636352539,0.8928470611572266,0.7915102243423462
8,0,,,,,,
8,1,,,,,,
8,2,,,,,,
8,3,,,,,,
8,4,,,,,,
8,5,,,,,,
8,Aggregated,,,,,,
8,Centralized,0.9683535099029541,0.9579528570175171,0.9732377529144287,0.851360023021698,0.9605666995048523,0.9758819341659546
9,0,,,,,,
9,1,,,,,,
9,2,,,,,,
9,3,,,,,,
9,4,,,,,,
9,5,,,,,,
9,Aggregated,,,,,,
9,Centralized,0.9791793823242188,0.976534366607666,0.97867351770401,0.8850060105323792,0.9771987795829773,0.9804147481918335
10,0,,,,,,
10,1,,,,,,
10,2,,,,,,
10,3,,,,,,
10,4,,,,,,
10,5,,,,,,
10,Aggregated,,,,,,
10,Centralized,0.9731329083442688,0.9681881666183472,0.9701098203659058,0.8742921948432922,0.9702350497245789,0.9700641632080078
11,0,,,,,,
11,1,,,,,,
11,2,,,,,,
11,3,,,,,,
11,4,,,,,,
11,5,,,,,,
11,Aggregated,,,,,,
11,Centralized,0.9717071652412415,0.9686728715896606,0.9690066576004028,0.8699567914009094,0.9702153205871582,0.9665044546127319
12,0,,,,,,
12,1,,,,,,
12,2,,,,,,
12,3,,,,,,
12,4,,,,,,
12,5,,,,,,
12,Aggregated,,,,,,
12,Centralized,0.44897225499153137,0.5377318263053894,0.317987322807312,0.5368842482566833,0.5841356515884399,-0.013020854443311691
13,0,,,,,,
13,1,,,,,,
13,2,,,,,,
13,3,,,,,,
13,4,,,,,,
13,5,,,,,,
13,Aggregated,,,,,,
13,Centralized,0.7034021019935608,0.749252438545227,0.5957098603248596,0.7184163928031921,0.7832671999931335,0.3042685389518738
14,0,,,,,,
14,1,,,,,,
14,2,,,,,,
14,3,,,,,,
14,4,,,,,,
14,5,,,,,,
14,Aggregated,,,,,,
14,Centralized,0.7373685240745544,0.7722427845001221,0.8692697286605835,0.707350492477417,0.8030457496643066,0.8820291757583618
15,0,,,,,,
15,1,,,,,,
15,2,,,,,,
15,3,,,,,,
15,4,,,,,,
15,5,,,,,,
15,Aggregated,,,,,,
15,Centralized,0.9802064895629883,0.9784591197967529,0.9796006679534912,0.8968604207038879,0.9790744781494141,0.9796217083930969
16,0,,,,,,
16,1,,,,,,
16,2,,,,,,
16,3,,,,,,
16,4,,,,,,
16,5,,,,,,
16,Aggregated,,,,,,
16,Centralized,0.8780226707458496,0.8853201866149902,0.8412615060806274,0.8092162609100342,0.8984912037849426,0.7522479295730591
17,0,,,,,,
17,1,,,,,,
17,2,,,,,,
17,3,,,,,,
17,4,,,,,,
17,5,,,,,,
17,Aggregated,,,,,,
17,Centralized,0.9663047194480896,0.960415244102478,0.9670143127441406,0.8368125557899475,0.9636513590812683,0.9682186245918274
18,0,,,,,,
18,1,,,,,,
18,2,,,,,,
18,3,,,,,,
18,4,,,,,,
18,5,,,,,,
18,Aggregated,,,,,,
18,Centralized,0.9575321078300476,0.9452683925628662,0.958693265914917,0.8235485553741455,0.9507898092269897,0.9626611471176147
19,0,,,,,,
19,1,,,,,,
19,2,,,,,,
19,3,,,,,,
19,4,,,,,,
19,5,,,,,,
19,Aggregated,,,,,,
19,Centralized,0.8176701664924622,0.833823561668396,0.8749322295188904,0.7567271590232849,0.8556429147720337,0.8783307075500488
20,0,,,,,,
20,1,,,,,,
20,2,,,,,,
20,3,,,,,,
20,4,,,,,,
20,5,,,,,,
20,Aggregated,,,,,,
20,Centralized,0.6413764953613281,0.6808356046676636,0.7826151847839355,0.6439040303230286,0.728029191493988,0.7976757287979126
21,0,,,,,,
21,1,,,,,,
21,2,,,,,,
21,3,,,,,,
21,4,,,,,,
21,5,,,,,,
21,Aggregated,,,,,,
21,Centralized,0.9726741313934326,0.9727588295936584,0.972187876701355,0.8584578633308411,0.9746437072753906,0.972991406917572
22,0,,,,,,
22,1,,,,,,
22,2,,,,,,
22,3,,,,,,
22,4,,,,,,
22,5,,,,,,
22,Aggregated,,,,,,
22,Centralized,0.8714475035667419,0.8617464303970337,0.890949547290802,0.7527523040771484,0.8786114454269409,0.9145645499229431
23,0,,,,,,
23,1,,,,,,
23,2,,,,,,
23,3,,,,,,
23,4,,,,,,
23,5,,,,,,
23,Aggregated,,,,,,
23,Centralized,0.6256744861602783,0.6399524807929993,0.7377293109893799,0.6034401655197144,0.6912814378738403,0.7492175102233887
24,0,,,,,,
24,1,,,,,,
24,2,,,,,,
24,3,,,,,,
24,4,,,,,,
24,5,,,,,,
24,Aggregated,,,,,,
24,Centralized,0.9754090309143066,0.9757124781608582,0.9754509925842285,0.860240638256073,0.9769757986068726,0.9750081896781921
25,0,,,,,,
25,1,,,,,,
25,2,,,,,,
25,3,,,,,,
25,4,,,,,,
25,5,,,,,,
25,Aggregated,,,,,,
25,Centralized,0.9805113673210144,0.9798337817192078,0.9803491234779358,0.8996488451957703,0.9806920886039734,0.979983925819397
26,0,,,,,,
26,1,,,,,,
26,2,,,,,,
26,3,,,,,,
26,4,,,,,,
26,5,,,,,,
26,Aggregated,,,,,,
26,Centralized,0.9815161824226379,0.9809442162513733,0.981041431427002,0.9043009877204895,0.9818536639213562,0.9803224802017212
27,0,,,,,,
27,1,,,,,,
27,2,,,,,,
27,3,,,,,,
27,4,,,,,,
27,5,,,,,,
27,Aggregated,,,,,,
27,Centralized,0.9610758423805237,0.9635583162307739,0.9622524976730347,0.8399602770805359,0.9659708738327026,0.9617322087287903
28,0,,,,,,
28,1,,,,,,
28,2,,,,,,
28,3,,,,,,
28,4,,,,,,
28,5,,,,,,
28,Aggregated,,,,,,
28,Centralized,0.4899992048740387,0.5473898649215698,0.4870365560054779,0.5747491717338562,0.611653208732605,0.32935476303100586
29,0,,,,,,
29,1,,,,,,
29,2,,,,,,
29,3,,,,,,
29,4,,,,,,
29,5,,,,,,
29,Aggregated,,,,,,
29,Centralized,0.5542332530021667,0.6210086345672607,0.44757843017578125,0.6263380646705627,0.6785497665405273,0.09332487732172012
30,0,,,,,,
30,1,,,,,,
30,2,,,,,,
30,3,,,,,,
30,4,,,,,,
30,5,,,,,,
30,Aggregated,,,,,,
30,Centralized,0.5945025086402893,0.6420657634735107,0.5055317878723145,0.6345295310020447,0.6923335194587708,0.24306124448776245
31,0,,,,,,
31,1,,,,,,
31,2,,,,,,
31,3,,,,,,
31,4,,,,,,
31,5,,,,,,
31,Aggregated,,,,,,
31,Centralized,0.8194103837013245,0.8272227048873901,0.8815920352935791,0.7458826899528503,0.8501530885696411,0.9047065377235413
32,0,,,,,,
32,1,,,,,,
32,2,,,,,,
32,3,,,,,,
32,4,,,,,,
32,5,,,,,,
32,Aggregated,,,,,,
32,Centralized,0.9614977836608887,0.9586364030838013,0.9559425115585327,0.8673521876335144,0.9625112414360046,0.9482390880584717
33,0,,,,,,
33,1,,,,,,
33,2,,,,,,
33,3,,,,,,
33,4,,,,,,
33,5,,,,,,
33,Aggregated,,,,,,
33,Centralized,0.9732685089111328,0.9736989736557007,0.9726766347885132,0.8583504557609558,0.975376307964325,0.9725008010864258
34,0,,,,,,
34,1,,,,,,
34,2,,,,,,
34,3,,,,,,
34,4,,,,,,
34,5,,,,,,
34,Aggregated,,,,,,
34,Centralized,0.9800881743431091,0.9793224334716797,0.9796419143676758,0.8971819877624512,0.9804172515869141,0.9788809418678284
35,0,,,,,,
35,1,,,,,,
35,2,,,,,,
35,3,,,,,,
35,4,,,,,,
35,5,,,,,,
35,Aggregated,,,,,,
35,Centralized,0.9776527285575867,0.9770630598068237,0.9778887629508972,0.8688597679138184,0.9782277941703796,0.9775440096855164
36,0,,,,,,
36,1,,,,,,
36,2,,,,,,
36,3,,,,,,
36,4,,,,,,
36,5,,,,,,
36,Aggregated,,,,,,
36,Centralized,0.979284942150116,0.979356586933136,0.9792482852935791,0.9001322388648987,0.9804195165634155,0.9778205752372742
37,0,,,,,,
37,1,,,,,,
37,2,,,,,,
37,3,,,,,,
37,4,,,,,,
37,5,,,,,,
37,Aggregated,,,,,,
37,Centralized,0.9403373599052429,0.941474437713623,0.9310569167137146,0.8538702130317688,0.948015034198761,0.9051691293716431
38,0,,,,,,
38,1,,,,,,
38,2,,,,,,
38,3,,,,,,
38,4,,,,,,
38,5,,,,,,
38,Aggregated,,,,,,
38,Centralized,0.974278450012207,0.9747349619865417,0.9730435013771057,0.8875206112861633,0.976712703704834,0.9703764915466309
39,0,,,,,,
39,1,,,,,,
39,2,,,,,,
39,3,,,,,,
39,4,,,,,,
39,5,,,,,,
39,Aggregated,,,,,,
39,Centralized,0.9457025527954102,0.9495543837547302,0.936357319355011,0.8621606230735779,0.9553532600402832,0.9134355783462524
40,0,,,,,,
40,1,,,,,,
40,2,,,,,,
40,3,,,,,,
40,4,,,,,,
40,5,,,,,,
40,Aggregated,,,,,,
40,Centralized,0.6262409687042236,0.6914232969284058,0.5153264999389648,0.6922986507415771,0.7406591773033142,0.152531236410141
41,0,,,,,,
41,1,,,,,,
41,2,,,,,,
41,3,,,,,,
41,4,,,,,,
41,5,,,,,,
41,Aggregated,,,,,,
41,Centralized,0.8959448933601379,0.9026056528091431,0.8708678483963013,0.8325549960136414,0.9153717756271362,0.8037930727005005
42,0,,,,,,
42,1,,,,,,
42,2,,,,,,
42,3,,,,,,
42,4,,,,,,
42,5,,,,,,
42,Aggregated,,,,,,
42,Centralized,0.8990849852561951,0.907416582107544,0.8788836002349854,0.834805965423584,0.9199344515800476,0.815719723701477
43,0,,,,,,
43,1,,,,,,
43,2,,,,,,
43,3,,,,,,
43,4,,,,,,
43,5,,,,,,
43,Aggregated,,,,,,
43,Centralized,0.9126947522163391,0.9145631790161133,0.9289172887802124,0.8052269816398621,0.9267174601554871,0.9320966005325317
44,0,,,,,,
44,1,,,,,,
44,2,,,,,,
44,3,,,,,,
44,4,,,,,,
44,5,,,,,,
44,Aggregated,,,,,,
44,Centralized,0.977113664150238,0.9782466888427734,0.9759424924850464,0.9017375111579895,0.9797226190567017,0.9741479158401489
45,0,,,,,,
45,1,,,,,,
45,2,,,,,,
45,3,,,,,,
45,4,,,,,,
45,5,,,,,,
45,Aggregated,,,,,,
45,Centralized,0.5735340714454651,0.649164080619812,0.46000903844833374,0.6697821617126465,0.7090944647789001,0.07544378191232681
46,0,,,,,,
46,1,,,,,,
46,2,,,,,,
46,3,,,,,,
46,4,,,,,,
46,5,,,,,,
46,Aggregated,,,,,,
46,Centralized,0.9811351299285889,0.9815651774406433,0.9811246395111084,0.9103572964668274,0.9828268885612488,0.9796425700187683
47,0,,,,,,
47,1,,,,,,
47,2,,,,,,
47,3,,,,,,
47,4,,,,,,
47,5,,,,,,
47,Aggregated,,,,,,
47,Centralized,0.9762751460075378,0.9771242141723633,0.9759243726730347,0.8958714008331299,0.978738009929657,0.9737843871116638
48,0,,,,,,
48,1,,,,,,
48,2,,,,,,
48,3,,,,,,
48,4,,,,,,
48,5,,,,,,
48,Aggregated,,,,,,
48,Centralized,0.8533570170402527,0.8756856918334961,0.8122225999832153,0.8097028732299805,0.8935204744338989,0.6918588876724243
49,0,,,,,,
49,1,,,,,,
49,2,,,,,,
49,3,,,,,,
49,4,,,,,,
49,5,,,,,,
49,Aggregated,,,,,,
49,Centralized,0.9600520133972168,0.9596614837646484,0.9592137336730957,0.8486297726631165,0.9641948938369751,0.9630414843559265
50,0,,,,,,
50,1,,,,,,
50,2,,,,,,
50,3,,,,,,
50,4,,,,,,
50,5,,,,,,
50,Aggregated,,,,,,
50,Centralized,0.9746511578559875,0.9750152826309204,0.9745776057243347,0.8896989822387695,0.9766303896903992,0.9723154306411743
