Round,Evaluator,2,1,3,5,0,4
0,0,,,,,,
0,1,,,,,,
0,2,,,,,,
0,3,,,,,,
0,4,,,,,,
0,5,,,,,,
0,Aggregated,,,,,,
0,Centralized,,,,,,
1,0,0.13385952830811057,0.12856259872504291,0.14556245357260253,0.13625506623366887,0.15404970702788556,0.1355900873025234
1,1,0.13040049062801504,0.12398379395293975,0.1311545267823791,0.13744972080789047,0.14798979112180233,0.1289523355730936
1,2,0.14477719147884804,0.13102484541463916,0.15119811913602973,0.13999628617560217,0.1563172649260665,0.16531777681271476
1,3,0.13823701094468321,0.1209281528624658,0.13425557853987155,0.1355736782698397,0.15520120122694753,0.14385493648084888
1,4,0.11974298309337289,0.11893794647275809,0.13016392050268494,0.11774592971432231,0.12582527014630085,0.13206869984481134
1,5,0.1072885810014009,0.0937805824732674,0.11250512075644176,0.12425789331850116,0.118136545585398,0.12540172544558917
1,Aggregated,0.12903708959577392,0.11951989936668093,0.1341261598886015,0.13187490308359753,0.14290416262644096,0.1385225563638898
1,Centralized,0.12815375152514707,0.1186659280293163,0.13327208994144213,0.13191507502583064,0.1421609661985925,0.13771563422901648
2,0,0.020516013435682757,-0.0016549745463353626,0.0379148272344529,-0.010961472396193512,-0.007509171093203791,0.01687143792911962
2,1,0.03076187489616089,0.012874763720570141,0.03586400207931883,-0.005370115047413176,-0.0042560405150865715,0.024092271466716463
2,2,0.0351960552276728,0.011257968670774778,0.0438624729584932,-0.003078056285468156,-0.0007657413949204539,0.018117000405879477
2,3,0.02583537399269523,0.005611861887957247,0.030564718499975,-0.0058263252333652015,-0.004940021605368701,0.019008502595927408
2,4,0.03360862172834772,0.006477904488501437,0.042578030722906585,0.013728322397847364,-0.005977988450246024,0.029525798325881005
2,5,0.017462187204971363,0.0014898781335250582,0.023262425789199813,0.02755868738965682,-0.005213291704858989,0.01753423311671006
2,Aggregated,0.027223793580841493,0.0060066855233506695,0.03566649959599916,0.002691037999960256,-0.004777320592105478,0.020856088100974085
2,Centralized,0.027145766535588242,0.005843066988835793,0.035516428415342166,0.0036917021244682632,-0.0049536042476973925,0.02052895227728835
3,0,0.02222955373375634,-0.005723399738391328,0.03779968439458154,0.005051749561037033,0.0003371751666069971,-0.019685769045089747
3,1,0.026352970486398217,-0.008581813785963713,0.03706740479324263,0.007246798187998298,0.001440582438339801,-0.024076951257355844
3,2,0.021939777205232165,-0.0022394700952118388,0.03405729603756234,0.0008630807674576302,-0.009043199627813999,-0.026541294975031368
3,3,0.02677113785077339,-0.00927163827392605,0.03423880265091099,0.002101780901308918,0.0009507819482075867,-0.029876917182412695
3,4,0.015293580083059583,-0.0004186873721843605,0.029588257685343358,0.004968683646472735,0.000553509540332575,-0.020233398956742175
3,5,0.009808719207718,-0.007770104267214546,0.017017088949980535,0.030091898914498642,-0.006145221574951307,-0.025044585668668726
3,Aggregated,0.020392537723825432,-0.005668859429222319,0.031618773815818346,0.00840116978219255,-0.0019870480937991195,-0.024243663802488647
3,Centralized,0.02020253284397525,-0.006018791125590413,0.03146286110573416,0.009421711241181942,-0.002289253767818272,-0.024483888493420446
4,0,0.005826300680500552,0.009986858197023041,0.005642129839067607,0.013889169667385261,-0.014487652414415396,0.009371057243954524
4,1,-0.001763569957021662,0.013338341856070355,0.0035831986632342107,0.004913686799874432,-0.008234078507301542,-0.0023060298492638995
4,2,0.00419364116764143,0.007371526987989816,0.006443835655500891,0.010582525254130485,-0.009245402294233832,0.01335175790168656
4,3,0.007750898089531619,0.01153516019057095,0.008679460319704398,0.009950112528706083,-0.008453243215130916,0.006971316572382115
4,4,0.009437291871047322,0.01081215855790677,0.0042918998227638476,0.010216380752082378,-0.010267140700726481,0.0057551617969873355
4,5,0.007728033632367283,-0.0013130013022187637,0.0024916019796943226,0.032457579939545615,-0.019927673366880033,-0.0020360316469638265
4,Aggregated,0.005530168061105995,0.008615506771447831,0.005186968181460391,0.013680221666219322,-0.011774399866846778,0.005179935182186831
4,Centralized,0.005336943648527227,0.008424026808004612,0.005027316721713386,0.014609283706507438,-0.012067059313206266,0.00503558331302533
5,0,0.012293576180869178,-0.005708707835287164,0.00447054879804298,0.0136130298029644,0.02311970175631269,-0.01916262082142028
5,1,0.01068365332194736,0.011180971730675286,0.005144583414704714,0.008469925975604118,0.012825701425397396,-0.011267546955076781
5,2,0.012917418326235,-0.0052344627273496255,0.003977583898523669,0.007187003251244146,0.01955499648014327,-0.012444320887162371
5,3,0.008287331821735617,-0.006035619914374029,0.008020285358425134,0.006297118786560876,0.012219255124325137,-0.017143211304978444
5,4,0.006920424878814694,-0.0010248729508356936,0.019253012684706423,0.011969345912892133,0.01399234132748077,-0.02275886956901193
5,5,0.006447425686324752,-0.013433554178197343,-0.011454373292847788,0.04821272488657401,-0.0006124879816253786,-0.012302880798241888
5,Aggregated,0.009589633770862065,-0.0033824531648825222,0.004891512146502028,0.01597875537186783,0.01350757667294372,-0.015844315767325437
5,Centralized,0.00940911062616395,-0.003732566897154246,0.004571355595341087,0.01724000997547057,0.013128050390555422,-0.015922420883140193
6,0,-0.004864674770492102,0.014161924436059908,-0.0012789708847323585,0.00598678624907767,-0.02244338473830218,-0.00035119721200987757
6,1,0.0020948297579490805,0.01112383814829655,0.00020810926899860456,0.003393267295687441,-0.0166707845756172,-0.00014925989531445935
6,2,-0.005326553690311005,0.013928808073439767,-0.0009831228433848376,0.005352194368481394,-0.018552375023312483,0.0026243490503337808
6,3,-0.002902793421072075,0.014418674872967207,0.002164615993112702,0.007850039921762681,-0.021300124520687646,-0.0032505794532084113
6,4,-0.005452619436595562,0.014615858044437284,0.008181167339057348,0.007967830524069892,-0.019446774771375304,-0.0026408462051860353
6,5,-0.01102414728980589,0.006748123032267132,-0.013735510880440921,0.036750463651757326,-0.021036811129737785,-0.005951627242888253
6,Aggregated,-0.0045834353821727,0.012495870943087815,-0.0009154639928663933,0.01123304272488541,-0.019909095229153333,-0.0016226218856179638
6,Centralized,-0.004817794479048619,0.012334534989077899,-0.0012342339707716503,0.01227684579366577,-0.020091321040984936,-0.0018146998342373102
7,0,-0.003828542464475339,0.002541266545001044,0.006816729657168905,0.0015780389997650745,1.1884028073799734e-05,0.007381669556421223
7,1,-0.0018415520616464085,0.003659272592202974,0.004875182516976594,-0.0008306162270720819,-0.0030213378451629143,0.0028087876817290045
7,2,0.0016492355775932549,0.0018153203736549538,0.00229738678122557,-0.0006493128960650912,0.0013571831133256606,0.00870447657391736
7,3,-0.007910400631923411,0.00184598121195383,0.00468284225441598,0.0018411200039508341,-0.0017040098857763956,0.007410970100364815
7,4,0.006284382307081405,-0.0004614485697225279,0.003007722061536808,-0.002182565383543135,-0.0028880482662129578,0.005135011230306244
7,5,-0.015012197140402103,-0.0048178283800676324,-0.007726218006274137,0.04097205380966151,-0.014109912470972888,0.0010765940285596908
7,Aggregated,-0.0034505549172703176,0.00076020207671157,0.0023191989846910845,0.0068099137465312595,-0.0033992065406936948,0.005416815980255181
7,Centralized,-0.003746293850424019,0.00048284332099888063,0.0020132433335236202,0.0080429583707673,-0.0037243772273237424,0.005304371578314436
8,0,-0.00968621937744521,-0.02373436125189425,0.014525755051693939,0.0035297921115500317,0.000198511338453662,0.001807963480322692
8,1,-0.005718693581361856,-0.008406891771394653,0.010283474267198885,-0.0015574086558550178,-0.002076534609148597,0.008753852703853721
8,2,-0.009125646069595835,-0.022702601797572584,0.009275869511715155,0.0003883612517411738,0.0012390174554959632,0.005750710124564418
8,3,-0.007339154481708608,-0.014678030970989147,0.009821610931840622,0.002677028523622393,-0.0017530233307843713,0.005247353332686343
8,4,-0.00812083850414635,-0.01858820355590153,0.01368634297918057,-0.0013438945718518966,-0.0011465687448875782,0.004134802483839917
8,5,-0.014131705172172711,-0.020288496651099244,0.005942517437286409,0.04862698833979154,-0.006288327509468012,-0.0036775833666760657
8,Aggregated,-0.00902363493473201,-0.018067847681766672,0.010586299156314302,0.008745587179998774,-0.0016407858389212715,0.0036648323030380806
8,Centralized,-0.009295282414678323,-0.018325953783268654,0.010437617205196424,0.010152765653696208,-0.0018775895047188124,0.0033775862234210383
9,0,0.01807383002485065,0.013821934561952371,-0.012273669834273197,-0.002152486687419827,-0.010749690185036968,-0.009755446219782542
9,1,0.010812963689188364,0.01274779090137492,-0.004613059066213325,-0.005345680656309687,-0.008256722183698736,-0.008590629569502354
9,2,0.016145043985608332,0.010189650742857112,-0.013746040057531826,-0.00028180403819928415,-0.00721980334066574,-0.005087047292068644
9,3,0.008899178341774025,0.010752346799770237,-0.006598711695131627,0.0008562945575790515,-0.0062704653590076355,-0.0045019480358097375
9,4,0.014647685811716136,0.00873794763314716,-0.013797316179719571,-0.001203762720123907,-0.0056585266526547225,-0.0026304628978272592
9,5,-0.005624621087748305,-0.003513706898218429,-0.01814716419087075,0.04823985908066187,-0.010728217818477282,-0.004956458235837279
9,Aggregated,0.010482071392330367,0.00878148346854164,-0.011533546051414104,0.006711896374185421,-0.008148883098516791,-0.005919717522323623
9,Centralized,0.010081181823647558,0.00839560402701338,-0.01193837688085626,0.008258495269175357,-0.008342990718308999,-0.005963137886776104
10,0,0.002650510049937708,0.004618089386027028,0.007642729901219979,-0.005654928344625058,0.011211365333980578,-0.023293619920348747
10,1,0.00779618926126134,0.0018767867854125554,0.009846004429320779,-0.008664675601463438,0.0005021122153509451,-0.014296935936055587
10,2,0.0067682967944238445,0.0041219421507215975,0.005219175654297335,-0.004952505730809743,0.009911450122453517,-0.02115163645233471
10,3,0.004527121540286237,0.00410706286826674,0.005924832516939641,0.0018422487119097144,0.005279025998439072,-0.018723086149336186
10,4,0.009665188132199427,0.005524654385593571,0.013508666414180904,-0.0025023193051294176,0.012522587852183083,-0.021002903928254026
10,5,-0.004746659278496329,-0.00429112134936765,-0.0035615239806132772,0.04690620467483982,-0.003395058278045811,-0.02835056774431585
10,Aggregated,0.0044375819182309205,0.0026551376126005416,0.006423610720674761,0.004522709646419145,0.005999254025700584,-0.02114105772354182
10,Centralized,0.004190452682515527,0.0024254273426442628,0.0061425282513673605,0.006088224861170975,0.0057382453297068325,-0.02165000917321889
11,0,0.005518651807315183,-0.0027867670700000937,0.0031285137699379618,0.0034899280870173107,-0.0064008775370917115,0.0023045432387674837
11,1,0.005345650927590799,-0.0026201728926275756,-0.0015078893635424326,-0.0009388031300587278,-0.0037917335352060993,0.0028874874590884042
11,2,0.010151882101034293,-0.0023233571894283288,0.0023305139937807033,0.0021580034505671673,-0.0023618952705402154,0.005303902913950887
11,3,-0.00141490479398807,0.0012240507410803754,0.006362760287256347,-0.006179254335547244,-0.0021851821266268712,0.0020255656960316893
11,4,0.0069151784246070346,-0.0019402373260991729,0.005865212665786077,-0.00279559462081524,-0.005380765301432411,-3.0515550184517792e-06
11,5,-0.007692310485209715,-0.003868617697184547,-0.004495690268358128,0.061374290166680646,-0.016672915790460582,-0.006196955486259359
11,Aggregated,0.0031304535222456825,-0.0020536747640404448,0.0019431291476898027,0.009551155946973797,-0.006138948494545879,0.0010489594511652613
11,Centralized,0.0028714458525867306,-0.0021656411683632698,0.001664351299770584,0.01150989770900722,-0.006623028654149211,0.0008545086306067965
12,0,-0.007115795832926638,-0.0020446897639472606,0.011358698667815255,0.0023099685983659357,-0.011455772382641545,0.007554980350906138
12,1,-0.004629494486601324,0.0015408150735057521,0.012582004562667986,0.007295662073183844,-0.01678922315340595,0.0002849230585478387
12,2,-0.0022697187562628627,-0.0019487550164631192,0.0072013341634521765,0.0007301111509364519,-0.011507326351375453,0.004751052267672041
12,3,0.0025123675774411484,0.00365989388411141,0.005625628533207913,6.795001867741913e-05,-0.00267211501918631,8.981736729415719e-05
12,4,-0.001437983247986297,0.0031745115013247695,0.010668880892313194,-0.0007142766315947163,-0.009388215740256691,0.0070532510951774015
12,5,-0.008746593069246158,-0.005226756320127288,-0.010458808071836021,0.03821288160802125,-0.013435760652106441,-0.005410990999929568
12,Aggregated,-0.0036178082546318635,-0.00014407264835002457,0.006152359222023603,0.008002988795156811,-0.01087636833599531,0.002382200456957818
12,Centralized,-0.003937249628934416,-0.0003737330911704232,0.005683535027826806,0.009342765214798206,-0.011271649945893497,0.002279877145006817
13,0,0.0012460129112461988,-0.003779825491128398,0.0033639561353519293,0.004402064022954066,-0.0035485963440291773,-0.0029424043091294465
13,1,0.004177263069510532,-0.0014156438900345956,0.003182785393848107,0.005179395169018093,-0.006382193495341719,0.00388613948731734
13,2,0.0005462940196404753,-0.004567337338605144,0.0007559103043039383,-0.0009773198530915461,-0.004382412961726157,-0.0005474191037598701
13,3,-0.0003713402432993417,0.00040220047519652174,-5.357473812449739e-05,-0.009027620048563046,-0.0008563563101534794,-0.0024421692209726825
13,4,-0.0007117180579923351,-0.005694880143135459,0.0035128766898988046,-0.001837897698000582,7.56920408045203e-05,-0.0016587559052750464
13,5,-0.006122983210458119,-0.009380532190488606,-0.004863275569628614,0.04067437839644679,-0.009307721010899194,-0.00859533341373509
13,Aggregated,-0.00020985091842608988,-0.004076053800283143,0.0009793856603562939,0.006424016975110604,-0.004070272621780258,-0.0020541634061459514
13,Centralized,-0.0004991757996163137,-0.004428083334937435,0.0009174434314850987,0.007919157620156218,-0.004403506877697527,-0.0022860714817469823
14,0,-0.006290207760815532,-0.0015723175341248803,0.0025677583611123894,-0.005513045173456259,-0.0029560648572847952,-0.0020218846115963376
14,1,0.0011098055155442266,-0.0074669834939555995,0.003088034689779916,-0.008153121864901042,0.0015036917628847401,-0.007067471130694562
14,2,-0.003943014212102121,-0.001493600339319519,-0.001520407124532867,-0.0015598710162720993,0.004155954737171029,0.004479959889762515
14,3,-2.11002323508643e-05,-0.002224134936261289,0.0018451724276872608,-0.001658389865338585,0.0014446279980677656,0.0010544185944002637
14,4,-0.006171130449760915,-0.003552255907591791,0.0024916290363020946,-0.0074701438343615645,0.00676528506879387,0.0030556649007504122
14,5,-0.014110108451330788,-0.009104441642297945,-0.010342931125134302,0.05472412561821696,-0.013094348656287723,-0.010937657215301606
14,Aggregated,-0.0049101617829467705,-0.0042387264334603145,-0.0003181859941586534,0.005093254748204528,-0.00037159224878542305,-0.0019119196417454714
14,Centralized,-0.005257021685432532,-0.004558832246990112,-0.0006614730113081002,0.006843331347494942,-0.0008941857541498955,-0.0022056136215758697
15,0,0.0005002363644851034,0.0013457645262213783,-0.004531586489806785,-0.0031480745670997,0.004837980770311775,0.006048474203599649
15,1,-0.00017201120688563608,-0.00461963321392765,0.0011604188869985728,-0.003791989908971958,-0.0024695855426585117,0.015311203369058182
15,2,0.0018626381762503633,-0.0008326299677609469,-0.00414213673496469,0.0003723545828768049,0.0007293774830400075,0.008035948949825168
15,3,0.002257643351543174,7.642765835537875e-06,0.0019872048970539864,0.001869805595273283,0.001032915057635873,0.0017475346518541022
15,4,-9.389412737485873e-05,0.0020815884082178845,-0.0060561015888516145,-0.003672869044472449,0.006328077587285851,0.0097782842107985
15,5,-0.008827566793908318,-0.003832417156391198,-0.013419014895527553,0.05464221297785495,-0.007490055865241818,-0.010327967608329776
15,Aggregated,-0.0007506451137521299,-0.0009767692245986263,-0.004172768042924706,0.007741827107263002,0.0004896941654413457,0.005089077527307741
15,Centralized,-0.0011572449692541324,-0.0010477203463414742,-0.004698948871154336,0.009448581534822122,0.00019621901548027936,0.004881163320175568
16,0,-7.056677242297157e-06,0.0013503697651469537,-0.00018831638736112785,0.004643964448176405,0.0002255644802410787,0.0015223568398100961
16,1,-0.0004713454728842839,-0.005721626518849469,0.0015265152193906155,0.0017346614618597384,0.007907740244666164,0.00949725253074328
16,2,-0.003619706553228041,-0.0012209994961132691,-0.005653930863688547,0.0019925526431645245,0.0019668264304407612,0.006592231890517967
16,3,0.0008686123258631902,0.0014808264457189487,0.0019822452187772065,-0.005718119107387226,-0.0062604620524658525,-0.0016964431359067838
16,4,0.001767268006220705,0.0026258853853032833,-0.0043132501756273185,1.0504964384025484e-05,-0.003987904460505299,0.00041896341197822005
16,5,-0.011134197316477247,-0.006781579514573273,-0.00879233104547894,0.04968045625319762,-0.018232071330611773,-0.007920651853904987
16,Aggregated,-0.0021051644298633316,-0.0013812991438359298,-0.002577143037886435,0.008750115304153757,-0.0030730552716812147,0.0013963410920573597
16,Centralized,-0.0025676172922086222,-0.0016635357825766604,-0.0029398999195982644,0.010529484775188986,-0.0035362033813007496,0.0012346240724237514
17,0,0.006746731583936635,0.006840572950378263,0.004464168478993623,-0.006435975766760951,0.0035084373597870457,-0.01193785030665167
17,1,0.005965183702708304,0.0015837756197099608,0.014760684121446179,-0.00758457613509037,0.0034472394048761104,-0.01800625972838951
17,2,0.006850397399522514,0.002902931117213599,0.00500391423047718,-0.003627436944053835,0.002403102199460041,-0.01362774618010344
17,3,0.00022866423381981416,-0.0015807066792340313,0.003346268093794576,-0.0010293834961586804,0.0020544930270421416,4.598254510696879e-05
17,4,0.004402986595060375,0.0068184959607551394,0.0008440572445262954,-0.004341990634001367,0.002405726473662415,-0.004020722150853817
17,5,-0.01402256261652717,-0.0017186167743294051,-0.014267591824330508,0.04872140483935868,-0.003775604445827204,-0.004675958395863775
17,Aggregated,0.0016852125738743683,0.0024717354281396904,0.002347983342864338,0.004312004999442002,0.0016704246624278396,-0.008701191104573267
17,Centralized,0.0012675411524531997,0.002454800658499361,0.0017961517930057834,0.005797006976361915,0.0015053475657098162,-0.008766428894654801
18,0,-0.0022585560745679166,-0.0026576288774843608,0.0032281318642435083,0.005242973389494617,0.0037394770463698083,-0.006931507392988716
18,1,-0.00487706275003402,-0.002271410686280906,0.002202268831602148,0.003374118571057972,-0.0007412831293385842,0.0023240250859915997
18,2,-0.0015735850566985189,0.00012108244215847848,0.00011990400432781063,0.0022641805897927634,0.0011849001153527439,0.0009296190783540177
18,3,0.0022855440335340185,-0.0022422815060642513,0.0030272402736486355,-0.000910978378675557,0.0028899189900921775,-0.0019696243712940217
18,4,0.004530878505857337,-0.004367824855537726,0.0039490053251901094,0.002765162404373197,0.005340130197239925,-0.003014891496599138
18,5,-0.01411307898521763,-0.01496685297804664,0.00086408602578416,0.04023272062280222,-0.005814715068918972,-0.010818528247996603
18,Aggregated,-0.002674940445933743,-0.004404224595780058,0.0022309007496836694,0.008848051650507564,0.0010953297031092274,-0.003251645248331021
18,Centralized,-0.003201128827360946,-0.004781692769746932,0.002081481985637964,0.010165547688408076,0.0008330308884626214,-0.00351502432537226
19,0,-0.004339216970924099,0.005012424015512548,0.004089979100998806,0.004963406738187231,-0.0012352806177478711,-0.005967251157327118
19,1,0.005159549340050201,0.00641178545266997,0.0017386307299728895,0.002002884314394054,-0.009377500395063897,-0.008899685148121571
19,2,0.0012069366714642833,0.0035859975264251626,0.002399718044028554,0.0006088451583125547,-0.0065754759524195155,-0.001192399199135631
19,3,1.1206018857943626e-05,0.0004626462505909923,-0.0044420332223692235,-0.0030529903330244047,0.002809463896732361,0.0011924862015604573
19,4,0.0008845164432814843,-0.00047104642765773293,-0.0031137201830122954,-0.0014856094644128577,-0.0007895746323013375,-0.0011309514400734673
19,5,-0.00959892993054044,-0.009476742309460905,-0.012630043023295817,0.04618611285725423,-0.007497858066777564,-0.006684646075210384
19,Aggregated,-0.0011180668436060355,0.0009142150847474968,-0.001999693148021316,0.008227990586439561,-0.0037800760853340673,-0.0037822594053924775
19,Centralized,-0.0015367423814385537,0.0005365016063756889,-0.0022958799348942334,0.0098026928524782,-0.004053093732961668,-0.0039810877008154295
20,0,-0.0027060258652700656,-0.00013810064310637582,0.0020352554902049514,0.0017952621332785437,-0.0023771134222981788,-0.004865294715785063
20,1,0.00697381128928483,-0.0033491655073563517,0.0068874359326321685,-0.00047402371488713957,0.0012607181691810705,0.0005483385310904477
20,2,0.002181874518195278,-0.0007077587450506499,-0.0011285256477998145,-0.0009362160775464127,-0.0012481227425384341,-0.0011505786202129053
20,3,0.003757567251937181,-0.006080404857593925,-0.003503421425323434,0.0008171626389372318,0.005886100048452968,-0.004002919234369944
20,4,0.0028875816039660596,-0.0017023175353198983,-0.0044588524512610365,0.0028322597626827366,0.002173896366845885,-0.010902825858655612
20,5,-0.007623613233834672,-0.01031919487593635,-0.016942173833030687,0.05088155583598139,-0.007533832595369151,-0.021768986023504758
20,Aggregated,0.0009064241172674228,-0.0037203668060668874,-0.002860697054027092,0.009179271091460049,-0.0003110002301585877,-0.007033111863563366
20,Centralized,0.0006256250029855692,-0.0039611939191677185,-0.0032734783387688943,0.010741589234870959,-0.0006016999517049019,-0.007597392427130586
21,0,-0.0025112296892939746,0.0038232153877501545,0.0006388469585510648,-0.0020579599314319427,-8.168899183388922e-05,0.0007675016183777139
21,1,0.004669798981955765,-0.0033853835614551363,0.004205082362529679,-0.01177879826653767,-0.012520921188397935,0.0010777240711739335
21,2,0.001714195921459488,0.004789264084801934,0.00012969465802524968,-0.0022640376548701824,-0.005116934314363815,0.003737144619900264
21,3,-0.0020439518107550876,-0.004647459298049423,0.0011335542610801824,0.0021928389354407695,0.00293074916275339,0.0005511683375802194
21,4,0.0018679837386735626,0.004657035840368069,0.0013942216610949687,0.0021348901691041686,0.0036056425353858364,0.004700725613243045
21,5,-0.012321527639291164,0.0008414454495105975,-0.020979931811352402,0.0503501335866947,0.0004514714104736622,-0.006188713036541777
21,Aggregated,-0.0014443942429367051,0.0010129102630468468,-0.0022583655679422813,0.006457512811679091,-0.0017871853941201915,0.0007698192822211084
21,Centralized,-0.0017580423681396698,0.001128308080348043,-0.0030180696463381162,0.007955976970458765,-0.0017570389736107257,0.0005661167600611675
22,0,0.003794141843513703,-3.448080153126883e-05,0.004707200372759807,-0.004640800533649724,-0.004603896153159707,0.0013126601452924192
22,1,0.012314791210247958,0.000690916884575165,-0.0033797530701413447,-0.006888212521977969,-0.003995227981697435,0.004202220656952068
22,2,0.00545747286497497,0.0015786692893796114,-0.004821093281191324,-0.004394049227181245,-0.0003116940028962826,0.00553652337058218
22,3,-0.0030997484825159897,0.0017079709817772895,0.0007126456008717863,0.000829014311138047,0.00394468033867545,-0.001081961802621334
22,4,0.0024991129384194506,-5.811272509171566e-05,0.001432502685574624,-0.006405189078237858,-0.0030995857837183482,0.0026596945515472495
22,5,-0.02175298678486802,-0.0001740294764612195,-0.00803314107971847,0.04509396422344887,-0.014319957769716476,-0.002661839578500082
22,Aggregated,-0.00014498774240160245,0.0006179837538430301,-0.0015677311254218705,0.003958697123564427,-0.0037376979350421963,0.0016584600518624265
22,Centralized,-0.0008636733000781956,0.0005677086820992309,-0.0017719621522035427,0.005297400629273189,-0.004242749455155108,0.0015709842581672407
23,0,0.004033636582030235,-0.00025121751616128394,-9.597882382600028e-05,0.0003874711351154932,0.002009756604831312,-0.004112510339293791
23,1,0.005400317201337179,-0.004085904041122482,0.007189035351891445,-0.004890734328455119,-0.001264295673945572,-0.0028312136748692616
23,2,0.00015286338733859576,-0.0013952386163642656,-0.004754641868854264,-0.0024815263611049263,0.00111012594400825,-0.001722198955897457
23,3,-0.00423799924604574,-0.0018937472479530612,-0.007612694065816103,-0.0003388687660743628,0.0019264796061316918,-8.30342433088327e-05
23,4,-0.0016976886052180043,-0.0016334770821144725,-0.01091210482344531,-0.00329948086839298,0.0031710460638568762,0.0019992482770611495
23,5,-0.014725058809798,-0.003722164399839629,-0.024072440349861605,0.05256896877469124,-0.0033250752308016693,-0.002831907600557099
23,Aggregated,-0.0018538662022092663,-0.0021646184669771333,-0.006720873676666771,0.00702002993181992,0.0006021674676906795,-0.0015977234477887246
23,Centralized,-0.002195364654834262,-0.002158070262917965,-0.007313819795652225,0.008654504776350486,0.00038216351602211597,-0.0016502423426187024
24,0,0.002294923357018203,-0.007806348341504391,0.002936168167798155,0.00023276162780719157,0.0010272461433115776,-0.004711643114890395
24,1,-0.0059222124401462125,-0.012035714696638592,0.002155315026715375,7.338653541593379e-05,0.002908443171995091,-0.006982589731010839
24,2,-0.0018676560766486003,-0.013620545666373373,0.0007792899816628492,0.005865580672563904,0.007074149386154479,-0.0040838438791956245
24,3,0.004005672657779292,-0.00456133496495273,0.004782949864474913,0.0038816008496429404,0.0028630469617611726,0.0015334080619829522
24,4,0.0011955262304781332,-0.010780644899824483,0.0077099276171575205,0.005259307551979589,0.008946000127091154,-0.005149428351331443
24,5,-0.011345220646904557,-0.017116128604574784,0.0013173895683305922,0.04739584048753035,-0.004367156980940388,-0.01487706885255129
24,Aggregated,-0.0019458242448741516,-0.010990693968937,0.003278921994674689,0.010474966940470565,0.0030705431906074463,-0.005717704272620607
24,Centralized,-0.0023160710500312767,-0.011358830085980877,0.0031683419707594124,0.01176489159256828,0.002740942602650927,-0.006062077527452975
25,0,0.004184867452438742,0.002607840215831941,0.0012455068896571257,-0.0026609687817202815,-0.006023679842147844,-0.0021026139400000987
25,1,0.00043973366700018055,0.005092054022379505,-0.003852927357266567,0.0033783405071185694,-0.0034963270710788217,0.0017167452563241167
25,2,0.0010935790381828828,0.003685831019369221,-0.007133333953935515,0.0038150440768598623,-0.007527634559815478,0.00311332498948183
25,3,1.7907945761452826e-05,0.0010337686500669963,0.0005101979349547148,0.0023259179874525293,-0.0029400908310097894,-0.0007285478794397597
25,4,0.004412891395160771,0.003542847883311817,-0.003459684436186405,0.0022574511021240503,-0.01191866228618057,-0.0005768773521858373
25,5,-0.0018538742756968902,-0.001260718311540488,-0.008929627044651682,0.0512770386273201,-0.01919489868613749,-0.010742714661820855
25,Aggregated,0.0013804541697119018,0.0024479046322516233,-0.0036067071300830743,0.010091745095955703,-0.008523690001362955,-0.001559305898586502
25,Centralized,0.0013416338058697944,0.0024400278181329334,-0.0037594726916516477,0.011529504186553775,-0.008888287257092724,-0.00193538391858448
26,0,-0.003187623346793578,-0.0027772338034969444,0.0020300104669976875,0.00233695682454037,0.004144261829222785,-0.0026393613805597207
26,1,-0.00016325589033805123,-0.005604021130195405,0.013499997522977984,0.003089975582050219,0.008209420240809936,0.0037047124697186865
26,2,0.00274472017106364,0.0011280394152301512,0.003337135923233953,0.0033278589707367813,0.006920127143476822,0.003499124722230709
26,3,-0.0011029251648907593,0.0010650436123211039,0.0034986027770120835,-0.002477291694760619,-0.004005914779094911,0.002537851974004838
26,4,0.004231511780185469,0.002840569296613071,0.005046621196058459,-0.0023512104192062134,0.0015438219242140008,-0.0005199075168844713
26,5,-0.007435579101257546,-0.005685446518063654,-0.010802840231623553,0.03723649142334467,-0.008522017778866325,-0.01630884980407623
26,Aggregated,-0.0008230770940830798,-0.0015081731151427406,0.0027596023331510474,0.006879829739129792,0.0013753023501332717,-0.0016304358087158065
26,Centralized,-0.0010769062031078414,-0.0016695422264622016,0.0021948256446664943,0.008206463074654832,0.0011346885024898948,-0.0023246336565450206
27,0,0.0018330761824760693,0.0029180769283535684,0.0033198237931752047,-0.0008354888447099038,-0.001656456893062274,0.0011359934579066363
27,1,0.0007040600485823257,0.0057712067903047636,-0.008716180785872801,-0.006318944067301648,-0.0065265408696244245,0.003481895562100344
27,2,0.0011908465467201776,0.0027901458561298232,-0.012063563135566717,-0.002409773089774925,-0.007916143673460585,0.003155707264927115
27,3,-0.00018362811695132875,-0.003805380628931936,0.0035452913634377503,-0.004668231768249317,0.0028234511716577156,-0.0007241029682880836
27,4,0.003911192938320405,0.00036100165636160304,-0.0025551680933146364,-0.0012824892251800382,-0.0060160840759953165,0.0057682704000215825
27,5,-0.0037571184759260497,-0.004330277980409604,-0.01423537423605963,0.05973803264873276,-0.014495650575677038,-0.008611398505662983
27,Aggregated,0.0006136165061942727,0.000614307663032826,-0.005123341614661158,0.007403904612451403,-0.0056368890085578445,0.0006951236932542505
27,Centralized,0.0004975986646070204,0.0005301676508667567,-0.0054985115922645475,0.009186668235580148,-0.005991822178616771,0.0004429394313815375
28,0,0.00016304282365217328,-4.523543004504304e-05,0.003168594637541855,0.0017730613800779418,0.0010896043477471213,-4.2531828053018104e-05
28,1,-0.0110419770092313,0.0016526520611844916,0.009777657535684322,-0.005972067490440648,0.0012055889756887076,0.0073096335503000645
28,2,-0.006224662229963748,0.002623726334340724,0.0018849938741223417,-0.002336782231020322,0.000395951576871495,0.006691890887245375
28,3,0.001985898365805159,-0.0030845451211831748,-0.007776621820813737,0.0014119739063525483,0.00324591823434071,0.004217376435498501
28,4,-0.004711530471941256,-0.0020487391340014626,-0.0023070511404546536,0.000897964566145254,-0.0005313407133446024,0.00567714568321115
28,5,-0.007221564206640142,-0.006082081227755982,-0.0001781767683620622,0.04582631192535894,-0.01580766680975613,-0.011465140754972196
28,Aggregated,-0.004510195195715657,-0.0011671725941436388,0.000760966918224726,0.0069582065821989884,-0.0017426303081243375,0.002056103002710445
28,Centralized,-0.004649149507362323,-0.0013523827986631986,0.000893555086759085,0.008282980756066344,-0.0022870328842602913,0.0016002690156176466
29,0,0.000501134222704532,0.0014708782386960082,-0.004328246178674381,-0.009897233608263585,0.00461698232594432,0.0015299490686721056
29,1,-0.004490678817069242,-0.00508555080887766,-0.004434754804250517,0.0010126518121100054,0.009250462867301633,0.0008262063702090298
29,2,-0.002475556869213399,0.003420095230683392,-0.01009039384582682,-0.0018572625898380505,0.0047595241206485825,0.006243593953546243
29,3,0.0024771754056016042,0.0003034281712718782,0.0039714120404704045,-0.007834636509645861,-0.0008256725707737223,0.0019082934630756962
29,4,0.00211037595359585,0.004458977561405302,-0.010169912501574847,-0.009247901279672129,0.0035687642215158,0.006313883165350888
29,5,-0.004759133456516434,-0.00486556161340281,-0.019818949226896664,0.03509508885424909,-0.01838858042203873,-0.004110272183730472
29,Aggregated,-0.0011084429159967362,-5.269261421542496e-05,-0.0074863417782777,0.0012333868082417495,0.00048487294315056363,0.002114637738453798
29,Centralized,-0.00124465059886943,-0.00016039380898482484,-0.008153167938777987,0.0023921520557566144,-0.00022123628059511808,0.001955597170632753
30,0,0.0020778514348216847,-0.0037222247002662474,-0.003799861916586369,-0.0005977566593625168,0.002906027307949394,-0.0031406816488892086
30,1,0.00235079785678769,0.005319562664304982,0.0034256001936195553,-0.012918472302939686,0.003597906972817125,0.001001447637721555
30,2,0.0015737738300852942,0.002069581454552277,-0.004841209722650571,-0.008749365918718074,0.00419503482341348,0.0026970430730908494
30,3,0.0034853332735980914,-0.0025225648675946577,0.0016881843113408527,0.006216332140609514,-0.0013621663622363596,-0.007505118495717429
30,4,0.005864282800897268,-0.0032575422208250215,-0.0007066073600798879,0.000665252159939558,0.0018002127298837693,0.0015279071681445987
30,5,-0.004076302433973465,-0.012600548845389912,-0.018220761131696083,0.047245675506295715,-0.00993287430860019,-0.01028879753997666
30,Aggregated,0.0018754924620306688,-0.002458759460278128,-0.0037516732823958637,0.005337013476173382,0.00019422952157125326,-0.0026229238104940045
30,Centralized,0.0016962801881111869,-0.002912308966527397,-0.004476298492654709,0.006861029729580279,-7.431457765235498e-05,-0.0026850325307472543
31,0,0.002726516684131071,-0.00225078812057768,6.367920975581624e-05,-0.0021405294995591887,0.002841031116926366,-0.006349933387759083
31,1,-0.007971938196716221,-0.005174258185432207,-0.001405527955457769,0.0025141056479191753,-0.0024092146227560657,0.0029509590692912793
31,2,-0.00027468889156952,-0.0025748333155512114,-0.0034356608003091975,0.001890833087063601,-0.0002675799803233662,0.001660469962797336
31,3,0.004347341029134291,0.0003136400730074503,0.00207830711295429,-0.006051412365512085,0.0011865372320366144,0.0012409695864939432
31,4,-0.0009614914564529234,0.0026400742300102358,0.0032477470435606838,-0.004716948725199125,0.0027953096896307854,-0.00256184316119758
31,5,0.0003437419394723461,-0.008393441166971478,0.0010131119713337247,0.05131657088196779,-0.005692415575319929,-0.013347897720196868
31,Aggregated,-0.00029801040395012907,-0.0025769784096319644,0.000260756068840544,0.007163604266243008,-0.0002611869219633608,-0.0027413125033037065
31,Centralized,-0.0002539507600202847,-0.0027934737651473924,0.0003083129488972769,0.008714429248424093,-0.0004209194173535565,-0.0032919750690600484
32,0,0.00329025667428579,-0.002862799617268062,0.002025135175017695,-0.0006295405091437889,0.0023113301776340003,0.000537263654751032
32,1,0.01086662200976319,-0.013221520296641469,0.00710493256211822,0.0019090070879916809,0.008173363722511623,0.002359513832230877
32,2,0.005776406142068965,-0.0035336958872039326,0.0033927340626389146,0.0015556493686776421,0.004380637190961721,0.006702533540405008
32,3,-0.0047822299855959805,0.0023672218949915597,0.002416335891805367,-9.803502153887441e-05,-0.004614362171917033,-0.0015649037742047993
32,4,-0.0018644903463532836,-0.0025702249112933362,0.00250303190571323,0.000624616531316761,-0.006721320858033584,0.0013953330981738648
32,5,-0.014288650881580548,-0.004292086539927965,-0.003410922243486664,0.03931422490979781,-0.013236784697189556,-0.0064957801874389095
32,Aggregated,-0.00017601767267639852,-0.004019025094769423,0.0023348756448444566,0.007133183897554985,-0.001625263774855445,0.00048454020569709704
32,Centralized,-0.0006085538564534366,-0.0040443340003703905,0.0022107999823207268,0.008317044679563557,-0.002085636114866032,0.00022456056275644843
33,0,0.008005728437108011,0.0018888969884113033,-0.00040542547978433634,-0.0040917729625678705,-0.0008682607862439873,-0.010232751002711373
33,1,0.014798846304736232,0.007872243261687577,-0.007788747476946879,-0.008971820069108802,-0.014025117360341021,-0.011500442072981511
33,2,0.015945989222593753,0.006537923614604696,-0.011992508042417985,-0.009294015889305056,-0.009003619319379059,-0.013150775932068424
33,3,0.0038361547469477164,0.0031260293211553946,0.002558155005501303,0.0007602228724191362,-0.0011799992992273707,-0.0024427379257173937
33,4,0.0230638901917041,0.009551012496258912,-0.008238334592192252,-0.0071695635932553506,-0.00686870694243422,-0.012437757763534535
33,5,0.0029176700047276734,-0.006959583994269394,-0.02033461742352643,0.0447567922549129,-0.01499870925318528,-0.0217430537348357
33,Aggregated,0.011422620678783581,0.0036626437404884593,-0.007708301400937549,0.002691809483535843,-0.007828643031727792,-0.011924183770516654
33,Centralized,0.011180057195980324,0.0032555923119512117,-0.008225827254469893,0.004228529149191608,-0.007994528239095213,-0.01229706758663407
34,0,-0.00012344018203938972,0.004614406269315396,0.007838825205585272,0.0013351962454166044,-0.0012600637129838055,-0.006751424145836139
34,1,0.0070750907526259685,-0.001056819588901479,0.007705181096882199,0.006365120879501737,0.0029549277862955113,-0.0003651526271130745
34,2,0.004642817042298879,-0.003295381004433214,0.0031172266170220583,0.00147753541683055,0.0032837377198319177,-0.0004833100714736249
34,3,0.002352086565380853,-0.009647106046611672,0.0032667620497597305,-0.0036177805738479953,-0.002949248399185796,-0.002160442027462001
34,4,0.006734449612695221,-0.006356994933525828,0.00780243215365148,-0.0011238740589859105,-0.001984827495112673,-0.0029855377407875627
34,5,-0.009994716745660435,-0.017306901580491696,0.0027243117128751266,0.052610070124016,-0.007857158190819077,-0.012108668439421166
34,Aggregated,0.0017735401809622258,-0.005515655140385662,0.005407411432935492,0.00953519132529629,-0.0013062845677201187,-0.004147501403123281
34,Centralized,0.0012889065433450177,-0.005759106753650522,0.005451399350464634,0.011091274337991838,-0.0015508841406329855,-0.004655322959838947
35,0,0.004751468482275868,0.002929099139172109,-0.004463033146595098,-0.0022160432770173175,-0.0067487276345626615,-0.003931007922845123
35,1,0.007484426747563436,0.0004895755374330463,-0.008648532761758922,-0.0045559715654819154,-0.012037315920104123,-3.657667421136379e-05
35,2,0.007731829250222205,0.0021593830230218197,-0.00835906896653727,-0.0013770978682135437,-0.009500592656117706,0.0033726232121503953
35,3,0.00753211477203817,0.002154989364124199,0.0035619471290673998,0.0009115799989691124,0.0021005209378280798,0.002420568372220037
35,4,0.009373520495679084,0.00903877661759131,-0.011023894822750903,-0.00036743121041915263,-0.008289222914328417,0.0019435609226270177
35,5,-0.009586130288032662,0.005045166371895333,-0.03276770085029727,0.04486224021587456,-0.010021259248430009,0.0018703184140881667
35,Aggregated,0.004538860418279016,0.0036370633202296937,-0.010297715488702978,0.006234189143734821,-0.007417760496862564,0.0009405075681011783
35,Centralized,0.00405981820838553,0.003766313188149016,-0.011152430760770512,0.007570360885107024,-0.0074510236568518995,0.0009510716693416928
36,0,0.0013950940192584453,0.004402435753860845,0.0032065105724528495,0.0019333844499657723,0.01580628537816683,-0.007350769405374275
36,1,-0.0029823710367464415,0.004428597735332907,0.006018638474474832,-0.006354534766861626,0.013225598959674146,-0.011446251698507482
36,2,-0.0012707601728895513,0.002651385851152535,0.0021660452490076983,-0.007080075270544871,0.01081750225843748,-0.010451379475458274
36,3,0.0012365281052675351,-0.0015808916370610993,-0.0029608939051745343,0.004341615299080447,-0.003027866490776147,-0.0013105419132678562
36,4,0.0028242525410011625,0.0056778998261169744,0.001185958345919595,-0.004951905469788716,0.00948718021489839,-0.011688095478838114
36,5,-0.009124410431739163,-0.009068552110940495,-0.004604937963223815,0.03881909091362797,-0.009844730924141567,-0.017558688923491633
36,Aggregated,-0.0013252533681045791,0.0010786723946204467,0.0008317517463196173,0.004473173796801091,0.0060671770952174416,-0.00997246084808795
36,Centralized,-0.0015646988882334907,0.0007257878122713131,0.0005393202476601577,0.005743551881173987,0.0055942832408507875,-0.010441341959184194
37,0,0.00258314120799204,-0.0021102150078848333,-0.006922338378390888,0.004084379725907371,-0.0008547995317943236,-0.004881010238688954
37,1,0.005840560152032358,-0.003344132951798178,-0.017987661569465217,0.01641640935889736,0.01293241734988293,-0.007964543851419625
37,2,0.004403090687750595,-0.00034775380154678144,-0.01174753165819846,0.01003697880392741,0.00634321796600394,-0.002578246599576115
37,3,0.0011635286619989284,-2.0660079701580644e-05,-0.0017726182094876287,0.0020981970949073597,0.00019769554475976064,0.0014572823989467904
37,4,0.004918630267098971,0.0025611941443581887,-0.012832364687135988,0.0070181050133005215,0.0052683563555691116,-0.0064215760593889495
37,5,-0.0043072388005173665,-0.0003131468453476261,-0.012882213724658451,0.0500534981530677,-0.007849105565713083,-0.006801773588068194
37,Aggregated,0.0024293210502214628,-0.0005956055600396299,-0.01069218518528298,0.014973640852625172,0.0026662553222485427,-0.00453309198115494
37,Centralized,0.0022425941538843346,-0.000546546785455232,-0.01081070596293988,0.016218967189571772,0.0021132422799081847,-0.004567117900931331
38,0,0.006618862464484037,0.003069953037959024,0.0035634524858751677,-0.005145716244310598,0.0008912253704656055,-0.0007207074683742764
38,1,-0.0006302010960607267,0.009963722022270145,0.0031395137398499457,-0.013887949207224519,0.00011494461300948778,-0.0016531821565624854
38,2,0.0015227412219077413,0.006146730551530672,0.0028515158435841455,-0.009190311002336644,8.465891840456208e-05,0.0016060091176214137
38,3,0.002738819509105419,0.0012138438566218878,-0.0030999463935064138,-0.0018359430926695622,-0.0012263430007493522,-0.000913856290225612
38,4,0.0037771773611185127,0.005444390412618735,0.003217060265558563,-0.010366320434201595,0.0008455272473226194,0.00289336147019087
38,5,-0.000847677439793674,-0.005577015848600401,-0.014579951260025766,0.04884022836763166,-0.02168857521646572,-0.007024293277843056
38,Aggregated,0.0021946794392630527,0.003371228729751939,-0.0008268331388339744,0.001432575514467526,-0.0035080254481892306,-0.0009726388054730969
38,Centralized,0.0020611415746723616,0.003162871517027605,-0.0012508021669027079,0.003045879042348144,-0.004046491686847473,-0.001164899820603623
39,0,0.0037520373912699628,-0.011195831557216285,0.0032023918818816503,0.0006484454995048446,-0.004054220963721781,0.0012778963128288283
39,1,0.016632924346414044,-0.013182077548595898,-0.0005271792844437906,-0.008157705016055908,0.001474475561872613,0.0007892401932062365
39,2,0.009347047403819263,-0.011511371051534443,-0.0002804086348738577,-0.00442327222110531,-0.0002766291154083,0.004115339530669753
39,3,-0.0021913778405365995,-0.0014134295504361627,-0.00143253663674792,0.0010757528709324175,-0.001560413783693367,-0.0005991708826003953
39,4,0.0018000909033272646,-0.007502672071859821,0.0018549523740884735,-0.0025396975081649646,0.0014952865388080587,0.0047098103228185445
39,5,-0.0020019816632870957,-0.0061716364183445754,-0.008111694092080308,0.051725334972334905,-0.015354599509777713,-0.01338747378162978
39,Aggregated,0.004552275412607427,-0.008494687689284346,-0.0008870214402601183,0.0064170479079088925,-0.0030538642376786774,-0.0005239327898541822
39,Centralized,0.004450262551840237,-0.008334730688446491,-0.001197667009678329,0.007905105238777826,-0.0034611176799462604,-0.0009464050560169893
40,0,0.0013885571918077692,-0.003156280943097449,0.004235452962564157,0.00256202218888988,0.0009163205197933233,-0.002702604566032892
40,1,0.0024740761868904076,-0.006101872990644321,0.005553235003846993,0.004925479097666754,-0.004552224636992406,-0.002298692660767404
40,2,-1.3023802403457537e-05,-0.003601363260477106,0.0016401312748924833,0.0038643758685517216,-0.0020926520439426043,0.00020253196337897313
40,3,0.0008757232657319092,-0.00025843244601053326,0.004477226522639132,-0.0023974937761422196,0.0013909540056842454,-0.0009725949037880506
40,4,0.0015524373433675872,0.00046057560160574863,0.002981844530778736,-0.0018259823900490515,-0.0007818605186352838,0.0007527595836984314
40,5,-0.01015971545138624,-0.01426695655006996,-0.02304360737235728,0.04884425001260798,-0.004340176571507989,-0.004474425355762407
40,Aggregated,-0.0006530557323505277,-0.004493623412716786,-0.0007068694255050712,0.009353968329079395,-0.0015783684599838667,-0.001584014951859053
40,Centralized,-0.0009411779154603894,-0.004848551308868718,-0.0015339592286039057,0.010637632310858123,-0.0016035351434279615,-0.00164272505434928
41,0,0.009637654239607421,-0.004844921884557449,0.0015512535451810024,-0.0004975169666609707,-0.005024696207074353,0.002127813931792941
41,1,0.0019236783625743853,-0.0016431644920796118,0.002651282897233695,0.0064558830702217945,-0.009551816227921863,0.006241259880706253
41,2,0.00029480162699873264,-0.006088293365633011,-0.000456814382847918,0.0035570170223078314,-0.007450961788712288,0.00706440135605616
41,3,0.0022222528818507115,0.0035881029532517923,-0.0017034577970870977,-0.0041333308849159965,-0.00024035515683410447,0.0032725811587022086
41,4,0.0075351125339297815,-0.008932809156170403,-0.0010296546588322575,-0.005437363102415577,-0.0030851984586483454,0.007897765421981883
41,5,0.0010411224036471175,-0.005835986555907061,-0.0075655306981612085,0.04334849481575913,-0.018085803357794427,-0.012925569656876102
41,Aggregated,0.0037740268617166253,-0.003960708433195518,-0.0010962806290340371,0.007238567295425977,-0.007246720085157937,0.002270014529469587
41,Centralized,0.0037282242327870085,-0.004050614776346569,-0.0013116966790939497,0.008422155487907874,-0.007597730136435859,0.0018061506684091814
42,0,-0.000842906169299678,0.00438447093044184,-0.0007962278757940958,-7.255276787131819e-05,-0.0008420713443096139,-0.0050676245160807655
42,1,-0.0005880988487704907,-0.00026456283337030574,-0.005182010172387352,0.008916465487394361,0.00025187283452071847,0.005347940393958329
42,2,0.0003672463353358265,0.0006895537237401938,-0.0013455471722775977,0.005673783429076282,0.0002674475632248929,0.0065246665647494505
42,3,0.0001807049544817733,0.0028293900980255232,-0.0005040157715849351,-0.005327076129206936,0.0028681016297396732,-0.006249552839236459
42,4,0.0007109199064287309,0.0033234783531014716,0.001416761867857,-0.0014177229945663153,-0.003190457695871492,-0.007071918082987767
42,5,-0.013916244121069777,-0.006119388523635806,-0.0041208578738505175,0.046406614092028814,-0.01687928691481422,-0.0009365690616043101
42,Aggregated,-0.0023554383051973393,0.0008027409265033481,-0.0017568243217157456,0.009053748099056657,-0.0029296316228733265,-0.001241981416449156
42,Centralized,-0.0028730174292845414,0.0005914060602393782,-0.0018528766445407617,0.010310226298627047,-0.00356711066965598,-0.0013008472058424296
43,0,0.00791565751309261,0.004968015427921034,-0.008806293755126524,-0.00017531100772943923,-0.0024936594125343488,-0.005621671417694915
43,1,0.00455475979313001,0.012313117456595853,-0.012532914984739234,-0.0003817383128382238,-0.0030822341105429993,-0.0064734747000284735
43,2,0.008772683928916322,0.009493179974729721,-0.014096323612959644,-0.002508334023087517,-0.005138441358750979,-0.0025108086133182957
43,3,0.0015529456091835426,0.0006809014559639831,0.0004990388885800409,0.0030713281138936275,0.0029935173081951415,0.0005604585471220132
43,4,0.010489890695198548,0.01571438267635873,-0.015101139493318937,0.0013670418324288433,-0.004508323909418187,-0.004430365124625365
43,5,-0.0004455211856031356,0.008521600585116805,-0.017399577686953695,0.05635955898956319,-0.009742995890306852,-0.010711056849542213
43,Aggregated,0.005469629105052883,0.008615139921896314,-0.011243462453661,0.009651888488976586,-0.003665899830844847,-0.004868213851227182
43,Centralized,0.005338680442998845,0.008743269243277877,-0.011469474063099418,0.011224031249716878,-0.003840255899036766,-0.005046306538092271
44,0,-0.0006416296089515929,0.007001176781964467,0.005526825304830385,-0.004041629997416851,0.0031601191690704693,-0.0005918233201474018
44,1,0.011585564400880943,0.0004928340656972138,-7.558939944518617e-06,-0.010491437648421467,0.00879958127747887,-0.0015076279350944312
44,2,0.006715746694642109,0.00420493079087842,-0.0011642480913873997,-0.008917485678310631,0.006464005270379849,-0.0012990521284731516
44,3,-0.0014211358256969028,-0.0021228081352296715,0.00277001426863608,-0.000351130150189168,-0.003017930877372403,0.0009051398737399001
44,4,0.0021875956144133692,0.004760648438380383,0.005590174163352715,-0.007591910782087494,0.002213069680411502,0.0014562554925660867
44,5,-0.01899813607139567,-0.008885083400241162,-0.016426272854029676,0.03545667695396537,-0.016254782535945908,-0.0025170122405530626
44,Aggregated,-0.00010738398250209949,0.0009023724326129935,-0.0006285892917824255,0.0006993541802271132,0.00021683545475926108,-0.0005935804460523694
44,Centralized,-0.0007590772750362278,0.0006219235914426876,-0.0012311106885771975,0.0019491613048878821,-0.0003428889192987561,-0.0006189347908085933
45,0,0.007983235683644856,0.003971394402987358,-0.01107464638329583,0.002368114125825892,-0.02209250539338607,0.0029063942920400797
45,1,0.012568066094784907,0.008689747804869512,-0.01320875675700074,0.006094724650686625,-0.03272626391254692,0.00695452115432134
45,2,0.008952918931450449,0.01154375496487257,-0.01811506148334326,0.00635985588705605,-0.029508448457859205,0.008980975151701582
45,3,0.00572637627576235,0.004657674925410137,-0.004239510711730477,0.0021308761826739514,-0.012168629826497508,0.004384067069174264
45,4,0.012116627003858833,0.011888949887715607,-0.021172192173067098,0.008005142944933501,-0.03199346600050871,0.006731661220111294
45,5,-0.00031339169837475114,0.0037639289585592634,-0.02712537285553041,0.05942841092516591,-0.029732832047596282,-0.006725588914258449
45,Aggregated,0.007833774494331184,0.0074169113727681445,-0.015829796170189432,0.014093442615919344,-0.0263725013580352,0.003865248480430688
45,Centralized,0.007628581569478856,0.0073651421850897585,-0.016302276599432668,0.01570730284263646,-0.026518540160615226,0.0034343357251485425
46,0,-0.0027721184563434895,0.0030203989596212216,0.0015082806002439644,0.002855743005181478,0.00020958518206094142,0.0062888423190553535
46,1,-0.0006860637897314355,0.0005293046085115013,0.002250567854169916,-0.0003860931836869123,-0.001743801416947582,0.002792691671973331
46,2,-0.004649351507687225,-0.00013281319013891217,-0.0027079532505988138,0.0033623466652685638,-0.00038095942505412633,0.010290838856603294
46,3,0.0017668038317726808,0.002073338786775867,0.0034741965970761773,-0.0030977229802070677,0.00031155553002271873,0.001364673012235788
46,4,-0.007788567698465847,0.004213545604124556,-0.0013106057125391684,0.004909481032429925,-0.0022380913728194435,0.011149505307021811
46,5,-0.019781821956747967,-0.017382784273021788,0.0007344217130619517,0.05924958595034142,-0.010111849772564628,0.0005061598188674894
46,Aggregated,-0.005660861849857255,-0.0012901013817190592,0.0006581999265747381,0.011179556766839098,-0.002330557687564707,0.0053956658621918405
46,Centralized,-0.006206156212660291,-0.0017409219353215423,0.0006443538190912386,0.012731149485157047,-0.002584640241122541,0.0052373260457237005
47,0,0.011476878864904191,-0.0022356982776033547,-0.002830390718960065,0.0036509810448192644,-0.00020824827196320542,-0.007694968342080455
47,1,0.0016363082325297584,-0.0007417462680919103,-0.004693517882518708,0.0016204099963918522,-0.002188487193097005,-0.0044536497208303005
47,2,0.004608694837472593,-0.00041038771523153607,-0.0038878212591468182,0.00023946040320297623,-0.0005527614634591412,-7.132379879039586e-05
47,3,-0.0021370819831614024,-0.0021513306957640366,-3.6889560281751684e-05,-0.0022169581952084477,-0.0006385444731537922,-0.0022293596797009685
47,4,0.0059683660926666115,-0.00043297626253694006,-0.0016302005253127278,0.0012677260475834915,-0.003059991524366205,-0.0023988037751308464
47,5,-0.001700310433937259,-0.006499582280817327,-0.017231843281958956,0.053615688676075045,-0.011456893997089483,-0.004022317553477275
47,Aggregated,0.003305615695124338,-0.0020814388423127834,-0.005059542627761383,0.009724218933112427,-0.0030228683791294207,-0.003478750584854098
47,Centralized,0.003195173425517558,-0.0022243990248701395,-0.005566165801159229,0.01119794089359235,-0.0033018335258858844,-0.0035380373038917464
48,0,0.003983592454536164,-0.0002387193875481271,-0.0021382198185638116,0.0014585483011302222,0.0004917965168076355,-0.004118640297202418
48,1,-0.002148759914410244,0.006770451525722817,0.010994563737862704,-0.0006418248557054362,0.008318430675391217,3.469975131521659e-05
48,2,0.0006436888823968201,0.004216013290672351,0.004498091525830708,-0.0018530398177190452,0.0014374097131634885,0.003227253248292725
48,3,-0.0003145870061304975,-0.0033481799320967866,0.001056349282660781,0.001191502237423577,0.001784805399741409,-0.0004304993634819417
48,4,0.004164073356791637,0.0001247071570363831,-0.0009956464102590231,0.001115626351473902,0.001034312212059413,-0.002799604535260951
48,5,-0.013574589962292717,-0.000841657456311673,0.002000961881151064,0.04649568502549171,-0.015543064324414435,-0.03027782608527699
48,Aggregated,-0.001215648190543179,0.0011125225137928103,0.0025689876562237385,0.007985650678688422,-0.00042236468056666167,-0.0057430883588823894
48,Centralized,-0.0015653724779299408,0.0011604467370229113,0.0025310989739019763,0.00931743208849329,-0.0009914796890065913,-0.006735204207248952
49,0,0.0010551915091294769,0.003315322137105056,-0.004021516464576517,-0.00649797091783832,0.00555968629503194,-0.004310811577880678
49,1,-0.007824741228139196,0.003878991039380065,0.0011751904733589994,-0.012391512467909467,0.0004200868395909718,0.00320017295845096
49,2,-0.0015835408026307778,0.001345356872201731,-0.005406276060502273,-0.011167350026879765,0.0007805711774354866,0.003935960993690911
49,3,-0.005134075672755986,0.003428497982572091,0.0030757615778816737,-0.0007520431191654094,0.003078985243558513,0.0026278001107063577
49,4,0.002667877625158992,0.006931747587255911,-0.005120049591174679,-0.012168850022416342,0.0046276392870315125,0.000518321694998864
49,5,-0.006888700444556426,-0.0048948297465404396,-0.014412781253974256,0.040925635653966855,-0.0051108352129791874,-0.02489349579663968
49,Aggregated,-0.0029538417789596537,0.0023295721098544947,-0.004124841831902672,-0.0003157048849438159,0.0015551030127753324,-0.0031675355311778955
49,Centralized,-0.003009530048885715,0.002200204497247112,-0.004605903194404843,0.001120807814577439,0.0014940510072123233,-0.004232703305389852
50,0,-0.0045625675087881306,-0.001010609802423688,0.006053020901612448,-0.005476667130993872,0.0019132940522715214,-0.0025315273749885797
50,1,0.0020074834259878665,-0.006615284907714894,0.0018658249418734539,-0.006213349544204854,0.007258941770147181,0.0077222011178645815
50,2,-0.004888625006925559,-0.003731746659615337,0.0012843112612221709,-0.009506543838120949,0.005529131840813203,0.008233112177009798
50,3,0.00045890032430520404,-0.001278680380884432,0.002989573417870552,-0.0011574964969078634,0.0015990541068499242,-0.0026113509712333833
50,4,-0.004322343183354262,0.0030554142403545273,0.0015117427905535312,-0.010430922814869865,0.007113953588914053,0.003120113134054511
50,5,-0.010295540762983982,-0.0005180864841445458,-0.006647097531843545,0.049586827688985674,-0.010064487630049265,-0.01239710272648371
50,Aggregated,-0.0036047172532419425,-0.0016824228674074313,0.001171241520771314,0.0028301368072233316,0.0022171461151146033,0.0002478406098736576
50,Centralized,-0.0037421777229366526,-0.0014951596074437535,0.0009314898619396087,0.004440877152092108,0.0018294082016954611,-0.00043252281229425965
