Round,Evaluator,0,5,2,4,3,1
0,0,,,,,,
0,1,,,,,,
0,2,,,,,,
0,3,,,,,,
0,4,,,,,,
0,5,,,,,,
0,Aggregated,,,,,,
0,Centralized,,,,,,
1,0,0.300776877176074,0.1945233615343512,0.26454333381429473,0.30320054910693495,0.297380266271694,0.2858509480075827
1,1,0.29823759052491194,0.19587491596786646,0.2678687166982253,0.30943209456837284,0.29348805716132026,0.29317550585732083
1,2,0.3028826508741505,0.19894773216461495,0.271330145236557,0.30862854915719873,0.3005293788665759,0.29120147789718237
1,3,0.29715802376356765,0.19403410731793172,0.27313309597711627,0.2993321576250985,0.2948476741684832,0.28462415870082225
1,4,0.2954495972148886,0.1869983725951223,0.2640982895307998,0.2981757996855536,0.2905485118397335,0.2814703643860126
1,5,0.09227543254048258,0.3977516837491936,0.07983475346958625,0.02527209070431631,0.14941532763839893,0.11132289181647283
1,Aggregated,0.2643535832911174,0.22812990721451798,0.2367013147598269,0.2571922513625165,0.2709573305665188,0.25784741454137744
1,Centralized,0.2636276486690932,0.22884575398609736,0.2360394383010558,0.2562135822729039,0.27044448940362464,0.2572292848051531
2,0,0.058646909586503676,-0.009477419072591696,0.05912797692461832,0.049561693306506796,0.025806474420732972,0.0479640109753023
2,1,0.0701636158142064,-0.020397454558293567,0.06590651757403296,0.046929832104154745,0.018958126527524623,0.05390269480941885
2,2,0.06022145791501304,-0.021682596474891628,0.057012473016010666,0.04381684556594455,0.020421993967152316,0.04421431981959094
2,3,0.06277802289958319,-0.01687182489854021,0.06719254867532908,0.04499042734823402,0.02053240523547452,0.04584568179341852
2,4,0.07203858356910908,-0.022223494821999548,0.06406901921452672,0.0476530033131625,0.019015106339910135,0.05219865959734947
2,5,-0.02143160365390976,0.3976861644800001,-0.0019152838851505562,-0.046316358283456045,-0.040374762058006206,-0.07883651276091547
2,Aggregated,0.050357032848543634,0.05139314969254371,0.05186456593914539,0.031056546520938373,0.010693977667203031,0.02748031664387287
2,Centralized,0.05005390151395933,0.05285421377550018,0.05163774592800645,0.03073020592459428,0.010478573901742838,0.02703204689247848
3,0,0.024934452258434586,-0.001187798937431983,-0.00543192821293474,0.027245443863360475,-0.0030161053309250593,0.03301074365208134
3,1,0.030562461887762366,-0.0009392406624195798,-0.005867019583522911,0.021207129377337472,-0.007142694091826301,0.037103476119300795
3,2,0.0360766817215508,0.004564091499258258,-0.013925653127015157,0.02428582406607239,-0.01500732569253392,0.04077829048486675
3,3,0.030171492503287788,-0.0025406606663799826,-7.46798866944156e-05,0.022706318688737116,-0.002703752965711112,0.03699238190396151
3,4,0.031184967063552897,-0.0031745019267082155,-0.006417073392977788,0.023255678504592547,-0.010456382907800727,0.036973823902415964
3,5,-0.045222289487814524,0.3808055735914264,-0.007894915648131454,-0.06766805750045615,-0.03515457268670747,-0.047148104398416636
3,Aggregated,0.01791101789232188,0.06312391154327528,-0.006602702686830799,0.008456824981610777,-0.012261410500741012,0.02290707631040891
3,Centralized,0.017645085244244966,0.06446453976972423,-0.006608025366123379,0.00813591335389541,-0.012357766274997677,0.022611500070417536
4,0,0.004223027421446496,0.003512646002036056,-0.005229938459562349,0.005571785717274546,0.014731713490255574,0.00923333100885863
4,1,0.016625391297136617,-0.0006423601036049941,-0.012095799302835662,0.008673365148150787,0.02020979064220731,0.004780257111440612
4,2,0.012732896182884644,0.006944315071036586,-0.015789720904315446,0.0013239333862811189,0.014145250119935365,0.012107643931999819
4,3,0.014338079219570608,-0.00581754514818114,-0.008374721993330645,0.002706707973920163,0.021120997208930792,0.005013264208915666
4,4,0.020151691233779457,-0.004261214605745046,-0.00813745801817606,0.010691383163084324,0.025814893220786898,0.0025536738749948836
4,5,-0.13969599564481505,0.4132008351353988,-0.0480954050149788,-0.120266452021627,-0.09923628770189655,-0.0012976647879740988
4,Aggregated,-0.012018937716867444,0.06904233824151644,-0.016307453343871986,-0.015283520862206532,-0.0005985339666047685,0.005394148458679345
4,Centralized,-0.012557500953147132,0.07049445121249705,-0.016441653670856607,-0.015726748422574783,-0.0010149024347456549,0.005365763048840934
5,0,0.007270535288663971,-0.014199390815796253,0.011630368133580577,-0.003371598814925979,0.015187053208789074,0.021311031924557126
5,1,0.010639894901278833,-0.03135504475922241,0.01249650376998299,-0.008323960092705604,0.020423078100749184,0.031202191703762684
5,2,0.01378899197580747,-0.021353069789080026,0.012991694178962076,-0.013381878763539298,0.029774170922827112,0.03263186928082618
5,3,0.020340007779086327,-0.03457856976694987,0.02354779991523331,-0.02025640505032591,0.02755535169550932,0.035000353464152055
5,4,0.00032864552860055555,-0.042565480152855655,0.012682937888420827,0.006156876373396738,0.023932932185317893,0.03346592436910775
5,5,-0.05681348626782144,0.41013542421934557,-0.06246214373175854,-0.04816941650200763,-0.03791120560824667,-0.12140119941334046
5,Aggregated,-0.0007766509762835291,0.04458052035932636,0.0017735469854069435,-0.014579159665981918,0.013127669398348023,0.005287539726047167
5,Centralized,-0.0010131284102381012,0.04612299543628626,0.0015023585834102436,-0.014721022864811518,0.012912200081500682,0.004752768072889285
6,0,0.0036631549685884964,-0.018302845411466578,-0.002166483155323263,0.0009371820675300469,-0.011475665016225428,0.0193175435417135
6,1,0.02208001191935768,-0.030896975241152223,-0.004603219618650052,-0.009142310864684824,-0.014186590529185234,0.025150131872051888
6,2,0.008470803846785833,-0.016052282998443104,-0.01829682636776059,-0.0019642543454203975,-0.01463593242805621,0.03313964102881522
6,3,0.025490314653197513,-0.031899928700127214,-0.012698970714910423,-0.01170851811102345,-0.024824775808206547,0.03040852570546482
6,4,0.018155931660902683,-0.0343302069530882,0.0024892365224795892,-0.00827750898254235,-0.010919641292120408,0.02313733353156954
6,5,-0.07320135442045062,0.34869055222774575,-0.057883185511160964,-0.04302248304489975,-0.17012526755734586,-0.01030596585081682
6,Aggregated,0.0007293124050011114,0.03640061351831933,-0.015553579340996174,-0.012215968825449022,-0.04111028498083683,0.020121789991662545
6,Centralized,0.0004174704004397937,0.03771825304877455,-0.015732147569263274,-0.012345886074656127,-0.04165491903164837,0.01999344406859338
7,0,-0.013135450182506858,0.0012140590396798748,0.009527880723753032,0.013823957833084674,-0.020236967466146505,0.015327947201951965
7,1,-0.01943485136224874,0.001426909428276322,0.009177771714233323,0.018705864018909734,-0.030297551794151195,0.02457544299584047
7,2,-0.021904623914399304,0.001985677392341655,0.009880966598861432,0.015789306019747797,-0.012428826467954502,0.021922761189241642
7,3,-0.01565475131712214,-0.00024601643407121544,0.010545904427550358,0.017196997886287667,-0.00746443997262526,0.019789180394193712
7,4,-0.027314612256490595,-0.0078101004690361705,0.017018128643491857,0.032691486552105194,-0.0562668402218476,0.04062206521027058
7,5,-0.09204772008859988,0.43924690563621294,-0.06773927681681192,-0.05698897522117113,-0.09403150742509901,-0.05250699850142634
7,Aggregated,-0.03162055154800501,0.07286997238964797,-0.0019733933579997843,0.006829059588314096,-0.03682418479091115,0.011580847693356641
7,Centralized,-0.03187565724284424,0.07441609542876931,-0.0022510666621957023,0.006559386076771102,-0.03706556215917707,0.011310491994645124
8,0,0.013504429246363536,-0.011814421456713145,0.018051446041197235,-0.005989498918865086,0.015417852505007086,-0.014319107766373813
8,1,0.016899331513107504,-0.022018350236207164,0.03529956213242061,-0.019279808886420526,0.025783370647528257,0.0006372889547502907
8,2,0.02139882043327611,-0.022190910010742203,0.021163185415984494,-0.013356673337504484,0.02781782289104561,-0.021795171589284543
8,3,0.029635124980588463,-0.02870604591615942,0.03142817336923342,-0.021284627185210146,0.035351062680413686,-0.03046163259357799
8,4,0.0045577454822742485,-0.013347158448677317,0.03968902101012585,-0.00655790858043282,0.020869413348019176,0.006538819274886397
8,5,-0.024788663219241745,0.4350983470108531,-0.14386153083095202,-0.20687120078697024,0.018546683979229747,-0.185320625365407
8,Aggregated,0.010178823599478436,0.05641182978527306,0.00020306894897931423,-0.04565946601766725,0.02396091362120919,-0.040878886020926625
8,Centralized,0.010031233925670794,0.05800951146638587,-0.00040500276656165856,-0.04633998632783827,0.023937303888424053,-0.04148881278024444
9,0,0.004535083268716016,-0.011625987770036792,0.01520518790638305,-0.0002176970847300612,0.003675924356674904,-0.004240149088457952
9,1,-0.0005202243576108619,-0.025177913173012722,0.024741884575056054,0.0003014559187898007,-0.000577782748934318,0.0045036990780203115
9,2,0.013563210513504847,-0.008367743035112321,0.01657464430880951,-0.011209118693185926,0.02159937301902095,-0.01309928189983703
9,3,0.016118876087276145,-0.020094334123338674,0.030205401918178148,-0.011194058302844513,0.021052851198869897,-0.018595268765358133
9,4,-0.0069140169544057994,-0.03733513187900769,0.02459234091107792,0.011910098759146994,-0.015374617730557443,0.020893394098470602
9,5,-0.12349517073421946,0.41646692139352504,0.009821843136873827,-0.04410620660902387,-0.05174617499020179,-0.15032346475315086
9,Aggregated,-0.016187165087285505,0.05254313685243491,0.020183606750551968,-0.00910824824813784,-0.0035924578905593483,-0.026888924673125553
9,Centralized,-0.016640103032531814,0.05407860185150435,0.020140199339503808,-0.009256159098417382,-0.0037958608047143935,-0.027410099423129042
10,0,0.004414391727716246,-0.012985442428138578,-0.004030929119049567,-0.0030604821905729643,0.00544723574039913,0.008829903617431642
10,1,-0.005950915796238854,-0.021723796470236874,-0.004326890372192377,0.002835933105153792,0.008091712638910283,0.03094521166619422
10,2,0.010753335584669628,-0.01209702001830702,-0.02027662063625788,0.010464811097259122,-0.003453874904823138,0.017450021244979744
10,3,0.0013123381088871978,-0.023572694960881716,-0.008998441414683771,0.017198952581897155,0.0051406068144099525,0.020929197185778674
10,4,-0.020992795489246156,-0.023446852992222322,0.010268631249966166,0.003439767789066387,0.010229378029749821,0.026354869936467986
10,5,-0.09776541659878624,0.3947384950097274,-0.02609535052842643,-0.06722761862590149,-0.08014856213013191,-0.00995137745785938
10,Aggregated,-0.018089007322318815,0.05037180635739196,-0.008920890063705217,-0.0060971047734365656,-0.00916087117174422,0.015743245594811307
10,Centralized,-0.01842518183357105,0.051824959388446175,-0.008993403255546732,-0.00635515727625357,-0.009460371222132474,0.015634834646686132
11,0,0.01999446555653327,-0.03279770074624933,0.009343080053894646,-0.028606086210145876,0.01174023930635197,-9.876819002473703e-05
11,1,0.02303374657988826,-0.04794267099060599,0.009121287460668804,-0.05186863928426827,0.016729504075010088,0.0074132654884457305
11,2,0.032417827577593254,-0.05027687517578429,0.0094753027585557,-0.04611068452880682,0.024875379407716978,-0.0060213906590943405
11,3,0.023282062495341524,-0.053673349043370726,0.02210593224117258,-0.061317114664496075,0.028610751172160394,-0.007041661375868692
11,4,0.004409265758304216,-0.04367084567980982,0.020291357035151947,-0.04002617509130407,-0.0022378223419915505,0.017806260504717526
11,5,-0.13898572028846393,0.34506623550101406,0.0020379342563545456,-0.1959459050850424,-0.0007295940330147185,-0.08337539924226454
11,Aggregated,-0.0060595267861640704,0.019658395685548554,0.012056091132305477,-0.07072565280575174,0.013155884571482562,-0.011931860260980573
11,Centralized,-0.006620242639115431,0.021031144614746637,0.012013877560532868,-0.07125385357925798,0.013097016889899926,-0.012233153349021388
12,0,0.005232236392826588,-0.0035024011387032867,-0.03748749577927895,0.00904022568690037,0.01966529689387303,0.02122192618031573
12,1,0.029552959451215423,-0.007599988273175611,-0.06089012020769418,0.008094342957321738,0.027875155461046724,0.042501353304081
12,2,0.014632881197957418,-0.011826454321561552,-0.04757329707669365,0.005095455437094435,0.017584037628103462,0.04069783992731474
12,3,0.030633388387969366,-0.024379183685706646,-0.03622751974413569,0.002049088099345051,0.02370291853863182,0.04147132558025429
12,4,0.02634044306601076,-0.007171112584040711,-0.05041848919224884,0.014221295210878155,0.02070346194743775,0.03875709478234386
12,5,-0.14467141460182248,0.4067205801592299,-0.07952685741635179,-0.08522552798401792,-0.01594682791270374,-0.04660032911006491
12,Aggregated,-0.006468085677241494,0.05892878343699408,-0.05203816654762618,-0.007836890840145959,0.015577229384726771,0.022963822733136033
12,Centralized,-0.007050976720117285,0.060396472092205125,-0.05215441593400067,-0.00816346942967633,0.01544474886978792,0.022670219935625496
13,0,0.0011130044818958374,-0.012288214406537351,-0.0275798571410229,-0.0024787986323065764,0.01346307200933023,0.013804054511783353
13,1,0.0007335402137432083,-0.02135631715268447,-0.03538959029328125,-0.012395535705864427,0.027504751514847835,0.02708493161706622
13,2,0.0011365440062827343,-0.008676399006301643,-0.04468647507048546,-0.01683622383080063,0.024575693430465916,0.023478697468429913
13,3,-0.006688356439375119,-0.012686005227734073,-0.023811280415428106,-0.03230730050207122,0.03764385163681857,0.008260070851930285
13,4,-0.00459350951502035,-0.027917362908845344,-0.012597370337097824,-0.003535243850530235,0.018076571105650245,0.02629754868352961
13,5,-0.11811778067572953,0.37460847725835356,-0.014531081516687453,-0.03117130774851854,-0.07846274611726949,-0.12251456553130627
13,Aggregated,-0.02113129967447805,0.04882186810652141,-0.026425021288635622,-0.016463451380816035,0.007078960201859608,-0.004007146552219893
13,Centralized,-0.02154116987470228,0.05019595910581904,-0.026375685562565674,-0.01652586345718162,0.006717600887866852,-0.004507751199770353
14,0,-0.006436206103659598,-0.006117163122017716,-0.009911115675305872,-0.004213541777464549,0.01693613743779919,0.022228682701373945
14,1,-2.64616660979208e-05,-0.02067846501378524,-0.011595462048058199,0.0025480163447860107,0.03262515074258883,0.016548729919204728
14,2,-0.018465954496156994,-0.0026261686346908007,-0.018350879388467377,-0.008208828322699759,0.03369452804296441,0.03122090127272991
14,3,-0.0195965314288734,-0.01205240568036343,0.001888846010893315,-0.00943798621980536,0.03295741133255428,0.022509277068541892
14,4,0.0002709326309933953,-0.024700971903078316,-0.00449530691068198,0.007598133301111905,0.014200829473113403,0.013653276409967748
14,5,-0.08145798472924495,0.36571172740549684,-0.014758824212742962,-0.12690455325956732,-0.15767548770109613,0.025129763736576813
14,Aggregated,-0.020990609976513103,0.05012409066759699,-0.009540452808624544,-0.023169305442092936,-0.0046412013074790875,0.02188384261447547
14,Centralized,-0.021245736588893338,0.05145596552083875,-0.009562587291012713,-0.023606986783556553,-0.0052866643955527745,0.021897796313031487
15,0,-0.005928048117739287,-0.014189287675860467,-0.01332700010878285,-0.022528999032756392,-0.002418661527632689,0.024195043339938924
15,1,0.001345895822160455,-0.031506865328759556,-0.015284143312814264,-0.025419117798508258,-0.012660115095160665,0.031298442913821084
15,2,-0.01067310212159716,-0.013470071412725389,-0.02000818392928305,-0.035655947329929626,-0.005084732627399558,0.04168979085010857
15,3,0.004078135645250095,-0.02669515096671169,-0.003406668554340715,-0.04281165739808474,-0.001927082300646227,0.03960864090351149
15,4,-0.004536719599330481,-0.02909014826287441,-0.012656718888409978,-0.006408768674972242,-0.017519048837490194,0.025012736393357264
15,5,-0.0015908305073678982,0.3529307243583044,-0.09859135398857251,-0.10007883654687152,-0.1365239558863746,-0.041020832296745725
15,Aggregated,-0.00288328694615745,0.039862924392862265,-0.02725785261290354,-0.038856278583433344,-0.029423924757827718,0.02009164978793182
15,Centralized,-0.0028779407096846355,0.041183990099037115,-0.027559078639570078,-0.039114674769684624,-0.029875949645468542,0.019834091993211556
16,0,0.00022523401422291984,-0.004519151088260698,-0.011447376012193833,-0.0062163206020316875,0.005716252516721734,0.02009387100005425
16,1,0.027820594839198798,-0.009618462950798363,-0.00939848322079802,-0.028501735797448913,0.008578533148835856,0.040018088793063275
16,2,0.006227133774036553,-0.008283893292027113,-0.00953463509621933,-0.0094268267610608,-0.005152009711117918,0.03426383645404652
16,3,0.030840089496297476,-0.009099666946947332,-0.0004370458157821685,-0.011330264549103884,-0.005980724317938375,0.02566148442507998
16,4,0.007442490775374341,-0.00558670545551806,0.0009120745091042288,-0.023124993379806103,0.011392539250118622,0.031794186288530264
16,5,-0.058637918180104394,0.43883819361184345,-0.11742452695337892,-0.02646544660581735,-0.10555064026900579,-0.09390953437364814
16,Aggregated,0.00228074054170568,0.06719214707957641,-0.024614207899840392,-0.017516640249916976,-0.01522363311534416,0.00958762853300163
16,Centralized,0.0020239171962979727,0.06876006244050886,-0.025005876160197085,-0.017554277268052542,-0.01560488798452859,0.00915081767215477
17,0,0.010698787922440436,-0.0038309166927294144,-0.003343200154953041,-0.017584697180973524,0.00831997476100031,-0.005408990769644728
17,1,0.01150022038748225,-0.011498598501372869,-0.010041747981682137,-0.03174278681618386,0.014140781456343893,-0.009612274629876813
17,2,0.02070302666759586,-0.005617984850947502,-0.008701842347708409,-0.01439529320408766,0.004262501283256305,-0.006710164894805575
17,3,0.017407768508994063,-0.023208802810151787,-0.009563850863546705,-0.03488033198092763,0.020149887601215326,-0.01860279026812364
17,4,-4.6995785557308926e-05,-0.005127210836437264,-0.0022151178808474856,-0.031106698981731157,0.008702703044409295,0.0025409167830137205
17,5,-0.1378119109597529,0.3513017930964228,-0.026579609326716824,-0.15662021289598227,0.03759458103947392,-0.05445804057465684
17,Aggregated,-0.013004472513433615,0.05052826094204414,-0.010084751128109169,-0.0477910986386938,0.0155424731946467,-0.01540014137907662
17,Centralized,-0.013531009641900191,0.0517969110693247,-0.01015397273023825,-0.048250575504230814,0.015635287039673113,-0.015565011033822447
18,0,0.03457860303378112,0.0013281563213598203,-0.0027528619431834117,-0.001726153192980806,-0.024398472563046114,0.0029923743861124262
18,1,0.043926430624480726,-0.0028673398090896425,-0.012178706968804177,-0.006471639664498569,-0.015490586303807835,0.018726750637675375
18,2,0.03663583646300037,0.009665572103146988,-0.008247310244081535,-0.0034709316205454935,-0.040245861248532175,0.011518591846807239
18,3,0.0398842465972186,-0.012541237045689588,0.000687851813733609,0.006253132712921963,-0.028798943973946396,0.0007056155053875916
18,4,0.025677341988087053,-0.004256241219566698,-0.005575675778238885,-0.001051426155163737,-0.01803230200967327,0.024258380109529465
18,5,-0.035198535652132386,0.40716888377383365,-0.08648429059070284,-0.08601780336782285,-0.051339192420218706,-0.12339228766780165
18,Aggregated,0.024212751904570697,0.0666335464447991,-0.019134798468385002,-0.015459150376079823,-0.029731344664053312,-0.010936837777520527
18,Centralized,0.02396214438849405,0.06807005616348165,-0.01941894120703759,-0.01575720933198069,-0.029822682212540322,-0.011411494283703836
19,0,0.025256236756498854,-0.039078317837090294,-0.057117302428345854,0.0065895299351107,0.004205192773772479,0.016803806869532794
19,1,0.049570632734186354,-0.0709592580175544,-0.08895528089370729,0.005859347534189286,-0.003170558839264548,0.02006007962396491
19,2,0.022179261763386776,-0.035034780889772105,-0.0638992860876974,0.010791237541301861,0.00035390764406251023,0.019186121353979034
19,3,0.04154195615522415,-0.03768948571725299,-0.0728195362177149,0.022421486214801587,-0.005747848070545066,0.01291753187524187
19,4,0.034657881593579895,-0.06508543314281717,-0.061676242263674276,0.007269947285076342,-0.0053777081867240365,0.018480966145296745
19,5,0.003923469996396768,0.2847485933719233,-0.08920378689923376,0.005897094315968326,-0.14742041251610669,-0.014830910036067355
19,Aggregated,0.029505253049765007,0.0063278405228655845,-0.07228936316600848,0.009802282456312103,-0.02627019334852343,0.01208576091875062
19,Centralized,0.029397282213471005,0.007503141824362572,-0.07236057910468047,0.009785596769555475,-0.026781577690725828,0.0119721158000321
20,0,0.015599707643563044,0.003923918934062242,-0.00390811342507598,-0.018769908059317865,-0.015292755475353862,0.03952657014500631
20,1,0.03977111458364613,-0.005616673526119125,-0.009109043738194397,-0.03927840008004834,-0.012747354654571668,0.07102217226661703
20,2,0.013062092567636576,-0.002506649372103367,-0.005749266472143685,-0.006731930017590895,-0.018612064232728744,0.060087603992152835
20,3,0.029564131445557522,-0.021205739769387635,0.010307496181305505,-0.026390572706567358,-0.023439432454833483,0.06287354682967862
20,4,0.021450635332372354,-0.019422952279240333,0.004533592091291153,-0.031804798630753923,-0.01876675984882354,0.06345937215173682
20,5,0.0023006744016157584,0.334486304059743,0.04392440542206984,-0.15753391154450672,-0.23462930985552302,-0.06299848924823775
20,Aggregated,0.02027992264756861,0.04845884166804378,0.0066902655138041224,-0.046822216310441256,-0.05402982773425868,0.03893010314091869
20,Centralized,0.020203819955188405,0.049665808549773795,0.006847234685694898,-0.047289409819472134,-0.054792050520515216,0.03850030551928834
21,0,0.0011540872284958481,-0.014803078001744534,0.0075156881200542066,0.0022888549137404877,-0.009059820116076754,0.005558476834343248
21,1,0.0015799789906885903,-0.032055114622123446,0.028359680190541796,0.013170351751662738,-0.01757777609773801,0.0044669078906758065
21,2,-0.01413654097597745,-0.02034018915069307,0.012273004192322487,0.020569262883414454,-0.030312919925186307,0.011471076224642846
21,3,0.0010541434542674203,-0.03612154889727938,0.02944617848458214,0.019535309147927265,-0.01233231580685287,-0.004436867669865207
21,4,-0.0051491717063278175,-0.026812332380728277,0.024627323706327062,0.011959898646501885,-0.010513934741129199,0.01502641403940515
21,5,-0.0101854442197239,0.3073450320842596,0.01382929800987679,-0.16189151944634683,-0.01598279196756247,-0.06387763311585495
21,Aggregated,-0.004284255918192889,0.029712579497362765,0.01933834757210881,-0.01582116051570368,-0.015963272228541665,-0.005335951464769831
21,Centralized,-0.004309109361036457,0.030884056908656303,0.019315036636368327,-0.016437739203974344,-0.01596352415607074,-0.005583039784965727
22,0,0.0237436519941191,0.017053292176185484,-0.03082482943114513,-0.011323771102545482,0.0031340200919231886,0.010438216167278663
22,1,0.04605989647639112,0.028094544530091758,-0.04087546729673686,-0.023891842802883728,-0.002960955079194895,0.02416194051301947
22,2,0.02189402328787509,0.03236773833344517,-0.04959007526185347,-0.01370114065251732,-0.006330922416957225,0.031202057051434362
22,3,0.029084711997482103,0.01936668258668708,-0.03900028387711865,-0.010610002350831118,-0.01966756035568903,0.03770824842922405
22,4,0.02856920199064152,0.01329169271215538,-0.02635048926046334,-0.012151579002074111,-0.008509479123926161,0.02906752217529975
22,5,-0.047522264525632026,0.31281519115406686,-0.10655926238638497,-0.07951158680806573,0.015383584574732056,-0.13384512247601493
22,Aggregated,0.016930418730907528,0.07065267988913236,-0.048903516560625526,-0.025232947973940236,-0.0031467304789166697,-0.0002963882444934358
22,Centralized,0.01665850691471119,0.07167458666264269,-0.04914676888417161,-0.025461596442932413,-0.003068504377985166,-0.0008598383274812779
23,0,-0.006579525799543255,0.01708320255988461,0.012673802630883503,0.009382703141745205,-0.022205877788730025,-0.011607055282103486
23,1,0.003431919949022592,0.026494270632762874,0.019156700891338727,-0.0014513220412131576,-0.01768603823518528,-0.022369125695948282
23,2,-0.011476816629177235,0.026468995728275102,0.01628743717147593,0.01659404030298951,-0.025135782502897167,-0.012388801841456666
23,3,-0.008942982994527737,0.029334980350245527,0.026895581796233244,0.01721950291547939,-0.03897690648392202,-0.024498653629230868
23,4,-0.01465553298639968,0.025875631155008287,0.016529848020597294,0.006820217022523738,-0.019703192159472718,-0.012659679642116563
23,5,-0.06061902212761711,0.3033875257304785,-0.0783495335701741,-0.0655475953583194,-0.09721018701992208,0.014026657624967248
23,Aggregated,-0.01650180505311186,0.07158864576611831,0.0021476189780666025,-0.002870394457918991,-0.036858166118387756,-0.01156644907018708
23,Centralized,-0.01668805000302559,0.07256656400671542,0.0018078453401230519,-0.003134892776395492,-0.03711320582439501,-0.01145861215043088
24,0,0.011349019820782062,-0.008388931783105473,-0.03712247426545237,0.009633267948071329,-0.006485064390616472,0.030971471082093922
24,1,0.021809868812556425,-0.023051609144987866,-0.06755931547902196,0.003005260343689702,-0.003951546912100982,0.04514656984281257
24,2,0.015214020908687648,-0.010688182494825053,-0.0559690524498199,0.013908008558155023,-0.010784030793988686,0.04090622122291327
24,3,0.022883956387306375,-0.023466638328770977,-0.04978751480319144,0.005882769293259155,0.0030904728983693884,0.04692802285347257
24,4,0.005820404674791852,-0.025137001307395622,-0.051977996599805384,0.004749939366052258,-0.008803157421765795,0.04467413754938843
24,5,-0.061117574408951256,0.3105590761346273,0.009047086808045333,-0.09948836690743923,-0.004121997329300368,-0.12258605073657003
24,Aggregated,0.0026192878907108866,0.036812424524781666,-0.04219552047298847,-0.010441661671782123,-0.005175215415435646,0.0142527644792476
24,Centralized,0.0023506146361108125,0.03796785846017938,-0.04197946083003093,-0.010816555661365888,-0.005170763698152971,0.013675561967757892
25,0,-0.0036625655333879753,-0.005056565522969984,-0.016819587930746074,-0.004963416376236716,0.004307301651015763,0.006472584597884993
25,1,-0.01303268266660605,-0.009529068691790682,-0.024348270454727365,0.0009739047725342981,0.014703984714632669,0.010273019665997562
25,2,-0.013670720085525594,-0.0022270521525172603,-0.016316158535898396,-0.007274428090033792,0.0034997889122744975,0.013188106931332754
25,3,-0.008127776777152217,-0.010078326290655495,-0.0002640488674044634,-0.01772918167283772,0.009453816372681657,0.009004694911622816
25,4,-0.01966338884706968,-0.014774579735508043,-0.017739083790958322,0.0052563553078663955,0.01070872856354575,0.021672523832726002
25,5,-0.05860179669832944,0.32847063624638345,0.009858186276778114,-0.07022487137324131,-0.16485051798880482,-0.15793526810555894
25,Aggregated,-0.019484776804626625,0.04797978217585431,-0.010924901802117061,-0.015695060663353445,-0.0204549346902246,-0.01631107339111999
25,Centralized,-0.01964967570970747,0.04916313112141763,-0.01083695959452741,-0.015925004108353225,-0.02106407942435722,-0.01690908254794886
26,0,0.0034160392444911713,-0.03457766522127521,0.02579905808178617,0.008331136734062423,0.014980819575384477,-0.035712684730159115
26,1,0.0026805710650394782,-0.0735565480699749,0.03592351607173909,0.011680675334316831,0.057944951537359124,-0.06965157564538764
26,2,-0.0012821130208133101,-0.04154394371456407,0.024897051712894476,0.008418615186731692,0.0255297873803325,-0.0329647710635315
26,3,0.002340309879378501,-0.04810645061041604,0.047632212265928245,0.0003963482708211341,0.04614623649988535,-0.057914989708822015
26,4,-0.004367877041289115,-0.07115271514479701,0.03415914233608289,0.017918338805448176,0.03656081061328203,-0.042935580457944586
26,5,-0.02942388944799159,0.3220432754714516,-0.09750864531847399,-0.04459656214590005,0.009526179831322186,-0.06373023507995829
26,Aggregated,-0.0044554220670115,0.009050668422741354,0.011747355060636126,0.00032943111017583984,0.031767275342936156,-0.050493417321801744
26,Centralized,-0.004560475847921516,0.010371333404126316,0.011286418955073948,0.00013988038102628593,0.03167349253976821,-0.0505491559798928
27,0,-0.006608400879599062,-0.002052795330329619,-0.0042360159581539825,-0.004517485199133893,0.01743231269299764,0.010192117839393552
27,1,0.0024639266781095108,-0.006281342449313544,-0.014243913583669745,-0.031202994026158507,0.03651493769628427,0.026713637263088064
27,2,-0.034283424953276784,0.007097825422115477,-0.01050076715378655,-0.010839985692356542,0.037460557537892555,0.016637240878403948
27,3,-0.020598145537072336,-0.005630043513657716,0.004610007810533818,-0.02126806816745383,0.022780619642555906,0.01638228653799768
27,4,0.000506502841765988,-0.014204242149447764,-0.001678893328969235,-0.01945989422375703,0.025941251994392515,0.027960818874138472
27,5,-0.07108464734013444,0.2889973151694663,0.042825148346317315,-0.11665062977341428,-0.1986472295821769,0.030073544631317627
27,Aggregated,-0.02163224677926793,0.04481023409008742,0.002821448390438175,-0.03404254338062959,-0.009873354907107926,0.021332184296136418
27,Centralized,-0.021841007632548523,0.04584077996349766,0.002990056264885559,-0.03439125083490047,-0.01067006979124935,0.021369051983018854
28,0,0.0003467115870568482,-0.00881065863375196,0.00818956444944436,-0.026389267465334123,0.009298429689248787,0.011403033315679524
28,1,0.01015135468438889,-0.006431371173781611,0.008162862523072705,-0.03465882221105072,0.03159412353398316,-0.007192173604283612
28,2,0.007177891411745331,-0.0023356105986510178,0.017069317820259278,-0.030791518883828698,0.0072311687034935365,0.009153969263110172
28,3,0.017620524024826608,-0.012091765370928848,0.023129662911291333,-0.03463795822831514,0.015373026348098149,-0.008297198488073637
28,4,-0.011054043889488965,-0.007240531993712139,0.00604036175501537,-0.02492090220532198,0.02606990519358033,0.0008401433581747506
28,5,-0.18708755988797607,0.2879186174763425,-0.0410025271124308,-0.05506862062002579,0.011107778884721153,-0.023422638748391754
28,Aggregated,-0.02724282798886267,0.04199167114475144,0.0035697717793754993,-0.03442435178976426,0.01677545631567654,-0.002932216190540074
28,Centralized,-0.027917487802656998,0.04302940460411837,0.0033815232912812,-0.03451134400501401,0.01675166195199331,-0.0030184904791427758
29,0,0.01784159591253448,0.019810607469246594,-0.013637275944348125,0.014466857665745418,-0.008741321275573458,-0.0007772158876889862
29,1,0.03880299662008621,0.0337373095369818,-0.03936602515191236,0.01930778655756462,-0.009429019417118243,-0.004551170199844145
29,2,0.010675102619152074,0.03672327914710766,-0.02253290631510065,0.009942317432623915,-0.023416038195613276,0.013264949783443902
29,3,0.02014355727855265,0.03617864143332404,-0.01622292257161391,0.00746639983149694,-0.0338601136295838,-0.011450339431947305
29,4,0.019568712585916664,0.019491682463231193,-0.02993527800579632,0.02229565957936951,-0.003184092787175177,0.0039021627420674073
29,5,0.010066661356665365,0.3217470448605912,-0.0921253692092197,0.004277247313384374,-0.10193255757065466,-0.1611288717399254
29,Aggregated,0.019510413006872004,0.07810352861187385,-0.03567264403072004,0.012953842755267234,-0.030139658038796393,-0.02687572872710862
29,Centralized,0.01947035246630057,0.0791314927779294,-0.03591105478444245,0.012916856299751362,-0.030442463334032506,-0.027442304154628873
30,0,-0.0013099692843522562,0.01205278260500102,-0.018484893830852334,-0.03385152078805948,0.005716986097989366,0.013393246802760925
30,1,0.019337052985653632,0.009758072399730514,-0.036525277340479875,-0.07795861907656947,-0.005944633340102835,0.04073809772696229
30,2,-0.009063002623785923,0.016174331167470652,-0.026841509240166702,-0.038180978855582255,-0.009073159017883381,0.033144992547300245
30,3,0.012091333242830193,0.01294941948719259,-0.012403640816200087,-0.04399785592802452,-0.012672120469960498,0.014767198244114788
30,4,0.012205401007436232,0.00395511793718412,-0.0245409828178275,-0.06225868342323281,-0.004327704277994385,0.03709536867599113
30,5,0.04036244996408347,0.27525817819807596,-0.0035479473550297765,-0.1721075523314357,-0.06569438766874099,-0.07981883015234137
30,Aggregated,0.012288454260416897,0.05516506058148018,-0.020379970434013614,-0.07145674610780374,-0.01536461142298675,0.00982948706522061
30,Centralized,0.012407090238992668,0.05609402035585141,-0.02030886342194402,-0.07188141973645391,-0.01557702523878943,0.009451526217150173
31,0,0.012085683955467426,-0.005441309890048255,0.015642338422279314,-0.009311457568410434,-0.0062807849014202026,0.0001499407465387281
31,1,0.03535984490584197,-0.007404238396350995,0.018101824454135204,-0.013725267035245348,-0.02065347936748209,0.002679983733804012
31,2,0.014667097971454835,-0.0038272548512173696,0.019534888168791245,-0.01561146821400079,-0.00394352271208258,0.01290465908795768
31,3,0.039536396438578585,-0.022560316199696336,0.018487306312949765,-0.010752771607122924,0.0036803053355227815,0.004697606967249643
31,4,0.026637547283767014,-0.0166675259013155,0.01925308429723457,-0.004950338612636397,-0.02626911469758636,0.003271142247292891
31,5,0.018815736257382115,0.27666552348775414,0.03955132372406096,-0.07290428702151067,-0.154757567501005,0.0206187637039418
31,Aggregated,0.024513416251846287,0.03694707680336107,0.021773135976477943,-0.021242223264211713,-0.034780567658119196,0.007395452005659202
31,Centralized,0.024489292515345745,0.037958571250074,0.02184832773580772,-0.021460122232110027,-0.03528673654551028,0.0074512885487384465
32,0,-0.016603401215578337,-0.010573445051904525,-0.016617288361005105,-0.0068538452497414635,0.007840298697631892,0.01927149369235106
32,1,-0.02430030347539012,-0.024857313480204753,-0.018125661875002284,-0.010830536038288091,0.00594727024876295,0.022753725433513013
32,2,-0.028685257178369245,-0.014549680683108952,-0.022174068628280193,-0.0024291412190228867,0.010697107722904317,0.022225546006096355
32,3,-0.020308650397312705,-0.03756591951284482,-0.013126604491487642,-0.00824281110813648,0.005628680000983736,0.0179117229651694
32,4,-0.030050031428360213,-0.036823350102493574,-0.0048643730420302725,-0.0013405940452220465,0.0025982040601151934,0.03970490727666864
32,5,-0.058535912388392654,0.26606244017027536,-0.11410533859728762,-0.0060371971339965936,-0.10629676611958613,-0.11078240979568096
32,Aggregated,-0.029765613604831046,0.023770027735206756,-0.031554886264625666,-0.0059557394323704,-0.012324151529515437,0.0017756901960392212
32,Centralized,-0.02988685285004281,0.02479256169910457,-0.031903006870118794,-0.005955859687519469,-0.012720614348504234,0.0013005627879237168
33,0,-0.002514379786046812,-0.002839184493172741,-0.0015328214786679087,-0.015238515461969077,0.021112651267673622,0.02503936523719591
33,1,0.013735032331015666,-0.005614486486835652,-0.011195911581229158,-0.01126981080498422,0.051460673771477526,0.038196411442620704
33,2,-0.010448115396761722,0.0019203104127544822,-0.0032924985940022116,-0.010469105825827867,0.02135897164662296,0.036392021040711035
33,3,0.010117601777067154,-0.0037268045738006648,0.010829464562788,-0.012712737529346289,0.034217099107731574,0.026630796001692245
33,4,0.004225616788171635,-0.009091075278287853,-0.003372273854135571,-0.004317867968024636,0.03595758661168691,0.0388573615918214
33,5,-0.0484733066540844,0.3275394162471285,-0.0473962987969746,-0.10169023902629193,0.020083145149858466,-0.10443641751252063
33,Aggregated,-0.0055869515396212216,0.05154077166162336,-0.009350994616800973,-0.02599800127833745,0.03069158684660947,0.010040224949400546
33,Centralized,-0.0057677312430861405,0.05270516803935169,-0.00951162165652468,-0.026317342425445197,0.030646774103630682,0.009557181025865193
34,0,-0.001266271395696305,-0.004758286310265541,0.0020543157009343116,-0.029009366738506126,3.511620349135587e-06,0.03661473916380328
34,1,0.005699462730855419,-0.0056715156316391215,-0.012618414994689117,-0.06212487942230982,0.01649531324407628,0.052293190911624814
34,2,-0.0017496049562387135,0.01071676175220545,-0.005310716386228435,-0.029192901953053334,-0.0018995005906170582,0.03582132873270737
34,3,0.010453780552776647,-0.0022526036347356184,-0.006791240221885083,-0.05490859326205273,0.014868993808599781,0.03301671262207707
34,4,0.00015133154559067596,-0.01110436465160507,0.00041420410710158806,-0.05097766575701713,0.006133864832049766,0.05025028982835115
34,5,-0.010101861906468822,0.28790293868029504,-0.04523849692552198,-0.12968820086228577,-0.1110528678290027,-0.03166784228079027
34,Aggregated,0.0005243603393177996,0.04595983803286066,-0.011270061906344246,-0.05936179999337889,-0.012637898821647323,0.029349143522896092
34,Centralized,0.00047937183139544514,0.0469807432152787,-0.011413566463675655,-0.05965871514037684,-0.013053347481183135,0.029091937850425225
35,0,0.013263134639546571,-0.02480074586107036,-0.01183385877992705,-0.01705635137579401,0.021156491153475177,0.02143552549693005
35,1,0.04498376702919368,-0.06043479988893875,-0.02333006315166553,-0.018028096783003475,0.02872408411346649,0.02062407317913017
35,2,0.018358932764592998,-0.026225404338713416,-0.02033661363238625,-0.01283883712308561,0.011586381974195155,0.026707573409916075
35,3,0.03962942351818406,-0.0652022323951946,-0.011811825936419412,-0.01853200461277573,0.024415097820590512,0.018502400589118763
35,4,0.030654024504633722,-0.05716469708988376,-0.017311886824271004,-0.012073400157333127,0.01925715526088566,0.034635434679509795
35,5,0.01102687810001096,0.2648401804843534,0.03997649529072884,0.010302419397638618,-0.11061405857532984,-0.016409517330436815
35,Aggregated,0.026309610343256188,0.005334270827775713,-0.007411060876522923,-0.011357227152726917,-0.000982415151162006,0.017560909946753887
35,Centralized,0.026245471990268287,0.006429319144041882,-0.007210938653574295,-0.011265863006538956,-0.0014450987152759402,0.01741761155033493
36,0,0.021070361019705868,-0.0007176318052636471,-0.033253416543086306,-0.018856110013540796,-0.02022044232242219,0.012277974982165365
36,1,0.03040009681974132,-0.012195454951923413,-0.03749338909770418,-0.021191171565337587,-0.02661232980929136,0.02192177621297492
36,2,0.022052848410366647,0.0003878211241522113,-0.03801054929528985,-0.02564843716234647,-0.03480132839723543,0.022089295035193364
36,3,0.05117217723359553,-0.0037242741029602493,-0.03367494157074879,-0.02102689844879205,-0.03471544205833465,0.00832552575323887
36,4,0.014859213951005833,-0.011719965832915374,-0.029392594577940453,-0.01745501099176584,-0.01699514153476311,0.02159981207219264
36,5,-0.18233815653589558,0.2849755628002273,-0.14016384910419621,-0.07089811449425851,-0.1077508844072447,0.054805586707858484
36,Aggregated,-0.007242280425118036,0.04298872044276809,-0.05205433358206663,-0.02920588835741793,-0.04022567303964593,0.02352328527172747
36,Centralized,-0.00798094099178709,0.04400972423544892,-0.05242617554491309,-0.02938173815295882,-0.04051070122109621,0.02365497236043713
37,0,0.025367063714634746,-0.006693414213437087,0.006354621525138601,-0.012632049390665272,0.004897498717962946,0.02323800851084279
37,1,0.03870242590201699,-0.013467157134847545,-0.0028838202319277037,-0.013454413200632839,0.01786992044323845,0.04379535534063515
37,2,0.031119886866786108,0.0021255648090562377,0.01117507116858732,-0.012578864826562172,-0.003281683469503024,0.03482602502203999
37,3,0.047553179631197554,-0.042468126536811826,0.017244994551187644,-0.015020872757879158,-0.0002389746492138242,0.030047526224846324
37,4,0.02599978370914185,-0.0199628470631266,0.0043722695214959695,-0.007181868730615511,-0.000259284630472742,0.04224350745346413
37,5,0.046192751231512286,0.32683717160264303,-0.017421706095613654,-0.07017751262858782,-0.12179170494980807,-0.12377005969335993
37,Aggregated,0.035829126738556524,0.04124406180518699,0.0031271291017269357,-0.021871747330973787,-0.017200762773636646,0.008312463970087045
37,Centralized,0.035872979261873925,0.04244909089694552,0.003040200206724697,-0.022075904328226974,-0.017641939723655298,0.007755043201333348
38,0,0.027525078566149323,0.04162985045010586,-0.013622017738516077,-0.030925217981160442,-0.01002597797670751,-0.04404889180371536
38,1,0.04348758592933512,0.04569879489082919,-0.021578807950011054,-0.05625449280248703,-0.007087865596193703,-0.05977717454524447
38,2,0.023371836453047315,0.055868757606338595,-0.006401129396750447,-0.03915005633677978,-0.02682808667698875,-0.05143413021855673
38,3,0.021394295734328304,0.04721827948088382,0.002041636042850027,-0.048081396012887724,-0.026541402392489876,-0.06064569387091393
38,4,0.03583468368365767,0.026393515312396865,-0.014820525566997296,-0.04906769651571369,-0.00432578529359638,-0.026424849365893344
38,5,-0.2481032929857941,0.3828422215025877,-0.1920296144287002,-0.05271417102053357,-0.12693203551905138,0.07269331764595671
38,Aggregated,-0.016229561262207034,0.10012226681464675,-0.04116465542756702,-0.04603643189891212,-0.03368301458440868,-0.028208532496797865
38,Centralized,-0.017208035913755068,0.10131516370707415,-0.041801683200669244,-0.04606502980296234,-0.03407688659986853,-0.027783293552489707
39,0,0.008688720022613854,0.023639638988034405,-0.008257866484245494,-0.00291707280189115,0.0032285796233150242,-0.01607962256964207
39,1,0.02378932363788576,0.023247903400845094,-0.016219166617028068,-0.003902063532703625,0.009915589335636807,-0.026046638777559344
39,2,0.01298298973214636,0.04306597538114434,-0.011258281915671778,-0.009101995823580147,-0.011184809676599324,-0.007025499757036959
39,3,0.02539161838820301,0.015271014450587438,0.0065769709040339195,-0.0033476050435584325,0.016667895517623352,-0.025225635687875968
39,4,0.0005385415824715077,0.007728007277021344,-0.011943940893792169,-0.00546210047014039,0.0033701703593678294,0.0005366283089315791
39,5,-0.027007200829389417,0.31375646986401307,-0.05535701289907493,-0.0009936422547301145,0.07206661912285281,-0.19759571910328774
39,Aggregated,0.007375397417060953,0.07127286271316159,-0.016101592981054326,-0.004285313371424921,0.01571329179971099,-0.04533654963408907
39,Centralized,0.007230330003687996,0.07229590156566124,-0.01626739859931015,-0.0042715703515925066,0.0159509945486235,-0.04597929462368196
40,0,-0.013374501992348803,0.009878124251298361,0.004863212142964429,0.009547274617928649,-0.050241686464625915,0.035003613331331285
40,1,-0.03875350530249237,0.006533873384152663,0.0032307619612725034,-0.003048511673653311,-0.06919578899090408,0.060108597169473026
40,2,-0.017621489953312176,0.011049724464160153,-0.0010585620630833375,0.003282017933192552,-0.04640658254343053,0.05274228251449657
40,3,-0.015442706606407702,-0.00852303795384979,-0.010341005478185093,0.007396843533688018,-0.04149861093183611,0.06740613981830529
40,4,-0.03207242472184932,-0.008697516934887914,0.014089840049821875,-0.0011031051649736264,-0.07877314630147435,0.0754391418790879
40,5,-0.0699148407687787,0.371145022566964,0.054795245351133906,-0.05092270415201925,-0.3742712221193713,-0.0684010037737153
40,Aggregated,-0.031221263122218314,0.0637604635652069,0.010957881747482533,-0.005836793758879137,-0.11023295169285044,0.03698256480971278
40,Centralized,-0.031384585303188994,0.06505721342564245,0.0111428141847703,-0.006027003628183992,-0.11134714840352257,0.03653784123525946
41,0,0.006784268525449518,0.01144385635227447,0.006038294567052288,0.012623195981061285,-0.01530829307330196,0.002643289412869682
41,1,0.014561211491264676,0.04649028212313764,0.013181267649769625,0.0196033760325293,-0.02860888132308256,0.006522493248843102
41,2,-0.006228090742151391,0.02930985659860021,-0.0046027727801064774,0.013169653903295258,-0.03228131116285099,0.008218335877244243
41,3,0.0177353560244428,0.018113231788146028,0.008083662019647362,0.014347330351994663,-0.026832807809733503,0.0008898449765149536
41,4,0.0014891516970222864,0.024482904907910264,0.015911995433225405,0.020817446098470856,-0.023805711569223634,0.01319310425476774
41,5,0.018730381461704484,0.4427934550939829,0.07965859726250547,-0.2408250026325183,-0.1381374183097826,-0.049532618678874
41,Aggregated,0.008851681943604901,0.0956603876463675,0.01975005985463626,-0.026847175691365875,-0.04422231781437253,-0.0030405851409369324
41,Centralized,0.008893761217895606,0.09712532217667783,0.020003178455741354,-0.027749703581514042,-0.04461800993384947,-0.003236250731196791
42,0,-0.00991659503410966,0.0007659388205172978,-0.02890025701855361,-0.038005297919737675,0.019818217898638205,0.026199716505244712
42,1,-0.017152957345226965,-0.0001632752694870522,-0.03980962622104896,-0.06970357179155816,0.030576178150020488,0.03350280948244649
42,2,-0.021741399717320666,0.011602411913437215,-0.05356385070209672,-0.03597046774408734,0.02549332356790357,0.04273833863161328
42,3,-0.017997163620134204,-0.006021995979771006,-0.04907390717695173,-0.04530658548026244,0.02389646915789493,0.0349014226284525
42,4,-0.028194053524799825,-0.004414734902717563,-0.035411672945039996,-0.047376756222803705,0.028720574695110457,0.03502202758838455
42,5,0.040134840302863246,0.3024711773007465,0.05941897620924834,-0.1948110291220602,-0.11286668860232255,-0.04743170025099069
42,Aggregated,-0.009113136656002451,0.05086709994846207,-0.024503184117477782,-0.07194067090685698,0.002532725770140555,0.02077858709602784
42,Centralized,-0.008905758936512803,0.0519288381780766,-0.024149468865784934,-0.07245911158147471,0.0020447872854934728,0.020490396184923872
43,0,0.02214222856883275,-0.002826268760653886,0.028089581892478642,-0.02250554357851703,0.0101369020937066,0.0024807532956736002
43,1,0.03674762137098652,0.0026281762161428877,0.047640067940529114,-0.029307876852290582,0.0021463792029731907,0.017087365016508062
43,2,0.013835031735220802,0.010104051740284723,0.028440695859224683,-0.015397706936060532,0.002621725529393868,-0.0011742764638255842
43,3,0.045139967536891666,-0.0029648935839527396,0.025270468126122134,-0.016850277852011188,0.006648117301977563,0.0077364931531432955
43,4,0.028446683515766562,-0.011239884406506475,0.042663368018289745,-0.0169994022991329,0.009655302597570298,0.01561162967985277
43,5,-0.12942557113451422,0.31325863005050025,0.015496401178858256,-0.20508127646140864,-0.0621303873915757,0.08062534409224374
43,Aggregated,0.0027300171470097763,0.0516601908324081,0.03125670941280134,-0.05112190036090858,-0.005189985726089961,0.02043295171258793
43,Centralized,0.0021723080078957205,0.052763891640993064,0.031190190585376885,-0.0517714614236029,-0.00543048120946648,0.020687716361329964
44,0,0.020554974993144424,-0.0010139725104865568,-0.032369673982291326,-0.01777613960856745,-0.00933332713789047,0.024824034298754624
44,1,0.02858108019396462,-0.010242102483719274,-0.059854704636865395,-0.0038591997850706697,-0.016671280054977127,0.039746281817432845
44,2,0.012556464105174333,0.008960704102517699,-0.03930576672958858,-0.012292149044296704,-0.0046872545451874656,0.032245602774033745
44,3,0.03245705020122882,0.00039393109512072253,-0.038053246307084905,-0.025594360929600293,-0.0219969793496558,0.02133009802847197
44,4,0.017598048926908364,-0.016405576071134815,-0.04851868618172035,-0.005721101824152954,-0.010353073478018103,0.043748640615422114
44,5,-0.07904433030162375,0.22808459553584295,0.058160361336221565,-0.013857423406709006,-0.1763929040594909,-0.0020746945470115044
44,Aggregated,0.005396678157943286,0.03508605501041607,-0.026602877318862593,-0.013183825493935573,-0.039992820701242056,0.02661835552173022
44,Centralized,0.005040941412669365,0.035900570447923434,-0.0262451722346361,-0.01318657841023031,-0.040568607394774386,0.026497159180742864
45,0,0.021890594987909517,-0.0023478305992144398,-0.001332219345556565,-0.039318608430278075,0.001378921341815137,0.011997752376036069
45,1,0.006943378213641639,-0.007069752286499849,0.002830382670760852,-0.06563396337524169,0.014908035109411917,0.01643589074360104
45,2,0.027042921903252307,0.00745926127330138,-0.0008784558935562186,-0.05965029681080857,-0.010602617524383006,0.008177367057940728
45,3,0.03432357871807886,0.012414178434786476,-0.019680191652145445,-0.04106983008784605,0.0036144515876480247,-0.0008729693348204128
45,4,0.008022309362103049,-0.019588961665300136,0.0036230689621774737,-0.05482741142562593,0.006155846772572831,0.02528561459375179
45,5,-0.03709617777326396,0.2661479377686867,-0.03681197487703139,-0.018055002100558583,-0.06518076137636468,0.0208595404325594
45,Aggregated,0.010157621604105167,0.04297817853976635,-0.008726149281311798,-0.046407764151917004,-0.008323959630032471,0.013651797552583191
45,Centralized,0.009957818014216089,0.043919766431513074,-0.008844984678754175,-0.04628847205383223,-0.008564343433559636,0.013682269203103867
46,0,0.0020020531091064185,-0.002102398764712042,-0.001106531853837059,0.0037785350436836955,0.0056682971647525815,0.005581184527498298
46,1,-0.019033774838794818,-0.015746113018896387,0.026025995800096263,0.016157316823192134,0.0062699885670909564,0.02238894226140358
46,2,-0.010801532010015335,0.0038270006423176462,0.005948446297973944,0.01162008328408301,0.001547992635466857,0.012437156416884365
46,3,-0.005623693237147144,0.0006686655480940349,0.021835772114651233,-0.01064270048299524,0.0009540112809934674,0.01513728707493087
46,4,-0.01016136977645339,-0.024731831672977492,0.01684584137481477,0.02032787798863671,0.0020346549075739113,0.025597772532563907
46,5,-0.09631077851498696,0.20172027739852105,-0.02057465317682922,-0.10448420202786615,-0.0739917412541526,0.029598912941806384
46,Aggregated,-0.0233680503139025,0.027383819452964052,0.008144157016133531,-0.010600408862142852,-0.009627194694726459,0.018463979584927247
46,Centralized,-0.0236757484932776,0.028119151540010507,0.0080229237012621,-0.010996044214920024,-0.009898641269986201,0.018510995293948087
47,0,0.026498759595902435,-0.018262780698060085,-0.012563800926361732,-0.021252710446894724,0.009370961401301257,-0.0010650074795603198
47,1,0.05181006107488326,-0.03010033598138658,-0.020671049844093563,-0.025030243919765452,0.02061839205888799,-0.018069631979156925
47,2,0.02781831984951076,-0.0035383665023755104,-0.021820987155889433,-0.024304148117354367,0.013605181018623281,-0.009145202734593487
47,3,0.05905320547763039,-0.018493217163606655,-0.016230520573514325,-0.020877019777117964,0.01609361030277131,-0.011605189737317565
47,4,0.03820731516584119,-0.0337096242666594,-0.013403483317619282,-0.020380113765070464,0.025043026325266702,-0.011529519337880786
47,5,0.031368527390399095,0.21790614553432666,-0.03692537296642713,0.006301737918184882,-0.0601259580671177,-0.09086309994765138
47,Aggregated,0.039121085615024906,0.019093804183276452,-0.020279821635487236,-0.01757518386535004,0.004059920910782968,-0.023755753573585954
47,Centralized,0.039088312043410206,0.019932912975943077,-0.020349932291298337,-0.01747434695074893,0.003789125635965419,-0.02403909439290014
48,0,0.04239891726865064,0.016874054077548644,-0.024237434143444158,-0.0364115127241684,-0.030826012319379665,0.02952155426296727
48,1,0.06558566595550842,0.01741576924046208,-0.034238245896600204,-0.06499910015865466,-0.07355707326469085,0.05033740502504658
48,2,0.03508690192175082,0.026610369149040858,-0.041893057433497576,-0.011868741034274525,-0.05345598090116121,0.03656330776194272
48,3,0.05749508881132991,-0.004892067468871835,-0.045528976360908115,-0.060685906636597016,-0.045537949200542195,0.0481724382127225
48,4,0.052429496105130854,-0.001993722967038732,-0.02289112049753252,-0.06422296144131456,-0.05015616868469475,0.04845189338268806
48,5,-0.06883365197986205,0.30603193467484596,0.055189589451844226,-0.2848906420924626,-0.17482841225408693,0.024209298725016613
48,Aggregated,0.030630282481399755,0.06016457596373219,-0.018885950357337776,-0.0873058615779053,-0.07145954448863198,0.03953287375628802
48,Centralized,0.030210885292677958,0.0612021609646126,-0.018573378609163194,-0.08813969983481648,-0.07189650336581266,0.03946791927840845
49,0,0.02191189188054196,-0.009128491269219273,-0.007208839201006261,-0.024682530219943773,0.020318322290712416,0.01583394115229355
49,1,0.037630624046841955,-0.00193520123240435,0.008890232287341574,-0.01914199752561165,0.030254140749414595,0.01952736870640854
49,2,0.015119706952401174,0.011771470270411477,-0.012522279799951795,-0.03064607617848427,0.021847976456893868,0.013529757227006006
49,3,0.027872251182188855,0.008114285112638954,-0.02122706240181558,-0.0335031355312916,0.0430080851489051,0.028702783732526216
49,4,0.026302417049781555,-0.0063096911458278004,0.009916552786902785,-0.022525859441922036,0.023737992711063225,0.02713693102918138
49,5,-0.010210363963967985,0.29958748185287776,-0.04073854034848618,-0.08345829474067089,-0.12747069401930194,0.015018966933515584
49,Aggregated,0.019751973129356407,0.050508877419089854,-0.010500946443875534,-0.03569012305237384,0.0018667919368514493,0.019955142388238326
49,Centralized,0.019625696016910752,0.051560180306804725,-0.010628551001620348,-0.035891657789296615,0.0013211311941690189,0.01993443943551693
50,0,0.03721888209881609,-0.004341975053793282,0.009922328677521828,-0.027506365036936754,-0.01636454145363566,0.012558754891250428
50,1,0.05975626226837069,-0.021035558895184,0.015032165223652631,-0.04488473578041158,-0.022407042767475755,0.011647977249554206
50,2,0.047281789413636595,0.004654100840953214,0.020802996503207286,-0.046314634115898694,-0.041043536737173904,0.02345433600465396
50,3,0.06988705581377541,-0.004859463658909549,0.02835415888764868,-0.0687286897071814,-0.046868225272747796,0.03826679843585698
50,4,0.050834727239873444,-0.022405590606023148,0.013376522317231982,-0.03458856190485388,-0.024031670877065297,0.018033313020441973
50,5,-0.07588468478294642,0.22202009104265044,0.00252865784041489,-0.15083557048725846,-0.03562064956616212,0.0495286401577274
50,Aggregated,0.03144719871767815,0.029128324226809128,0.014994851993349448,-0.06219963888762419,-0.03105885468168105,0.025596904081812668
50,Centralized,0.0309940877915223,0.029942384427662554,0.01494230184429069,-0.06257377566834335,-0.0310781595251862,0.025697849199251572
