Round,Evaluator,0,5,2,4,3,1
0,0,,,,,,
0,1,,,,,,
0,2,,,,,,
0,3,,,,,,
0,4,,,,,,
0,5,,,,,,
0,Aggregated,,,,,,
0,Centralized,,,,,,
1,0,,,,,,
1,1,,,,,,
1,2,,,,,,
1,3,,,,,,
1,4,,,,,,
1,5,,,,,,
1,Aggregated,,,,,,
1,Centralized,0.9915844798088074,0.9863743185997009,0.9906584024429321,0.9979139566421509,0.9975656270980835,0.9890296459197998
2,0,,,,,,
2,1,,,,,,
2,2,,,,,,
2,3,,,,,,
2,4,,,,,,
2,5,,,,,,
2,Aggregated,,,,,,
2,Centralized,0.9137548804283142,0.8499171137809753,0.9016874432563782,0.9779869914054871,0.9808638095855713,0.8825075030326843
3,0,,,,,,
3,1,,,,,,
3,2,,,,,,
3,3,,,,,,
3,4,,,,,,
3,5,,,,,,
3,Aggregated,,,,,,
3,Centralized,0.8885433077812195,0.8224404454231262,0.8756486773490906,0.9694643020629883,0.9697057008743286,0.8576767444610596
4,0,,,,,,
4,1,,,,,,
4,2,,,,,,
4,3,,,,,,
4,4,,,,,,
4,5,,,,,,
4,Aggregated,,,,,,
4,Centralized,0.8440921902656555,0.7575435638427734,0.8275100588798523,0.9470365047454834,0.9436336159706116,0.8066849708557129
5,0,,,,,,
5,1,,,,,,
5,2,,,,,,
5,3,,,,,,
5,4,,,,,,
5,5,,,,,,
5,Aggregated,,,,,,
5,Centralized,0.8881598114967346,0.8056687712669373,0.8733216524124146,0.9753491282463074,0.9703289866447449,0.8484750390052795
6,0,,,,,,
6,1,,,,,,
6,2,,,,,,
6,3,,,,,,
6,4,,,,,,
6,5,,,,,,
6,Aggregated,,,,,,
6,Centralized,0.68305903673172,0.6601449847221375,0.6780697703361511,0.8653116226196289,0.8672369122505188,0.6995514631271362
7,0,,,,,,
7,1,,,,,,
7,2,,,,,,
7,3,,,,,,
7,4,,,,,,
7,5,,,,,,
7,Aggregated,,,,,,
7,Centralized,0.896686315536499,0.8249211311340332,0.8814632296562195,0.9738402366638184,0.9777404069900513,0.8629584312438965
8,0,,,,,,
8,1,,,,,,
8,2,,,,,,
8,3,,,,,,
8,4,,,,,,
8,5,,,,,,
8,Aggregated,,,,,,
8,Centralized,0.8512715697288513,0.7722303867340088,0.8282454609870911,0.9632217884063721,0.9705062508583069,0.8194849491119385
9,0,,,,,,
9,1,,,,,,
9,2,,,,,,
9,3,,,,,,
9,4,,,,,,
9,5,,,,,,
9,Aggregated,,,,,,
9,Centralized,0.8874844908714294,0.8094071745872498,0.8706453442573547,0.9789860844612122,0.9790457487106323,0.8503431081771851
10,0,,,,,,
10,1,,,,,,
10,2,,,,,,
10,3,,,,,,
10,4,,,,,,
10,5,,,,,,
10,Aggregated,,,,,,
10,Centralized,0.4955696165561676,0.43904781341552734,0.4520646035671234,0.47884124517440796,0.5784100294113159,0.525270402431488
11,0,,,,,,
11,1,,,,,,
11,2,,,,,,
11,3,,,,,,
11,4,,,,,,
11,5,,,,,,
11,Aggregated,,,,,,
11,Centralized,0.5176804065704346,0.39256569743156433,0.529373288154602,0.5851104855537415,0.5608959197998047,0.497955858707428
12,0,,,,,,
12,1,,,,,,
12,2,,,,,,
12,3,,,,,,
12,4,,,,,,
12,5,,,,,,
12,Aggregated,,,,,,
12,Centralized,0.8257818222045898,0.7303487658500671,0.7995981574058533,0.9241199493408203,0.9398447871208191,0.783655047416687
13,0,,,,,,
13,1,,,,,,
13,2,,,,,,
13,3,,,,,,
13,4,,,,,,
13,5,,,,,,
13,Aggregated,,,,,,
13,Centralized,0.5837657451629639,0.4828513562679291,0.5469741821289062,0.6519507169723511,0.6947075128555298,0.5758222937583923
14,0,,,,,,
14,1,,,,,,
14,2,,,,,,
14,3,,,,,,
14,4,,,,,,
14,5,,,,,,
14,Aggregated,,,,,,
14,Centralized,0.8352761268615723,0.7377653121948242,0.8105213046073914,0.9600578546524048,0.9683860540390015,0.7904055118560791
15,0,,,,,,
15,1,,,,,,
15,2,,,,,,
15,3,,,,,,
15,4,,,,,,
15,5,,,,,,
15,Aggregated,,,,,,
15,Centralized,0.6611998081207275,0.5972388386726379,0.6179541349411011,0.7817378640174866,0.8284603357315063,0.6518675088882446
16,0,,,,,,
16,1,,,,,,
16,2,,,,,,
16,3,,,,,,
16,4,,,,,,
16,5,,,,,,
16,Aggregated,,,,,,
16,Centralized,0.7365706562995911,0.6826730370521545,0.6947417855262756,0.9432960748672485,0.9307840466499329,0.7418071031570435
17,0,,,,,,
17,1,,,,,,
17,2,,,,,,
17,3,,,,,,
17,4,,,,,,
17,5,,,,,,
17,Aggregated,,,,,,
17,Centralized,0.46239200234413147,0.27529188990592957,0.478555291891098,0.6025787591934204,0.3928760588169098,0.4054490029811859
18,0,,,,,,
18,1,,,,,,
18,2,,,,,,
18,3,,,,,,
18,4,,,,,,
18,5,,,,,,
18,Aggregated,,,,,,
18,Centralized,0.8378966450691223,0.7577646374702454,0.8142385482788086,0.9603090286254883,0.9653865098953247,0.8037289381027222
19,0,,,,,,
19,1,,,,,,
19,2,,,,,,
19,3,,,,,,
19,4,,,,,,
19,5,,,,,,
19,Aggregated,,,,,,
19,Centralized,0.8198899626731873,0.7284355759620667,0.7925410866737366,0.9603617787361145,0.9675716161727905,0.7758029103279114
20,0,,,,,,
20,1,,,,,,
20,2,,,,,,
20,3,,,,,,
20,4,,,,,,
20,5,,,,,,
20,Aggregated,,,,,,
20,Centralized,0.8560283780097961,0.7700570225715637,0.8325554728507996,0.9671852588653564,0.9683005809783936,0.8200863003730774
21,0,,,,,,
21,1,,,,,,
21,2,,,,,,
21,3,,,,,,
21,4,,,,,,
21,5,,,,,,
21,Aggregated,,,,,,
21,Centralized,0.6329770088195801,0.5806562304496765,0.5950245261192322,0.7869706153869629,0.7688415050506592,0.6522665023803711
22,0,,,,,,
22,1,,,,,,
22,2,,,,,,
22,3,,,,,,
22,4,,,,,,
22,5,,,,,,
22,Aggregated,,,,,,
22,Centralized,0.7693714499473572,0.6914711594581604,0.7326505184173584,0.9444696307182312,0.9321805834770203,0.7500076293945312
23,0,,,,,,
23,1,,,,,,
23,2,,,,,,
23,3,,,,,,
23,4,,,,,,
23,5,,,,,,
23,Aggregated,,,,,,
23,Centralized,0.736517608165741,0.6437080502510071,0.6933451890945435,0.9169316291809082,0.9258798956871033,0.7074596881866455
24,0,,,,,,
24,1,,,,,,
24,2,,,,,,
24,3,,,,,,
24,4,,,,,,
24,5,,,,,,
24,Aggregated,,,,,,
24,Centralized,0.6391540169715881,0.5901166796684265,0.5920107960700989,0.7548149228096008,0.8182361125946045,0.6572269201278687
25,0,,,,,,
25,1,,,,,,
25,2,,,,,,
25,3,,,,,,
25,4,,,,,,
25,5,,,,,,
25,Aggregated,,,,,,
25,Centralized,0.5250927805900574,0.3297869861125946,0.527790904045105,0.5254861116409302,0.3593991994857788,0.4671007990837097
26,0,,,,,,
26,1,,,,,,
26,2,,,,,,
26,3,,,,,,
26,4,,,,,,
26,5,,,,,,
26,Aggregated,,,,,,
26,Centralized,0.46517452597618103,0.2877143919467926,0.464793860912323,0.34269535541534424,0.358853816986084,0.4228892922401428
27,0,,,,,,
27,1,,,,,,
27,2,,,,,,
27,3,,,,,,
27,4,,,,,,
27,5,,,,,,
27,Aggregated,,,,,,
27,Centralized,0.5372904539108276,0.37899479269981384,0.5578166246414185,0.6195290684700012,0.47429388761520386,0.5020935535430908
28,0,,,,,,
28,1,,,,,,
28,2,,,,,,
28,3,,,,,,
28,4,,,,,,
28,5,,,,,,
28,Aggregated,,,,,,
28,Centralized,0.6650784015655518,0.5414943099021912,0.6200076341629028,0.6336542963981628,0.7558967471122742,0.6161913275718689
29,0,,,,,,
29,1,,,,,,
29,2,,,,,,
29,3,,,,,,
29,4,,,,,,
29,5,,,,,,
29,Aggregated,,,,,,
29,Centralized,0.4683421552181244,0.27723702788352966,0.45924481749534607,0.25283706188201904,0.3102685511112213,0.4155943691730499
30,0,,,,,,
30,1,,,,,,
30,2,,,,,,
30,3,,,,,,
30,4,,,,,,
30,5,,,,,,
30,Aggregated,,,,,,
30,Centralized,0.5169122815132141,0.3625918924808502,0.4854084551334381,0.3401508927345276,0.4872482419013977,0.4768725335597992
31,0,,,,,,
31,1,,,,,,
31,2,,,,,,
31,3,,,,,,
31,4,,,,,,
31,5,,,,,,
31,Aggregated,,,,,,
31,Centralized,0.8094282150268555,0.7164539694786072,0.7782595753669739,0.8934738039970398,0.9255520105361938,0.7568421363830566
32,0,,,,,,
32,1,,,,,,
32,2,,,,,,
32,3,,,,,,
32,4,,,,,,
32,5,,,,,,
32,Aggregated,,,,,,
32,Centralized,0.5295692086219788,0.3613014221191406,0.5336630940437317,0.4640258848667145,0.4095216393470764,0.48098206520080566
33,0,,,,,,
33,1,,,,,,
33,2,,,,,,
33,3,,,,,,
33,4,,,,,,
33,5,,,,,,
33,Aggregated,,,,,,
33,Centralized,0.8114398121833801,0.7410387396812439,0.7831467986106873,0.8794046640396118,0.9100622534751892,0.7717549800872803
34,0,,,,,,
34,1,,,,,,
34,2,,,,,,
34,3,,,,,,
34,4,,,,,,
34,5,,,,,,
34,Aggregated,,,,,,
34,Centralized,0.4906483590602875,0.29828599095344543,0.5023384094238281,0.5161324739456177,0.381219744682312,0.44265151023864746
35,0,,,,,,
35,1,,,,,,
35,2,,,,,,
35,3,,,,,,
35,4,,,,,,
35,5,,,,,,
35,Aggregated,,,,,,
35,Centralized,0.5039958357810974,0.31900522112846375,0.5184321403503418,0.4970235526561737,0.38265353441238403,0.46210405230522156
36,0,,,,,,
36,1,,,,,,
36,2,,,,,,
36,3,,,,,,
36,4,,,,,,
36,5,,,,,,
36,Aggregated,,,,,,
36,Centralized,0.466337651014328,0.26900389790534973,0.46118345856666565,0.24477529525756836,0.3014199733734131,0.41329067945480347
37,0,,,,,,
37,1,,,,,,
37,2,,,,,,
37,3,,,,,,
37,4,,,,,,
37,5,,,,,,
37,Aggregated,,,,,,
37,Centralized,0.8097408413887024,0.6886935830116272,0.7767975926399231,0.9015681147575378,0.9347679018974304,0.7461104393005371
38,0,,,,,,
38,1,,,,,,
38,2,,,,,,
38,3,,,,,,
38,4,,,,,,
38,5,,,,,,
38,Aggregated,,,,,,
38,Centralized,0.44578710198402405,0.25986436009407043,0.4452967643737793,0.2746327519416809,0.293057918548584,0.3987719416618347
39,0,,,,,,
39,1,,,,,,
39,2,,,,,,
39,3,,,,,,
39,4,,,,,,
39,5,,,,,,
39,Aggregated,,,,,,
39,Centralized,0.8639448285102844,0.7661147713661194,0.8414486050605774,0.9569504261016846,0.9683639407157898,0.8119657635688782
40,0,,,,,,
40,1,,,,,,
40,2,,,,,,
40,3,,,,,,
40,4,,,,,,
40,5,,,,,,
40,Aggregated,,,,,,
40,Centralized,0.6891441345214844,0.5697634816169739,0.6459060907363892,0.694648027420044,0.7813794612884521,0.6272629499435425
41,0,,,,,,
41,1,,,,,,
41,2,,,,,,
41,3,,,,,,
41,4,,,,,,
41,5,,,,,,
41,Aggregated,,,,,,
41,Centralized,0.541374921798706,0.3937471807003021,0.5550445914268494,0.45542487502098083,0.40201491117477417,0.5080710649490356
42,0,,,,,,
42,1,,,,,,
42,2,,,,,,
42,3,,,,,,
42,4,,,,,,
42,5,,,,,,
42,Aggregated,,,,,,
42,Centralized,0.4803973436355591,0.2505614459514618,0.47215431928634644,0.3242536783218384,0.32117193937301636,0.40609830617904663
43,0,,,,,,
43,1,,,,,,
43,2,,,,,,
43,3,,,,,,
43,4,,,,,,
43,5,,,,,,
43,Aggregated,,,,,,
43,Centralized,0.829487144947052,0.7485130429267883,0.8030616044998169,0.863373875617981,0.905718207359314,0.7787307500839233
44,0,,,,,,
44,1,,,,,,
44,2,,,,,,
44,3,,,,,,
44,4,,,,,,
44,5,,,,,,
44,Aggregated,,,,,,
44,Centralized,0.48074743151664734,0.26659607887268066,0.4608491361141205,0.24510374665260315,0.3607444763183594,0.4094052314758301
45,0,,,,,,
45,1,,,,,,
45,2,,,,,,
45,3,,,,,,
45,4,,,,,,
45,5,,,,,,
45,Aggregated,,,,,,
45,Centralized,0.6777765154838562,0.5910340547561646,0.6406754851341248,0.7435213327407837,0.7807801365852356,0.6288355588912964
46,0,,,,,,
46,1,,,,,,
46,2,,,,,,
46,3,,,,,,
46,4,,,,,,
46,5,,,,,,
46,Aggregated,,,,,,
46,Centralized,0.8401978611946106,0.754525899887085,0.814263641834259,0.8909801244735718,0.925477147102356,0.7847681045532227
47,0,,,,,,
47,1,,,,,,
47,2,,,,,,
47,3,,,,,,
47,4,,,,,,
47,5,,,,,,
47,Aggregated,,,,,,
47,Centralized,0.5429368615150452,0.3676283061504364,0.5064581632614136,0.33606037497520447,0.49212533235549927,0.4727439284324646
48,0,,,,,,
48,1,,,,,,
48,2,,,,,,
48,3,,,,,,
48,4,,,,,,
48,5,,,,,,
48,Aggregated,,,,,,
48,Centralized,0.4978140592575073,0.27454277873039246,0.46889227628707886,0.22189976274967194,0.3637608289718628,0.41210925579071045
49,0,,,,,,
49,1,,,,,,
49,2,,,,,,
49,3,,,,,,
49,4,,,,,,
49,5,,,,,,
49,Aggregated,,,,,,
49,Centralized,0.7890048623085022,0.7022106051445007,0.7594174146652222,0.7870475649833679,0.8457400798797607,0.737906277179718
50,0,,,,,,
50,1,,,,,,
50,2,,,,,,
50,3,,,,,,
50,4,,,,,,
50,5,,,,,,
50,Aggregated,,,,,,
50,Centralized,0.5784468054771423,0.3692055940628052,0.5319765210151672,0.38288918137550354,0.5593957304954529,0.4917865991592407
