Round,Evaluator,0,5,2,4,3,1
0,0,,,,,,
0,1,,,,,,
0,2,,,,,,
0,3,,,,,,
0,4,,,,,,
0,5,,,,,,
0,Aggregated,,,,,,
0,Centralized,,,,,,
1,0,0.1355691056910577,0.10678861788617945,0.09093495934959357,0.10060975609756119,0.11666666666666654,0.10552845528455287
1,1,0.1225203252032526,0.08857723577235775,0.07455284552845516,0.11630081300812967,0.10788617886178843,0.11699186991869913
1,2,0.12504065040650325,0.09459349593495953,0.08512195121951217,0.09695121951219451,0.10337398373983757,0.0997967479674797
1,3,0.11138211382113676,0.0923170731707316,0.09504065040650467,0.10520325203251991,0.10434959349593487,0.10878048780487806
1,4,0.13703252032520252,0.09300813008130131,0.07524390243902458,0.10894308943089397,0.10934959349593507,0.1032520325203252
1,5,0.09395734597156358,0.08933649289099559,0.06066350710900474,0.07776461295418653,0.08657187993680884,0.07985781990521328
1,Aggregated,0.12089982205394403,0.09410046840392618,0.08024714246140821,0.1009473342244022,0.10468809197411258,0.10235355088999375
1,Centralized,0.12078613807982733,0.0940803667745413,0.08016450916936359,0.10084951456310669,0.1046116504854375,0.10225862998921267
2,0,0.02178861788617888,-0.03223577235772354,0.028252032520325168,0.009186991869918702,-0.0063414634146341286,0.0037398373983739733
2,1,0.034634146341463494,-0.046788617886178774,0.035365853658536665,-0.0005284552845528528,-0.016504065040650433,0.008455284552845518
2,2,0.039105691056910655,-0.031910569105691046,0.03313008130081296,0.006016260162601604,-0.008008130081300817,0.0006910569105690841
2,3,0.021138211382113768,-0.027520325203251976,0.02934959349593495,0.0030487804878048734,-0.009024390243902449,0.004959349593495933
2,4,0.03097560975609766,-0.04048780487804877,0.03093495934959353,0.006178861788617882,-0.01052845528455285,0.009756097560975594
2,5,0.03234597156398099,-0.003278041074249613,0.03009478672985778,0.009913112164296994,-0.010742496050552958,0.0103870458135861
2,Aggregated,0.02999953825827302,-0.03035291577019002,0.031187187602718873,0.005638652126368395,-0.010191851307777743,0.00633403096038311
2,Centralized,0.030009439050701126,-0.030238673139158612,0.03118257820927718,0.005656688241639706,-0.010194174757281536,0.006351132686084133
3,0,0.02012195121951226,-0.007317073170731714,-0.001097560975609757,0.010650406504065051,-0.0041056910569105725,0.013455284552845535
3,1,0.022601626016260222,-0.005609756097560981,-0.0006097560975609762,0.00581300813008129,0.0024390243902439046,0.014390243902439042
3,2,0.027317073170731673,-0.009268292682926838,-0.0018292682926829285,0.006504065040650373,-0.005487804878048785,0.014471544715447152
3,3,0.025284552845528434,-0.009308943089430907,0.005528455284552851,0.0033739837398374,0.005121951219512192,0.011463414634146359
3,4,0.022195121951219556,-0.0050000000000000044,0.003943089430894313,0.0060975609756097615,0.001097560975609757,0.010691056910569121
3,5,0.002843601895734595,0.022630331753554517,0.0007109004739336464,0.0019747235387045686,0.001540284360189565,0.0011058451816745708
3,Aggregated,0.020049677753590067,-0.002296386668473227,0.0011073903598153656,0.005733226885544461,0.00010180519182557244,0.010923301852601045
3,Centralized,0.019977076591154275,-0.002191208198489746,0.0011057173678532906,0.005717367853290119,0.00010787486515641727,0.010881877022653723
4,0,0.00817073170731708,0.004308943089430898,-0.011951219512195133,-0.004837398373983744,0.005325203252032525,0.0038617886178861824
4,1,0.012357723577235788,0.009430894308943076,-0.02113821138211382,-0.004065040650406508,0.010487804878048772,0.007560975609756095
4,2,0.011504065040650414,0.01264227642276423,-0.018292682926829333,-0.008617886178861799,0.010772357723577246,0.009065040650406517
4,3,0.0011788617886178872,-0.0018292682926829285,-0.00939024390243904,-0.005813008130081287,0.01004065040650407,0.0033739837398374015
4,4,0.007886178861788625,0.0008130081300813016,-0.02069105691056914,-0.002682926829268295,0.01760162601626013,-0.0029268292682926855
4,5,-0.006753554502369667,0.03262243285939987,-0.016548183254344463,-0.012480252764612976,0.00011848341232228043,0.0006714060031595615
4,Aggregated,0.005716045990839409,0.00967935115439611,-0.01633540206032681,-0.006419951708638463,0.009051988409051298,0.0035991930853744975
4,Centralized,0.005663430420711985,0.009776159654800417,-0.016336299892125147,-0.006445523193096042,0.009014293419633307,0.003586839266450895
5,0,0.003008130081300816,-0.004308943089430898,0.005894308943089434,-0.002804878048780493,0.0073577235772357245,0.012804878048780497
5,1,0.00869918699186993,-0.012520325203251942,0.013861788617886209,-0.009552845528455292,0.013333333333333306,0.017886178861788664
5,2,0.011504065040650428,-0.013089430894308987,0.01162601626016264,-0.013902439024390268,0.015081300813008064,0.020487804878048774
5,3,0.01682926829268293,-0.017764227642276382,0.019349593495934965,-0.020894308943089433,0.015162601626016207,0.023902439024390227
5,4,0.0009349593495935023,-0.019308943089430854,0.010691056910569107,-0.005081300813008124,0.013455284552845503,0.02369918699186987
5,5,0.005924170616113749,0.0215639810426541,0.009676145339652477,-0.014928909952606585,0.007069510268562408,0.006240126382306503
5,Aggregated,0.007815423521107,-0.007552739552326486,0.011848432432129697,-0.011196494844454175,0.01190687299167525,0.017496254754723793
5,Centralized,0.007807443365695782,-0.007429881337648308,0.011839266450916958,-0.011212243797195258,0.0118864617044229,0.017448759439050703
6,0,0.0075203252032520415,-0.004552845528455289,-0.006585365853658546,-0.0029674796747967505,-0.015365853658536575,0.009756097560975618
6,1,0.011910569105691092,-0.012764227642276478,-0.010691056910569116,-0.00504065040650407,-0.013617886178861793,0.013130081300813057
6,2,0.006666666666666666,-0.010243902439024306,-0.013658536585365864,-0.006382113821138218,-0.011382113821138226,0.010609756097560982
6,3,0.013577235772357726,-0.014593495934959323,-0.013414634146341482,-0.008739837398373989,-0.014186991869918704,0.017845528455284507
6,4,0.012235772357723596,-0.007439024390243919,-0.001666666666666668,-0.008333333333333338,-0.010203252032520337,0.008089430894308953
6,5,0.0037124802527646297,0.026066350710900316,-0.009478672985782005,-0.0074644549763033495,-0.025157977883096434,0.00521327014218009
6,Aggregated,0.00926696469566422,-0.003902072259531089,-0.009249301854001286,-0.006488600822892121,-0.014992164607999315,0.010770482137709989
6,Centralized,0.009243527508090625,-0.0037756202804746395,-0.00925026968716289,-0.006492718446601928,-0.015035059331175847,0.01074703344120817
7,0,-0.0003658536585365857,0.0001626016260162603,0.005813008130081305,0.006951219512195122,-0.003983739837398377,0.010934959349593511
7,1,-0.004186991869918703,0.0011788617886178872,0.00528455284552846,0.0029268292682926855,-0.005731707317073167,0.010284552845528464
7,2,-0.003943089430894313,0.002195121951219514,0.0015447154471544728,0.003739837398373987,0.001097560975609757,0.007560975609756104
7,3,-0.009674796747967479,0.0038617886178861824,0.004390243902439028,0.004227642276422768,0.01231707317073173,0.006829268292682933
7,4,-0.0149186991869919,-0.005406504065040647,0.0088211382113821,0.01292682926829267,-0.013780487804878033,0.019674796747967443
7,5,-0.00904423380726698,0.03617693522906772,-0.0014218009478672963,-0.001145339652448651,-0.010821484992101072,-0.0018957345971564023
7,Aggregated,-0.007023566552179781,0.006380476429762943,0.004068473697229664,0.004933958005374494,-0.00348847578997569,0.008891254722849884
7,Centralized,-0.007032092772384059,0.0065062028047464995,0.004045307443365669,0.0049083063646170365,-0.0035194174757281916,0.008845738942826328
8,0,0.00859756097560976,-0.005873983739837408,0.009126016260162588,-0.010386178861788602,0.010772357723577234,-0.004918699186991906
8,1,0.008943089430894302,-0.008861788617886161,0.014837398373983667,-0.010121951219512159,0.012926829268292648,-0.005528455284552804
8,2,0.012682926829268285,-0.0058536585365853416,0.0127642276422764,-0.007317073170731664,0.015894308943089457,-0.008658536585365846
8,3,0.02028455284552845,-0.014430894308943095,0.0158536585365853,-0.01382113821138206,0.02101626016260157,-0.021585365853658587
8,4,0.0028455284552845414,-0.0017073170731707389,0.016747967479674712,-0.004065040650406502,0.012154471544715441,0.00329268292682926
8,5,0.0011058451816745795,0.035979462875197495,-0.006714060031595543,-0.013941548183254337,0.0031595576619273436,-0.02432859399684044
8,Aggregated,0.009071502194183664,-0.0001016782949919662,0.010424934075981775,-0.009944704869808212,0.01264791104136764,-0.010296779712415332
8,Centralized,0.009041262135922302,5.3937432578203084e-05,0.010355987055016188,-0.009964940668824194,0.012607874865156401,-0.010362729234088456
9,0,0.0002439024390244065,-0.0036178861788617694,0.005203252032520329,-0.0008536585365853596,-0.0013414634146341397,-0.002073170731707329
9,1,0.00451219512195121,-0.0014634146341463371,0.005284552845528432,-8.13008130081354e-05,0.0012601626016259988,-0.004634146341463459
9,2,0.008414634146341436,-0.00016260162601626062,0.006138211382113795,-0.0054471544715447035,0.011097560975609645,-0.010284552845528417
9,3,0.01191056910569104,0.00012195121951218474,0.0163414634146341,-0.00926829268292679,0.017682926829268208,-0.0197154471544716
9,4,-0.003089430894308929,-0.009308943089430874,0.006910569105691052,0.004349593495934951,-0.007154471544715418,0.0034146341463414296
9,5,-0.010229067930489746,0.03684834123222751,0.0023696682464454883,-0.004976303317535554,-0.0044233807266982495,-0.01011058451816747
9,Aggregated,0.0019526955380868478,0.0037573518329233595,0.007038307772733657,-0.0027142957879487863,0.002848916362762157,-0.007235711956980294
9,Centralized,0.0019012944983818867,0.0038969795037756085,0.007018608414239478,-0.0027238403451995304,0.002818230852211439,-0.007247842502696841
10,0,-0.0026016260162601327,-0.007764227642276385,0.004105691056910569,-0.0076016260162601245,0.0015447154471544655,0.007439024390243878
10,1,0.0007723577235772476,-0.006341463414634131,-0.0010569105691056757,-0.0007723577235772161,0.0007723577235772309,0.009065040650406439
10,2,0.006178861788617877,-0.00808943089430891,-0.005243902439024358,0.005040650406504049,-0.002804878048780483,0.0073577235772357575
10,3,0.0037398373983739933,-0.007032520325203254,-0.008333333333333314,0.010325203252032513,0.002317073170731702,0.008739837398373963
10,4,-0.007276422764227683,-0.00495934959349592,0.0021138211382113912,0.0002845528455284611,0.0012195121951219467,0.011056910569105667
10,5,-0.0066745655608214756,0.04008688783570303,-0.003672985781990518,-0.009044233807266988,-0.00663507109004742,-0.002211690363349136
10,Aggregated,-0.0009805587786685952,0.0010082465469537043,-0.0020156606261132934,-0.0003002134962073867,-0.0006015642275587604,0.00690199355125182
10,Centralized,-0.0010045846817691643,0.001173139158576042,-0.0020226537216828564,-0.0003371089536138248,-0.0006270226537216798,0.0068635382955771086
11,0,0.008495934959349558,-0.008943089430894294,0.006382113821138196,-0.00963414634146343,0.01341463414634144,-0.0048373983739837464
11,1,0.008617886178861776,-0.01105691056910568,0.0006910569105691266,-0.009999999999999966,0.00711382113821139,-0.002682926829268271
11,2,0.01069105691056907,-0.012073170731707304,0.0059349593495934645,-0.01682926829268288,0.008495934959349563,-0.005975609756097514
11,3,0.011544715447154472,-0.026260162601625975,0.010325203252032523,-0.024756097560975483,0.017113821138211308,-0.009918699186991866
11,4,0.0007723577235772525,-0.01638211382113806,0.005284552845528446,-0.011829268292682875,0.0017073170731707462,0.005813008130081303
11,5,-0.00967614533965247,0.03143759873617706,0.0003554502369668228,-0.020892575039494467,-0.003080568720379155,-0.00999210110584518
11,Aggregated,0.00506489680635874,-0.007188332993652022,0.004826037353440984,-0.01566023060666011,0.007454105936897436,-0.00460239293066997
11,Centralized,0.005002696871628895,-0.007025350593311794,0.004807173678532892,-0.01568230852211429,0.007409654800431504,-0.0046251348435814455
12,0,0.002357723577235783,-0.002560975609756085,-0.01231707317073163,0.00170731707317075,0.004756097560975606,0.0036178861788618015
12,1,0.00784552845528452,-0.0008536585365853852,-0.017154471544715468,-0.001341463414634138,0.006260162601625994,0.007682926829268253
12,2,0.004756097560975597,-0.0011382113821138055,-0.009634146341463399,-0.0013414634146341271,0.004756097560975595,0.012357723577235764
12,3,0.013414634146341435,-0.009674796747967484,-0.01906504065040654,0.0020325203252032575,0.012886178861788574,0.01747967479674788
12,4,0.009634146341463378,-0.0030081300813008176,-0.013008130081300815,0.006463414634146318,0.005487804878048757,0.009065040650406512
12,5,-0.010584518167456538,0.04609004739336497,-0.013309636650868865,-0.0062006319115323946,-0.001935229067930502,-0.0069510268562401325
12,Aggregated,0.004560939811491447,0.004835364616164919,-0.014080924357007824,0.0002158554291043866,0.005363862215015793,0.007199676634011431
12,Centralized,0.004497033441208197,0.005009439050701181,-0.014077669902912676,0.000188781014023733,0.005333063646170436,0.007139967637540434
13,0,-0.00541327913279133,0.000406504065040652,-0.00951219512195122,-0.004478319783197831,0.012337398373983734,0.0028048780487804847
13,1,-0.0014227642276422592,-0.0034146341463414573,-0.008821138211382073,-0.002235772357723561,0.00825203252032517,0.0100813008130081
13,2,-0.00345528455284551,-0.0006504065040650221,-0.012357723577235769,-0.006707317073170686,0.006382113821138203,0.004593495934959321
13,3,-0.0053658536585365615,1.3569392523196357e-17,-0.01813008130081299,-0.00934959349593495,0.01772357723577233,0.0004878048780487933
13,4,-0.00373983739837397,-0.010894308943089423,-0.0020731707317073024,0.0015447154471544637,0.005284552845528439,0.007439024390243885
13,5,-0.013665086887835727,0.04336492890995255,-0.010584518167456584,-0.0049763033175355565,-0.00580568720379147,-0.010703001579778878
13,Aggregated,-0.005515550042905298,0.0048265997528378225,-0.010246686707553448,-0.004367486829741254,0.007353935971600937,0.0024421976555274736
13,Centralized,-0.005609492988133771,0.004989212513484369,-0.010248112189859755,-0.00442961165048541,0.007247842502696897,0.002386731391585765
14,0,-0.004552845528455293,-0.0023170731707316834,0.0014227642276422963,0.0030894308943089296,0.006829268292682857,0.005284552845528415
14,1,-0.0005284552845528294,-0.007195121951219492,-0.0023170731707316816,0.0030487804878048643,0.007357723577235754,0.0045121951219511975
14,2,-0.012195121951219507,0.00288617886178859,0.004146341463414618,-0.007642276422764225,0.012032520325203242,0.010528455284552813
14,3,-0.01073170731707311,-0.006463414634146338,-0.00036585365853656536,-0.0029674796747967344,0.013780487804877981,0.011626016260162604
14,4,0.0008130081300813108,-0.006991869918699168,0.0005284552845528423,0.004634146341463405,0.0032520325203251933,0.00020325203252032168
14,5,-0.01567930489731438,0.048933649289099566,-0.002014218009478656,-0.013902053712480242,-0.01200631911532387,-0.0005924170616113713
14,Aggregated,-0.007151178399156374,0.0048368566711303775,0.00023196971485236963,-0.0022973120250565507,0.005196644123647579,0.005256610976505772
14,Centralized,-0.00718716289104637,0.005022923408845742,0.00022249190938513814,-0.0023462783171520956,0.005124056094929863,0.0052319309600863
15,0,-0.0007723577235772217,-0.0013414634146341252,0.0028048780487804886,-0.010284552845528431,-0.0013821138211381836,0.0036585365853658656
15,1,-0.00012195121951217333,-0.006097560975609724,-0.0028455284552845344,-0.004065040650406493,-0.0021951219512194894,0.0055691056910568745
15,2,4.0650406504065074e-05,-0.005121951219512171,0.0008130081300813016,-0.01134146341463409,0.00223577235772357,0.013373983739837348
15,3,0.0030081300813007924,-0.01008130081300811,0.0008536585365853758,-0.012032520325203251,0.002601626016260154,0.013211382113821113
15,4,0.0011382113821138107,-0.008292682926829248,-0.0007723577235772327,0.00418699186991869,-0.00479674796747966,0.0036585365853658435
15,5,-0.0030805687203791566,0.03906003159557663,-0.006911532385466062,-0.009676145339652449,-0.01386255924170609,-0.005529225908372825
15,Aggregated,3.3365806639919644e-05,0.001378218142083966,-0.0010134084000035315,-0.007203699102424675,-0.0029068467248751528,0.0056499213021611525
15,Centralized,2.0226537216808425e-05,0.0015372168284789598,-0.0010382955771305231,-0.007214131607335503,-0.0029530744336569684,0.005602750809061494
16,0,0.0020325203252032327,0.0008130081300813053,0.0006504065040650357,-0.00495934959349593,0.0026829268292682725,0.006097560975609705
16,1,0.00666666666666661,-0.002845528455284549,-0.000894308943089428,-0.010203252032520309,0.00174796747967477,0.007967479674796713
16,2,0.005162601626016255,-0.0012601626016259988,0.0030081300813008063,-0.00012195121951219893,-0.0017479674796747854,0.007154471544715443
16,3,0.010934959349593485,-0.00414634146341464,0.001138211382113826,-0.0012601626016260229,-0.0012601626016260242,0.006788617886178823
16,4,0.0005691056910569055,-0.004796747967479659,0.0021138211382113786,-0.007723577235772333,0.0034146341463414465,0.006422764227642269
16,5,-0.011413902053712482,0.05793838862559213,-0.009202211690363352,-0.006990521327014205,-0.013467614533965198,-0.009755134281200648
16,Aggregated,0.0023165657983465473,0.007649185137778935,-0.0005365202730749862,-0.005210937635590755,-0.001446038626923262,0.004103785255318124
16,Centralized,0.0022586299892125056,0.007861380798274004,-0.0005730852211434748,-0.005218446601941737,-0.0014967637540453142,0.004045307443365704
17,0,0.00081300813008132,-0.004308943089430879,4.065040650408358e-05,-0.0020731707317073003,0.0013821138211382311,-0.005609756097560962
17,1,0.0020731707317073193,-0.00300813008130079,0.0002439024390243997,-0.003536585365853599,0.0027235772357723366,-0.0009349593495934727
17,2,0.002317073170731693,-0.009227642276422763,-0.0024390243902439176,-0.006341463414634134,0.0033333333333333192,-0.004715447154471528
17,3,0.0062601626016260134,-0.014634146341463376,-0.003292682926829236,-0.0071544715447154255,0.009634146341463394,-0.00788617886178857
17,4,-0.0008130081300812904,-0.004308943089430879,0.003577235772357701,-0.0038211382113820915,0.002886178861788596,0.0024796747967479643
17,5,-0.017101105845181732,0.04526066350710919,-0.005055292259083725,-0.016311216429699866,-0.0031990521327014305,-0.01070300157977883
17,Aggregated,-0.0010853339551877038,0.0016566273384438402,-0.0011566889736100113,-0.006545904147293732,0.0027895624223779713,-0.0045655268287941595
17,Centralized,-0.0011529126213592237,0.0018406148867313695,-0.0011731391585760493,-0.00658710895361384,0.0027642934196332337,-0.00459142394822006
18,0,0.008373983739837401,-0.003048780487804879,0.0017073170731707352,0.00012195121951219709,-0.004837398373983741,0.00012195121951219153
18,1,0.008617886178861748,-0.004349593495934965,4.0650406504063225e-05,-4.065040650407063e-05,-0.0063821138211382035,0.004552845528455242
18,2,0.012357723577235758,-0.0017479674796747867,0.003780487804878039,0.002886178861788605,-0.009471544715447137,-0.00048780487804876244
18,3,0.01512195121951215,-0.008902439024390245,0.0005284552845528627,0.004430894308943078,-0.007032520325203219,-0.0017073170731707282
18,4,0.0019918699186991704,-0.00455284552845527,-0.0013008130081300696,0.0019512195121951144,-0.0017073170731707243,0.00849593495934959
18,5,-0.005450236966824642,0.059083728278041064,-0.005410742496050563,-0.008451816745655564,-0.014060031595576615,-0.016232227488151677
18,Aggregated,0.006827696798610737,0.006114142776007844,-0.00011248755612647546,0.00014414559086058478,-0.007252830362863456,-0.0008858932801959175
18,Centralized,0.006775889967637555,0.0063376483279395605,-0.00013484358144550957,0.00010787486515640803,-0.007281553398058238,-0.0009506472491909519
19,0,0.005487804878048771,-0.001219512195121945,-0.009227642276422764,0.002886178861788628,0.0010569105691056993,0.0034552845528455166
19,1,0.00808943089430892,-0.009390243902439,-0.008130081300812983,0.0017886178861788874,0.00081300813008132,0.0019512195121951148
19,2,0.007154471544715429,-0.002439024390243893,-0.016544715447154457,0.007276422764227634,-0.0029268292682926634,0.0050406504065040585
19,3,0.011178861788617853,-0.01032520325203244,-0.01634146341463413,0.00865853658536584,-4.0650406504053975e-05,0.0019918699186991986
19,4,0.004593495934959333,-0.01585365853658516,-0.004715447154471528,0.002804878048780493,-0.0013008130081300611,0.0022764227642276353
19,5,-0.0031990521327014128,0.04348341232227474,-0.015481832543443881,-0.003001579778830992,-0.017219589257503984,-0.004581358609794644
19,Aggregated,0.00554525697804842,0.0007365657231757658,-0.011742582509288464,0.0033980930020613867,-0.003278554342385994,0.0016850170696123944
19,Centralized,0.005508360302049626,0.0009169363538295598,-0.011758360302049612,0.0033710895361380726,-0.0033373786407766694,0.0016585760517799468
20,0,-0.0022764227642276444,-0.001504065040650408,-0.0003658536585365857,0.0023577235772357743,-0.0009349593495934968,0.00028455284552845556
20,1,0.004878048780487783,-0.003983739837398382,0.0013008130081300676,-0.004430894308943074,-0.0024390243902439033,0.009552845528455207
20,2,0.004105691056910562,-0.003699186991869911,0.002764227642276414,-0.0019918699186991778,-0.0058130081300812935,0.011951219512195108
20,3,0.00853658536585363,-0.007886178861788603,0.002642276422764228,-0.002845528455284552,-0.0027642276422764154,0.014512195121951196
20,4,0.003658536585365832,-0.008333333333333323,0.00020325203252032908,-0.0060975609756097416,-0.0020731707317073076,0.01020325203252029
20,5,-0.0018957345971563901,0.048143759873617735,0.0003554502369668243,-0.01777251184834128,-0.02105055292259087,-0.007780410742496054
20,Aggregated,0.0028314349996924875,0.003817820745849147,0.001149521029782372,-0.005138167176262242,-0.005855517663480371,0.006444867245553261
20,Centralized,0.0028114886731391508,0.004004854368932021,0.001146170442286955,-0.005191477885652638,-0.00591963322545847,0.006384843581445556
21,0,0.0003252032520325169,-0.0013008130081300806,0.003048780487804877,-0.0011382113821138203,-0.003252032520325204,-0.00012195121951219337
21,1,0.00024390243902439602,-0.007560975609756011,0.00707317073170729,0.0020731707317073163,-0.0023170731707316916,0.0004878048780487994
21,2,-0.0039024390243902448,-0.008536585365853677,0.007967479674796753,0.007276422764227633,-0.009918699186991866,0.00223577235772357
21,3,0.0015853658536585451,-0.012032520325203171,0.007235772357723552,0.007479674796747948,-0.006910569105691026,-0.002235772357723527
21,4,0.0022357723577235526,-0.006056910569105681,0.0051626016260162225,0.0010975609756097477,0.0022357723577235717,0.005081300813008098
21,5,-0.006891785150079015,0.05037519747235379,-0.001816745655608207,-0.019806477093206928,-0.008392575039494496,-0.011097946287519778
21,Aggregated,-0.0010710434371807341,0.002511766982935657,0.0047743050533675295,-0.0005152835160531072,-0.004761512578198386,-0.000948273706223141
21,Centralized,-0.0010922330097087262,0.002710355987055016,0.004739751887810106,-0.0005933117583603006,-0.004773462783171507,-0.0009911003236245904
22,0,0.005731707317073173,0.0014227642276422722,-0.01264227642276426,0.00048780487804878645,-0.0003252032520325206,0.005325203252032525
22,1,0.008211382113821095,0.004186991869918695,-0.017235772357723538,-0.0008536585365853377,-4.0650406504046575e-05,0.005731707317073153
22,2,0.006056910569105689,0.00707317073170732,-0.025121951219512138,0.00024390243902438862,-0.001991869918699191,0.013739837398374002
22,3,0.009065040650406468,0.002682926829268273,-0.019918699186991864,0.0026016260162601674,-0.0035772357723577192,0.014024390243902405
22,4,0.006016260162601613,-0.002845528455284536,-0.007520325203252015,0.0026016260162601557,-0.0019918699186991704,0.006178861788617867
22,5,-0.00797788309636653,0.05154028436018943,-0.025157977883096334,-0.0035545023696682567,0.0010663507109005068,-0.013546603475513432
22,Aggregated,0.004509270000239865,0.010702820868861504,-0.017937440115902585,0.00025203799231933796,-0.001142004254005608,0.00523025389770264
22,Centralized,0.004456580366774528,0.010875134843581467,-0.017967907227615914,0.00023597626752967874,-0.0011326860841423892,0.005151024811218973
23,0,0.0021951219512195124,0.001707317073170737,0.005447154471544705,-0.002276422764227635,-0.006788617886178843,0.0021544715447154397
23,1,0.004390243902439021,0.007926829268292666,0.0028455284552845422,-0.0010162601626016066,-0.004308943089430887,-8.130081300811905e-05
23,2,-0.0011788617886178965,0.010853658536585363,0.007235772357723591,0.005081300813008125,-0.01060975609756097,-0.004065040650406489
23,3,0.0006097560975609928,0.007032520325203226,0.0058536585365853355,0.006910569105691047,-0.008008130081300774,-0.007520325203251989
23,4,-0.00044715447154472325,0.0014634146341463298,0.00040650406504064336,-8.1300813008132e-05,-0.003536585365853647,-0.00024390243902437566
23,5,-0.005924170616113757,0.046800947867298694,-0.012203791469194298,-0.011137440758293855,-0.013823064770932047,-0.008451816745655634
23,Aggregated,-6.291672444196095e-05,0.01265256653536461,0.001588672049708646,-0.0004267587342269161,-0.00784966033287336,-0.0030381061073337886
23,Centralized,-8.764832793959898e-05,0.012796655879180156,0.0015304746494066857,-0.00047195253505933157,-0.007874865156418604,-0.003060949298813378
24,0,-0.004715447154471548,-0.000447154471544714,0.0008943089430894298,-0.0010975609756097551,-0.0012195121951219543,-0.0007317073170731732
24,1,0.00012195121951217303,-0.007276422764227578,-0.004471544715447117,-0.0032113821138211036,0.0006504065040650393,0.0019918699186991583
24,2,0.001829268292682921,-0.0010162601626016287,-0.003739837398373961,0.002764227642276418,-0.00012195121951219709,0.005162601626016258
24,3,0.0018699186991869821,-0.009512195121951226,-0.008861788617886132,0.0030081300813007785,0.0016260162601626012,0.0069918699186991805
24,4,-0.00044715447154470845,-0.009430894308943047,-0.0002439024390243923,-0.0007317073170731822,0.001219512195121947,0.00475609756097559
24,5,-0.009715639810426568,0.04470774091627173,-0.0006714060031595732,-0.017338072669826194,-0.0005529225908373036,-0.014060031595576662
24,Aggregated,-0.0018478698484906259,0.002864163481763433,-0.0028476400247370837,-0.0027770169085601258,0.00026640213044936236,0.0006757158894463442
24,Centralized,-0.0018810679611650652,0.0030407227615965224,-0.002838457389428253,-0.002838457389428246,0.0002629449838187562,0.0006135382955771244
25,0,-0.001056910569105692,-0.0028048780487804903,0.0001626016260162603,0.002154471544715449,-0.001097560975609757,0.00264227642276423
25,1,-0.0021951219512194808,-0.0039024390243902296,-0.0004065040650406267,0.0017886178861788228,0.0006504065040650468,0.00406504065040647
25,2,-0.002520325203252035,-0.0007317073170731714,0.0017479674796747984,-0.002195121951219514,0.0007723577235772364,0.0029268292682926855
25,3,-0.0006097560975609743,-0.007764227642276389,0.002195121951219503,0.0033333333333332993,0.0024390243902439024,0.0004065040650406656
25,4,-0.0016260162601625808,-0.00817073170731704,-0.0012195121951219376,0.004878048780487763,0.0023170731707317185,0.00382113821138209
25,5,-0.004304897314375975,0.043246445497630306,-0.001974723538704583,-0.008767772511848338,-0.019154818325434367,-0.013783570300158005
25,Aggregated,-0.0020536074621835664,0.0033375371882187104,8.284589902782111e-05,0.00019287965576573584,-0.0023563030082542455,4.240334846233721e-06
25,Centralized,-0.00206310679611648,0.003505933117583588,7.416396979505469e-05,0.00015507011866234635,-0.0024271844660193964,-5.393743257822159e-05
26,0,0.0018699186991869936,-0.00207317073170732,0.0018699186991869873,-0.0007723577235772383,-0.0013008130081300663,0.00040650406504064336
26,1,0.0013821138211381977,-0.008699186991869909,0.00012195121951221559,0.0014227642276422666,0.003699186991869906,-0.0028048780487804903
26,2,0.0017073170731707222,-0.005975609756097546,0.0055284552845528395,-0.00016260162601626585,0.002642276422764219,-0.006178861788617868
26,3,0.001910569105691079,-0.012967479674796722,0.009105691056910552,4.065040650408728e-05,0.010934959349593489,-0.011463414634146294
26,4,0.00345528455284555,-0.014878048780487764,0.0022764227642276752,0.005853658536585362,0.005609756097560963,-0.0047560975609755906
26,5,-0.00734597156398109,0.048657187993680906,-0.011255924170616131,-0.0042654028436019025,-0.005568720379146936,-0.008372827804107443
26,Aggregated,0.0004915386081858214,0.0007078716852628062,0.0012664303993483446,0.00034984082884141474,0.0026641886578495392,-0.0055300761862487864
26,Centralized,0.00045846817691478606,0.0009101941747572702,0.0012135922330097273,0.0003303667745415147,0.0026294498381876997,-0.005542071197410989
27,0,-0.004146341463414636,-4.0650406504063225e-05,0.0036991869918699184,-0.0008943089430894298,0.0007723577235772383,0.003048780487804877
27,1,-0.0015040650406504196,-0.00028455284552844813,0.005528455284552821,-0.0037804878048780435,0.0054471544715446775,0.004349593495934937
27,2,-0.016829268292682904,0.004756097560975602,0.00410569105691056,-0.005325203252032503,0.007032520325203257,0.0038211382113821093
27,3,-0.006422764227642245,-0.0030487804878048708,0.004227642276422743,-0.0056910569105690844,0.00695121951219511,0.0039837398373983555
27,4,0.002967479674796725,-0.007804878048780472,0.0044308943089430555,0.00044715447154471214,-0.0003252032520325262,0.0076016260162601245
27,5,-0.015639810426540317,0.04470774091627168,0.004581358609794647,-0.015205371248025274,-0.02476303317535549,-0.0031595576619273358
27,Aggregated,-0.00693468180710328,0.006405264839541414,0.004428968639897217,-0.005081337661453452,-0.0008294327104459991,0.00327011819789827
27,Centralized,-0.006971413160733567,0.006566882416396956,0.004429611650485434,-0.005124056094929882,-0.0009304207119741168,0.003242988133764823
28,0,-0.0013414634146341456,-0.00020325203252032908,-0.0008130081300812997,0.000650406504065043,0.00024390243902439786,0.0039024390243902383
28,1,-0.0022357723577235535,-0.0005691056910568999,0.00048780487804878835,-0.000162601626016264,0.004349593495934935,0.0005691056910569163
28,2,0.003577235772357723,-0.00024390243902439417,0.003983739837398374,-0.005731707317073153,-0.0021138211382113877,0.0005284552845528423
28,3,0.004999999999999964,-0.0038211382113821166,0.002398373983739825,-0.0018292682926829402,0.003983739837398339,-0.0032926829268292417
28,4,-0.007195121951219479,-0.004593495934959333,-0.00028455284552843517,0.0033739837398373803,0.007154471544715383,-0.0008943089430894169
28,5,-0.017772511848341208,0.04676145339652444,-0.003791469194312834,-0.00631911532385466,-0.006674565560821461,-0.007464454976303287
28,Aggregated,-0.0033371481300500947,0.00624760600256752,0.00032752034368888517,-0.0016726812848625468,0.0011522269339510251,-0.0011126266774318056
28,Centralized,-0.0033980582524271584,0.0064185544768069255,0.0003101402373247131,-0.0016922869471413192,0.0011192017259978352,-0.0011394282632146739
29,0,0.0008536585365853666,0.0008536585365853666,0.0028048780487804903,0.0004471544715447158,-0.0013414634146341475,-0.0011788617886178872
29,1,0.002845528455284549,-0.0006097560975609758,-0.005203252032520288,0.0015853658536585343,-0.0014634146341463265,-0.004471544715447128
29,2,0.0016666666666666607,0.007926829268292681,-0.0011788617886178908,0.0030894308943089383,-0.007154471544715424,0.0005284552845528478
29,3,0.0036585365853658495,0.0036991869918699275,-0.0032113821138211184,0.004512195121951199,-0.004593495934959344,-0.004065040650406477
29,4,0.002439024390243881,-0.00873983739837398,-0.003536585365853637,0.006138211382113789,0.002723577235772358,0.0009756097560975655
29,5,-0.002448657187993693,0.039691943127962245,-0.01018957345971563,-0.00019747235387047591,-0.012875197472353902,-0.018720379146919555
29,Aggregated,0.0014999405327506387,0.007157759531492189,-0.0034234459607292954,0.002594033363393054,-0.004122994503403388,-0.004497700356082506
29,Centralized,0.0014832793959007687,0.007295037756202781,-0.0034519956850053825,0.0025822545846817656,-0.004159924487594394,-0.004557713052858665
30,0,-0.00028455284552845924,0.0021138211382113817,-0.0030894308943089396,-0.0027235772357723526,-0.0014634146341463456,0.000569105691056913
30,1,0.005243902439024349,-0.001788617886178845,-0.00032520325203251507,-0.008495934959349548,0.0007723577235772161,0.004593495934959329
30,2,-0.0013414634146341623,0.0037398373983739725,-0.006788617886178873,-0.00837398373983738,-0.008048780487804866,0.006178861788617878
30,3,0.004837398373983746,8.130081300814126e-05,-0.00703252032520323,-0.007276422764227624,-0.004999999999999967,0.004634146341463411
30,4,0.005772357723577216,-0.006747967479674778,0.0014634146341463558,-0.0065040650406503675,0.0009756097560975582,0.007479674796747952
30,5,0.0013428120063191224,0.04257503949447055,-0.0009083728278041116,-0.020774091627172177,-0.008649289099526078,-0.008846761453396561
30,Aggregated,0.0025942773308081715,0.006685131852519568,-0.0027789284216615693,-0.009032170086871781,-0.003572158455782865,0.002427561299507577
30,Centralized,0.00258899676375405,0.006836569579288013,-0.002771035598705523,-0.009081715210355973,-0.0035935814455231893,0.0023799892125134703
31,0,-0.005040650406504067,0.0005284552845528423,0.00036585365853658753,1.8503717077085942e-18,0.0010162601626016233,0.0006910569105691082
31,1,-0.0011788617886178945,-0.00361788617886179,0.0022357723577235643,-0.0019918699186991778,-0.0006910569105691082,0.0003658536585365968
31,2,0.004430894308943088,-0.0036991869918698997,0.004756097560975608,8.130081300813015e-05,0.0019105691056910531,0.004715447154471543
31,3,0.003943089430894283,-0.010528455284552842,0.003170731707317082,0.0029674796747967474,-0.0003252032520324987,0.0032113821138211288
31,4,0.0017073170731707389,-0.007804878048780466,-0.0012601626016259934,0.00426829268292683,-0.007032520325203225,-0.002073170731707297
31,5,-0.0010663507109004951,0.05015797788309626,0.0026856240126382157,-0.007030015797788293,-0.02334123222748818,-7.898894154819147e-05
31,Aggregated,0.0004649294246025511,0.00420198912575355,0.001992761466833925,-0.0002884362724746452,-0.004755720693501004,0.0011378204201088823
31,Centralized,0.0004584681769147669,0.004395900755124045,0.001995685005393743,-0.0003168824163969871,-0.004834142394822003,0.0011326860841423961
32,0,0.001463414634146339,0.002601626016260154,-0.004756097560975607,2.2204460492503132e-17,0.0062195121951219455,0.004227642276422753
32,1,0.0027235772357723396,-0.00479674796747967,0.0017073170731707389,-0.0012195121951219467,0.0013008130081300806,0.002723577235772362
32,2,-0.0021544715447154527,-0.005243902439024377,-0.006869918699187002,-0.0034146341463414704,0.005609756097560977,0.0047560975609756105
32,3,0.0008943089430894317,-0.011747967479674807,-0.005121951219512199,0.0001626016260162603,0.006504065040650413,0.004430894308943094
32,4,-8.130081300813015e-05,-0.009105691056910545,0.007154471544715419,0.003699186991869898,-0.0011382113821138107,0.009227642276422723
32,5,-0.007938388625592456,0.03483412322274888,-0.01216429699842021,-0.003436018957345963,-0.013349131121643015,-0.014533965244865723
32,Aggregated,-0.0008533300019882299,0.001111753522812722,-0.0033473708099955274,-0.0007031395772065871,0.0008487429846854985,0.001794897598231837
32,Centralized,-0.000883225458468149,0.0012540453074433799,-0.0033845738942826337,-0.0007146709816612584,0.0007888349514563076,0.0017259978425027034
33,0,-0.0008130081300813016,-0.00012195121951219523,-0.0012195121951219523,-0.0019918699186991886,-0.004227642276422768,-0.0013821138211382127
33,1,0.003861788617886144,-0.001666666666666659,8.13008130081283e-05,0.0005691056910568834,0.0020731707317073115,0.004837398373983706
33,2,-0.0018699186991869936,0.0011382113821138222,0.00028455284552845556,0.0004471544715447158,0.003008130081300816,0.004308943089430898
33,3,0.004674796747967449,-0.0028861788617886032,0.00040650406504066,0.0015447154471544685,0.004959349593495925,0.0010569105691056956
33,4,0.0005284552845528423,-0.0052032520325202974,-0.0016260162601625754,0.0032520325203251876,0.002804878048780478,0.0026829268292682764
33,5,-0.008767772511848342,0.05130331753554512,-0.012598736176935259,-0.012282780410742536,-0.004581358609794647,-0.01307266982622435
33,Aggregated,-0.0004029461941089502,0.007122099141454586,-0.002451791148268919,-0.0014172054861292093,0.0006694048255078036,-0.0002696019573206425
33,Centralized,-0.00043824163969794123,0.007308522114347348,-0.0024946062567421847,-0.001463052858683951,0.000647249190938511,-0.00032362459546925735
34,0,-0.000528455284552846,-0.004268292682926828,0.0034146341463414725,0.0005691056910569111,-0.003048780487804875,0.0014227642276422611
34,1,-0.001910569105691029,-0.0033333333333332993,0.0017073170731707011,-0.005772357723577218,-0.001219512195121945,0.008089430894308877
34,2,0.0018292682926829248,0.0027235772357723565,-0.0010569105691056956,-0.0056504065040650165,0.0005284552845528423,0.004065040650406504
34,3,0.002520325203252007,-0.004878048780487775,-0.0013414634146341382,-0.00581300813008129,0.003943089430894281,0.0055691056910568875
34,4,-0.0005691056910568999,-0.009349593495934932,0.003170731707317047,-0.004756097560975598,0.0024796747967479587,0.006585365853658524
34,5,-0.004660347551342782,0.03949447077409153,-0.006319115323854678,-0.011097946287519698,-0.017101105845181687,-0.005055292259083706
34,Aggregated,-0.0005557659089999814,0.003421143239966619,-7.478468747133349e-05,-0.005423738328577347,-0.0024124006208177014,0.0034406491180367445
34,Centralized,-0.0005730852211434508,0.0035733549083063515,-0.00010113268608413772,-0.005447680690399091,-0.0024743797195253318,0.0034048004314994624
35,0,-0.00040650406504063967,-0.003130081300813022,0.002601626016260167,0.0007723577235772439,0.0031707317073170673,0.0018699186991869917
35,1,0.004878048780487778,-0.012479674796747912,0.001300813008130064,-0.0012195121951219265,0.003699186991869897,0.001382113821138209
35,2,0.005162601626016256,-0.011178861788617864,-0.0008943089430894317,0.001585365853658538,0.004024390243902433,0.0037398373983739777
35,3,0.011056910569105597,-0.0190650406504065,-0.001260162601626017,0.0011382113821138166,0.007601626016260124,0.0029674796747967526
35,4,0.0014227642276422722,-0.0141056910569105,0.003943089430894298,0.002357723577235769,0.0013414634146341271,0.005040650406504061
35,5,-0.004107424960505545,0.05793838862559245,0.004857819905213282,0.00011848341232226408,-0.013941548183254389,-0.004581358609794628
35,Aggregated,0.002996533998383879,-0.00029967335941291423,0.0017601223385580846,0.0007916754903339738,0.0009731267543160759,0.0017324123076706132
35,Centralized,0.0029665587918014965,-5.393743257821989e-05,0.001773193096008607,0.0007888349514563187,0.0009101941747572821,0.0017057713052858648
36,0,0.004756097560975614,0.0002032520325203254,-0.002520325203252035,0.0015447154471544728,-0.0045121951219512235,0.0054065040650406555
36,1,0.009349593495934876,-0.0023577235772357466,-0.0006910569105690952,0.0006504065040650524,-0.006382113821138197,0.0018699186991870047
36,2,0.011056910569105667,-0.0004878048780487951,-0.008658536585365842,-0.00650406504065039,-0.012886178861788592,0.0028455284552845314
36,3,0.01378048780487806,-0.006422764227642252,-0.006910569105691025,-0.001788617886178843,-0.011138211382113771,0.0051626016260162624
36,4,0.002764227642276429,-0.0018699186991869843,0.0011788617886178945,0.002479674796747955,-0.00182926829268291,0.004593495934959329
36,5,-0.028041074249604975,0.05260663507109001,-0.022314375987361707,-0.01611374407582935,-0.022946287519747196,0.001263823064770952
36,Aggregated,0.0022583773435810818,0.006974390766536224,-0.006662652151376193,-0.0032967817329384,-0.009957328916875176,0.0035222045538021137
36,Centralized,0.002130528586839273,0.007166936353829548,-0.00672869471413161,-0.0033508629989212543,-0.010012135922330096,0.003512675296655868
37,0,-0.004186991869918699,-0.003048780487804877,-4.0650406504061375e-05,-0.0016666666666666644,-0.0012195121951219486,0.002845528455284537
37,1,-0.0017886178861788522,-0.008902439024390212,-0.0011382113821138296,-0.0012195121951219356,0.004227642276422741,0.006382113821138189
37,2,0.004999999999999999,-0.005731707317073152,0.005406504065040649,0.0012195121951219523,0.0006504065040650357,0.00565040650406504
37,3,0.008048780487804783,-0.01333333333333336,0.0024796747967479604,0.0010975609756097584,0.0033333333333333253,0.00569105691056908
37,4,-0.005406504065040626,-0.007642276422764234,-0.0026829268292682747,0.0028861788617885946,0.0029674796747967357,0.007439024390243885
37,5,-0.0009478672985781894,0.05545023696682471,-0.006398104265402864,-0.0077804107424960574,-0.01599526066350708,-0.010110584518167407
37,Aggregated,0.00011911920153938186,0.00283218486555496,-0.0003994458988730552,-0.0009149361500579744,-0.0010155416179177114,0.00297457647041786
37,Centralized,0.00011461704422869313,0.00305420711974107,-0.0004247572815534025,-0.0009439050701186737,-0.001078748651564182,0.002919363538295567
38,0,-0.004552845528455289,0.007926829268292688,0.0024796747967479695,0.0017479674796747984,-0.006016260162601632,-0.011341463414634162
38,1,0.00333333333333334,0.006707317073170734,0.00406504065040652,-0.005528455284552819,-0.0032520325203251894,-0.007764227642276432
38,2,-0.0036991869918699054,0.017439024390243835,0.005365853658536579,-0.006829268292682893,-0.012479674796747952,-0.014430894308943204
38,3,-0.0026422764227642154,0.008739837398374008,0.0009349593495935171,-0.007560975609756075,-0.007032520325203239,-0.009512195121951218
38,4,0.0017479674796748068,-0.0010162601626016532,-0.00028455284552843024,-0.0050813008130081,-0.0018699186991869713,-0.003252032520325183
38,5,-0.02397314375987363,0.0476303317535545,-0.01421800947867304,-0.009834123222748849,-0.016706161137440795,-0.00659557661927332
38,Aggregated,-0.004976477733510099,0.014592256875278112,-0.00028506095488250484,-0.005517113363787577,-0.00789838027254117,-0.00881464926157376
38,Centralized,-0.005056634304207116,0.014731661272923458,-0.0003438511326860868,-0.005535329018338703,-0.007935544768068995,-0.008805285868392685
39,0,0.003455284552845529,0.002113821138211386,0.005000000000000006,0.004105691056910574,0.0031707317073170743,-0.0007723577235772383
39,1,0.003821138211382077,-0.004756097560975594,0.0037804878048780127,0.0008130081300812867,0.0034959349593495607,-0.004715447154471518
39,2,0.00813008130081304,0.008292682926829258,0.003902439024390236,-0.000650406504065043,-0.0026422764227642154,-0.007276422764227628
39,3,0.009390243902439003,-0.0004471544715447097,0.003455284552845534,0.0022764227642276444,0.0026016260162601617,-0.005081300813008121
39,4,0.0013414634146341402,-0.009756097560975585,0.005447154471544681,0.005121951219512168,0.00654471544715443,0.0010569105691056809
39,5,-0.006674565560821502,0.046879936808846875,-0.003120063191153254,0.0009478672985782052,0.0009478672985781986,-0.029502369668246292
39,Aggregated,0.003237617408512458,0.007079905982665706,0.0030735991440155146,0.0021016862389026405,0.0023522039257817674,-0.0077290550642408725
39,Centralized,0.0031957928802589064,0.0072478425026968486,0.0030474649406688242,0.002096817691477874,0.0023462783171520874,-0.007820927723840371
40,0,0.001991869918699187,0.0013414634146341456,0.0010569105691056902,0.003577235772357728,-0.012398373983739856,-0.0028861788617886193
40,1,-0.0013414634146341271,-0.0027642276422764085,0.004065040650406507,4.065040650408173e-05,-0.013658536585365767,0.0014634146341463447
40,2,-0.0019918699186991943,0.0015040650406504023,-0.0019105691056910475,0.004552845528455278,-0.006869918699186977,0.0047154471544715365
40,3,-0.0020325203252032427,-0.005365853658536588,0.0003658536585365931,0.0032520325203252067,-0.008983739837398383,0.010325203252032504
40,4,-0.004430894308943064,-0.008495934959349567,0.005487804878048777,0.0008943089430894557,-0.01691056910569094,0.003943089430894311
40,5,-0.009162717219589278,0.04071879936808845,0.0027251184834123244,-0.004067930489731444,-0.03309636650868892,-0.011334913112164295
40,Aggregated,-0.0028319712981072225,0.004512816509567621,0.001965511120301935,0.0013713870544606942,-0.015330917739641181,0.0010297889157690082
40,Centralized,-0.0028586839266451004,0.004665587918015102,0.001968716289104623,0.00134843581445524,-0.015405879180151016,0.0009776159654800434
41,0,-0.0023577235772357743,-0.0012601626016260175,0.0028861788617886206,0.0,0.0009756097560975618,0.002195121951219514
41,1,0.00020325203252032724,0.004146341463414602,0.006544715447154418,0.001829268292682922,0.001869918699187001,0.0024796747967479626
41,2,-0.002235772357723579,0.0007723577235772364,0.0003252032520325206,0.0026016260162601648,-0.0038617886178861824,0.0023983739837398397
41,3,0.0021544715447154397,-0.0014227642276423006,0.00406504065040647,0.004146341463414615,-0.0015853658536585358,-4.0650406504061375e-05
41,4,0.00012195121951217487,-0.0022764227642276314,0.006991869918699164,0.0012601626016260008,0.00247967479674794,0.006056910569105669
41,5,-0.003199052132701429,0.06366508688783565,-0.00015797788309636598,-0.022590837282780378,-0.012282780410742499,-0.00884676145339653
41,Aggregated,-0.0008869539012806381,0.010637901892021486,0.003440209546791004,-0.002138620817472688,-0.0020739680706501674,0.000701020484529784
41,Centralized,-0.0008967098166127323,0.010861650485436913,0.003425026968716283,-0.002224919093851135,-0.0021170442286947153,0.0006607335490830664
42,0,-0.0017073170731707115,0.0011382113821138222,-0.007926829268292683,0.003983739837398367,0.0033333333333333197,0.0060569105691056935
42,1,-0.00044715447154471214,-0.003495934959349539,-0.0049999999999999715,-0.006016260162601585,0.003861788617886159,0.0037804878048780495
42,2,-0.0029674796747967544,-0.00024390243902439417,-0.015243902439024291,-0.0034959349593496,0.0048780487804878,0.00975609756097561
42,3,-0.002926829268292662,-0.004349593495934943,-0.01146341463414631,-0.00548780487804876,0.0038211382113821383,0.00821138211382114
42,4,-0.0002439024390243923,-0.006951219512195088,-0.0006910569105690896,-7.401486830834377e-18,0.005284552845528429,0.002601626016260148
42,5,0.0014612954186414096,0.049091627172195916,-3.949447077407137e-05,-0.020616113744075827,-0.014928909952606621,-0.005489731437598734
42,Aggregated,-0.0011369070392702756,0.00589242399157568,-0.006723185702616481,-0.005281844945402327,0.0010314765745650795,0.004146647827530507
42,Centralized,-0.0011259439050700963,0.006074703344120829,-0.006694983818770201,-0.005346548004315013,0.0009641316073355036,0.004105987055016197
43,0,-0.002682926829268297,-0.004308943089430885,0.0006504065040650393,-0.003211382113821125,0.0010162601626016307,0.0036585365853658235
43,1,0.006504065040650361,-0.0047967479674796655,0.005325203252032482,-0.0026016260162601648,-0.0006097560975609798,0.0010569105691056616
43,2,0.002682926829268295,0.002113821138211384,0.006219512195121957,0.001097560975609757,0.0013821138211382127,-0.0013008130081300824
43,3,0.009512195121951143,-0.003536585365853653,0.007398373983739812,0.00040650406504066184,0.0009349593495935023,0.0023577235772357635
43,4,0.0021951219512195068,-0.010569105691056863,0.007113821138211381,0.0018292682926829248,0.0035772357723577223,0.0056097560975609684
43,5,-0.02018167456556082,0.05244865718799374,-0.005924170616113734,-0.018285939968404417,-0.01022906793048975,0.0021721958925750356
43,Aggregated,-0.0003410395776745842,0.005255290113275951,0.003457872388453944,-0.0034703875023044052,-0.000660813303408958,0.0022589962439274087
43,Centralized,-0.0004247572815534358,0.005454422869471393,0.0034182847896440044,-0.0035329018338727098,-0.0007011866235167289,0.002258629989212501
44,0,0.0012601626016260192,0.000447154471544714,-0.002926829268292684,-0.0026829268292682933,0.00353658536585366,0.00036585365853658385
44,1,0.00475609756097557,-0.004308943089430866,-0.005853658536585331,-0.0007723577235772183,-0.00040650406504064336,0.004146341463414613
44,2,0.005243902439024391,0.005406504065040651,-0.0051219512195121815,-0.0029268292682926894,-4.0650406504068774e-05,-0.00012195121951219893
44,3,0.003861788617886164,-0.006260162601625993,-0.007032520325203205,-0.0008536585365853574,-0.0016666666666666382,0.0021951219512195068
44,4,-0.0005284552845528516,-0.010528455284552816,-0.0022357723577235626,0.003739837398373968,-0.00016260162601626217,0.007276422764227628
44,5,-0.01552132701421802,0.04206161137440762,0.0030410742496050384,-0.001540284360189571,-0.02030015797788313,-0.003001579778831001
44,Aggregated,-0.00016443557314030008,0.004493584998880012,-0.0033508651173590285,-0.0008398167558749094,-0.003184251801099806,0.0018069671529641837
44,Centralized,-0.00022923408845736958,0.004652103559870553,-0.003323894282632141,-0.0008427723840345042,-0.003256472491909364,0.0017866774541531758
45,0,0.00743902439024391,0.0036178861788617855,-0.0016260162601626053,-0.0019105691056910561,-0.000691056910569097,-0.00682926829268293
45,1,-0.0010975609756097469,-0.001341463414634127,0.0024796747967479695,-0.003008130081300791,0.004105691056910563,-0.0035772357723576884
45,2,0.010772357723577215,0.005081300813008105,-0.004308943089430879,-0.00898373983739826,-0.0008130081300813053,-0.01150406504065036
45,3,0.009878048780487812,-4.0650406504063225e-05,-0.002764227642276423,-0.00691056910569108,0.00044715447154471214,-0.007926829268292714
45,4,-0.001544715447154482,-0.006707317073170708,0.0023170731707317003,0.0005691056910569185,0.0034146341463414465,-0.0029268292682926595
45,5,-0.008135860979462884,0.06267772511848357,-0.011848341232227425,-0.0037519747235387436,-0.010229067930489739,-0.005015797788309614
45,Aggregated,0.0028781890748019855,0.010581148991271997,-0.002631010317675226,-0.003999155169552519,-0.0006337303102328389,-0.006295854282135094
45,Centralized,0.0028317152103559894,0.010800970873786425,-0.002669902912621369,-0.003998112189859737,-0.0006742179072276015,-0.006290453074433676
46,0,0.005650406504065017,-0.0009756097560975545,-0.002479674796747966,-0.002357723577235767,0.0015040650406504096,0.0010975609756097608
46,1,-0.0013008130081300676,-0.004999999999999992,0.005162601626016222,1.8503717077085942e-18,0.0035772357723576776,0.002439024390243868
46,2,-8.130081300813015e-05,0.002520325203252035,0.0023170731707317094,-0.00024390243902439046,-0.0004065040650406508,0.003211382113821141
46,3,-8.13008130080987e-05,-0.00524390243902438,0.007520325203251992,-0.0007317073170731585,0.002926829268292684,0.005365853658536572
46,4,-0.0012601626016259988,-0.013902439024390227,0.005203252032520311,0.0029674796747967396,0.0030487804878048695,0.00638211382113819
46,5,-0.01966824644549759,0.03965244865718801,-0.007701421800947864,-0.012401263823064751,-0.010584518167456564,0.0012243285939968524
46,Aggregated,-0.002800996802033962,0.002865272466432642,0.0016643842432559313,-0.0021344027452288245,4.226209608858668e-06,0.003285395716866905
46,Centralized,-0.002872168284789637,0.003020496224379728,0.0016248651564185488,-0.0021777238403452143,-4.045307443365324e-05,0.003276699029126188
47,0,-0.00040650406504064894,-0.003252032520325208,-0.0007723577235772383,0.00158536585365854,0.0008130081300813034,-0.00040650406504065263
47,1,0.0040650406504064785,-0.006504065040650381,0.0010162601626016344,-0.001097560975609746,0.0037804878048780335,-0.003699186991869897
47,2,0.0016260162601626031,0.0013008130081300824,-0.0028861788617886206,-0.0017479674796747984,0.0027642276422764254,-0.0034959349593495967
47,3,0.011991869918699116,-0.006504065040650402,-0.0013821138211382144,0.0008943089430894261,0.004471544715447149,-0.004593495934959352
47,4,-0.0014634146341463187,-0.012073170731707257,0.004146341463414615,0.0027642276422764137,0.0025203252032520137,0.001666666666666665
47,5,0.0001974723538704611,0.052053712480252895,-0.00552922590837286,1.1410625530869664e-17,-0.011413902053712488,-0.011611374407582933
47,Aggregated,0.002666838061068696,0.004200726912965886,-0.0009041630464604567,0.00039947414934780683,0.0004816930106642649,-0.0036950219199732557
47,Centralized,0.002656418554476809,0.004402642934196332,-0.0009236785329018338,0.00039778856526427505,0.00043149946062567466,-0.003728425026968729
48,0,0.004308943089430892,0.0015040650406504235,-0.0033739837398374006,-0.0010975609756097577,0.0013821138211382055,0.004593495934959356
48,1,0.008861788617886158,-0.0019918699186991626,-0.004186991869918678,-0.007398373983739811,-0.007723577235772315,0.007560975609756077
48,2,0.008658536585365844,0.0020325203252032427,-0.009715447154471524,-0.002113821138211372,-0.009349593495934939,0.00804878048780487
48,3,0.011829268292682944,-0.0085772357723577,-0.007642276422764231,-0.011626016260162565,-0.009471544715447136,0.01085365853658542
48,4,0.007886178861788582,-0.006707317073170705,0.002845528455284553,-0.011178861788617838,-0.0023577235772357713,0.007073170731707276
48,5,-0.01492890995260665,0.04802527646129538,0.0025276461295418613,-0.03068720379146921,-0.03285939968404432,-0.005252764612954182
48,Aggregated,0.0044236214698744015,0.005741215321421442,-0.0032538990476163048,-0.01069639296464423,-0.010077821183608669,0.005472710373025286
48,Centralized,0.004341963322545825,0.005919633225458451,-0.0032295037756202823,-0.010780744336569522,-0.010173948220064717,0.005427454153182325
49,0,0.0009756097560975582,-0.0019105691056910531,-0.006016260162601624,-0.0013414634146341495,4.0650406504066924e-05,0.0058130081300812935
49,1,0.00800813008130075,-0.00048780487804877723,-0.0005284552845528478,-0.00398373983739838,0.006504065040650385,0.002682926829268271
49,2,0.006219512195121943,0.004512195121951211,-0.007357723577235806,-0.009390243902439008,0.009471544715447172,0.0014227642276422722
49,3,0.009024390243902383,0.000447154471544701,-0.0045934959349593464,-0.006991869918699183,0.01130081300813004,0.005447154471544714
49,4,0.00337398373983739,-0.00491869918699185,0.001666666666666681,-0.00040650406504063783,0.003577235772357713,0.004024390243902418
49,5,-0.004620853080568734,0.06402053712480246,-0.006358609794628752,-0.013862559241706145,-0.01370458135860981,-0.008886255924170645
49,Aggregated,0.0038247408838819135,0.010311399793705196,-0.003866236378772591,-0.00600107869524715,0.0028543906599213754,0.0017438830751663559
49,Centralized,0.0037891046386192007,0.010538025889967608,-0.0038767529665587955,-0.006034250269687194,0.0027845199568500203,0.0016990291262135799
50,0,-0.0028455284552845574,-0.00024390243902438675,3.7007434154171884e-18,-0.0026422764227642323,-0.0027235772357723626,0.0011382113821138203
50,1,0.0031300813008129998,-0.0037398373983739625,0.001504065040650395,-0.001300813008130078,-0.0013821138211382094,-0.0006504065040650338
50,2,0.0052032520325203165,0.0019105691056910548,0.006341463414634125,-0.007845528455284577,-0.01247967479674794,0.006869918699186976
50,3,0.011138211382113806,-0.006260162601626054,0.005121951219512193,-0.007317073170731691,-0.0064227642276422775,0.008617886178861757
50,4,0.0004065040650406508,-0.003495934959349567,0.001097560975609735,0.0002845528455284518,-0.000813008130081304,8.130081300813015e-05
50,5,-0.017417061611374424,0.04533965244865714,0.0006714060031595667,-0.025078988941548246,-0.00979462875197474,0.006279620853080582
50,Aggregated,-7.515363253018963e-05,0.005610409635445918,0.0024549366236833164,-0.007328012245868414,-0.005605300444965857,0.0037243853713096807
50,Centralized,-0.0001483279395900662,0.005778047464940693,0.0024474110032362637,-0.0074029126213592256,-0.005622977346278346,0.0037351672060409965
