Round,Evaluator,0,3,1,4,2,5
0,0,,,,,,
0,1,,,,,,
0,2,,,,,,
0,3,,,,,,
0,4,,,,,,
0,5,,,,,,
0,Aggregated,,,,,,
0,Centralized,,,,,,
1,0,,,,,,
1,1,,,,,,
1,2,,,,,,
1,3,,,,,,
1,4,,,,,,
1,5,,,,,,
1,Aggregated,,,,,,
1,Centralized,0.9627354145050049,0.9644794464111328,0.9582608342170715,0.9641854166984558,0.9665870666503906,0.9558320045471191
2,0,,,,,,
2,1,,,,,,
2,2,,,,,,
2,3,,,,,,
2,4,,,,,,
2,5,,,,,,
2,Aggregated,,,,,,
2,Centralized,0.9994442462921143,0.9995028972625732,0.9992818832397461,0.9994940757751465,0.9994996786117554,0.999398946762085
3,0,,,,,,
3,1,,,,,,
3,2,,,,,,
3,3,,,,,,
3,4,,,,,,
3,5,,,,,,
3,Aggregated,,,,,,
3,Centralized,1.0,1.0,1.0,1.0,1.0,0.9999999403953552
4,0,,,,,,
4,1,,,,,,
4,2,,,,,,
4,3,,,,,,
4,4,,,,,,
4,5,,,,,,
4,Aggregated,,,,,,
4,Centralized,0.9950215816497803,0.9939449429512024,0.9968275427818298,0.9945786595344543,0.9958866238594055,0.9927269220352173
5,0,,,,,,
5,1,,,,,,
5,2,,,,,,
5,3,,,,,,
5,4,,,,,,
5,5,,,,,,
5,Aggregated,,,,,,
5,Centralized,0.894087016582489,0.9066629409790039,0.8770343065261841,0.9048944115638733,0.9068148732185364,0.8843583464622498
6,0,,,,,,
6,1,,,,,,
6,2,,,,,,
6,3,,,,,,
6,4,,,,,,
6,5,,,,,,
6,Aggregated,,,,,,
6,Centralized,0.8217959403991699,0.8297064304351807,0.7845277786254883,0.8309917449951172,0.8420748710632324,0.7849253416061401
7,0,,,,,,
7,1,,,,,,
7,2,,,,,,
7,3,,,,,,
7,4,,,,,,
7,5,,,,,,
7,Aggregated,,,,,,
7,Centralized,0.33278417587280273,0.3906891644001007,0.12589655816555023,0.3997159004211426,0.4254235327243805,0.2207668125629425
8,0,,,,,,
8,1,,,,,,
8,2,,,,,,
8,3,,,,,,
8,4,,,,,,
8,5,,,,,,
8,Aggregated,,,,,,
8,Centralized,0.3068610727787018,0.35780957341194153,0.09855681657791138,0.36101341247558594,0.4026615619659424,0.1481250375509262
9,0,,,,,,
9,1,,,,,,
9,2,,,,,,
9,3,,,,,,
9,4,,,,,,
9,5,,,,,,
9,Aggregated,,,,,,
9,Centralized,0.3655163049697876,0.4064113199710846,0.18987123668193817,0.40997114777565,0.44949501752853394,0.20926626026630402
10,0,,,,,,
10,1,,,,,,
10,2,,,,,,
10,3,,,,,,
10,4,,,,,,
10,5,,,,,,
10,Aggregated,,,,,,
10,Centralized,0.3016265034675598,0.35963335633277893,0.0900537371635437,0.36027395725250244,0.3976290822029114,0.14876779913902283
11,0,,,,,,
11,1,,,,,,
11,2,,,,,,
11,3,,,,,,
11,4,,,,,,
11,5,,,,,,
11,Aggregated,,,,,,
11,Centralized,0.3618531823158264,0.40584325790405273,0.16193506121635437,0.4102271795272827,0.45087680220603943,0.20845989882946014
12,0,,,,,,
12,1,,,,,,
12,2,,,,,,
12,3,,,,,,
12,4,,,,,,
12,5,,,,,,
12,Aggregated,,,,,,
12,Centralized,0.37240076065063477,0.40774989128112793,0.19870446622371674,0.4169585704803467,0.4574764668941498,0.21634268760681152
13,0,,,,,,
13,1,,,,,,
13,2,,,,,,
13,3,,,,,,
13,4,,,,,,
13,5,,,,,,
13,Aggregated,,,,,,
13,Centralized,0.3888565003871918,0.42568454146385193,0.20953908562660217,0.43413424491882324,0.47328367829322815,0.23701880872249603
14,0,,,,,,
14,1,,,,,,
14,2,,,,,,
14,3,,,,,,
14,4,,,,,,
14,5,,,,,,
14,Aggregated,,,,,,
14,Centralized,0.4240296483039856,0.46961212158203125,0.26414114236831665,0.4716249406337738,0.5014922022819519,0.31218278408050537
15,0,,,,,,
15,1,,,,,,
15,2,,,,,,
15,3,,,,,,
15,4,,,,,,
15,5,,,,,,
15,Aggregated,,,,,,
15,Centralized,0.38846343755722046,0.4448321759700775,0.19541272521018982,0.44451746344566345,0.47124356031417847,0.2759504020214081
16,0,,,,,,
16,1,,,,,,
16,2,,,,,,
16,3,,,,,,
16,4,,,,,,
16,5,,,,,,
16,Aggregated,,,,,,
16,Centralized,0.38985151052474976,0.4446016252040863,0.19915615022182465,0.44230833649635315,0.47081002593040466,0.27191662788391113
17,0,,,,,,
17,1,,,,,,
17,2,,,,,,
17,3,,,,,,
17,4,,,,,,
17,5,,,,,,
17,Aggregated,,,,,,
17,Centralized,0.4030357897281647,0.45614925026893616,0.21783968806266785,0.4523549973964691,0.48248404264450073,0.28421372175216675
18,0,,,,,,
18,1,,,,,,
18,2,,,,,,
18,3,,,,,,
18,4,,,,,,
18,5,,,,,,
18,Aggregated,,,,,,
18,Centralized,0.46716856956481934,0.5078039765357971,0.3222290873527527,0.511679470539093,0.5388015508651733,0.3603140711784363
19,0,,,,,,
19,1,,,,,,
19,2,,,,,,
19,3,,,,,,
19,4,,,,,,
19,5,,,,,,
19,Aggregated,,,,,,
19,Centralized,0.3424794375896454,0.41833123564720154,0.10393895208835602,0.4116058051586151,0.4317838251590729,0.23550084233283997
20,0,,,,,,
20,1,,,,,,
20,2,,,,,,
20,3,,,,,,
20,4,,,,,,
20,5,,,,,,
20,Aggregated,,,,,,
20,Centralized,0.40064412355422974,0.44828638434410095,0.2081241011619568,0.4532482922077179,0.4800508916378021,0.2764408588409424
21,0,,,,,,
21,1,,,,,,
21,2,,,,,,
21,3,,,,,,
21,4,,,,,,
21,5,,,,,,
21,Aggregated,,,,,,
21,Centralized,0.48876458406448364,0.5284409523010254,0.35896986722946167,0.5324177145957947,0.5563731789588928,0.3941824734210968
22,0,,,,,,
22,1,,,,,,
22,2,,,,,,
22,3,,,,,,
22,4,,,,,,
22,5,,,,,,
22,Aggregated,,,,,,
22,Centralized,0.41180458664894104,0.4525415003299713,0.23232832551002502,0.46181797981262207,0.490201473236084,0.2787977457046509
23,0,,,,,,
23,1,,,,,,
23,2,,,,,,
23,3,,,,,,
23,4,,,,,,
23,5,,,,,,
23,Aggregated,,,,,,
23,Centralized,0.45111167430877686,0.4905829429626465,0.2987394332885742,0.49665436148643494,0.5236338376998901,0.3390864133834839
24,0,,,,,,
24,1,,,,,,
24,2,,,,,,
24,3,,,,,,
24,4,,,,,,
24,5,,,,,,
24,Aggregated,,,,,,
24,Centralized,0.4836004376411438,0.5137366652488708,0.35949021577835083,0.5201858878135681,0.5512506365776062,0.3690335750579834
25,0,,,,,,
25,1,,,,,,
25,2,,,,,,
25,3,,,,,,
25,4,,,,,,
25,5,,,,,,
25,Aggregated,,,,,,
25,Centralized,0.3258991241455078,0.39906778931617737,0.0854102075099945,0.3926924467086792,0.41836509108543396,0.2061852067708969
26,0,,,,,,
26,1,,,,,,
26,2,,,,,,
26,3,,,,,,
26,4,,,,,,
26,5,,,,,,
26,Aggregated,,,,,,
26,Centralized,0.3476634919643402,0.41282251477241516,0.10656216740608215,0.41224241256713867,0.4364752173423767,0.22437945008277893
27,0,,,,,,
27,1,,,,,,
27,2,,,,,,
27,3,,,,,,
27,4,,,,,,
27,5,,,,,,
27,Aggregated,,,,,,
27,Centralized,0.3657492995262146,0.4289734661579132,0.12258704006671906,0.42951247096061707,0.4526234269142151,0.24677467346191406
28,0,,,,,,
28,1,,,,,,
28,2,,,,,,
28,3,,,,,,
28,4,,,,,,
28,5,,,,,,
28,Aggregated,,,,,,
28,Centralized,0.5088069438934326,0.5392834544181824,0.40207356214523315,0.5488039255142212,0.5736461281776428,0.4113360047340393
29,0,,,,,,
29,1,,,,,,
29,2,,,,,,
29,3,,,,,,
29,4,,,,,,
29,5,,,,,,
29,Aggregated,,,,,,
29,Centralized,0.4073551297187805,0.454990953207016,0.2307959794998169,0.4568297863006592,0.4862935543060303,0.2888135313987732
30,0,,,,,,
30,1,,,,,,
30,2,,,,,,
30,3,,,,,,
30,4,,,,,,
30,5,,,,,,
30,Aggregated,,,,,,
30,Centralized,0.4913884699344635,0.5307912826538086,0.358959436416626,0.5365913510322571,0.5588990449905396,0.39746302366256714
31,0,,,,,,
31,1,,,,,,
31,2,,,,,,
31,3,,,,,,
31,4,,,,,,
31,5,,,,,,
31,Aggregated,,,,,,
31,Centralized,0.3489619195461273,0.4208441972732544,0.1265840083360672,0.41294655203819275,0.43600186705589294,0.2409428358078003
32,0,,,,,,
32,1,,,,,,
32,2,,,,,,
32,3,,,,,,
32,4,,,,,,
32,5,,,,,,
32,Aggregated,,,,,,
32,Centralized,0.3908233344554901,0.45366883277893066,0.1996743381023407,0.44967782497406006,0.4717040956020355,0.29034918546676636
33,0,,,,,,
33,1,,,,,,
33,2,,,,,,
33,3,,,,,,
33,4,,,,,,
33,5,,,,,,
33,Aggregated,,,,,,
33,Centralized,0.45837077498435974,0.49472522735595703,0.3175792098045349,0.5020439028739929,0.5309450030326843,0.3502766489982605
34,0,,,,,,
34,1,,,,,,
34,2,,,,,,
34,3,,,,,,
34,4,,,,,,
34,5,,,,,,
34,Aggregated,,,,,,
34,Centralized,0.3641808032989502,0.4366358816623688,0.13366657495498657,0.42682185769081116,0.45053380727767944,0.25952669978141785
35,0,,,,,,
35,1,,,,,,
35,2,,,,,,
35,3,,,,,,
35,4,,,,,,
35,5,,,,,,
35,Aggregated,,,,,,
35,Centralized,0.5599974393844604,0.579897940158844,0.4771747589111328,0.5876612067222595,0.617100715637207,0.4618825316429138
36,0,,,,,,
36,1,,,,,,
36,2,,,,,,
36,3,,,,,,
36,4,,,,,,
36,5,,,,,,
36,Aggregated,,,,,,
36,Centralized,0.48358437418937683,0.522246778011322,0.3599979877471924,0.5225241780281067,0.5501679182052612,0.3832769989967346
37,0,,,,,,
37,1,,,,,,
37,2,,,,,,
37,3,,,,,,
37,4,,,,,,
37,5,,,,,,
37,Aggregated,,,,,,
37,Centralized,0.4169740080833435,0.4617592394351959,0.24755418300628662,0.46339595317840576,0.49460476636886597,0.2951907813549042
38,0,,,,,,
38,1,,,,,,
38,2,,,,,,
38,3,,,,,,
38,4,,,,,,
38,5,,,,,,
38,Aggregated,,,,,,
38,Centralized,0.4218253493309021,0.46713781356811523,0.26120805740356445,0.4684891700744629,0.498875230550766,0.30615949630737305
39,0,,,,,,
39,1,,,,,,
39,2,,,,,,
39,3,,,,,,
39,4,,,,,,
39,5,,,,,,
39,Aggregated,,,,,,
39,Centralized,0.4040284752845764,0.4430234432220459,0.23603451251983643,0.4489237368106842,0.4841879904270172,0.27360042929649353
40,0,,,,,,
40,1,,,,,,
40,2,,,,,,
40,3,,,,,,
40,4,,,,,,
40,5,,,,,,
40,Aggregated,,,,,,
40,Centralized,0.355964720249176,0.42080652713775635,0.13418816030025482,0.41661033034324646,0.4446396827697754,0.24093252420425415
41,0,,,,,,
41,1,,,,,,
41,2,,,,,,
41,3,,,,,,
41,4,,,,,,
41,5,,,,,,
41,Aggregated,,,,,,
41,Centralized,0.3645242750644684,0.4464597702026367,0.14605915546417236,0.43578362464904785,0.4505341649055481,0.28246110677719116
42,0,,,,,,
42,1,,,,,,
42,2,,,,,,
42,3,,,,,,
42,4,,,,,,
42,5,,,,,,
42,Aggregated,,,,,,
42,Centralized,0.3709802031517029,0.4260009825229645,0.14172443747520447,0.4229120910167694,0.4569675028324127,0.24310997128486633
43,0,,,,,,
43,1,,,,,,
43,2,,,,,,
43,3,,,,,,
43,4,,,,,,
43,5,,,,,,
43,Aggregated,,,,,,
43,Centralized,0.32256031036376953,0.39521074295043945,0.0831969678401947,0.38939526677131653,0.41704219579696655,0.20350049436092377
44,0,,,,,,
44,1,,,,,,
44,2,,,,,,
44,3,,,,,,
44,4,,,,,,
44,5,,,,,,
44,Aggregated,,,,,,
44,Centralized,0.4776543378829956,0.5066985487937927,0.36225831508636475,0.515604555606842,0.5484795570373535,0.3715798556804657
45,0,,,,,,
45,1,,,,,,
45,2,,,,,,
45,3,,,,,,
45,4,,,,,,
45,5,,,,,,
45,Aggregated,,,,,,
45,Centralized,0.437595009803772,0.47554197907447815,0.28502821922302246,0.4812173843383789,0.5141371488571167,0.32386845350265503
46,0,,,,,,
46,1,,,,,,
46,2,,,,,,
46,3,,,,,,
46,4,,,,,,
46,5,,,,,,
46,Aggregated,,,,,,
46,Centralized,0.3378616273403168,0.41309571266174316,0.09583085775375366,0.40613219141960144,0.4288748800754547,0.2324894666671753
47,0,,,,,,
47,1,,,,,,
47,2,,,,,,
47,3,,,,,,
47,4,,,,,,
47,5,,,,,,
47,Aggregated,,,,,,
47,Centralized,0.3380551040172577,0.42463529109954834,0.09078767895698547,0.41044530272483826,0.42964062094688416,0.24723084270954132
48,0,,,,,,
48,1,,,,,,
48,2,,,,,,
48,3,,,,,,
48,4,,,,,,
48,5,,,,,,
48,Aggregated,,,,,,
48,Centralized,0.30017954111099243,0.39153817296028137,0.014067254960536957,0.38060125708580017,0.39807000756263733,0.19236229360103607
49,0,,,,,,
49,1,,,,,,
49,2,,,,,,
49,3,,,,,,
49,4,,,,,,
49,5,,,,,,
49,Aggregated,,,,,,
49,Centralized,0.4170587360858917,0.4586143493652344,0.2578684091567993,0.46051284670829773,0.4955947995185852,0.29415592551231384
50,0,,,,,,
50,1,,,,,,
50,2,,,,,,
50,3,,,,,,
50,4,,,,,,
50,5,,,,,,
50,Aggregated,,,,,,
50,Centralized,0.46234050393104553,0.49554696679115295,0.32620692253112793,0.5023089051246643,0.5332425236701965,0.34860265254974365
