Round,Evaluator,0,3,1,4,2,5
0,0,,,,,,
0,1,,,,,,
0,2,,,,,,
0,3,,,,,,
0,4,,,,,,
0,5,,,,,,
0,Aggregated,,,,,,
0,Centralized,,,,,,
1,0,10.686490723392637,11.426642701016636,10.709669713602333,1.510144226196265,11.535155334484301,1.4674279982412135
1,1,10.632045810385401,11.370224479240374,10.657189385629232,1.5245494983350847,11.476648497635544,1.4819804514223158
1,2,12.396771211787838,13.151705954969376,12.534786398411107,0.23037787980650373,13.422697866503883,0.1751355533517906
1,3,12.240015760333044,12.999585840656453,12.368818025928615,0.33733362287772406,13.257557813101577,0.2830958844710608
1,4,10.995299871841109,11.691469649346754,11.046210775430549,1.4269836816075288,11.816786543424524,1.3824139659809833
1,5,10.446862072662869,11.12303482692537,10.4699963929271,1.6517993797720547,11.217790329210306,1.609723329518942
1,Aggregated,11.663844324795186,12.407797724911802,11.755162943952497,0.7782953491718418,12.609958600355785,0.7283015545962888
1,Centralized,11.658092564057405,12.40178600956543,11.749253251611051,0.7810524223957162,12.603496489652336,0.7311116477186476
2,0,0.4527263416609935,0.5761877558787807,0.39564327092501544,-0.11292836554619524,0.5818599177920757,-0.9188381592896309
2,1,0.445384589403924,0.5628972988984575,0.38728519012976437,-0.10900187791033594,0.5689519267069358,-0.8976389320313078
2,2,0.837407416652393,0.20604569274464815,0.9007702254362434,0.5837606656224168,0.21406869004128706,-0.11534274964886408
2,3,0.8006117215785203,0.242739461631679,0.8526715547042554,0.5192178048283503,0.25071526278048883,-0.1993690537646808
2,4,0.45266065269386346,0.45043839438809236,0.4215564983405708,0.01645323546902162,0.45551012316834083,-0.6599708076682791
2,5,0.4079611918559362,0.501047135329346,0.35664559824814906,-0.08509769599295532,0.506035821227361,-0.7453626430157216
2,Aggregated,0.6693216908402285,0.3512637873355671,0.6829324183090583,0.2961088233306855,0.3583156765977979,-0.4331943162340339
2,Centralized,0.6681955332206231,0.35177048801594984,0.6815901177412823,0.29473223975153795,0.358863887402479,-0.43421186457996475
3,0,0.5700316800324216,-1.124289933809594,0.9844216273891493,-0.6264897307306359,0.8187642649275669,-0.4541897000565831
3,1,0.5637624816280304,-1.2043049364716354,1.0458284609691577,-0.6369357132792278,0.8793056351433777,-0.46404971958396807
3,2,0.3743155689606359,-1.704464571879668,1.0488349528407181,-0.1084296727143001,1.0381150054691135,-0.013861193428870752
3,3,0.3791779291426296,-1.6007209972883167,0.9545632133316188,-0.15839114493986692,1.0595604022309997,-0.06025352245899934
3,4,0.5305266787401369,-0.5477901900806408,0.2908626566940783,-0.4955815119453883,0.5967562104161487,-0.34363772356369626
3,5,0.5093045968979452,-0.4141846645081295,0.240724335414632,-0.5711354698989983,0.6024498815369707,-0.40838949819102693
3,Aggregated,0.4471819207916182,-1.3793904448099523,0.9209976916291917,-0.3208346969648136,0.940512177405729,-0.19582880782406464
3,Centralized,0.4477220760067425,-1.3788316421133235,0.9217644181068647,-0.3219960977551902,0.9396830198429055,-0.19677652436079007
4,0,3.06842057672398,0.4315075730262846,2.470238892979324,0.3282992042433654,0.2609247577482672,-0.4497492280569197
4,1,3.2100940409582597,0.4605573419642768,2.632561690288847,0.33217025829800395,0.2292742573440683,-0.4170804187447878
4,2,1.23681626381444,1.2300216099114396,-0.36159492238561264,0.9050723618518234,1.3501529781932002,-0.20424819157945795
4,3,1.2849305762124281,1.337757488436648,-0.26202256751140396,0.864305416821898,1.4455268643134767,-0.2833188789952651
4,4,-0.04120956284465176,1.012996421463473,-2.5200698261208414,2.268916461019752,1.1061644588431632,1.2910614234314488
4,5,0.5754845613630019,1.021727673957951,-1.9196730465131528,2.21067114524707,1.167954569360319,1.1654149768996416
4,Aggregated,1.6801170168549957,1.015371076654406,0.2820719310522759,0.8828760424784541,1.0405703056951434,-0.12857779144484716
4,Centralized,1.6877377939336025,1.0113587351610107,0.2944234132807499,0.8807992507522472,1.0352600707116237,-0.12873962932433344
5,0,1.8658043981443808,-0.6753220984207968,1.6411114342408584,0.3576629712433588,-0.9657401674828725,-0.4024489180469631
5,1,1.9943496003160845,-0.7807682124803274,1.7302746290362196,0.2715038377617141,-1.0290101396219329,-0.37575204082013647
5,2,-0.31900121083804117,1.5518972216050153,-1.8496502752059192,-0.8509591996822465,1.9613185570134635,-1.1475606405643173
5,3,-0.2600493829085782,1.533383779460999,-1.788642427311012,-0.8176459104647897,1.939421633553709,-1.147759531866055
5,4,-1.686447404906566,0.7970309380526035,-4.151866806084977,2.901345000664599,1.3512572363598212,2.7529266506706915
5,5,-1.3615099758144642,0.40097061568346665,-3.8448682217363404,3.214474897067348,1.0491985164238438,3.0119930336964367
5,Aggregated,0.19896256192753237,0.7895085030812166,-1.0742153462505033,-0.06108241479215777,1.0272088021834576,-0.4694354418125311
5,Centralized,0.2079428897352518,0.7799155983028532,-1.059799387287349,-0.0573199613795983,1.0150389340803896,-0.46689091365625945
6,0,1.6581396315871428,-0.5450589536368853,1.374335449611206,-1.6071978159923999,-0.16279153078863312,-0.20792295071405226
6,1,1.7956370390910705,-0.699774986796068,1.5006263101985522,-1.6459746539774487,-0.33845118438688915,-0.28025504557290415
6,2,-0.9616839992839092,4.0918365267147765,-2.6637564616655487,-1.6741922314549016,3.2583130629684893,-1.1911625720437624
6,3,-0.9112927082371,4.087391446333368,-2.6161025842259393,-1.694262678510601,3.220402325938181,-1.2256449354137744
6,4,-2.6801255070169514,1.1235698103436105,-4.728525778254428,2.3902771126206193,1.52861407512199,3.221182353990466
6,5,-2.519798429343168,0.7999810047630592,-4.552823637819406,2.665484593431215,1.1783511218819909,3.2666177413811623
6,Aggregated,-0.37126072386564035,2.3924214818340883,-1.711920169354141,-1.184128557503692,2.031797938729313,-0.42326999617787553
6,Centralized,-0.3603691946956783,2.373914608391874,-1.695062172740088,-1.1841977153252432,2.01775937662914,-0.4201977577125594
7,0,1.1764405384799275,-0.3561802780806805,0.8248621404730379,-0.1265514606929472,-1.5134990151822074,-0.5892904860473089
7,1,1.314882497191133,-0.4865310314246833,1.012472343823597,-0.2159778052408368,-1.5890076641110864,-0.6760309692069881
7,2,-2.9293830198331636,4.613910898826567,-4.488313710753701,-0.3157473261798722,2.3239624470949845,-0.2927955541861264
7,3,-2.9056073627372743,4.605650140717176,-4.465811726824788,-0.33247002631184946,2.2309739157836694,-0.36206699671214926
7,4,-1.7253650657872703,0.5216999164327192,-4.088072352172291,2.731759846368079,-0.17834015137950004,2.8689082374934425
7,5,-1.6747412440064395,0.20124544457126167,-3.9049437902303987,2.7628219096745172,-0.4231342675153305,2.8399115727792212
7,Aggregated,-1.5955514976580205,2.693299862608382,-2.889756149476223,0.07202052041298793,0.8942130885862482,-0.048688641995922294
7,Centralized,-1.5794220636482155,2.6740242952026314,-2.86834982396453,0.07200271009024956,0.8794990416795981,-0.05043455243577155
8,0,1.3322812323779067,-0.08017778642230163,1.371458268747705,-0.921824853160066,-0.374093475163382,-0.664762633221067
8,1,1.498051550183697,-0.12768565488047198,1.4045196461726892,-0.8996049008475819,-0.4903250257935002,-0.6924623443120613
8,2,-0.995067393994967,3.4055956039706574,-0.7451727820957461,-3.0430342380028548,3.564006773872951,-1.575532160995023
8,3,-0.9418276224291462,3.484141942194972,-0.6690309384397678,-3.095540584959622,3.553421029829626,-1.6411712501656408
8,4,-1.7616465387223514,0.1720256343540597,-2.5176386692372983,2.324712885564332,-0.8508639293482199,2.5852646181402887
8,5,-1.674487655066892,0.026186817525162453,-2.390575777196765,2.3792897778083986,-1.078183204306362,2.6560359836444696
8,Aggregated,-0.3777087072936589,2.052948629986935,-0.31283211887107754,-1.833762758117619,1.906028081039828,-0.8586803515993191
8,Centralized,-0.36817692658097645,2.0393744591921585,-0.3041963584817907,-1.8261632346484669,1.891098515282682,-0.855789272407298
9,0,0.5596603216209469,-0.5584958089198472,0.8998425338989683,0.38330165246271486,-0.6906664100856932,-0.1681627423118865
9,1,0.7624827290762501,-0.6849305258805367,0.9523317612672462,0.28889965213319607,-0.7647527452373067,-0.1832567543378126
9,2,-1.876186443040721,3.3466862894294374,-2.122906193227696,-0.7804283719249921,4.042457003821282,-3.0166074250952617
9,3,-1.8436260732415133,3.423359343365245,-2.0700552269114167,-0.7988332919610179,4.062392217844691,-3.110472389628678
9,4,-2.5449745926649,1.037470916180634,-2.358598915407087,2.698218928597874,-0.18890063993497527,2.758735046293549
9,5,-2.47224650399283,0.7646334076426167,-2.1146727318929055,2.7872087782999877,-0.3487666317183338,2.708541586432643
9,Aggregated,-1.2185735379010574,1.9620427066554464,-1.2543180528733375,-0.06431375132953288,2.198838145394697,-1.5777741422220626
9,Centralized,-1.2082256042122563,1.9464871373545924,-1.2422200635197955,-0.06073792360125749,2.180721652675399,-1.5676882046647036
10,0,0.7992682825628518,-0.006016809969759314,0.7914518726735544,0.1852105158695911,-0.30609208162504686,-0.7777952736696441
10,1,0.9874645132318316,-0.19823503242197027,0.8242911265611946,0.21390390303098913,-0.34237420176026906,-0.7861626623947519
10,2,-1.1567728201594913,2.9923268467384174,-1.376750181123324,-1.50637511753548,3.4121594100561463,-1.5882273345137297
10,3,-1.1524323208363123,3.0701684166808776,-1.299586226684024,-1.5198268886193527,3.4106883524173757,-1.6278218946272371
10,4,-1.5514443625027494,1.3740738910267243,-3.9429215158035396,2.1224599550842917,0.008490608559409571,2.4068380456400886
10,5,-1.3509339440074812,1.0737960447054764,-3.694176442648007,2.2893217884768786,-0.123145725104907,2.5078912650507683
10,Aggregated,-0.6071424637348213,1.9339684054331656,-1.0136546418115386,-0.5996908612852734,1.9523213758200908,-0.9065868597626119
10,Centralized,-0.598877584294777,1.9216871910789284,-1.0044222157214366,-0.5936814840611234,1.9381983425065938,-0.9040981681798061
11,0,0.8528074149515218,-0.8842948721477338,0.9591815777654309,-1.0260940231840823,-0.22031085490140512,-0.07344032566617421
11,1,1.0460356065599297,-0.8913785648555612,0.953288415546143,-1.0320406218751286,-0.37888350652147296,-0.11525863324164443
11,2,-1.6478949426732719,2.1058511015987826,-0.8653987703320252,-2.3708170578100725,2.6807046231388285,0.21979535628205757
11,3,-1.6174134728839826,2.1115906103186317,-0.8496000619385959,-2.4143953673646745,2.690838769674311,0.18962150137152223
11,4,-1.8463126341788916,0.5732501610139654,-1.882638260717419,1.6891111149592102,0.6305377869418379,2.4756121970809337
11,5,-1.7644453985745125,0.19024089689046647,-1.627401904399552,1.7615560027588424,0.3358546589301828,2.4021664608264555
11,Aggregated,-0.9193097520832735,1.0595167338058842,-0.44556338567456266,-1.53251212278861,1.5851252008178942,0.3763712082036546
11,Centralized,-0.9090110674712084,1.0478047434258468,-0.43807393898367974,-1.5277985470607442,1.5735983032378749,0.37467039640312494
12,0,1.0727677735303076,-0.4352883096821617,0.832920220228758,-0.5676868077829681,-0.2477639643197289,-0.4868474075204169
12,1,1.1796360161833461,-0.556032591815902,0.9083822446532077,-0.5423409223242939,-0.38041484033655215,-0.43534819325297863
12,2,-2.165724243487171,2.0109863036419076,-1.5751116958198859,-0.18342769172405163,2.0842910267557513,0.030002683503527333
12,3,-2.120513993981076,2.0100934321480772,-1.5164705421606446,-0.19518145315255206,2.050812493712067,-0.003576346536536295
12,4,-1.3110503051005908,0.36384852429011316,-3.0869509842162883,1.2047375080857945,0.9296474891088395,1.9296458466178381
12,5,-1.0525264124008147,-0.15360142724089434,-2.5128220579560803,1.37997213991562,0.6395714987087562,1.9374337202312935
12,Aggregated,-1.10439279714558,1.0800800271423532,-1.0036662523060604,-0.12298938015102259,1.2439473701742267,0.0990688143564666
12,Centralized,-1.0916466651311068,1.0702688452232414,-0.9935348199652257,-0.12457569113187922,1.2345033555910876,0.09688662849194818
13,0,0.5402921114813383,-0.04854327553636841,0.8994421788861947,-0.1851382571903405,0.21903677768034077,-0.8552648437899577
13,1,0.7717410474957301,-0.3202504359440686,0.9963745315903944,-0.16800092787941895,-0.036326298434336296,-0.8465565656867446
13,2,-0.18113555812817073,1.6349417344953252,-2.3634007892042126,-0.19514931097414057,1.3922643972643554,0.07567773314397917
13,3,-0.15281758726780836,1.623258662173081,-2.290606202661949,-0.1919274805855731,1.3474401747885787,0.022587648659859644
13,4,-2.1681594885123947,1.0057661674432157,-2.7539840570231697,1.7637472690955827,0.8074459817937111,1.9764542966147498
13,5,-1.9260515912789182,0.7636195841514808,-2.428765432024292,1.7891635008648377,0.7707995692948997,1.8740344942927676
13,Aggregated,-0.14920744719777504,1.0286674304116743,-1.427453100008204,0.037520133028521474,0.9401301056970772,0.009023784492861914
13,Centralized,-0.14536096776524093,1.0214364715117825,-1.41432579504175,0.03729174839785945,0.9349831366256148,0.005064935279037306
14,0,0.6577266803575067,-0.24432100929917186,0.6807668777266934,-0.09135217744407545,-0.14355726636870864,-0.6374086960818394
14,1,0.8044018637347449,-0.3688443854136368,0.6999933923863855,-0.05066873794634909,-0.23593775823194238,-0.6031317069311908
14,2,-0.2747092747232818,1.3869428439026101,-1.5124344247997208,-0.7627556816833863,1.391084611210305,-0.20074041167950732
14,3,-0.23882162345733432,1.3936417314149956,-1.4549402918299497,-0.763742760858112,1.353697048160778,-0.24043858696735987
14,4,-0.8247845561130246,0.5659871299583854,-1.9113750401252418,1.1871432638884367,0.1518566227256516,1.2483642351331001
14,5,-0.714881611885101,0.3686114634930763,-1.6282228739337976,1.2169787469750113,-0.04850661262681671,1.2329527100737545
14,Aggregated,-0.035193369289922255,0.8024650347088322,-0.8992185803028436,-0.34098557970537197,0.7771463310767575,-0.1662646045872785
14,Centralized,-0.031142347943024992,0.7957648956741252,-0.8903982239098199,-0.3384576299164246,0.7711552260867142,-0.16815271020786615
15,0,0.8383978982742598,-0.3851421550149554,0.708532311769065,-0.36744218638708537,-0.046403850932146336,-0.9346654188387977
15,1,0.9377384927117843,-0.46579465094143363,0.7482434820705559,-0.3772833405354149,-0.1635608550239131,-0.8470183604519839
15,2,-0.2824058919904761,1.2038683677177426,-1.471398484790547,-0.23527695095021567,1.1310912443218208,-0.18739143904127514
15,3,-0.24300771332638632,1.1868718964549805,-1.454241951739991,-0.22391079224229832,1.0898046189367094,-0.2454609103364531
15,4,-1.1946475985532665,0.5193798153902999,-1.5002420900089781,0.9843223255485337,0.6190792019874992,1.162119277209073
15,5,-0.9484478758747006,0.33509497276805816,-1.3679093603320047,1.0223913193721306,0.3040223377163455,1.0774392047965489
15,Aggregated,-0.02883392076804478,0.6469180731148728,-0.8373253022203346,-0.12853720933332155,0.6908049800638103,-0.2544725974595154
15,Centralized,-0.02399324951416769,0.6403751895949568,-0.8285301702226506,-0.12925362942218888,0.6859486562319751,-0.25730363823296754
16,0,0.7994541303145005,0.08070137267007006,0.347787197114591,-0.5025598392505594,-0.08042399673795696,-0.5397552416873755
16,1,0.8848050699580162,-0.07293110472898261,0.49163618902254747,-0.44106148758850244,-0.2043675081511674,-0.5357214628879924
16,2,-0.015345435801734168,1.5898134070243939,-1.6204644080764075,-1.316485155466687,1.250527150202877,0.0292429979505665
16,3,0.014964060211043063,1.5839079048498237,-1.5555255323502744,-1.3578365605704634,1.2509092743129009,0.0009611901210157548
16,4,-1.0060806593773113,0.8548105557955045,-3.060542509192256,1.1611912439695253,0.5516433097514276,1.497403589860814
16,5,-0.8210275660257,0.6793996509782024,-2.7805514779289737,1.1888698896215866,0.48822070601610956,1.3808608826102522
16,Aggregated,0.13409275284834332,1.043231278942219,-1.1709408547889428,-0.8029366608536919,0.7712175650204507,0.02166304920002494
16,Centralized,0.13757016673262376,1.037013428726364,-1.1624897036791957,-0.7999673773141354,0.7656687460978727,0.019264693197527657
17,0,0.640008697454789,0.05249562110503588,0.6503026870849573,-1.097599073287968,0.0056692630703572295,-0.0983395986229532
17,1,0.8183498605773066,0.026488958832603642,0.6294835958134296,-1.125868982004238,-0.12297094458894302,-0.06623072809755184
17,2,-0.3609273775390257,0.9726332491444667,-0.5126668722615174,-1.718069902651997,1.4665153095854964,0.2799270297828599
17,3,-0.3254322386236014,0.9750267454350005,-0.4413354642273705,-1.756541841231938,1.43148065088743,0.23238031989658817
17,4,-1.46643142014815,0.5770064779438079,-1.4953486269927667,0.6358336646179447,0.4766413477555108,1.3104376604175665
17,5,-1.2978162588137447,0.5674798901249521,-1.3919202477958543,0.6222696816463704,0.36117014291998845,1.1887848381868567
17,Aggregated,-0.15799889150149377,0.6624052093644575,-0.27087007618070635,-1.287914784248036,0.9026019079096381,0.2741456948009777
17,Centralized,-0.15354435717997397,0.6586726653845504,-0.26626382774703183,-1.2857623807108656,0.8968044531865406,0.27260016901972606
18,0,0.5261827772597857,0.00571042373960271,0.4081042442338068,-0.14693661388280993,-0.10011283100651812,-0.348709247283929
18,1,0.676174547181421,-0.089193171030229,0.49088389424320505,-0.21563615980599554,-0.22781773787197782,-0.29689564869318463
18,2,-0.735218904649136,0.8357398987828242,-1.1218389180336368,-0.061866456741214375,0.8448504881858464,0.128515103951212
18,3,-0.7049450730904748,0.8242686185904954,-1.0818057107185877,-0.04226591531964231,0.8402366364252534,0.06993676907707673
18,4,-0.7592624230051406,0.6103244979453148,-2.0091360174981174,0.8586091941596752,0.4433533733205677,1.071257618926023
18,5,-0.5870923950853638,0.3330371696970381,-1.8396417742475017,0.8354730869968433,0.36901417414990423,1.0925935805284295
18,Aggregated,-0.3395231991897453,0.5413210005763479,-0.7557919538868717,0.014498014288234481,0.5066323336032259,0.09224722260701568
18,Centralized,-0.33423696774599565,0.5377564059730088,-0.7493406750930521,0.013964610106970098,0.5026430963210929,0.09044350397689846
19,0,0.538955842580918,-0.526810307883654,0.4079255275382571,-0.30434144149655457,-0.3351962504665085,-0.22081805601287097
19,1,0.6998676785965421,-0.6032156060526657,0.5373574262451736,-0.3902906603572269,-0.4192092369272487,-0.20604307088979412
19,2,-0.15717721141228116,1.162779174934657,-0.8101702357199199,-0.46226277574819286,0.5344740703049564,-0.13474940318897158
19,3,-0.12214065334934898,1.1348521199259094,-0.7605538305474048,-0.45622119980789505,0.47622001532298347,-0.16114742483549896
19,4,-2.1122662646217467,1.1670481258282632,-1.8025768944241007,0.9114461282629539,0.8318052635796622,1.2062236455837387
19,5,-1.919969619484872,0.966735618470747,-1.603409381690506,0.9662517141198574,0.5407324653110724,1.0881157982532952
19,Aggregated,-0.13961912751126368,0.6527654263170397,-0.533535405108234,-0.2668994804031417,0.2755245511718766,-0.01780666883155506
19,Centralized,-0.13614140710280406,0.6457804320930745,-0.5282721938918025,-0.2666777106185864,0.27166852405416075,-0.01822926958145675
20,0,0.5825204895253352,-0.028548581781792728,0.4964682166268345,-0.33879896742180104,-0.07278285744829784,-0.19906135687345394
20,1,0.7065888561160436,-0.1606560315655044,0.5770697441529055,-0.35031713065730863,-0.15813892864173698,-0.18171166383124424
20,2,-0.1158871524714308,0.9713198604455672,-1.0810156238866193,-0.19455358061521105,0.8661339601701687,-0.29393906434183126
20,3,-0.08601169997090302,0.9853840808093557,-1.0129220174645552,-0.2051823531758312,0.7830685957088158,-0.3408837324390557
20,4,-1.4069970986650508,0.7797156775835244,-2.337784928705972,1.0268684889141044,0.5242834929946937,1.135357379943256
20,5,-1.2373511337992176,0.6072050622709175,-2.153202584218348,1.0184413640353347,0.4857537293749364,1.1384900748178863
20,Aggregated,-0.029512702763598436,0.6409686334002803,-0.734908625741943,-0.10055438802515494,0.5209686400245985,-0.11432228058122565
20,Centralized,-0.02620158550773253,0.6368258342151517,-0.7282458624233715,-0.10130025600938872,0.517220560370488,-0.11416047345442579
21,0,0.7485448202694749,0.08087777427217442,0.4209552519789989,-0.22775950179022353,-0.13734187844266177,-0.9443902133600222
21,1,0.8692609426662219,-0.02315509421147094,0.4371025208705652,-0.22712191273041532,-0.15596414434476197,-0.8908209684415057
21,2,-0.03053214378780444,1.223964527218992,-0.9953837816837294,-0.5072595659691588,-0.20557689828120923,-0.6511673340178499
21,3,-0.013308247976306802,1.1969201567749517,-0.934504701691765,-0.5093131040760683,-0.30124157441353144,-0.6794505034384506
21,4,-1.2220475127866106,1.0537044409396576,-1.8875453135468563,0.7011495207852744,0.5717904084324398,1.0484022020142554
21,5,-1.143926830250188,0.8582791297695987,-1.806552688216592,0.757667696160631,0.38986228764392644,1.0193172533706756
21,Aggregated,0.08065156146191908,0.8457103777131318,-0.6704290677598493,-0.28639943437684223,-0.13877388697614626,-0.5418107579612806
21,Centralized,0.0842991976076825,0.8409435654777375,-0.6648078356839917,-0.2854269197307994,-0.13878821168672084,-0.5430873625954058
22,0,0.4190119338393585,0.29757475341956763,0.45710638153224104,-0.3211990760642005,-0.1167813064274549,-0.6421482588898414
22,1,0.5746916893155999,0.08059489773622638,0.5112185532248456,-0.3370138908615858,-0.22405593271611904,-0.5667744383240473
22,2,-0.12075341967174391,1.1774823247418336,-0.1797024225729666,-0.4109585630608979,1.1109916085147131,-0.48722223794706204
22,3,-0.03781714453066138,1.1639882622096231,-0.0968345741253976,-0.42066772970089406,1.0816850894469625,-0.5205920316376426
22,4,-0.8667074231855079,0.6630585665490797,-1.4987821155708256,0.6488390808452137,0.40302666487960287,0.9641411749134323
22,5,-0.7128739879115181,0.4995352134342403,-1.4195287966991972,0.5965757070432283,0.37412804100666097,0.9647581844434231
22,Aggregated,0.0027122545172907006,0.8243025784782301,-0.11322393187317761,-0.27192583840960105,0.6553610728464601,-0.36382883591878545
22,Centralized,0.00530126100648444,0.820593297976738,-0.11047560427415329,-0.27182625866576793,0.650427209017739,-0.3644980445893326
23,0,0.4163121704621741,-0.28130509780827917,0.3426038848508806,-0.0856678073831894,-0.031163962540761512,-0.2947871938866751
23,1,0.5246587102161838,-0.35715227869918226,0.36745301606716096,-0.08699210594743333,-0.12302963005431822,-0.2530900239545086
23,2,0.08727638943875313,0.9586007935203985,-0.817329882544459,-0.7065157120155179,0.5171599734412693,-0.08330113560384014
23,3,0.12967147242162425,0.8942027706002603,-0.7417904836144101,-0.7219905305688581,0.49111247820197945,-0.12402223662175176
23,4,-1.4727651627282954,0.6726634846540964,-1.59982930297001,0.609592323224427,0.8602207769533448,1.027825109468935
23,5,-1.4843124372779057,0.5169316087071322,-1.404327887659635,0.7142195497407005,0.6763577692487802,1.0385831940449914
23,Aggregated,0.029009646863556407,0.5346223942101268,-0.5403698734569115,-0.3779118610730392,0.369431199548238,-0.02145061736710282
23,Centralized,0.0307365587895822,0.5296742008482614,-0.5356827387103109,-0.37569969657633057,0.36696307400007727,-0.022323165234700414
24,0,0.5240751642665599,0.01738687879504909,0.18446063124092685,-0.2666035401771259,0.1051344470736859,-0.2849738934046981
24,1,0.6073898626631278,-0.02864943682222789,0.32557084958595806,-0.28052381695927453,-0.02568861951248886,-0.2723653168434879
24,2,-0.3172658857841152,1.1005854882148844,-1.6916207088063513,-0.656493838846544,1.0082222399442407,0.25288304341829304
24,3,-0.28082458392221415,1.113436083837311,-1.6439275324559444,-0.6629568815539276,1.0380162533368642,0.21612266254531398
24,4,-1.2306596141055886,0.8351881605635114,-2.150031828551555,0.7406999322788942,0.49725429547667344,1.1147762303669926
24,5,-1.0900740828122701,0.6362031764822701,-1.8813654015091237,0.6648357898763776,0.6067982900982817,1.0078254648611793
24,Aggregated,-0.15240835156545895,0.7484329502422358,-1.1617544425296165,-0.39360172957316975,0.6897819539249874,0.18373953411236033
24,Centralized,-0.14876960580094192,0.7441302994849246,-1.1540041673733592,-0.39249552378697766,0.6861300424227353,0.18161444750952202
25,0,0.12967430580998393,0.2075006866172629,0.31567519669425553,-0.17835562102852115,0.057753018944224875,-0.5537603893798111
25,1,0.30596390363749454,0.08407765564922666,0.3566815787654779,-0.167310322895226,-0.030166875000782637,-0.5174483419945787
25,2,-0.7574757345217179,1.1597810769375445,-0.7533980243382934,-0.35565556287316635,1.2025273283107882,-0.5596569942735478
25,3,-0.7468882019924722,1.1660489045637672,-0.6822237018875381,-0.35743484080046234,1.1528988222504677,-0.6398644391054571
25,4,-1.645284132860621,0.5569137031374953,-1.1926516087165249,0.7740266721983842,0.6679854330513595,1.1664921132446473
25,5,-1.5215405820564942,0.5274773728560517,-1.0612029668499876,0.7822955862519245,0.5082071230295616,0.9617156828351359
25,Aggregated,-0.5722111390937188,0.8028166320100429,-0.46551469540312573,-0.17406687497160406,0.7795044164118325,-0.39046010700415623
25,Centralized,-0.5682061270017152,0.7989532666596618,-0.4611283973191263,-0.17357601158320507,0.7750055400464281,-0.3907643329657614
26,0,0.34091649416011716,0.1077413614026256,0.18462812865370853,-0.5644664817572627,-0.09056119591848304,-0.05977899891936334
26,1,0.5158814525061857,-0.007165405549555211,0.24975996876916057,-0.5441275300234745,-0.233944983896098,-0.03489209145762695
26,2,0.41654425953263763,0.7365630568664971,-0.6398251254167349,-2.664610924935181,1.4897045201281878,0.6030886361212177
26,3,0.43389505504194686,0.7261108986827403,-0.5767497109323405,-2.67224322839119,1.451193139011893,0.5515025922541223
26,4,-1.4485721144909158,0.8274347508280141,-1.308537597535781,0.06463997686502057,0.693810321049807,1.0579221243302543
26,5,-1.385619244726664,0.6605985276989103,-1.1712478281579346,0.20774040966646043,0.5335181059385139,1.0045287197644743
26,Aggregated,0.21454518042202295,0.5394092039863254,-0.4464273796202897,-1.7460285861067735,0.908447102760422,0.45206223717250815
26,Centralized,0.214949556342159,0.5366096279610884,-0.44284289259635307,-1.7381687246147366,0.9019600992914635,0.44950320678258576
27,0,0.31644953988112945,-0.16411429513081308,0.3831932910233842,-0.20736466447626378,0.028848978106005282,-0.35721378710672774
27,1,0.43720154074304884,-0.2859781090112241,0.40160279628478623,-0.1484416220336886,-0.19363937060221273,-0.33755248461964965
27,2,-0.11900674416787022,1.4761409683923559,-0.11764953461372925,-1.8806806020709883,1.3881642916053631,-0.2579543384118569
27,3,-0.08633007831725496,1.4500887851518762,-0.07071969445440564,-1.923828257764961,1.3663860565421404,-0.2836282977639435
27,4,-1.2764813872337237,0.766684394440533,-1.1557217982941275,0.5319689120069503,0.6072691985557389,1.0959973550007729
27,5,-1.300217517373782,0.5071678558852405,-0.8779569637892065,0.5476071485211632,0.5805694109561906,0.917043009703773
27,Aggregated,-0.10268335767077706,0.888879239547738,-0.061979963457198035,-1.1321728950678618,0.8728385630116335,-0.14584913417474926
27,Centralized,-0.10064325988906754,0.8825037287543087,-0.05971882812923626,-1.1259699287390106,0.8673725169234735,-0.14654464863442393
28,0,0.402099029728412,0.12973928987063252,0.3618673826814963,-0.3833447366113532,-0.17903889221392205,-0.296792114672637
28,1,0.5427052296521693,-0.019078073326314796,0.39507000803475545,-0.32258863518907727,-0.30160011092763583,-0.15868164193455314
28,2,-0.024712415487780366,0.574419166037636,-0.4172451490870413,-1.1354329013353122,0.8016373193636677,0.09689381577221035
28,3,0.022021219074191044,0.5809388097459214,-0.32354425345093113,-1.2177662504730482,0.7838697032659668,0.06335827121596778
28,4,-1.0595830478317914,0.5527230448072227,-1.13018724300792,0.501066245723513,0.45757910714944533,0.6830910694132237
28,5,-0.9399098583099845,0.42841756977715045,-0.92164590646249,0.5527880366062329,0.31643437098778093,0.5982473492856369
28,Aggregated,0.01851565563827931,0.4193542696759005,-0.23303702757450798,-0.747090591681729,0.45281507878374977,0.05708285658930817
28,Centralized,0.020731844198495383,0.41702795109546753,-0.22988135579608032,-0.7443543825689253,0.4488744639532555,0.055813592638384986
29,0,0.18233404181166518,0.09512328166500493,0.045496607022736134,0.028729797850700806,-0.16715152932192062,-0.19748326013539114
29,1,0.35625665697161285,0.0338290030274693,0.1396994713527183,0.006097167942424297,-0.29139883256745597,-0.15388338484980132
29,2,-0.23752783170970007,0.8952603718232119,-0.8635968538881972,-0.6764158473627314,0.8160726856385336,0.21878274052249153
29,3,-0.2058041385407219,0.8935064200343814,-0.8413497319986057,-0.6674789239735541,0.7444546201846728,0.216113557819064
29,4,-2.265433070676043,0.9813903648730243,-1.847067945589576,0.7756808233602205,1.2471459065759598,0.8346634487344374
29,5,-2.0366584733744206,0.6565670774554091,-1.5156740717854105,0.7440626545909944,1.0482237019760043,0.8954151790138345
29,Aggregated,-0.30383345219058167,0.6500714229001496,-0.6793133752014764,-0.31176870618076696,0.5358007711317858,0.180189811148104
29,Centralized,-0.30136020901859933,0.6465937632421933,-0.6750394258732565,-0.30935543069632915,0.531647730396965,0.17860227901184733
30,0,0.36997542026722907,-0.011814155999869442,0.3623299167264787,-0.05639359082060482,-0.1819757763929561,-0.42435773736357907
30,1,0.4779227146237694,-0.1349048182350297,0.33509966202423835,-0.10623179954902338,-0.4379909882070768,-0.32593395329699476
30,2,-0.3359963365630152,0.7226378540294078,-0.481571322377308,-0.342771181224234,0.5899411512524468,-0.36644583746276915
30,3,-0.28787286842681853,0.7070910608132882,-0.41980510687538863,-0.340346201251055,0.6018690789012676,-0.442303489141755
30,4,-1.5741151707209258,0.8829223173026428,-0.9564223312832598,0.8415355799348534,0.45009388318719995,0.7356333848082282
30,5,-1.326149335336916,0.6015514763370806,-0.7982875401282846,0.8540045215438883,0.3572205458127351,0.6512182944520993
30,Aggregated,-0.2336945166608535,0.494191709633069,-0.27269737325200016,-0.1310755840581872,0.3165996179276065,-0.27000030039251754
30,Centralized,-0.23051901359940763,0.4909977676328461,-0.269445624079297,-0.13039269317170804,0.3131065000288127,-0.2702239577707307
31,0,0.34463923898773235,-0.09259133782964606,0.2288424944192928,-0.009470173384098186,-0.24430407506654042,-0.25779204991220805
31,1,0.4952163641600723,-0.1824978450315203,0.2625544682577819,-0.02836421091673042,-0.3993458672155131,-0.1791527916741538
31,2,-0.5245084906307033,0.4080185445348894,-0.6121847031819663,0.2276704906276807,0.44461653196307566,0.20595195451140913
31,3,-0.47730664963308767,0.40934564783527727,-0.5610208060505358,0.22207992413327662,0.4181797077374693,0.12948605860637105
31,4,-1.6253867865298586,0.6899270861014466,-1.192082482121142,0.669355387010997,0.6874102210595014,0.8464510617103412
31,5,-1.1726033177096948,0.4316298788269391,-1.071624194824107,0.663832398721659,0.4953331477190743,0.7070674615561126
31,Aggregated,-0.34257542500736504,0.27104818608644565,-0.4128889972673007,0.20637867877120777,0.23589219577349482,0.12800398815820477
31,Centralized,-0.3385539126705584,0.26870863411908796,-0.4095007290889438,0.20538215999571172,0.23285499351207592,0.12628525397651322
32,0,0.35161448369202075,-0.2664761432720562,0.13140508414162846,-0.08444313445433906,0.016330804863733492,-0.1338762096231857
32,1,0.44640104170659584,-0.442698269120625,0.250278807563183,-0.09286627974274718,-0.09462811055231192,-0.011954330798470997
32,2,-0.4202033153507695,0.6681689915779038,-0.6182659018226474,-0.10839855915864735,0.5338797328282411,-0.07531309149897815
32,3,-0.3981753451753072,0.6387396306712181,-0.5590910998893039,-0.10524260292230268,0.5332547916331798,-0.14724367701415375
32,4,-0.8649130959823726,0.6004634056942817,-1.5256013657351133,0.3851272737659146,0.6450687800666748,0.8792953372107273
32,5,-0.8617717313786184,0.5240750438825559,-1.2765203272910892,0.4401649140501886,0.4668272759305883,0.812965434719586
32,Aggregated,-0.231858025916121,0.35674882068779784,-0.46063010035463337,-0.0420052044864066,0.37351478603412924,0.009566638311088102
32,Centralized,-0.22857490637845773,0.35278523243728216,-0.4573275361829726,-0.04200709747218677,0.37120412053081425,0.00954368017000771
33,0,0.35072635008238773,-0.14728031308159648,0.1497819765655685,-0.1276387467798825,-0.002106623875187097,-0.2635023346700877
33,1,0.47161194099843373,-0.1651629617896776,0.13700949771641235,-0.111584927772664,-0.1043486153759834,-0.20515979062210374
33,2,-0.4692358934395562,0.6853759833250483,-0.4742253169267657,-0.6516845064761279,0.6040553212634997,0.05872236736922418
33,3,-0.41492318665147554,0.661070458458402,-0.4115754227275938,-0.6601435061653056,0.596153324894968,0.027886969685452026
33,4,-1.2522029810713864,0.5765890950293756,-1.4625416131035927,0.6368311853119046,0.37535174327969545,0.6980594405812707
33,5,-1.0675768015365075,0.3343614240489362,-1.173543888632005,0.61899812225013,0.3502969485305849,0.6084896607309539
33,Aggregated,-0.2822350541763189,0.41269539769806324,-0.376925602280223,-0.35619204992992115,0.387340665863411,0.03452081442936468
33,Centralized,-0.27857619183734417,0.4092908959637601,-0.37437836029154364,-0.35441286864727994,0.3848182204541172,0.03324690954101486
34,0,0.5376791108132749,-0.20808428753938915,0.3327677334491122,-0.06790070468782386,-0.19704651686787372,-0.5775789174568507
34,1,0.5918858041129831,-0.28480866149945927,0.386461718997648,-0.08224880134322063,-0.2497278979659513,-0.5179108631333899
34,2,-0.27568972325324587,0.5878965382532232,-0.23559525207797496,-0.2295815322303399,0.3131918546218379,0.10684232163690466
34,3,-0.27497351862384334,0.5759347344688643,-0.1895974964016591,-0.23333509868194516,0.22853427262254714,0.08214012305749206
34,4,-0.8068758874163968,0.7911576255585555,-1.0972588088146424,0.627326819704861,0.32533244136352785,0.7003976883738942
34,5,-0.640851393288387,0.4730356699791984,-0.9677665190841479,0.5406915816958466,0.27544466209693047,0.5374718641533762
34,Aggregated,-0.08829194418830807,0.352465059002401,-0.14427870927405423,-0.09340234900822879,0.13391143873415562,-0.02764306456795452
34,Centralized,-0.08477460771833818,0.349193131997471,-0.14184441646484827,-0.09298208102331622,0.13179219025088051,-0.03032644875359361
35,0,0.3490872587981466,-0.03542817805760367,0.32673104366164696,0.07566304034559929,-0.12646108231375722,-0.38663326664709086
35,1,0.4550131820702033,-0.11538103756715873,0.3479948646802524,0.07334539557447305,-0.10042989057989542,-0.39920803001706656
35,2,0.18280360137930995,0.6378646237634972,-0.7287217158593315,-0.49146800808570124,0.47493482212450555,-0.21627140218429003
35,3,0.20412578410385046,0.6379108990569249,-0.6517313198050294,-0.5015761084014962,0.47976209449745916,-0.27829672475942663
35,4,-0.4895198572388913,0.4919871654426167,-1.5620678539109583,0.4402732649679682,0.3948060778893614,0.8039975057397027
35,5,-0.3245827480858717,0.3278159782457811,-1.2788066333237287,0.4582273500084426,0.17144281601580447,0.7215314864148659
35,Aggregated,0.18372744709008043,0.40916566142818195,-0.48230204233928203,-0.22576362751609433,0.28728715467165805,-0.1726404598924333
35,Centralized,0.18484513007680003,0.4063346178778794,-0.4778781398357836,-0.22366601522134255,0.2848334531776956,-0.17353695588044596
36,0,0.2845212449611135,-0.04762355075499488,0.18027539950811192,-0.15393672408434467,0.08690479882381727,-0.1798911344321478
36,1,0.355459783573905,-0.14732145984642225,0.22863196653527568,-0.11049943955455992,0.011180963513961206,-0.13298124669147643
36,2,-0.24982922100249966,0.6127432714040576,-0.6067770872530149,-0.20426697092978532,0.4566823538806481,-0.05202910986126914
36,3,-0.20690374706731113,0.5826868518735028,-0.5359599875437115,-0.20908568791281143,0.4261857107179802,-0.09985351172532743
36,4,-1.6440109471904725,0.8608658473288952,-1.4137393171422528,0.49944550746507854,0.7613888557788945,0.6964451110003848
36,5,-1.4963658976946959,0.6602732609408059,-1.1603347665349728,0.5588617147005794,0.6735731895376611,0.6836792060522418
36,Aggregated,-0.22675946807099462,0.4190191863793445,-0.43326332928218175,-0.10102889378329696,0.36171661563178287,-0.010827612135955091
36,Centralized,-0.22425512853039026,0.4160640284370593,-0.42998439207195027,-0.10093941444132805,0.360133752628105,-0.011261651150081025
37,0,0.34533375406120376,-0.03257604531244234,0.19936888296251512,-0.27053387998498707,0.06326711006571147,-0.28832458715482184
37,1,0.39984194522273164,-0.050044111619337854,0.23040617930122484,-0.3176642181509202,-0.05249857263497224,-0.25897149985472195
37,2,-0.2482401773226532,0.45462885570374695,-0.28416680974430125,-0.1719033008844158,0.6270317528847469,-0.19050863797103984
37,3,-0.24368895577376024,0.4390134528804397,-0.24415327490790553,-0.1747933052948612,0.6145477028772645,-0.18617589359785852
37,4,-1.3905451468167203,0.5617708625757226,-0.940826211352667,0.7311411248219412,0.2999145693977794,0.7085631553170341
37,5,-1.3283519248137066,0.5406629797055286,-0.7865389613078537,0.6228251494164065,0.5152496164285758,0.5199590367576024
37,Aggregated,-0.19820250807559459,0.3202053675790585,-0.19698546638451178,-0.10998077509546181,0.4215598431632513,-0.12039137628029037
37,Centralized,-0.19547926975746244,0.31822900329483805,-0.19486806883801874,-0.11067494911127258,0.4192843633035052,-0.1209983487408455
38,0,0.4324071172853642,-0.13630273343125185,0.23958143404889845,-0.30832972142003134,-0.02330883728010483,-0.2873505038898271
38,1,0.4819624582207277,-0.27388442772151644,0.27294610574444556,-0.25888308234681784,-0.20142446301667474,-0.15755770158092433
38,2,0.07288216597795297,0.8440772254287626,-0.4218817383358555,-0.8433298285712222,0.6102577672039261,-0.4783600366920569
38,3,0.08295824937102064,0.8495376620991316,-0.35157502344648683,-0.8334052053303117,0.5757444209353696,-0.5560069387153187
38,4,-0.9163874740779747,0.6874537008731414,-1.195948876879391,0.2974794594766914,0.769294669481731,0.9559122889045423
38,5,-0.7438878759849052,0.46217804587088324,-0.8974849850266045,0.26296898894300613,0.5638865285167525,0.718327393194129
38,Aggregated,0.08132822922111303,0.516883660003393,-0.2799458273117315,-0.5523804641642052,0.401163086432434,-0.2779626215700918
38,Centralized,0.0829872474047715,0.5128332071760826,-0.277201699617636,-0.5504759183661423,0.3983528485306519,-0.27714474895073093
39,0,0.31989131499215046,-0.12832208226478134,0.046016525295911825,-0.12016955892104351,0.025487809410190767,-0.07779783790896103
39,1,0.3971457017776889,-0.24077792153636968,0.16628252360092344,-0.10922081241363853,-0.07457446030418072,-0.0321652581457647
39,2,0.07094861679136608,0.6848029061484383,-0.9928186665071805,-0.11730940394511782,0.3221072311438804,0.12654302978604837
39,3,0.07512801481730741,0.7076100206211957,-0.9322925871255653,-0.12311826367220718,0.2946403388634319,0.10097362038015728
39,4,-0.49738470377047306,0.5522188253778217,-2.0584778614281802,0.5138781814886726,0.6799137040173133,0.6829909603607067
39,5,-0.32446493217567696,0.49396019770860505,-1.6913652010000437,0.45957994221936216,0.5761714626895641,0.5559226865211402
39,Aggregated,0.09852061397375848,0.4262342676504097,-0.7638756185411271,-0.04894359630477918,0.2505536939585026,0.12392061182987679
39,Centralized,0.09981231629454293,0.42283545079397444,-0.7594756431607079,-0.04888626517430327,0.2490528321928054,0.12316067801129041
40,0,0.3759865057434381,-0.29536850664821057,0.0944370057181677,0.034662521264796416,-0.3227611833965075,-0.047127964550236226
40,1,0.4764602917304805,-0.37585603429653175,0.08030460550672652,-0.02922412949294433,-0.41960330709401517,-0.007308137839185106
40,2,-0.4300197245919642,0.5759949226591478,-0.7290738418248262,-0.1329688459767766,0.5819528972778589,0.19998335516044957
40,3,-0.41830568016209874,0.5867165176767677,-0.6878831812314962,-0.138792196616719,0.5636631743141435,0.18226579713703625
40,4,-0.7973159004879764,0.2000708341557074,-1.141383410333986,0.42912521120237784,0.39641255458599406,0.7523709247473114
40,5,-0.7560462115468132,0.2899312601001845,-0.9475330925585566,0.41012326267048105,0.2791729533750947,0.573675299696874
40,Aggregated,-0.22317977445585593,0.2823545279934076,-0.5210819639726765,-0.03272921444444628,0.2777719930183101,0.183320461670544
40,Centralized,-0.2197409521367507,0.27883259069131167,-0.5178097781137132,-0.0322752933319409,0.2740929526287996,0.1823453678824794
41,0,0.2697122382563685,-0.013903508318435067,-0.06673854792928162,0.0029450907459842874,0.10665259631926555,-0.04780888586118239
41,1,0.3590664653810693,-0.09531072074524986,0.07380352158036209,0.01709173878669976,-0.022859538620583337,0.04612810351788097
41,2,0.10094518182094318,0.7615201304606627,-0.6860590566793243,-0.449979596830943,0.03338325552050644,-0.07621517873707162
41,3,0.09215090522836276,0.7863425542735983,-0.6523884729072468,-0.4538013413229015,-0.02667282909057265,-0.09107805508360162
41,4,-1.2650069513490334,0.3693068093837954,-1.7714478751362637,0.6698013662385356,0.8338670272085412,0.7356089618445012
41,5,-1.0786527679504263,0.5010581930736315,-1.6012326581959033,0.4906741114664392,0.6559766034442958,0.6654832000491127
41,Aggregated,0.01273963168575307,0.4997647732319723,-0.5950033799449166,-0.20219856060193966,0.09946284781236198,0.029925358144833488
41,Centralized,0.01395466993586822,0.49657929015976243,-0.5920807064667504,-0.20068599621170047,0.09922796503361293,0.03012544700197475
42,0,0.32583361056751614,-0.03836737707898695,-0.10218568440265371,-0.09986305242868015,0.1327132636744071,-0.25142716338573623
42,1,0.39520511876172554,-0.09993382416757145,-0.03049992873754588,-0.08929551314187084,0.06864516181548903,-0.24466105361381535
42,2,-0.09446771378881126,0.9033081144478791,-1.079398601310336,0.08681146780444834,0.5375328352755882,-0.06692739200526919
42,3,-0.08999165673814799,0.883114234811018,-1.0175821077010927,0.08268897417063956,0.544132213414092,-0.09380743621073871
42,4,-0.39048189395271415,0.6424157622832665,-1.7606980061801103,0.5495921010468545,0.4376906247030164,0.8365996051194136
42,5,-0.20254070360767226,0.5016557462461161,-1.610049176606921,0.46477464381998623,0.42035869195849074,0.6646890900929392
42,Aggregated,0.012868123942161726,0.5830636445952415,-0.8427510986906366,0.08234312847932371,0.4030105740610969,-0.03254324701297309
42,Centralized,0.014718221526177732,0.5793025682369372,-0.8386845311951266,0.08153809558585229,0.4013532710710938,-0.03340269134671939
43,0,0.33835052760437984,0.04141597218945705,0.07425180702823288,-0.2505587567351823,-0.07941493389747024,-0.23872660146686653
43,1,0.41562921747185044,-0.04526895146732094,0.09781836700731383,-0.2914548871662097,-0.20689017050163813,-0.0984115150534954
43,2,-0.3526873401225338,0.5884542930435667,-0.41718342734348063,-0.03979861298654547,0.6189662429577931,-0.15794725762216938
43,3,-0.3337432947041363,0.590932731157893,-0.3636408761854014,-0.03805484742538481,0.5935256754863281,-0.23054073596910712
43,4,-1.105379281295359,0.5085979170385994,-0.9319312655480949,0.3124872889614225,0.7575953833641564,0.7826409331033353
43,5,-0.9424442994703361,0.40397370581519565,-0.9615788724682659,0.27175725912236265,0.658266844397573,0.6750858590424043
43,Aggregated,-0.21688627455173692,0.40638198443765405,-0.3190170580463085,-0.06680719925256294,0.40513200203886296,-0.0809410604416003
43,Centralized,-0.21385945828873668,0.4039925474532622,-0.3170484529639637,-0.06778007684337853,0.4021918628928252,-0.08106489555949953
44,0,0.2787382784438766,-0.16339737787723294,0.14071135925031383,-0.15184100836810632,-0.16982543816493445,-0.014070157532770173
44,1,0.3596062004504325,-0.21369995753539175,0.16364583569162325,-0.12380557995517412,-0.2978958793927028,0.020455320565831592
44,2,-0.09597144687275028,0.48441624420719165,-0.28714275656968125,-0.49366158422511197,0.2387574755424946,0.03882053283820886
44,3,-0.10632093146175742,0.4867384746612839,-0.2265197474123503,-0.5229801573148886,0.18121370610436272,0.02451202234476353
44,4,-0.821138779458064,0.345935286375641,-0.9525637998779298,0.4170728430582023,0.4301383573580035,0.6153809927600302
44,5,-0.7330460137434254,0.27044924065350084,-0.7790617922432943,0.3433116492625291,0.3264432539418925,0.6161176384052891
44,Aggregated,-0.05942449305436194,0.27378773455749633,-0.2106301973235399,-0.30107841935750596,0.10328409091946443,0.09065908744151392
44,Centralized,-0.057644063319595644,0.2711491838335808,-0.2087895589596104,-0.2998333333725931,0.10140121526562866,0.09042535743712321
45,0,0.30395181093534773,-0.129191809099225,0.08558974719137055,-0.06303952357543226,-0.07690905387987003,-0.1038141085558738
45,1,0.4350388675631475,-0.16335253352850912,0.033635960793540705,-0.07696286953179242,-0.13859116204866034,-0.022938789484995097
45,2,-0.1949492510082281,0.3647999210960234,-0.5179683677908513,-0.1268379003922509,0.5264534039756713,-0.07328931384751682
45,3,-0.18096814779781145,0.4012960606788042,-0.4453878263596215,-0.11378285698606623,0.5096334055366731,-0.12721425593886032
45,4,-0.9983162367224703,0.416417570176039,-1.09726375873204,0.2567058916479925,0.6961970537452522,0.740563998123679
45,5,-0.8690014188213395,0.2747963940424095,-0.8979311584160399,0.22324575614385495,0.5051970237096072,0.6625385571993027
45,Aggregated,-0.11530808828664052,0.2284476246347761,-0.3872282561054957,-0.06464868821951936,0.3498414626280295,0.002300537694075358
45,Centralized,-0.11300603724447594,0.22625465056289953,-0.3848343262624498,-0.06455570215883659,0.34737008748053805,0.0023229231086557512
46,0,0.1763273759999958,0.044872119027820526,0.08994275219753067,-0.12508242760352045,0.030049767917006164,-0.1311311318900523
46,1,0.33697433227461254,-0.03915996538570686,0.10799477373325812,-0.17638591888506347,-0.008488803129276738,-0.1705532274738162
46,2,-1.0197079235627418,0.6849959654076265,-0.5923309277078076,0.016746700555139642,0.5063515047440121,0.3779060335647187
46,3,-0.9889179478772233,0.6656096202687163,-0.5498304871702333,0.02865084630844605,0.46012128203574765,0.35433859962349334
46,4,-1.2684428961546115,0.7707042106382406,-1.227924685092026,0.3731004680119116,0.6400216391298003,0.6124583504508513
46,5,-0.9272206225870528,0.6142708267210127,-0.9159654042261706,0.42251536682007335,0.31843355214582625,0.5962836343547913
46,Aggregated,-0.6570021090474398,0.48633501423449255,-0.43834090338345155,0.01653117228490657,0.3486220976013432,0.24669140710984672
46,Centralized,-0.6517595822191111,0.4835583308283847,-0.4354382367968908,0.015748767871796687,0.34642909111369635,0.24473703269643224
47,0,0.18575592406718427,-0.09855936781855147,-0.057800249291239246,0.0458886864355791,0.08452883858157263,-0.11501209741849346
47,1,0.3272606670594082,-0.14148044180589353,-0.04398925942418523,0.0663333864665,-0.1565902024761106,-0.06720698843994873
47,2,-0.7336162634019847,0.649844950513661,-0.5218294146636708,-0.17742615135551557,0.2651817561777836,0.25085732022813856
47,3,-0.7306980624738567,0.6579454738529075,-0.4803677020006645,-0.17228034923528324,0.25486112268040223,0.21822705184240898
47,4,-1.0093725918619572,0.6000950793950217,-1.2406319364827203,0.08395756480554768,0.6423641952072339,0.726627818232651
47,5,-0.7789132764123233,0.34337734435639605,-1.1287072396368687,0.13036864388105174,0.5825534467008426,0.6340428132175498
47,Aggregated,-0.4700284382884308,0.4132222131185453,-0.45176656467234033,-0.07688327472675102,0.21643241285861747,0.1932696128455749
47,Centralized,-0.465981150833564,0.4100187113929624,-0.4498396051165744,-0.07589532875107849,0.2150469806722884,0.1918839817146124
48,0,0.19709651747854726,-0.11528420438143999,0.06178511990935013,-0.136531625410783,-0.14140099497656533,-0.017771444988205876
48,1,0.30020934402125454,-0.060774039203551664,0.14304279949287324,-0.17927935925557842,-0.2863475394108725,0.04488179404509298
48,2,-0.09874104447979182,0.9410934592032795,-0.3294580338121272,-0.6514672588953668,0.8135577124727386,-0.3807037927018574
48,3,-0.10501212611164099,0.8836205738647351,-0.28019097898127193,-0.6662680804653462,0.7450911541007288,-0.37495094720814176
48,4,-0.8596520605029128,0.6973507179509332,-0.9281398447765175,0.4156956851669611,0.5084586215365803,0.5460683651900671
48,5,-0.7167767969438034,0.3530189169041972,-0.7704605438268095,0.38138586049962175,0.42666685500984386,0.5004423534343031
48,Aggregated,-0.0811648672434197,0.5838331879380428,-0.2517183823735387,-0.39518331275074353,0.46150185621693807,-0.16321109587750815
48,Centralized,-0.07957476137025063,0.5798236900541001,-0.2499167362862868,-0.3934457536239831,0.45765613048498666,-0.16184882845877183
49,0,0.36196815083756967,-0.1303085717119657,0.08906377084117142,0.021821147308690225,-0.0852568955326129,-0.2454661939899897
49,1,0.33906243580158285,-0.19208541648195845,0.11576262649636285,-0.019773738679220366,-0.10141424642996333,-0.13218873341506662
49,2,-0.4808449696539196,0.7420753974244206,-0.4768044084099091,-0.237994074340507,0.72140290172174,-0.19431717512082658
49,3,-0.4520763258802308,0.7646473042857344,-0.4185175308491425,-0.25170795923157874,0.707092609704881,-0.23369053183037727
49,4,-1.0502518457895367,0.7297703987097388,-1.2331836059614458,0.46539295304095474,0.6965980880215327,0.4981178211592008
49,5,-0.787058571259941,0.4623709185855134,-1.0785057208952813,0.45225405443852973,0.521393770336488,0.5363679697497933
49,Aggregated,-0.28641166558012654,0.475608644368001,-0.37279736913789396,-0.0942226816150249,0.47284692434192677,-0.12287635534191085
49,Centralized,-0.28295372381996076,0.4718388579812317,-0.37038424419221777,-0.09340486900933119,0.4696078120567972,-0.12296513749927213
50,0,0.2596252030403536,-0.24641142895616944,0.14496002776833525,-0.11314260557250787,-0.03557351840233167,-0.06717511069350011
50,1,0.29838951610498116,-0.22397921159543735,0.09137160372286666,-0.19839144225597316,-0.11608089243411901,0.013989288082017905
50,2,-0.18869180430679344,0.49273284988507476,-0.07899502851612389,-0.10562371879177374,0.4403326816603308,-0.4188809158414136
50,3,-0.1671571817238379,0.503014386764867,-0.04027285395189281,-0.10489069743693694,0.43817633212932444,-0.4613746881097231
50,4,-0.956227860261762,-0.009490163924227761,-0.42051360592757375,0.5329403414447618,0.4689269836597336,0.40091311992478135
50,5,-0.7176473186122264,-0.24605715682590698,-0.3602036986122447,0.40871954011719097,0.43673616893307976,0.42262880790547824
50,Aggregated,-0.12386175942180479,0.21786731831405073,-0.04712913694955279,-0.0534398299822241,0.2945562255562784,-0.22486980640612936
50,Centralized,-0.12175382563458587,0.21492640016779715,-0.046311288705502975,-0.053780582206401126,0.29249954447909404,-0.2234234191946625
