Round,Evaluator,0,3,1,4,2,5
0,0,,,,,,
0,1,,,,,,
0,2,,,,,,
0,3,,,,,,
0,4,,,,,,
0,5,,,,,,
0,Aggregated,,,,,,
0,Centralized,,,,,,
1,0,0.31549359171219116,0.32336148900631784,0.3209655544462689,0.025146598213958034,0.329766659506631,0.023785795191492723
1,1,0.3506171013235341,0.3594466477737873,0.35666506683365845,0.028263178944562557,0.36652444268183987,0.026756681312700238
1,2,0.831014238690021,0.8633526057356357,0.8396988613787519,0.11928657278553897,0.8763247502380742,0.1158314636490209
1,3,0.9585451683248738,0.9968675020934497,0.9679055504394805,0.1436323033563846,1.0113219724924252,0.13965938569776604
1,4,0.2582832841233344,0.26257117648912437,0.2642365839696762,0.007017726178083524,0.26891384962089776,0.005881825731226827
1,5,0.2766201422969406,0.2814978896101038,0.2828485883567874,0.008948421590758319,0.2881655984090221,0.007732074885788067
1,Aggregated,0.6632336999560274,0.6873714712964113,0.6709931267426058,0.08753396000923634,0.69827732567184,0.08475891516978587
1,Centralized,0.4720418305775861,0.48698822216571924,0.4787560585114367,0.051272305524835256,0.4955811436878937,0.049273934666615164
2,0,0.014819111124946762,-0.008330361564307432,0.018411677431138997,0.023469245526831214,-0.008243370530598298,0.02530770948495405
2,1,0.016420043109435872,-0.009134018319182046,0.020392967999414185,0.025882101183962933,-0.009013305415686498,0.02778450111309355
2,2,0.034502402132217794,0.0005950314433920649,0.03879112161694087,0.03289515120090991,0.0009185644570989063,0.01200537778503975
2,3,0.039456977424406965,0.0034987272949502978,0.04379525179513645,0.034752197869335075,0.0038726927519043474,0.0076571708518924884
2,4,0.012977304536347573,-0.01307115234554015,0.017293324033575256,0.026462352361249657,-0.012990548012339325,0.034698130887025856
2,5,0.013792157618627397,-0.013382598527138183,0.01826470292499243,0.02757830365554002,-0.013308825185082022,0.03568932739552448
2,Aggregated,0.028204764502137453,-0.0027679243410254203,0.03237683218177581,0.03044478094455575,-0.002519900557878111,0.01749015607272503
2,Centralized,0.020939588425565963,-0.0067653623921541065,0.024999163076369166,0.02763953591330696,-0.006595592228731234,0.023806572330846362
3,0,0.004694323705835574,-0.05794116597769325,0.043452903846954015,0.008049613947689464,0.014182408680162989,0.007724674467672609
3,1,0.0057293025844700396,-0.06593781680416792,0.05012308159934244,0.008348535982678538,0.016854327317014337,0.0080584325082255
3,2,0.0129107842332767,-0.0902645149803309,0.06108736114147716,0.0018651422558011838,0.04375027889419951,0.004563912758196254
3,3,0.016399716070270538,-0.10039324372677791,0.066841879150194,-0.0012861702186992728,0.05299549578929699,0.0023615256614677067
3,4,0.004713291259962126,-0.0561966286113016,0.04331009023460476,0.010765615128047534,0.007809086346714822,0.009816105780746386
3,5,0.004954044990193311,-0.058085260180345426,0.044933848679905374,0.011254167129727063,0.0075245421716524,0.010325317781601534
3,Aggregated,0.010845843936329006,-0.0814623369588447,0.056808522772840916,0.003766579540847534,0.03436903011350668,0.005479169731167853
3,Centralized,0.0077229001754821665,-0.06949406087280158,0.05044908950026594,0.00663225838896668,0.02263533140191953,0.007146667378470046
4,0,0.08576482558718673,-0.01311818537452733,0.09356462280999675,0.016519140954917574,-0.019086931309083226,0.013751269930357739
4,1,0.09877197261990309,-0.014454925376230079,0.10742093760660772,0.018051202304625404,-0.02247770566854189,0.015029789331059041
4,2,0.0625870736544246,0.0337568395297756,0.01640987655573711,0.04534935717224664,0.03913888704129497,0.013344349924705706
4,3,0.07381977082852055,0.05255368839438019,0.016401413693852965,0.05038278558017102,0.05560538918105256,0.0068556343244788355
4,4,0.05003646035776369,-0.018489140975935386,0.048027117069427125,0.04848762565783825,-0.026545382384198662,0.04613225767519324
4,5,0.05472563737877983,-0.022882063467606642,0.053352418005651485,0.05039584787661959,-0.029842427970659488,0.049610293132399216
4,Aggregated,0.07321958457811298,0.019654943139149703,0.0442194929141298,0.03936357553474709,0.0193414316458373,0.015656062841317972
4,Centralized,0.07383067041863857,0.0006970720586819077,0.06232055450276126,0.03416445450809068,-0.003106529846766848,0.021778931782113996
5,0,0.05919946390303599,-0.05510449984046219,0.06127180666813636,0.020129745302725877,-0.0552136524365374,0.015175678996023916
5,1,0.06732817934810599,-0.0625437362036638,0.06925741667446934,0.021748777435539903,-0.062178424793254375,0.018392892469501914
5,2,-0.012763699057674329,0.05116096836062646,-0.06580621951716248,-0.02364908079218636,0.06815276974917847,-0.03354218096708889
5,3,-0.014415088966792694,0.06780032196976439,-0.07844273526319336,-0.027778533702757298,0.08476355589519759,-0.042704223889830056
5,4,0.011386700710542064,-0.0541061175598531,-0.004712185805450416,0.06450022753776137,-0.04788896499006717,0.0630303885272791
5,5,0.012143676283912688,-0.0631848288328943,-0.0054708657392279255,0.07109745618071675,-0.0526268987507216,0.07206615717975938
5,Aggregated,0.0111448852416592,0.012322021220660548,-0.025414555565804523,-0.0017273782625855725,0.023528639158000648,-0.010396572466266473
5,Centralized,0.027176805630278213,-0.024365939431072212,0.0070350293584733265,0.01953088747162604,-0.017290419752029346,0.014096560842732872
6,0,0.05367502829082447,-0.052948559406095996,0.057392615266892835,-0.0003758262894059524,-0.04458631800762665,0.008823796091005861
6,1,0.058694337218835824,-0.06007083323945843,0.06313441409650665,-0.000558146586672692,-0.05147414004906433,0.011278766408891234
6,2,-0.03475220826651938,0.1398810765008079,-0.10225794868453233,-0.05349658845305537,0.11695455557901692,-0.030579090386240997
6,3,-0.043511605766559075,0.16973514459299027,-0.1234518238083189,-0.06513631696284047,0.13661895469042643,-0.04032430264790775
6,4,-0.001688422735159928,-0.03890334540563913,-0.007855022689175095,0.059825061735621965,-0.04345122134128226,0.059198402639488695
6,5,-0.0025730414727999826,-0.04421155674853082,-0.008072945736629778,0.06646201476377905,-0.04901583590071057,0.06474886668794136
6,Aggregated,-0.007817419423158167,0.07225315973718388,-0.05165189680727253,-0.028542452040877485,0.05727726191952994,-0.011342491344967835
6,Centralized,0.013219750090297348,0.008274635285310888,-0.0074870788619579,-0.0007023303189721207,0.0028953319179343974,0.010448524426976531
7,0,0.040933753670330406,-0.04044809437815961,0.04235202407797612,0.008880229219173606,-0.040923119439567425,0.002445627907633354
7,1,0.04452472749641745,-0.043647669474148276,0.04777435781286049,0.007679930631021514,-0.044302666485348675,0.0014824876347668424
7,2,-0.10572768989479694,0.15104679965364542,-0.16115471748889273,-0.0018770477170569225,0.08347721736347148,0.007178112540848168
7,3,-0.12850436602823084,0.1827030222119653,-0.19492694210901632,-0.0007532918544419787,0.09754972939931421,0.004693185113517051
7,4,0.0008282077778686321,-0.03179017241967415,-0.01061882063583827,0.053221726640765195,-0.03162925555885911,0.051703721076165936
7,5,-0.0002846770355396538,-0.037301383911473765,-0.010674477767073344,0.055068567853439526,-0.033612756589166196,0.055835950332211955
7,Aggregated,-0.058246764058731915,0.08441947802181314,-0.09546634596788506,0.007778638453899019,0.03857107761041834,0.010301342401988423
7,Centralized,-0.014320624948160332,0.019917403702393303,-0.03349450755957486,0.01735976000723116,-0.0015532027317748862,0.016560916200500053
8,0,0.03377944062442607,-0.024400496967346967,0.03220241968968469,0.0026784676589809275,-0.024369602522748238,0.0007451326264165443
8,1,0.0373268020383375,-0.026277883116478787,0.03358501998155741,0.003992993506852215,-0.027063985983845393,0.0020350828012753717
8,2,-0.038200537692073294,0.11061546769278321,-0.01847959174683311,-0.10694666550846195,0.11822148528414708,-0.042486845001432606
8,3,-0.045781838754417006,0.13845070717496383,-0.022054199545229285,-0.13083413919659395,0.14349894028119242,-0.055271584809806325
8,4,-0.008140912056195484,-0.03365671873951616,-0.009875071131565409,0.04860199211280637,-0.026879966761091625,0.04976768416742382
8,5,-0.008871435941958123,-0.03641278466420616,-0.011409895450122444,0.05298106583713366,-0.031578771241438944,0.055082185710729537
8,Aggregated,-0.016126948611173062,0.06365156742445684,-0.0040666349075338965,-0.06469747450332,0.06801496545121269,-0.02297114989446042
8,Centralized,0.0015852195629989963,0.015080459787358579,0.006069447374573785,-0.019185425166250356,0.018288621450111092,0.00032138220445351493
9,0,0.02586052538379617,-0.03365889589768165,0.027708696588127038,0.003960502845275112,-0.020362725242915818,0.0034194447911982105
9,1,0.028380988213805036,-0.03624096415085417,0.028344739371629492,0.0031076736067461148,-0.02210287083359142,0.005144717019124423
9,2,-0.06974792359510869,0.11505970421362333,-0.07580994068308125,-0.015022973355162344,0.13194105572696174,-0.09509326504258701
9,3,-0.0846519223995719,0.14172531648175904,-0.09037511644203307,-0.019575739304190806,0.16234797264120054,-0.12125722740782163
9,4,-0.01722361287583395,-0.03412837478012887,-0.006265182651324475,0.039821590660983765,-0.01893310061726551,0.04930566406343524
9,5,-0.017960170677316374,-0.03892954493774818,-0.004932496286544097,0.04099189898587554,-0.021109374711637784,0.05088977792207741
9,Aggregated,-0.040732481009559,0.06307130825494833,-0.04264058794689565,-0.004756548449116873,0.08013591931259995,-0.05806641301440269
9,Centralized,-0.01451815420922094,0.011560355729300696,-0.012683330240763799,0.0071579996663946955,0.02725790691157728,-0.015845460905380266
10,0,0.023946341599930292,-0.018676130873771207,0.02404180252442617,0.008138674111514031,-0.010195588504329766,-0.0013690962427189701
10,1,0.02662713357016594,-0.02223723198366801,0.023827895149716234,0.010439185440799376,-0.011518832474699122,-0.0012968391231277427
10,2,-0.0460192309153611,0.09993559086192581,-0.05498969434764539,-0.04693826229968204,0.10581978678133917,-0.04194744666593076
10,3,-0.055037233997354086,0.1236384238236322,-0.0626296024206785,-0.057377677449406604,0.13191980915681648,-0.052721525100555035
10,4,-0.008104512312574096,-0.013614798459230215,-0.027314888698887818,0.04569611292656908,-0.013882030376221863,0.04929720916453337
10,5,-0.006412462280946061,-0.01847683344520426,-0.027295913882893312,0.050301962155058604,-0.013470076666550802,0.05304617586033811
10,Aggregated,-0.024031329964284632,0.05955567550266545,-0.031696292336858056,-0.0232077719338707,0.06681181893792425,-0.022959592226938868
10,Centralized,-0.005082538601464761,0.018602520783782866,-0.013231478534010552,0.0017013474097308824,0.02543105065679181,-0.0007722770921753466
11,0,0.020565400651959692,-0.023201933971960305,0.018466713696258547,-0.002551838160908396,-0.019510948985934348,-0.0039058459118716414
11,1,0.022730622503483355,-0.023805359200877573,0.01709320482732079,-0.004527008995278315,-0.02381008543110023,-0.0015981102860972575
11,2,-0.0644091773111994,0.0713025797801772,-0.032143737012048354,-0.07104008614728594,0.08308599782573031,0.01827709361221985
11,3,-0.07790052565612997,0.08686551023769273,-0.03863948539167223,-0.0885650365940872,0.10293841615227037,0.01888591157026531
11,4,-0.02010424278574519,-0.012819160114880317,-0.016009589097182014,0.04286895641208705,-0.03662422350541113,0.04175252444518713
11,5,-0.021378545207779286,-0.018115995420213332,-0.015916153415281898,0.04467642670905733,-0.03920172507811198,0.04333565612473418
11,Aggregated,-0.03901382849591602,0.03909565409990605,-0.018062280210401162,-0.04395586640702369,0.045415016616238785,0.015275796544309859
11,Centralized,-0.016045324778175156,0.008079165425994263,-0.006306203360501561,-0.012869869521549336,0.007043378051877514,0.015115714084659159
12,0,0.022440657385066246,-0.019414243162941505,0.02695415727213531,0.0042180192521648705,-0.0195280020699588,-0.003914231971833092
12,1,0.023397399886099783,-0.022030357635773424,0.028558047144344227,0.003579708241808354,-0.023284499245172265,0.0010142246967829052
12,2,-0.07950776841447213,0.06687867361842502,-0.06306320078029007,0.0014887935980946098,0.06871119734853466,0.012211272290339728
12,3,-0.09646194998713362,0.08144410563440246,-0.07378036409764574,0.00032624870445106135,0.08474349768405764,0.013010169404060499
12,4,-0.013760319454081385,-0.023093020127843176,-0.013201802379528485,0.041278438513749044,-0.017554873103482586,0.04446514165667815
12,5,-0.012996743122675836,-0.03185675364714789,-0.008424627585672546,0.04575630361612513,-0.02165972484363474,0.046926481131832155
12,Aggregated,-0.04792566328660258,0.035546927142941095,-0.03449611277635455,0.0066503614122002275,0.03779892896288404,0.012417771505855258
12,Centralized,-0.01835544961170231,0.0048353528070494,-0.010019353387349548,0.013297558172386741,0.0072828069725769246,0.014762866179692136
13,0,0.025086862695484876,-0.022254195395114786,0.025947131528539606,0.001342153244569213,-0.01980235619778439,-0.009788895825555397
13,1,0.027375203980174588,-0.028890543254203094,0.026949985294469847,0.002873324212925392,-0.02468893026424085,-0.0077712873848564835
13,2,-0.012462767596943945,0.05415042062953035,-0.0911430224521544,0.0002826524959454972,0.041953218275361685,0.010318698702685859
13,3,-0.012319260818933515,0.06554754245320923,-0.10716242055587773,4.876042749988072e-05,0.05210842384015335,0.009323993082698065
13,4,-0.00816249817533071,-0.022627685104061133,-0.017922868164494874,0.04048280354433284,-0.02674978599152331,0.03997664774327974
13,5,-0.0052005466858585795,-0.02737431580171386,-0.015021753124492795,0.04169972462772111,-0.028402061013098993,0.041960321246905186
13,Aggregated,-0.0007685832887956517,0.025849141864905535,-0.0539929464465906,0.005417165544197166,0.018791689234208667,0.00811650009269969
13,Centralized,0.006319192159250215,-0.0007159042846940192,-0.020810916259677983,0.011638978026107473,-0.0036077851675020015,0.00953585576564346
14,0,0.01740154371897162,-0.01899929353725474,0.020769467744781056,0.004226318912397837,-0.008970480700794833,-0.0035685063648314844
14,1,0.017605696927017123,-0.021408566305371253,0.020140948324856443,0.005276746949632889,-0.010250382312506676,-0.00037224082952897814
14,2,-0.011837784554256076,0.04140807144885699,-0.05563141682167064,-0.01859012690009671,0.0469256975801535,0.0008298001412473469
14,3,-0.0127897950417469,0.05168672950796983,-0.06433241113556079,-0.02467904799880443,0.05635781073961058,-0.0024420167176626892
14,4,-0.011849640006423414,-0.01950046459770732,-0.00991420386378081,0.03861632473712476,-0.012665697397725318,0.03571038489836575
14,5,-0.011446396213547566,-0.022648803540817348,-0.00706457225509992,0.03999172527680235,-0.016815722039912072,0.03822557814490548
14,Aggregated,-0.003770673297060398,0.019827426627838873,-0.03122822106662538,-0.007143864910079236,0.026625619284831935,0.0032013928216501437
14,Centralized,0.001222586398108072,-0.0011719032944770144,-0.010228294755885712,0.0061702968783367475,0.00664344959200122,0.008483286545518902
15,0,0.017711214295409897,-0.01762768646648473,0.019720411551227057,0.0021642734824402197,-0.021033566418818674,-0.008603663920240518
15,1,0.017907719647298773,-0.0204166732559726,0.01989538465012189,0.00274961386369518,-0.022807985786088933,-0.004320365794273815
15,2,-0.013541916833193514,0.0368885191571874,-0.057550965181382384,-0.004043863504597388,0.0391190641574832,0.006427807766746813
15,3,-0.014293441888576222,0.04492664221469197,-0.06847672070370307,-0.00457819979725855,0.04590049453874615,0.003037420916481867
15,4,-0.017153741557522615,-0.021071479090727686,-0.005426891806267063,0.035045929713731445,-0.022271110468405596,0.03398891940600697
15,5,-0.01473821738894648,-0.025305696518737087,-0.003982926426391984,0.03764550752184205,-0.030680778029255975,0.035531360031496845
15,Aggregated,-0.005141688647348335,0.016529513882105,-0.032800219607952666,0.002279883869155134,0.01629217951726825,0.0050023527743132045
15,Centralized,-0.00023081850324284668,-0.0027816870315923374,-0.010380342751475785,0.009284445538288019,-0.004434614956941258,0.007498928483667644
16,0,0.01874115827558628,-0.014981234724029003,0.022539169534997343,-0.0012076479186870187,-0.010309786723361625,-0.00585947104311095
16,1,0.0171921317436537,-0.019398825145912544,0.024165385804935813,0.002166728394306839,-0.014936508597808963,-0.0022365243328403683
16,2,-0.00508954024657363,0.048919860251457156,-0.0710449739906895,-0.029234387653072572,0.03916179775695389,0.014457132932791675
16,3,-0.004765321926523605,0.061529216382835886,-0.08274026816126327,-0.03792969471516397,0.04875968770515378,0.01390397190474963
16,4,-0.019152951722658813,-0.012502851802438257,-0.015280759613805742,0.03700772399821673,-0.015943454366634625,0.03683815190829946
16,5,-0.017369811231679674,-0.01445091451961936,-0.012286743564812273,0.03808113540299084,-0.017716707687429792,0.03773375275814731
16,Aggregated,4.203209919684996e-05,0.026772527230586318,-0.041180450414993006,-0.015741865092675292,0.020912332268305793,0.011658049665441622
16,Centralized,0.0018244069091241464,0.004618411606702761,-0.015156595205187235,0.00038924034820462866,0.0025808311916690617,0.011915614719570967
17,0,0.020666076825909412,-0.0023949287441395505,0.014515096434535114,-0.0048104015511999,-0.019132581796450897,-0.005341617281654087
17,1,0.022002579595226,-0.005452485302772585,0.014531552390790145,-0.00495470313895644,-0.021499571693082826,-0.001623326065886759
17,2,-0.020180068110300882,0.021978299827848855,-0.018295377917036237,-0.04440485222772714,0.04092458021780024,0.018521724298182933
17,3,-0.02273855465443053,0.030090376860552527,-0.019472671921263545,-0.05804843455944148,0.05068156621948744,0.0184551244196571
17,4,-0.018292583951078394,-0.010501140797164753,-0.006858745971825161,0.034096360958181395,-0.019143667969828505,0.029949262944649637
17,5,-0.01796166623603323,-0.008924702214151316,-0.007159746603974655,0.03513435207926937,-0.023792196564733067,0.03000704938803924
17,Aggregated,-0.00892537358103549,0.013422420841319126,-0.008034267400023451,-0.028208869923711057,0.019302920352431814,0.013569302444818444
17,Centralized,-0.0013778989332648114,0.0031318906298399324,-0.0007715052265892851,-0.007709811840048285,-0.0015229267587478354,0.011499650265411502
18,0,0.011980860583663707,-0.009458831802561171,0.016426003907763033,0.0011802472048427564,-0.010018670921138227,-0.0058406302898204275
18,1,0.013454266970908613,-0.011276115243608217,0.017647692045756683,0.0006330866460127242,-0.013375341768541703,-0.00027445302380750086
18,2,-0.027841328135847047,0.025678948514338145,-0.03697736057392123,0.005281410746585488,0.025516100433143625,0.013616973561912214
18,3,-0.03310365065659658,0.03141436333974736,-0.043496075714261784,0.005686271232085369,0.0317786931918274,0.012820179900149897
18,4,-0.01563015647895453,-0.0066284000840095315,-0.014522260246747538,0.029893485679104742,-0.014477988228775399,0.029889788749135778
18,5,-0.015589362020224243,-0.011300885535844553,-0.012391244930462614,0.031174687301069474,-0.0179090888892332,0.03473011330479181
18,Aggregated,-0.01650178626185221,0.013189069535952712,-0.020898387295016547,0.007061000248688673,0.012041925679212626,0.01078948396816259
18,Centralized,-0.007104841991079613,0.0012310071973073895,-0.007416877605408694,0.009907471501303229,-0.001201448677594335,0.010745007735909546
19,0,0.018041308371972986,-0.02149134046175636,0.019469047391697483,0.00014064386820105275,-0.02166728140021411,-0.002575984620230924
19,1,0.018282062267099938,-0.025905512788623537,0.022124235087909283,-0.0014243871950169237,-0.02350789769522245,0.0013307224772221723
19,2,-0.011669625662383496,0.03353803975956592,-0.032060576088064285,-0.01114346907464375,0.02027404701595573,0.004914923531237456
19,3,-0.012915697373238215,0.04124875137237335,-0.03579095823379735,-0.014242551497900113,0.0215497155077763,0.003557072926248337
19,4,-0.02138628721261454,-0.010136399593598773,-0.005633588849882419,0.026416158331729667,-0.01140300549361714,0.02859441022061921
19,5,-0.018883655211712334,-0.014436559368620008,-0.0028915645828529023,0.02779100796209841,-0.01634774092653426,0.02822535095030955
19,Aggregated,-0.004545781383158478,0.014340973357329003,-0.014980719308154847,-0.004700723005880022,0.004565124384864844,0.005632593960761977
19,Centralized,-0.0006903071816637188,-0.0030102584950241207,-0.0016016438598957716,0.003165625376630125,-0.0076131899543408045,0.008291874418476371
20,0,0.0116565945977064,-0.012909090827982557,0.02064871377348842,0.0006222195139245752,-0.012131168038005204,-0.003648473146603139
20,1,0.011574935670990863,-0.016285595456290942,0.023305604093528078,0.0009635386683571886,-0.014212433255107869,0.0002141759135239632
20,2,-0.00417475625231475,0.02522108844014019,-0.04225484394765515,5.1056099581913645e-05,0.02206939625979576,-0.0004330176500586355
20,3,-0.005054438344665495,0.033034868918800364,-0.04724170583268841,-0.0009029628473552121,0.025235034755820455,-0.0037625606383739863
20,4,-0.02406056649907782,-0.007431377056559631,-0.010093891758851512,0.026883959018668892,-0.008940703572593951,0.026454108404992644
20,5,-0.022207554448822244,-0.012359853258238379,-0.009399869004447607,0.02785954645270575,-0.010656641958137526,0.029160980719718788
20,Aggregated,-0.0021328168862829334,0.01223057694403239,-0.02178191050227201,0.003112509591256674,0.009354427251429534,0.0014447156513240403
20,Centralized,-0.002172653857864214,-0.0007228784289103787,-0.005577322438125333,0.007344844933700037,-0.0016173506037294196,0.0058364856378168364
21,0,0.016266434278299165,-0.014999163520453952,0.017974453593821067,0.0024191245022883107,-0.008096024683575568,-0.0059160852168270136
21,1,0.01722060382807428,-0.018585397067597573,0.0173164485181273,0.0033433183096332215,-0.009585237876078125,-0.0031075652584053354
21,2,-0.0006988020020315529,0.03311016022220434,-0.03435645617543903,-0.008477126496537705,-0.013785706876953194,-0.009422184813669713
21,3,-0.0024419062504953872,0.04212285760069615,-0.038428911029156944,-0.011112458246564996,-0.018638793081927594,-0.014622265617551838
21,4,-0.01822410122142575,-0.008818527260072602,-0.011411007534744852,0.02526256518228377,-0.008221425602757107,0.02921955014417114
21,5,-0.017655926299873698,-0.01205683131760201,-0.011760156570123846,0.02753811630925389,-0.008992314349750596,0.031092077325318816
21,Aggregated,0.0017499295630996098,0.016648433677609695,-0.018199623768122446,-0.0020386746601512235,-0.013245652380499542,-0.005045788584559707
21,Centralized,0.002333736725463746,0.0005733419670050242,-0.005554070991133137,0.005340833609814091,-0.010746049386884018,0.0024005542279450644
22,0,0.013589567894576151,-0.007110206733952602,0.01568571056199813,-0.0016493150177082946,-0.02042425626095009,-0.004765246396468247
22,1,0.01345726873132043,-0.009950443784267944,0.016289076482796618,-0.0005474016354822345,-0.02379490183650116,0.00030440115936911186
22,2,-0.011993971713044489,0.03379709493954491,-0.007802746688649599,-0.006916874672810871,0.032145988179374585,-0.006611212560184493
22,3,-0.011984535434562675,0.0407883677179392,-0.005829913502263329,-0.009334544703098397,0.038513930645868326,-0.0107344768513033
22,4,-0.016381144721937597,-0.001779983567185399,-0.005020276345918792,0.01856268030029467,-0.014415906247788553,0.024755874449471044
22,5,-0.01471592657287398,-0.007196297476806639,-0.007267355777245521,0.017941517576453177,-0.01606798545844925,0.028348314176739404
22,Aggregated,-0.00515368637636001,0.019483023139381363,-0.00026397641142020505,-0.0031009825404082216,0.013212160075037473,-0.0027981762257632443
22,Centralized,-0.0014773699768366449,0.005724263418138564,0.0035356870911526918,0.0019434491915014613,-0.003672510292627957,0.0033887839059353613
23,0,0.014099880768241358,-0.020502437460622535,0.014062255087994488,0.003503113076108225,-0.006382615470036069,-0.003054047552154917
23,1,0.014641983908938595,-0.0221911524800849,0.013285554652478111,0.00498184987367014,-0.010103847833688867,0.000550770271647656
23,2,-0.0007109529270912468,0.021875307404653304,-0.03088125522878736,-0.01389542775265756,0.018078539839295096,0.0037235771946812534
23,3,0.00011577270034534323,0.025260344031787566,-0.033058816092052086,-0.019095906675828445,0.02090390852576218,0.002211543647283425
23,4,-0.01794873756807801,-0.01647134032553244,-0.004566916857586512,0.02314150432277654,-0.006411435543497327,0.0234351508351193
23,5,-0.01849931198721237,-0.022600783492856193,-0.004547558877840802,0.026310224928133827,-0.00800406199163198,0.02740780423888972
23,Aggregated,0.0018088108931398827,0.005864128750524777,-0.015861261971599257,-0.0058730580027014714,0.00854982870756954,0.004348196269452918
23,Centralized,0.001548929647044381,-0.007786284087015371,-0.00424243860828068,0.0036035339834849965,7.335880343618909e-05,0.006853214290085822
24,0,0.012157587230213662,-0.01060893033074833,0.015539928662860506,0.004493711172985085,-0.005248799621799332,-0.006423966842855484
24,1,0.012441889476794098,-0.011277687656118777,0.016223559551416845,0.0035464521679521646,-0.009315380506206011,-0.0020013269585349197
24,2,-0.011644997567222124,0.033185735274087344,-0.05949987872715673,-0.013691256543240013,0.03220342365620059,0.015757333277818242
24,3,-0.013472315667747438,0.04148629904508429,-0.06992745053980227,-0.017949186365184833,0.04013671471743286,0.016779460977262628
24,4,-0.021705901564704425,-0.0027033083120823506,-0.00926873917976749,0.02446081137477504,-0.006266387926896904,0.02379400997462663
24,5,-0.020932297748808497,-0.007412432843135417,-0.009820990955127671,0.024739984856368434,-0.004385104150286196,0.026743150431365863
24,Aggregated,-0.0065061889898464734,0.018758450272866,-0.03549283144518324,-0.005544534864153803,0.01906631437506794,0.011486411322436291
24,Centralized,-0.0036644508359825333,0.0044704207017407455,-0.01386689213918923,0.0036966000424514195,0.005705002310975442,0.00927965513046483
25,0,0.012633660583075685,-0.006676355490826222,0.01152629112986272,0.0014943150020062005,-0.00990332319208474,-0.00812101437583853
25,1,0.01304301418497352,-0.01093975718917612,0.013061523545153966,0.003229197047450637,-0.013803303402857273,-0.0034217296065243126
25,2,-0.0283977914361375,0.03594659018735152,-0.0353203098834001,-0.0041935906649230885,0.03827615053657695,-0.009347054802434519
25,3,-0.03560124053134159,0.0448860537837119,-0.03820869376161009,-0.005632316707707663,0.04534969772665526,-0.014821270331259373
25,4,-0.018243316998760584,-0.00891180714326985,-0.0031639562526513476,0.0218222664049364,-0.010184521002461436,0.024026014075011787
25,5,-0.018633683509531554,-0.009972913265594735,-0.005311525662251942,0.0245598277987916,-0.012907779675522264,0.026438952582171247
25,Aggregated,-0.017710412732289967,0.020713127124216992,-0.019098885871971606,0.0003802521906158499,0.02044646686590767,-0.006006084823278975
25,Centralized,-0.008185190314702785,0.005179816749348522,-0.006153721586302385,0.005647424219559717,0.00370640045809381,0.0005140240314057724
26,0,0.01380519617906855,-0.0073854075431838495,0.010502370944402286,-0.002037954956791539,-0.009727184602823758,-0.0035694208522177775
26,1,0.014752716448871581,-0.01098720842998566,0.010906836981394467,0.0006496759602243362,-0.01361509054320533,0.0010800604432188723
26,2,0.014987714118261573,0.028714824051269107,-0.01786474615434871,-0.11311075799887103,0.05201586820281091,0.03254968552451041
26,3,0.019491762800899717,0.0341746790358144,-0.01883814474472661,-0.13790354386817577,0.0626240194849555,0.03644529121573447
26,4,-0.01630807367479389,-0.006771707125180182,-0.0013474785130812939,0.01862349531284013,-0.010429603960193509,0.020596294947548333
26,5,-0.015717875402237805,-0.00875791587694338,-0.002676525681317658,0.021543934111776332,-0.013767607968869847,0.02374493340318114
26,Aggregated,0.012580178653650211,0.015404608674856872,-0.00822450403468201,-0.07334637180479422,0.029757675001368895,0.02293283857952352
26,Centralized,0.007060653177373694,0.002906028741718225,-0.0010113873016278742,-0.030847006472277425,0.008051317444669968,0.01498283106262277
27,0,0.012862940539598156,-0.019026125537590362,0.010961346832321955,0.0028912815311941914,-0.011527353075981149,-0.006931504837376589
27,1,0.010363125814763076,-0.022896051533967177,0.01233212933248369,0.006227678299140332,-0.016530982457212597,-0.002920715868283184
27,2,-0.008563777230788069,0.03739306303708246,-0.0032568032218751003,-0.06126466133625795,0.042867363634985486,0.001782698783346815
27,3,-0.01104276086527073,0.04803970704878872,-0.001463975864380059,-0.07630355907845494,0.05273110071408578,0.00012565865965086196
27,4,-0.024856784195536552,-0.004146050139653093,-0.0019783050785318634,0.019609787775436406,-0.008967041064639494,0.02090438483304227
27,5,-0.025015773157792784,-0.009598469470085481,-0.0014551331754218447,0.021398754807074476,-0.010901436546520961,0.021835723470703134
27,Aggregated,-0.005460029509895698,0.01894024397163118,0.0016908571562581577,-0.03770403249804704,0.02361275852881218,0.0016290927914115862
27,Centralized,-0.004075789997582391,0.0011118411841659693,0.004015038841709262,-0.012255480882722308,0.0048570832053852955,0.0036014160693114534
28,0,0.012597850980531573,-0.004271143716694078,0.012110133439379703,0.0023339995499969284,-0.014674572239985731,-0.002900802933027786
28,1,0.012625165219036059,-0.007013329404432409,0.012775544935407848,0.004353497532714238,-0.01756381102755926,0.0033810914044198675
28,2,-0.0010501080365989586,0.019620640528255368,-0.013644720901615795,-0.027126755512606963,0.019924954918224724,0.0064453205651258
28,3,-0.0016143547020514236,0.024053548273745045,-0.013387129082735665,-0.03669282780138066,0.025290437960957746,0.005563818657040151
28,4,-0.015102634125489874,-0.008099811179757917,-0.0037712810869341786,0.02138421747171139,-0.014723524940236802,0.02017426408141758
28,5,-0.013194088998627437,-0.010399061528748076,-0.003127704145331244,0.025155731658205893,-0.01782400527071947,0.022782915974304832
28,Aggregated,0.0011552507389687122,0.010464260830448144,-0.004988870254557711,-0.015562528067942219,0.007145923486210397,0.0061448451366278465
28,Centralized,0.0015425283272606726,0.0013417030856654895,0.0007429982968032113,-0.001559324562381835,-0.004914255379054782,0.007330528552027099
29,0,0.01335904073361219,-0.01192074149126691,0.009881608801667096,0.0021760867094189258,-0.012423447098848071,-0.0006069170961191198
29,1,0.010844199489163348,-0.008441599981461628,0.01147040748196745,0.002983581537135499,-0.014725122970685428,0.0031051003054333604
29,2,-0.015271464735185829,0.024225382606568382,-0.026957441750755245,-0.01309751749724355,0.019736957309558458,0.010629190648587479
29,3,-0.01625254940402927,0.030363633632168548,-0.03160753921990886,-0.018188365957742217,0.021988390151622874,0.012542157052175994
29,4,-0.025608880408371254,0.00304305166905487,-0.00444602250559437,0.02095662856768745,-0.010490523191015089,0.021429031928652757
29,5,-0.02169132384514209,-0.003917226533154686,-0.0027588092148508915,0.020670874506722402,-0.012926278214721252,0.026476509752622848
29,Aggregated,-0.00875602022799511,0.013468501589122415,-0.01498709004833549,-0.006281781872251598,0.007343731275555147,0.010070876096343565
29,Centralized,-0.005263799648698956,0.0031099571168803075,-0.004557095145423077,0.002117344614983891,-0.00307827496168535,0.01000832944677494
30,0,0.016244261032168535,-0.009259856340730479,0.012737551126527934,-0.0005991287276913567,-0.011757422649479071,-0.008915586641352332
30,1,0.013935533067880711,-0.013602314843523436,0.01050142968304888,-7.204418252456904e-06,-0.021355063360492033,-0.00016875895566409232
30,2,-0.014329058051506896,0.018723153014971315,-0.015103991816335087,-0.0025812463129283023,0.016381641222100035,-0.004486954811585633
30,3,-0.01751935289020503,0.023564092597595225,-0.014851156999162705,-0.004315468802468012,0.019971548636210205,-0.009165913230268209
30,4,-0.015441716192423531,-0.004051392742522145,-0.0008093087858745117,0.018028156236813336,-0.018218303734237065,0.02106641091919141
30,5,-0.012058309399667882,-0.009343423379095744,-0.003706848261363792,0.020548046712361035,-0.02391385158525023,0.023774971536000597
30,Aggregated,-0.006868056243925981,0.008696679535570233,-0.005964588033618112,5.584572863962453e-05,0.0038074503910052807,-0.00281898661330075
30,Centralized,-0.0013875428813319214,-0.0007309487906417664,0.0003210184934806148,0.0038862937954525878,-0.007508038722149178,0.001781454789231204
31,0,0.01760127351277235,-0.008053100345500984,0.013374850537598472,-0.0037602281001543406,-0.012276531780150202,-0.00675544075282663
31,1,0.016028553617783953,-0.010519068856586754,0.01142563570733238,-0.0004957533911052386,-0.016796774276033908,0.00016051099211753333
31,2,-0.020489164191421747,0.01122196984466618,-0.018096358568599348,0.011206553628274088,0.013245191487466439,0.006691990065341245
31,3,-0.0240839915638178,0.015541171254905459,-0.0192106648754863,0.012390298156649725,0.01543558528063439,0.004923996437634037
31,4,-0.013756637785723407,-0.00415868848964051,-0.008721529176395827,0.018433430294746235,-0.007779100794322253,0.018781552928483644
31,5,-0.007422009285113213,-0.009510130484495163,-0.010219142107739975,0.019586498077370854,-0.01203933592549457,0.02345865021927687
31,Aggregated,-0.009840355462398465,0.004623420883055169,-0.008781169680381031,0.008672213775805798,0.0033558484571672223,0.004980987632330638
31,Centralized,-0.0016432457151098262,-0.0020578934719504022,-0.0022563329311851587,0.007319600830647054,-0.004868338253869785,0.005596630813800039
32,0,0.010739470259260002,-0.01515530279235322,0.014850794878760386,0.00020883965989560205,-0.005540545937491107,-0.0037182883010216747
32,1,0.010233375438145917,-0.024147001446097497,0.016747758506681844,0.002718002711989459,-0.007984871806983474,0.003310513954276633
32,2,-0.012199272136112556,0.010372920067410545,-0.018349067262144834,0.0016173817768650148,0.016089448714867505,-4.4573647850356296e-05
32,3,-0.017268912145755336,0.016085460556724017,-0.019631987180679027,0.0003026488522001849,0.020439357303195755,-0.0022075771244537854
32,4,-0.013637773496306713,-0.012071650477154054,-0.0011802353810350045,0.017343631105698688,-0.004110360325072123,0.019797978707810256
32,5,-0.015436641576335222,-0.014524034978809481,-0.0006503037511003685,0.020386656931039606,-0.007381374245930336,0.02342380732763371
32,Aggregated,-0.00755011302355595,0.000846365832910612,-0.007036139191006742,0.0031592383433232695,0.008400537181969335,0.0017469644926520827
32,Centralized,-0.0032723753325647,-0.008334818705213177,0.0013271619172138924,0.0057974033483456314,0.0007371647075142891,0.005121268098708567
33,0,0.013159211937615864,-0.010802988960600095,0.0096798432245306,0.0006194483739863366,-0.005601079638394715,-6.015554326521122e-05
33,1,0.01124287819883772,-0.009183029831048321,0.008492182185945073,0.0017621200224369085,-0.008485244279165222,0.004169180526804803
33,2,-0.021138326103092884,0.020931711559990275,-0.014030773808822432,-0.011709471381842074,0.01619729347819299,0.005400144221566702
33,3,-0.024025793047216623,0.024563634841438746,-0.014776090161298047,-0.015834433597209267,0.021023185917116723,0.0047119474010390355
33,4,-0.015706348235126434,-0.0062796880642160624,-0.004106539063012727,0.015734760114174,-0.006760698617225189,0.017743307511530037
33,5,-0.013340444785780116,-0.010305929347401165,-0.004860685079716923,0.017918478112604535,-0.00779718094197413,0.020393038366698108
33,Aggregated,-0.011779910792879891,0.00988616659202222,-0.00659437824723182,-0.006009246125685779,0.00835275901783446,0.005812956480945548
33,Centralized,-0.0047832403635248745,-0.00011561477659846423,-0.0012279158656377939,0.0009715930028283779,0.00030130155124779195,0.007258421571137524
34,0,0.014488236573487627,-0.017126913124450926,0.011856466256216064,0.00041104947639274847,-0.01694571751739706,-0.008453635479794115
34,1,0.012946045096120165,-0.01768507377293461,0.012006321859532246,0.0013222315855573696,-0.019617686321067192,-0.003671413529971807
34,2,-0.008590647324396879,0.011347645381981117,-0.007189828243574693,-0.0021526954033534223,-0.002916212053350876,0.007854184575082142
34,3,-0.011039875796320446,0.01587410659576501,-0.005582556633695727,-0.005150571755235116,-0.0048151807082843,0.008210423729389888
34,4,-0.0126156887427463,-0.00950486921228378,-0.0008962029920005257,0.016079218044569677,-0.010529140613322618,0.01234125480526277
34,5,-0.010401675036282329,-0.014817586084514386,-0.002511430638264849,0.017268536549698857,-0.011352214252698119,0.013839896006457731
34,Aggregated,-0.0033277107370395503,0.0018438833402733374,-0.0006471729099160098,-3.442398570639043e-05,-0.008771635801560897,0.004610983514202803
34,Centralized,0.00032481811579948994,-0.0070056651164727615,0.0030165411637688723,0.0036871452297354006,-0.012019292456768063,0.002941736974171682
35,0,0.011222484998151582,-0.007192162443357446,0.016825762653287432,0.0029691324100363015,-0.014078007518141113,-0.007205055868200565
35,1,0.012010988773015588,-0.008292934790776228,0.016851015167112193,0.005499705707564125,-0.011620412052147675,-0.005863523302289754
35,2,0.004777643852972395,0.014683728491190852,-0.02155704657236993,-0.010609229825140629,0.00945213724903544,-0.0028794603939130644
35,3,0.0066906541396565275,0.019096472669243646,-0.023869671166174743,-0.01489440577549207,0.010656911930736309,-0.005168534309702774
35,4,-0.007116485902257071,-0.007813703680662497,-0.002477504483635857,0.017970439383466465,-0.002154518821251097,0.011677881034469323
35,5,-0.005537439371146475,-0.010140565972069858,-0.0028231478958593128,0.020630845620723114,-0.0073042595627086345,0.013748889042306494
35,Aggregated,0.006019374828900519,0.00692498280992666,-0.00917853401507535,-0.00424756920209078,0.0018531756437649822,-0.0028146218953245877
35,Centralized,0.005123795736415783,-0.0009545879181968956,0.00031322771170187757,0.003243098920512467,-0.004073664258377775,-0.0007576240603730146
36,0,0.01602679622003141,-0.012420600087110083,0.013947540222397192,0.00037357494294641474,-0.0035036209079051224,-0.002824398147816559
36,1,0.013239758083013246,-0.015567154481150765,0.01427435916548189,0.0024144187118989137,-0.005872116712035405,0.00170496621047104
36,2,-0.004738801027093664,0.016062700409956585,-0.013372388633164587,-0.0032265340136758045,0.012047333734888853,0.0004849529951562749
36,3,-0.005966526150050534,0.02031732218505764,-0.013626886211324562,-0.005297359764468472,0.01455447267107523,-0.0026079072302601586
36,4,-0.014260653648631367,-0.014945815163269052,-0.0013477237918337846,0.014840663152227778,-0.0002125479633497845,0.015542473723992348
36,5,-0.012273930651230199,-0.01682034079870879,-0.0008815767481176447,0.01830972044966835,-0.0035322377906010023,0.02016814600739829
36,Aggregated,-0.0005865939529466958,0.005138332319716062,-0.004237277294614997,-0.00026293893835836155,0.006450440534128106,0.001253460886756549
36,Centralized,0.0015590778384909662,-0.005133731636601343,0.0021083089508688174,0.0036827648781951696,0.0012617874306018507,0.004041015792635064
37,0,0.01053055030722854,-0.006853400422507044,0.009210180183748603,-0.0035876050212219,-0.005101938547204491,-0.0030628664097913736
37,1,0.006558650588912594,-0.006759597231374064,0.010658887410078383,-0.003917616274648899,-0.00821512536628482,0.0006360716456325117
37,2,-0.01185624754666194,0.012209858231999366,-0.004834715350649749,-0.0019373903918727298,0.015596445658682187,-0.003318786837675108
37,3,-0.015140296222446609,0.015502522132192432,-0.0032611380758575236,-0.004537487287975371,0.020489659025423018,-0.004710078372120231
37,4,-0.020476137682921957,-0.005531607196288712,0.0040969500135014355,0.014013927711866592,-0.00890097439421683,0.016259091982127997
37,5,-0.019732299281676597,-0.005451489433252284,0.0021754061130626187,0.013076075170100622,-0.0054323473284233915,0.01630984668894928
37,Aggregated,-0.007997843153281677,0.005767062461929292,0.0007474396535315246,-0.001456374109061651,0.008133872343627866,-0.0008878890538992945
37,Centralized,-0.005216866122685766,-0.0005189815211083489,0.004045888693699764,0.0009627658573606951,0.00031783623993086505,0.00251157005758245
38,0,0.012157178910302139,-0.011228984339990599,0.013743232430608517,0.0010290361439017105,-0.007615357404813991,-0.011244841621980316
38,1,0.009528868084291781,-0.01553248413909095,0.012491572788969372,0.004434086177875849,-0.01323375168966738,-0.00406299937465924
38,2,5.459299864068996e-05,0.020987806073993396,-0.010609909917538879,-0.02062054258546943,0.016985518857633712,-0.011778284093192894
38,3,-0.0013055919487666144,0.026841468329417476,-0.011470718198744592,-0.02724613960341179,0.0208427889871471,-0.015978549504102327
38,4,-0.015417104792928134,-0.005873184105841884,-0.0008461630893719127,0.016439812518524683,-0.0037414839402330714,0.01753727749232886
38,5,-0.014292925508515714,-0.011487288916137268,0.0003945495507775056,0.01841099275047619,-0.008088378479951988,0.017897871257389664
38,Aggregated,0.0009968270095662558,0.009581314938893639,-0.0029387557207091602,-0.01161207165089689,0.007731974471852808,-0.00848238807039434
38,Centralized,0.000817975375212232,-0.001324599626642819,0.0026240477935057824,-0.001100358347383619,-0.0006958112514428886,-0.0028199297622587857
39,0,0.008469079274755764,-0.007052735641679691,0.012999593005332225,-0.0012427550787494114,-0.0019016981043256385,-0.005633355443365286
39,1,0.008443542147038892,-0.010188789722909028,0.01632404344568141,0.0009703410313788121,-0.006716734395189307,-0.0018557367973453165
39,2,0.002395764551840814,0.018496206475691442,-0.03321932312219751,-0.0011408585847261861,0.010102216449979353,0.004910528697053086
39,3,0.0009654254656528386,0.023687446113207403,-0.0360270329315995,-0.0024649200050033014,0.011775020848893725,0.005326425444723716
39,4,-0.009804229946081192,-0.005616792251811819,-0.0021847599420906504,0.01549643089603102,-0.0027356644522889607,0.010132807889008728
39,5,-0.00918721803515829,-0.007488561512596102,-0.00035480454899614614,0.016149570431687677,-0.003867392206605896,0.012299742798325061
39,Aggregated,0.0023210369394905447,0.009480152032334387,-0.016798289310024087,0.0006945775588928177,0.0049736111603728116,0.0033021107539854765
39,Centralized,0.001784124528408635,0.0005052645316676963,-0.003760905095794554,0.0035233657406814655,0.0004071124583300929,0.002656594879703042
40,0,0.01200329761479476,-0.007452145825667958,0.00978867974250985,-0.002327428425023772,-0.009342101984172263,-0.008067636773382807
40,1,0.011376518870031122,-0.010441952791037155,0.006986301097789559,-0.0037667003373384332,-0.011402293910522594,-0.0019017102234200574
40,2,-0.017879846482191996,0.016080393069178894,-0.02012336965185434,-0.0006303691763750699,0.01679767427361062,0.00949750532746519
40,3,-0.02185143502857929,0.021853148604480736,-0.02163281808431916,-0.0026088512865388787,0.020250878221318193,0.01078605920573419
40,4,-0.014522304370203385,-0.007134686652964657,-0.002774284050591601,0.009099318618763414,-0.004487024509646293,0.011366864489174146
40,5,-0.014581611609402644,-0.0063031460727092465,-0.005378857339826684,0.008828540770642688,-0.007221393070273062,0.01362785347918895
40,Aggregated,-0.01029519889411458,0.008090813742707087,-0.010638588310997983,-0.0008094892480987986,0.007519417594084577,0.006117145109864102
40,Centralized,-0.004233784398900487,-0.0003158889210924628,-0.0032524445416781474,0.0005547728693138058,-0.0008159697996624286,0.0038397216223925398
41,0,0.010595575987373556,-0.00487853980056508,0.009827082690027703,6.585268668929868e-05,-0.003695483510278995,-0.0022786054504574643
41,1,0.009755182284748512,-0.007308699484903874,0.012379726094663793,0.002206840922362856,-0.006947088576744525,0.0038064955203340424
41,2,0.0038986685339927806,0.018364781180810544,-0.020606151791392628,-0.010248984819853925,-0.004435257365517013,0.0015856332735944847
41,3,0.00203901847067265,0.02527285427579353,-0.024611007280549668,-0.014220791092931378,-0.006576959619133908,0.0014929668889889552
41,4,-0.010773721131739479,-0.0055708223587837506,-0.0052933447937822675,0.014971879572617815,-0.0006914597072738272,0.014930823373333764
41,5,-0.007248193049299433,-0.005786203936574653,-0.0066210976516563715,0.014919824175044269,-0.002642463555784182,0.018151996750385896
41,Aggregated,0.003639342470389644,0.010735198458266914,-0.01112376366572485,-0.005316603226199008,-0.005012728526366096,0.0030420270612721333
41,Centralized,0.0030461120280558325,0.0020247123594126924,-0.0030727309478768695,0.0008965124769255808,-0.004309755792978987,0.004988535950133821
42,0,0.009274093338975747,-0.007597964082113484,0.006763782818172663,-0.0035653511454137657,-0.002367165936848039,-0.0037699387002289217
42,1,0.005653701795403484,-0.009870329931626736,0.007726418701258958,0.0008923262532386354,-0.003853467292754642,-0.00033666394755265116
42,2,-0.003162728066349652,0.02344734932028569,-0.03310305551757636,0.005285864070426256,0.015408999882575831,0.0028206308266644853
42,3,-0.0050525295118288805,0.028639384610707717,-0.03643892097926103,0.004732664319078265,0.020405750003546823,0.0017196979330331276
42,4,-0.00781576851732387,-0.005537781976131102,-0.006366011920785236,0.015206179537873,-0.002342790362440677,0.01106732202378807
42,5,-0.004521906009623134,-0.010231664673170462,-0.008388225388763132,0.015618409448801218,-0.004460780280636634,0.013664416291595158
42,Aggregated,-0.0010586080990407692,0.012271879881453725,-0.019694517210676277,0.004402096624147731,0.009492188407969391,0.002201938021765276
42,Centralized,0.0005833417059603274,0.0015313733912206843,-0.008627171296191682,0.004798817727065328,0.002841362122773926,0.002908366272624654
43,0,0.012777988342316226,-0.005876371207819743,0.00695375198970906,-0.0021920584288703084,-0.0074952683369598596,-0.012240792728261231
43,1,0.00835639152259068,-0.007531055102628684,0.006186050228240893,-0.0013745741715597004,-0.01172015640551333,-0.0017720064502430495
43,2,-0.009779272887201448,0.012983963573332617,-0.007764988809988201,-0.0010385376815823994,0.013414558454907214,-0.005452777146171575
43,3,-0.012518016690884318,0.017518751340307444,-0.006976470358832035,-0.0025098051338660918,0.017255446129431022,-0.008044926314608852
43,4,-0.017743273292845498,-0.004609612342142794,-0.0005387924566923783,0.012541481974284544,-0.0032363575048195716,0.009718016728263156
43,5,-0.01564019998008916,-0.0068942675267727165,-0.004220352835085113,0.013139364965771616,-0.0058687377662900875,0.013693549135035748
43,Aggregated,-0.005619016869708778,0.006605128273291535,-0.0028390857741090758,-9.838240611963482e-05,0.005968567141218482,-0.004702594625626863
43,Centralized,-0.002766955412334504,-0.00012149787678137162,0.00020857266833888832,0.002041009215233036,-0.001031400439804712,-0.0021269991219205675
44,0,0.010247008910731091,-0.007600324177236258,0.006674456420896752,-0.0013967735829573881,-0.006683296163457975,-0.0003645958683776762
44,1,0.0071828045070611675,-0.008593609399740344,0.00721262065397784,0.0006640020362241434,-0.012568514634389061,0.0034116122943074595
44,2,-0.0039273094001227166,0.010300225666520153,-0.007025451585678256,-0.010603165010547134,0.0033972135674823533,0.002564829560977967
44,3,-0.007576345810635177,0.0138854878755887,-0.006361205907151375,-0.015183570618368065,0.0012630025375899646,0.0032510219044824904
44,4,-0.012068650281552252,-0.006378094605954916,-0.00037879175855644965,0.013008389574966469,-0.006958774778870717,0.012031805255386057
44,5,-0.009337235786181874,-0.00917354094426746,-0.0014215651096995722,0.01355355669952531,-0.008998097351445652,0.016676252337198764
44,Aggregated,-0.002212598201672825,0.004078173330341839,-0.0021558351704578215,-0.006330386734603429,-0.0022486687942004143,0.003829326415531778
44,Centralized,-0.00049644276430732,-0.002164866972050077,0.000926634429213326,-0.00038475570371233057,-0.005577337133642118,0.005161387094032471
45,0,0.01076030797851874,-0.0038779062605235246,0.007430454248971366,0.0004105723613633284,-0.009464896909496723,-0.00418968134375684
45,1,0.01005049035769153,-0.0052072723288476876,0.0045209997965119115,0.0025871198229886305,-0.00961700094937351,0.002068727968302926
45,2,-0.004809581429819328,0.010032125387915213,-0.013876995203276244,-0.002614985301506687,0.015593830013144948,-0.00019207151916078826
45,3,-0.006662847085602199,0.01544204603268877,-0.012359431653247741,-0.0038425655913886803,0.018879245443589373,-0.003336247441547928
45,4,-0.012403934045192386,-0.004260662975452129,-0.001723752474677423,0.012833302570033263,-0.004215834035003945,0.013922369396306526
45,5,-0.011179152366469575,-0.007133833984143298,-0.002599667629536194,0.013541219860041469,-0.006711976244378597,0.016807496405701085
45,Aggregated,-0.0018482140555405623,0.005713463426595551,-0.006438207684796277,-1.097847506241218e-06,0.007026077442537189,0.00040280977072908446
45,Centralized,-6.557929785326507e-05,0.00012172618082282871,-0.0016408392202603727,0.003149941785420138,-0.0007377191674814728,0.002961274092010831
46,0,0.009993492764902474,-0.005974262169040682,0.009264936481149554,-0.0010641464677121906,-0.0033712549751923225,-0.00463908779933851
46,1,0.009659605295644837,-0.008560576702079695,0.006468420366057857,0.0007940655023513525,-0.0031196153042054304,-0.004108281457462297
46,2,-0.03902238869719607,0.018690191873473577,-0.017788483909322028,0.0036322310123712855,0.016202683790044067,0.016470412292889185
46,3,-0.04785783417146011,0.022238308011088944,-0.01707444367265368,0.0032822279664354494,0.018687851753079694,0.018801305630103706
46,4,-0.011684764359050116,-0.002563946578834402,-0.0003010363070465208,0.01018130801979275,-0.0018058417803249276,0.008768374327048047
46,5,-0.007395639782240434,-0.0053609732359986085,-0.00023545018341491274,0.012562486379039303,-0.006076604321365981,0.013291855323013947
46,Aggregated,-0.024421865358184157,0.009784599469269599,-0.008276975434152036,0.003346149142627289,0.009114048819487758,0.010627622126794486
46,Centralized,-0.010483367839924984,0.001611668630047144,-0.001542492625367854,0.0038548029339574587,0.002521423004099775,0.005924253456689121
47,0,0.009872245047261521,-0.0044275080756922885,0.007330293990427,-0.0020379921517586132,-0.004892396192391018,-0.002034040881720588
47,1,0.00850981236080009,-0.002958399031617482,0.006394604490509312,0.0014959496035820816,-0.012456615496027501,0.001922182576752578
47,2,-0.025517038611346916,0.019741256340379484,-0.011238446040383331,-0.0034535464196348217,0.007696385351544344,0.008220812356063041
47,3,-0.03171233759469149,0.024552281940941063,-0.0127319889073653,-0.005685656677986734,0.010979187344827038,0.00824952083708407
47,4,-0.011200203379976268,-0.0006488013768113124,0.0005413983117759713,0.006284035784135787,-0.0085289624935673,0.011936428468469004
47,5,-0.00813547037553344,-0.0041064542576008875,-0.0031780931635512037,0.008946059549254894,-0.012215598398333959,0.015680448945349815
47,Aggregated,-0.015703834716490814,0.011993118464317587,-0.005408403583144406,-0.0019496960110176893,0.0019596282112840356,0.006520960924104188
47,Centralized,-0.006561387706907758,0.004032201018055184,-0.0006791755393735061,0.0005182898211763071,-0.003799621645970562,0.005854575417318127
48,0,0.006361494946853272,-0.012449062695191575,0.0071884744329013235,3.614433013242879e-05,-0.008815796328059592,-0.0019945140767242808
48,1,0.0066439476756746255,-0.0061850586540596894,0.008031670996435748,-0.000480209800113613,-0.013698312458747875,0.00314841983982815
48,2,-0.002557041486785433,0.017386053538058353,-0.010274943866973271,-0.0172851852648732,0.0204230113413262,-0.005955977319659019
48,3,-0.005976239698310298,0.020600104349909977,-0.009283424904414316,-0.022705855959221952,0.023746242990204936,-0.009053900405542197
48,4,-0.011721595986056781,-0.0038033539398790407,0.0032707382861926057,0.011235443987166764,-0.008816430587038014,0.012129817774826709
48,5,-0.008772859503059475,-0.009999552045301912,0.001367711422829188,0.012513885566643925,-0.012053475121119194,0.015605966739208152
48,Aggregated,-0.0018955082771810795,0.007980602506064326,-0.0034520836514925833,-0.010720764770953215,0.008882602584798905,-0.002755562085911859
48,Centralized,-0.0009766366524976832,-0.0005702784982405469,0.0011729560433684028,-0.002685633290153971,-0.0013394454204524694,0.0016609110999899214
49,0,0.014042944256528031,-0.015254623186644943,0.010725792601634603,0.0005208823184478696,-0.012041673062937757,-0.005080290882438282
49,1,0.006259706890528969,-0.013105711279879325,0.010375909195984554,0.000477731905950972,-0.010355675632389701,0.0015287979996125279
49,2,-0.014005123725651113,0.01774028485470492,-0.010282081437759924,-0.003449253409534593,0.017854412459899733,-0.00396940540894525
49,3,-0.018195314914382723,0.0246130932757264,-0.009087309264728859,-0.007074525643789616,0.025115810161881778,-0.0075391631769555975
49,4,-0.01265886606711036,-0.008685009980082713,0.0029254927558222863,0.012359150305472917,-0.003893106958627848,0.009602447574403964
49,5,-0.009480967716062093,-0.011301006697906348,0.0009226802576780682,0.014048512992994268,-0.008105049692043112,0.014238062194311223
49,Aggregated,-0.008068394346698062,0.007557480107050941,-0.002605620806445298,-0.0015053359855959048,0.00904817629982229,-0.002594778740045438
49,Centralized,-0.002855624015450433,-0.0029180281311074665,0.002415372871430655,0.0021763421937933463,-0.00045556415836913166,0.0005917520959549227
50,0,0.013931923270219464,-0.002894865685845979,0.006372095895877941,-0.0028995149887284305,-0.005170761175013085,-0.002849117890628896
50,1,0.00864327837357459,-0.002281113816967519,0.0038645100483251983,-0.003216819596363506,-0.008356557486860624,0.0028076333294744576
50,2,-0.00417534184541042,0.009320893657302766,-5.5750999298979455e-05,-0.0004297133986456579,0.009470701923927224,-0.010053238970364737
50,3,-0.004814504420557624,0.013488232354751207,0.0026960209297320226,-0.0012962297684242347,0.014261668804751191,-0.016045413064506964
50,4,-0.012322050568212234,-0.003641703272375311,0.002953739460088081,0.008278890802294622,-0.0057809988138044005,0.008922169000811305
50,5,-0.008656252444596767,-0.007456600657620126,0.0004328268230525132,0.006429159134953011,-0.00562829944291126,0.01393564679366374
50,Aggregated,-0.0007018694486964163,0.005484358414031802,0.00244147873046558,-0.0005426321367729002,0.004558349234789579,-0.0065387013020345
50,Centralized,0.0010564009181998806,0.0006415028346634506,0.0031069382902225223,0.0003283758090662614,-0.001101237605365409,-0.0008112892054408874
