Round,Evaluator,0,3,1,4,2,5
0,0,,,,,,
0,1,,,,,,
0,2,,,,,,
0,3,,,,,,
0,4,,,,,,
0,5,,,,,,
0,Aggregated,,,,,,
0,Centralized,,,,,,
1,0,9.077130366831096,9.320754144683235,9.26442366328894,0.030081954479206925,9.542909895872413,-0.009941770894853146
1,1,9.373227766299125,9.6283975776644,9.568032879039793,-0.010987082938149307,9.859738521136833,-0.05224293301470924
1,2,11.01054066615516,11.568627082806211,11.16398181198936,0.17301560292265272,11.81426768746433,0.125314475779453
1,3,11.294976282175432,11.90017847383498,11.444122193741723,0.15412584368522766,12.150932978616899,0.10514650230290574
1,4,9.161719617543,9.305179978907287,9.407354923619552,-0.3708608817246384,9.567436503376923,-0.4120201860922268
1,5,9.307932927745913,9.465145903121911,9.553606917391186,-0.35818287380835706,9.728903693781861,-0.40002841268620465
1,Aggregated,108.7588356321972,118.41291339854158,112.34069223140463,0.03154929482173508,123.76239099116148,0.027382201656980017
1,Centralized,9.894510689133098,10.258146148743913,10.070275885969785,0.11826690697338335,10.489385130974268,0.07516550593753418
2,0,0.5214563273638099,-0.30405858277650494,0.6500936121289134,0.8331193747673562,-0.30110867185254164,0.8971662486210167
2,1,0.5452912387149599,-0.31576660005469254,0.6797624497246143,0.867742006171661,-0.3118834415595367,0.9300531240297284
2,2,0.6831546199067383,-0.00017293417644056083,0.7699744143731695,0.6506560716146851,0.0060725241014462005,0.24204307439927022
2,3,0.7193916181243105,0.050400289455165434,0.8004684765599537,0.6318116905557066,0.05705572270353794,0.1482622023354151
2,4,0.5389796896747315,-0.5650570572122997,0.7228061196644819,1.1189078330525264,-0.5618410695152103,1.4720389643255127
2,5,0.5487153830534737,-0.5547978721356284,0.7312616830432964,1.116963912409876,-0.5520035455617026,1.4498638957855068
2,Aggregated,0.41065172300381714,0.0640540453408405,0.5571382329082177,0.5962339295392702,0.06329492719842113,0.5064364634916907
2,Centralized,0.5780351985502185,-0.19717958187886878,0.6921373921853096,0.7672309424533549,-0.192631847383085,0.6581826728330131
3,0,0.16337216834029075,-2.0791953660126032,1.5746120284177774,0.28594921176675003,0.5028608167628525,0.27454907626509206
3,1,0.18813888940374687,-2.2395480622639163,1.722028716181042,0.2793273397346319,0.5650805556173016,0.2698363684871875
3,2,0.2571188870665422,-1.8341594088068802,1.2612244847772038,0.0293824185931612,0.8922845222076925,0.08488076896010292
3,3,0.3020088622690052,-1.8876204229377669,1.2797672201878665,-0.035026402520540116,1.0019290110691446,0.034180194047878476
3,4,0.19440979891720075,-2.3923699469884223,1.8630307911808555,0.4566773762921476,0.3221082066844931,0.41591295159320857
3,5,0.19573053448094524,-2.3688753561494686,1.8524781758462872,0.4573739507881146,0.2960501868048385,0.41919760599106093
3,Aggregated,0.06047563275831905,4.059081282170148,2.1398749353778475,0.047302189009138865,0.6333225835213163,0.04357956863715152
3,Centralized,0.21286744947626698,-1.9571723811455684,1.4384483201672174,0.18161215490865507,0.6340965811548647,0.1966756573907556
4,0,3.3523319964378286,-0.5906793062307399,3.670532962872573,0.5941036664495782,-0.8233030333445757,0.4859920492505886
4,1,3.700841252307444,-0.6412974899287852,4.042219857082053,0.6114761485761299,-0.9412519746379238,0.4985093134689974
4,2,1.3584747654515024,0.7191810781615517,0.3837058534969789,0.9812213116099496,0.8355315016091958,0.3028477843707724
4,3,1.4985328686320114,1.0523499289986904,0.3741307312846555,1.0178518291929417,1.1109405963218837,0.1637972622188499
4,4,2.2600966109883007,-0.8980895539375723,2.161824890993528,2.1990460075756837,-1.2617750406672374,2.0860006134187783
4,5,2.3791342970152027,-1.064312717989592,2.3119793984877126,2.1963229002312348,-1.3648800862874944,2.158005389397672
4,Aggregated,5.388175008817564,0.7076623773788057,4.894236625178166,1.258719106961803,1.0012646828272944,0.6217262833835808
4,Centralized,2.2575029283484205,-0.015148502158548885,1.8884621605225527,1.0167821738599094,-0.13332931067002438,0.6377754871563114
5,0,2.4214566707178355,-2.2504876080571945,2.5124520755185524,0.8005764948408212,-2.2597828393018924,0.6005450153858907
5,1,2.6577429700411113,-2.4643201927642524,2.741032374833696,0.8298641066675725,-2.4559032508534964,0.7015082011882896
5,2,-0.30329183174666974,1.05429353109627,-1.3421774755657934,-0.5132825437166473,1.438401617628911,-0.712247071368648
5,3,-0.3286498400320046,1.3098040522780205,-1.4795862905678991,-0.5678878696856589,1.6738720578181119,-0.8442557695987964
5,4,0.48427546637310004,-2.5810690383791766,-0.24843120707270497,3.1021495148260967,-2.294468476673298,3.0353014141626615
5,5,0.4858195710211429,-2.914078078493279,-0.2865947092156454,3.3103820385556113,-2.4430781610952463,3.3713897193455473
5,Aggregated,1.9224577233345863,3.301252269190114,3.170753886718692,1.546758186190899,3.6905513280385804,1.6695239314191233
5,Centralized,0.8529922677200303,-0.7631351633326107,0.23088723320348647,0.6116520115968364,-0.5443212190424923,0.44132949458510173
6,0,2.2313501844127384,-2.193642492340937,2.3828289244455068,-0.02066965468656522,-1.8498518959704426,0.35094044751332476
6,1,2.357659469768469,-2.4024294833919466,2.531604276824126,-0.029568602117098504,-2.060257973690194,0.4340171253659589
6,2,-0.7629779114256574,2.969917045022694,-2.041605610088446,-1.1054589824985561,2.445362390379218,-0.6778952358782168
6,3,-0.8998060918368677,3.3740321898071097,-2.290116102194144,-1.2509363013986183,2.6531017505231955,-0.8351210159945083
6,4,-0.11927021471591988,-1.9000980956507827,-0.3914711736575328,2.914644394461798,-2.111632889636524,2.8907268434407616
6,5,-0.17037834818806033,-2.0910052720080228,-0.3998251844082314,3.1475664937309356,-2.3073364307006714,3.0672296915087505
6,Aggregated,1.9169190024113316,8.03454520367622,4.563531791939923,1.894621013664922,5.563690543071533,1.4120663788633825
6,Centralized,0.4214075500208537,0.2557273827389812,-0.20667120256507804,-0.013410386445191907,0.07780008290823805,0.323412511360519
7,0,1.7233606183207346,-1.6983714038120934,1.781625536917211,0.3643890230591034,-1.7168245272097726,0.09468647320877294
7,1,1.812873966188913,-1.7721546865566369,1.9452564302281066,0.3006886063062488,-1.796252284644182,0.05033471152790031
7,2,-2.196076683762846,3.194234650549905,-3.2019056624190663,-0.1439007657521677,1.6666703520613775,0.05308316397259448
7,3,-2.482251208579569,3.6045223615010085,-3.577681891300703,-0.15544157760785954,1.7851263501655896,-0.04140422373281609
7,4,0.009556378920662094,-1.5848570842154446,-0.5244994149776351,2.6421041496397275,-1.576325684207957,2.560377409586859
7,5,-0.04864820797309722,-1.7910299853891025,-0.5116134795199612,2.6387095660159714,-1.6187885837324318,2.6773701732359245
7,Aggregated,4.1903306795601125,8.156536233782253,7.948230608238102,0.8458334434043853,2.9626470356112193,0.7910394757437489
7,Centralized,-0.4478050770257986,0.6252244741999655,-1.0205192970224921,0.5427615923929348,-0.0716973385152987,0.5174350914302186
8,0,1.439578979891229,-1.0382370403432608,1.36864721535242,0.10917505535382506,-1.0410351201422328,0.026862500466112316
8,1,1.544789506125357,-1.084070712295082,1.3824208136801404,0.15808711002759443,-1.1218176691005775,0.07711901743726922
8,2,-0.8684272713356557,2.3629003106035413,-0.467404445483124,-2.1245831380641658,2.538952820529195,-0.9148532377932339
8,3,-0.9871433463517396,2.762920603897544,-0.5403532406824099,-2.3889624964355884,2.8731073600834645,-1.1030000240797
8,4,-0.4280302936764021,-1.697723105341812,-0.5098815375922259,2.4568575924302007,-1.3684218990080717,2.516056578300685
8,5,-0.45609333103764754,-1.7773716920599374,-0.5724560631441336,2.5917113305045327,-1.552280248055561,2.6979831176246893
8,Aggregated,1.1751265237314352,4.639875452957098,0.724462090347284,3.8100100056537833,4.997604470137187,1.3997431021010913
8,Centralized,0.04935728696672785,0.4796560264678622,0.19373876094416945,-0.5913583966881393,0.5844879377704826,0.011311194687121192
9,0,1.106063736120556,-1.434217895274147,1.1873184652265807,0.1658318555734702,-0.8750403583865008,0.14312040349929564
9,1,1.1796020511858243,-1.4976875018835076,1.1785208617887666,0.12428689850395658,-0.9227345902195156,0.20978015133243283
9,2,-1.5039274852642623,2.4357869330273023,-1.6332511888841992,-0.38233060727444457,2.820702796101638,-1.938875734484838
9,3,-1.7100274734787273,2.7888692035455906,-1.8237254677187147,-0.47424815205097826,3.2329606868792715,-2.274723342091837
9,4,-0.8703614069457634,-1.7227479731053943,-0.32995971833136206,2.0093942361848494,-0.9772523686244345,2.512098522669637
9,5,-0.8757158346188506,-1.8874829846388428,-0.2563298871659047,1.9908503660266976,-1.0472122358513527,2.500999363410464
9,Aggregated,2.0177022922395698,5.1070161345314276,2.2090227103520768,0.5770863149240771,5.881030182605555,3.416166581773372
9,Centralized,-0.46295992403087505,0.3629720945946258,-0.40478079164175235,0.22507663377950493,0.8811705724039993,-0.5045443325998765
10,0,1.0375937708725742,-0.8123838458009681,1.0422066779312935,0.34893287064542017,-0.4477212261856068,-0.06109975493933006
10,1,1.121334245462762,-0.9387803760248995,1.0023522339494375,0.43578946162083165,-0.4917528120022959,-0.05795713418942364
10,2,-1.0212683914228495,2.1713672514026476,-1.1802724383563605,-0.999233529237965,2.306374785167314,-0.9069070368930237
10,3,-1.152006615725138,2.5225031467221055,-1.2587205223500584,-1.1357724407682352,2.7038612991309785,-1.061289828928795
10,4,-0.4359199945195657,-0.729077822112033,-1.3741557256646526,2.352178835080382,-0.7424866501181306,2.5367407431356184
10,5,-0.34527085618813846,-0.9471369446545123,-1.3266929261959108,2.5028301071892565,-0.70401232761705,2.6380430451788945
10,Aggregated,1.0615880838143061,3.630898028458908,1.4013768171785963,1.4095603193293773,3.9195977926836263,1.355950763699859
10,Centralized,-0.1655962576689084,0.6082741314139575,-0.42058331467671295,0.05566028525127121,0.8380016808817234,-0.024976253550742573
11,0,0.8913672160649521,-1.0025730924377418,0.8007323154419854,-0.1103158249808504,-0.8447703917736576,-0.17057910635569337
11,1,0.95584081924364,-0.9966129190813073,0.7172165269095915,-0.1899572205600606,-0.9971481095644189,-0.06860267164425755
11,2,-1.3977872396713755,1.5557753677543968,-0.7299668087278389,-1.5015617639084224,1.8307522529968019,0.36194990608786437
11,3,-1.5880187757122735,1.778559016760008,-0.8335843210942334,-1.745095234158015,2.1366416971237787,0.3321576963202688
11,4,-1.0366275439160455,-0.6870293005960338,-0.8315250093652362,2.2313025815977503,-1.8936001610585158,2.1701112745309445
11,5,-1.0648246361800868,-0.9238097040571183,-0.8007845340517026,2.244738584711734,-1.9528785742966992,2.1759662001989675
11,Aggregated,1.7147140102615448,2.038311868688935,0.6096425830821168,2.1752863115922945,3.0472177594181695,0.6196472047471379
11,Centralized,-0.5239640005995954,0.26079574023517144,-0.209733643678587,-0.4196793106670324,0.22606308992344393,0.4987008231091595
12,0,0.9754400780573836,-0.8442328344274775,1.1696895798122071,0.18153514802333942,-0.8497353811679835,-0.16987620129270073
12,1,0.986319994423781,-0.9271463729618634,1.2005397331843577,0.14784695826489558,-0.9810625230011807,0.04066313141117682
12,2,-1.7204615276459923,1.4852406052685192,-1.3744644717845245,0.0021790095972858995,1.5273023521747244,0.2386517530817805
12,3,-1.9593964333586313,1.7086470829383162,-1.5102711116528895,-0.03643017038793899,1.7811977259383582,0.22605070095781674
12,4,-0.7278713213345894,-1.2130089982924612,-0.6789578106736482,2.154858960679974,-0.9328298542652468,2.3210787647330644
12,5,-0.6704256450918862,-1.603088970127696,-0.42891257519464243,2.310435496593712,-1.1064070456456907,2.366269995904593
12,Aggregated,2.3733043302146255,1.9960053885900262,1.6894461588522067,0.5813375506952739,2.0143373769102992,0.6676831654816159
12,Centralized,-0.6040337430854107,0.15432659720368708,-0.32226415636625594,0.4424788031558019,0.23700008952522197,0.4909598817949714
13,0,1.0909836534846935,-0.9684587061292007,1.1284815801817774,0.057251695116257495,-0.8625005012703609,-0.4228324435660115
13,1,1.1521103797549317,-1.2130237860363335,1.1331149556879245,0.11993127215591133,-1.038691011975494,-0.3265493266870214
13,2,-0.31048987603361394,1.2143442117823717,-1.945450331956208,-0.018285926940647162,0.9273169710194669,0.20588849911938148
13,3,-0.3037112139011816,1.3968508782013709,-2.144311968704093,-0.0321276771825466,1.0927200474415897,0.16219715123863962
13,4,-0.4342882965195545,-1.1944340386634498,-0.9195922963541929,2.123122169197775,-1.4055975461116206,2.0871953182034897
13,5,-0.277137214862714,-1.387605781633307,-0.7480564813318962,2.1131384628182106,-1.4391008384348671,2.116727818493655
13,Aggregated,0.42938442945148153,1.564364492576495,2.9636941511199586,0.5181620268843512,1.1085843742331822,0.5686034096994176
13,Centralized,0.20969223583872304,-0.031019773910925034,-0.6746264279791185,0.3885726955211094,-0.12916456912498048,0.3165916487293767
14,0,0.7624629409820601,-0.8305897922733809,0.9089197794541131,0.18287882488652465,-0.39578253159128357,-0.15689956450678547
14,1,0.7454571221073027,-0.9027409925470441,0.8505544888509189,0.220384264003772,-0.4363599215101278,-0.017873195959830727
14,2,-0.28576134876055365,0.939512526130819,-1.2281464739214016,-0.42605907625772454,1.0703139849914967,0.003734943479192775
14,3,-0.29964884419709964,1.1162468960877538,-1.3403688278477621,-0.5365629698568131,1.2227639656030533,-0.07563595045699673
14,4,-0.6328064416584632,-1.0385973970418678,-0.5275772515881961,2.0515999191565273,-0.6843218012678788,1.8876246084539212
14,5,-0.594849995008389,-1.1621655732928522,-0.37007432781392724,2.052310059724051,-0.8715577597840165,1.9547181694675049
14,Aggregated,0.25628428280839033,0.9930336586222025,1.2373220368572118,0.6363042072258429,0.9135919288644594,0.4292679688319833
14,Centralized,0.040271080228772384,-0.04240894221471504,-0.3380449640765994,0.20834174408292172,0.22388781867095348,0.28700593039993116
15,0,0.7721863617661976,-0.7692489725392837,0.8600019101167874,0.09321097807114821,-0.9170873039436631,-0.37206784595886144
15,1,0.7550573767957616,-0.8593744102295157,0.8386959420898039,0.1143633929736704,-0.9598516891720177,-0.18156573696398598
15,2,-0.32283277663699933,0.8428891801671518,-1.2739665014426738,-0.10437390263588209,0.89598555413388,0.13593666856000533
15,3,-0.32922475701180764,0.9779635947306174,-1.430972146426535,-0.11703115419041923,1.000376193812428,0.04823225965299051
15,4,-0.908994554959429,-1.123105295637368,-0.29808825452003196,1.8697957583090468,-1.1867553565340925,1.809566506116555
15,5,-0.7594034115567867,-1.2967118316817832,-0.21881395802569778,1.940209779001248,-1.5664626460342397,1.8244203497991869
15,Aggregated,0.31006904284747294,0.8589149004038084,1.3161400124039664,0.4273944300259504,1.014135981202341,0.4097455965303361
15,Centralized,-0.00863068311958851,-0.09711060895877936,-0.34539402056187457,0.31538053484807804,-0.15375163186695331,0.2537857004815493
16,0,0.8219935751638274,-0.6558394241427133,0.9840544720094732,-0.05375928148739873,-0.4534568168985244,-0.2553988051560483
16,1,0.7288406069356406,-0.8181553804874255,1.019662646717077,0.08896772699453656,-0.6322516053326261,-0.0960640652303626
16,2,-0.14538619673575823,1.1010680419833632,-1.5278746879161818,-0.6641031292683045,0.8699450147257367,0.29892020356356813
16,3,-0.14504944966851477,1.315942298629294,-1.665506575883011,-0.8149767481462498,1.0247456820925949,0.25631522801211337
16,4,-1.02131813041034,-0.6847448808434528,-0.7919721774861525,1.9744539917984412,-0.8661317082836133,1.964982977526172
16,5,-0.8967546025559712,-0.7582906822326234,-0.6144859463672101,1.9587272427642877,-0.9240304875548172,1.939563150247637
16,Aggregated,0.290098075454255,1.101036193961474,1.8783707247451937,0.7779273940592288,0.7212145498961617,0.49490799923241824
16,Centralized,0.05722287670255787,0.150837885157443,-0.48794941525410074,0.0105957035618217,0.08038417644089028,0.40045520695660125
17,0,0.9080910121168222,-0.10861124237595539,0.6358539809507828,-0.2084078099577384,-0.839388467715421,-0.23474298688470954
17,1,0.9331186567886844,-0.2342601583062667,0.6140476297789116,-0.20753547429054325,-0.9087348882601014,-0.07043354142511347
17,2,-0.4686665746736768,0.4880606830555167,-0.4278709305186221,-0.9770686799806096,0.9369717878343915,0.41394004149287217
17,3,-0.5052033602985053,0.6342808629127539,-0.43790347966066145,-1.2016781040926694,1.103995961432032,0.38281631236407476
17,4,-0.9739321145100825,-0.5746840837163307,-0.3747000788889093,1.8331755900135585,-1.0307743137812462,1.6096923940629262
17,5,-0.9224221423306194,-0.47372303392033976,-0.3772979769141226,1.8199245477385684,-1.2274733967719904,1.5517024514323314
17,Aggregated,0.4867708503808072,0.23385750542037836,0.23984654581353512,1.1164913275772723,0.9950834594848758,0.3911320424402712
17,Centralized,-0.046898005669787794,0.10408765981906899,-0.027338871687455166,-0.2555040470633207,-0.05536704581471393,0.3927763386762038
18,0,0.5262288258082375,-0.41640918905764557,0.7221494081686771,0.051071072880532184,-0.441152799244964,-0.2550871633931274
18,1,0.5715092871590071,-0.47909637060446925,0.7501962186174733,0.025467655838037295,-0.5681237034029668,-0.012845300601371316
18,2,-0.6384993954130695,0.5919663678882092,-0.8390799043813593,0.11403483949062093,0.5881119718133867,0.30912355339521613
18,3,-0.7227200484776012,0.6913290674266076,-0.9362689465144715,0.11300146342391872,0.6997239337504045,0.2721185935198342
18,4,-0.8398969870402065,-0.3697544494273102,-0.7729013238790386,1.6150600354804077,-0.7879112341286647,1.608804698792666
18,5,-0.8110770192984303,-0.5985517628661049,-0.6405391573405119,1.6221830186350044,-0.9366539693991277,1.8095894668286854
18,Aggregated,0.44353170342646736,0.3346365077773115,0.6869546509446783,0.3090929705541027,0.41063066585261854,0.3969007238896266
18,Centralized,-0.24243917752632987,0.03994020952587232,-0.2502204105198598,0.3403431324181762,-0.04414951999204841,0.3691255499548011
19,0,0.7925904493615268,-0.9408503974511733,0.8532255691080243,0.005206890357372263,-0.9496908773863852,-0.11371469763780596
19,1,0.774922395106519,-1.094211139560718,0.9368888188559736,-0.061819647557213364,-0.9943497925777784,0.055162483005400595
19,2,-0.2725972212784383,0.7836914828875526,-0.7348761314288674,-0.2600028261707672,0.46751713399561445,0.10834694112405849
19,3,-0.2885588643411875,0.9240596372326106,-0.7818090062546403,-0.3177159905844744,0.471916263176319,0.07062503753840974
19,4,-1.1355100229685235,-0.5596175722354398,-0.30839761709780106,1.4266899921091323,-0.6264369538629894,1.5483098931186072
19,5,-0.9684407356611484,-0.757912791219398,-0.15799069497146798,1.4453269184180682,-0.8550831031097847,1.471405758055031
19,Aggregated,0.34970586173661944,0.7879336537372322,0.5809468380254331,0.2880419058820901,0.46559207376711953,0.2692703757350221
19,Centralized,-0.022952964469998862,-0.10465355724829029,-0.05322532452379808,0.10815343915967486,-0.2631344388889253,0.2854123103719359
20,0,0.5113279313968561,-0.5662389991388602,0.9053833398236121,0.026748344810135282,-0.5325898337288473,-0.1596631158654792
20,1,0.49055844846768387,-0.6891483309320457,0.9876703433941624,0.03950579787535554,-0.6025743959667241,0.0079244828529727
20,2,-0.10452230487892346,0.5816235117746429,-0.9427850979097325,-0.008956765957117105,0.5063744610365314,-0.020272641932511406
20,3,-0.12212645185472676,0.7299611152181161,-0.9960521808832805,-0.03458063122687178,0.5504858504271047,-0.09747979914393229
20,4,-1.2867068377516029,-0.41559321013867423,-0.5391717815029641,1.4587262851013452,-0.49723087206898714,1.4308674422245673
20,5,-1.1450189863905547,-0.6530436916615577,-0.484101278096417,1.4522256058559788,-0.5666879003952061,1.5198201494113697
20,Aggregated,0.2494053156788014,0.4092189774234076,0.8504491089914162,0.24399280055868183,0.29263145868860113,0.25680738668096365
20,Centralized,-0.0754058637240848,-0.027213705964568704,-0.18286089862458382,0.25147877994489676,-0.058315497463780494,0.19924360519689582
21,0,0.7153419616470649,-0.6605391734029895,0.7906231610757759,0.1048737101757178,-0.35822796266717427,-0.25686743097939846
21,1,0.7329474385589017,-0.7888682758023282,0.7352315494152061,0.14013678748198527,-0.40906259425962216,-0.13134109382806552
21,2,-0.021990719239388085,0.7665095143453851,-0.7816896141386119,-0.20164263169492552,-0.3349536714243616,-0.22217495716017474
21,3,-0.062368149784825,0.9307555876181122,-0.8318444539441685,-0.25373624069568396,-0.4362465485541271,-0.32729220908084955
21,4,-0.9835718675153217,-0.4901322118753751,-0.6173658295278697,1.3758812736891568,-0.4580263740843361,1.593887543717474
21,5,-0.9173382077720651,-0.6397347257173428,-0.6139050637574763,1.4423840893053563,-0.48166104024782835,1.6316332638088924
21,Aggregated,0.25410717646714964,0.6246231638427002,0.6007073386251757,0.2640913783260029,0.15827831539517337,0.35760318450942896
21,Centralized,0.08013632983531403,0.018833980916533575,-0.18819695117622,0.18304068100941862,-0.371599516522194,0.08247028141007119
22,0,0.5976830120023182,-0.31423197413434745,0.689213725559974,-0.07303136206032718,-0.8961433532494207,-0.2085368725631001
22,1,0.5726785268648724,-0.4237237197753084,0.6919876778509659,-0.024220435014428512,-1.0079226246761612,0.011751200863162403
22,2,-0.27362010852097607,0.7895125300900435,-0.18054700195629445,-0.1615714056768573,0.7502510411518412,-0.1522930326635547
22,3,-0.2595473961112909,0.9120787084777815,-0.1289575972593167,-0.2083439959932827,0.8598674530436649,-0.23367447316556864
22,4,-0.8873287813024089,-0.10623500246476425,-0.27598420857470957,1.0127181876958444,-0.7907645791855313,1.3574622569510975
22,5,-0.767596194524167,-0.3848353394611704,-0.38274573522732663,0.936500055697777,-0.8441668993237303,1.4968211000977025
22,Aggregated,0.21907895291164453,0.48610473406472554,0.16300814957118506,0.13098823820482497,0.7265360952386178,0.26404218985160166
22,Centralized,-0.04956279384347985,0.197673959325824,0.12282532546641801,0.06697204235216106,-0.1283709491048813,0.11723473459598223
23,0,0.6221206398977603,-0.9011302398056407,0.6190440928146991,0.15302894511446938,-0.28278747250043557,-0.13462742088101984
23,1,0.6244282469267987,-0.9414413744150524,0.5641423558594398,0.21064706195980293,-0.4310499140014506,0.02250616249701568
23,2,-0.022634428669793216,0.5079634229686191,-0.7003256302555827,-0.32500371170796283,0.41750256412771514,0.07922667894907663
23,3,-0.005833639228683247,0.560240127901245,-0.7121449900924056,-0.42580403565343905,0.4602500619342737,0.038888185347435135
23,4,-0.9736473235173836,-0.9049166941030098,-0.2542651840096717,1.2698206422778762,-0.3606085033963383,1.287599300458996
23,5,-0.9645354321522644,-1.186265110004735,-0.24748255797507238,1.3866834952106988,-0.4320674224964737,1.4471026886612395
23,Aggregated,0.21832694314258816,0.5408629073589505,0.4067047159585974,0.29888306037281215,0.17199424770608301,0.2204333324606479
23,Centralized,0.053173599400628886,-0.27091205456641626,-0.14298783321480527,0.12399547633971275,0.0013427217728164465,0.23713542719640274
24,0,0.5376437320458303,-0.46882935053417796,0.6859560868115666,0.1975870751246802,-0.23334906023079596,-0.28287482988451546
24,1,0.5307641300012922,-0.48036423739147166,0.6908637059333292,0.14991001474007845,-0.39767085592324186,-0.08546326887162578
24,2,-0.2799604461459845,0.7588016323368407,-1.3262487475494635,-0.3262870253732461,0.7359790459718488,0.3496826703934896
24,3,-0.3116261205384303,0.9034557719070351,-1.4729605121869236,-0.4082881852322399,0.8734206536915491,0.34827240869118076
24,4,-1.179358134525929,-0.16087686097042103,-0.5031677375887793,1.3464403043265694,-0.354948963235802,1.3048569827978787
24,5,-1.0916212108969086,-0.40094998040797275,-0.5119549393326652,1.3032387415594495,-0.24354343263700085,1.4092076411014294
24,Aggregated,0.28208026065356145,0.49312784632744744,1.3450908537160786,0.2924731708015324,0.43296913417954425,0.29741648009535926
24,Centralized,-0.12747025756103234,0.15100552943018183,-0.4653036905630582,0.12530867725928602,0.19383355407452904,0.31822471249164846
25,0,0.5582751678662997,-0.2961210330608967,0.5087273125408291,0.06544328306933725,-0.4378038178471957,-0.35638511554265206
25,1,0.5563869557056088,-0.46692735934481977,0.557182232956523,0.1368872191898901,-0.5879622486291254,-0.1457683764857384
25,2,-0.6516702807536296,0.8255399806378831,-0.7933884503076815,-0.1081782039885474,0.8805689511643354,-0.22514550461514637
25,3,-0.7765752510136877,0.9830529782628339,-0.812519250603388,-0.14078433066123805,0.9932259405883094,-0.3387437648436724
25,4,-0.9942306545036466,-0.49966689142012266,-0.17974338638055246,1.2064215963990574,-0.5691718949197104,1.329239819768415
25,5,-0.9736674198547917,-0.5357454697310191,-0.28677925238496144,1.3004575881894478,-0.6884726849024057,1.4022446164234432
25,Aggregated,0.5083415118500856,0.5695877575453405,0.47507170688536593,0.1934293966921943,0.6517459272736887,0.28514458012047783
25,Centralized,-0.27979345188319676,0.17678933499989072,-0.20765896774918358,0.19360061338032244,0.12575969660457967,0.016027036363405738
26,0,0.6112499486996951,-0.3276319656581957,0.46358624248227204,-0.08825794528378186,-0.4311681935019446,-0.15756058810695256
26,1,0.6315653359120521,-0.46959736113282724,0.46513828122575834,0.027914595512193646,-0.5818743202608828,0.04576273143624698
26,2,0.26911595072947675,0.5875665541149331,-0.45569529997978214,-2.285434637520996,1.1390978471972124,0.6810224854160689
26,3,0.32178085918950233,0.64647627073477,-0.47495687838700984,-2.5811394738487343,1.293478913289287,0.7027856923320933
26,4,-0.8896681146683186,-0.37936672438746566,-0.07668150755749845,1.0255892545995382,-0.580394048849488,1.1404881339844712
26,5,-0.8234065882559436,-0.4685203498536428,-0.1457999600545155,1.1371168493083998,-0.73142117922822,1.2610712049346633
26,Aggregated,0.24695341345848376,0.29682759409030585,0.19302136162431818,3.708681718652317,1.0175075879862423,0.4577160918421713
26,Centralized,0.2295087143704201,0.08400855231040688,-0.043764974929331894,-0.9979234406334144,0.26314381428328854,0.5049078843065751
27,0,0.568632089964703,-0.8376287022818215,0.48221428980305237,0.1260257502062827,-0.5087306678407856,-0.3052259033006749
27,1,0.4409148752998322,-0.9712439210352345,0.5236275960955797,0.2641533754007123,-0.7025765558349825,-0.12533937480511567
27,2,-0.21604335322726798,0.8460538664794612,-0.09432873410115059,-1.3186106935924293,0.9768815044624375,0.019331145748687086
27,3,-0.2705650679735428,1.0331602897450287,-0.06172135067843693,-1.5358294503627938,1.1413434034891508,-0.029284051738932254
27,4,-1.3576158257353834,-0.23906867879337415,-0.11554079277473442,1.0882930734864948,-0.5043113990073698,1.1594344680264979
27,5,-1.308583255182006,-0.5143809683211775,-0.08545150324178151,1.1356977528672372,-0.5829452131324316,1.1597392657774395
27,Aggregated,0.31370672991010623,0.7880590388034046,0.07694684994742484,1.3859576597579064,0.8193927642290061,0.1702501944591983
27,Centralized,-0.1422296301897186,0.03452781654558817,0.1369246167825886,-0.411136294741735,0.16461721348538602,0.12149927806729552
28,0,0.5559421725939695,-0.18968044683609991,0.5337844624844584,0.10247964820073412,-0.6462557972151411,-0.12772369621659763
28,1,0.5379073685581849,-0.30001028139764474,0.5437726309809215,0.1845296374383017,-0.7464939477330562,0.14328393608425133
28,2,-0.027994610828564408,0.45937248445625956,-0.31712482257837293,-0.6291318515157328,0.4663673906922255,0.1482223809303441
28,3,-0.0416638242708828,0.5384269930024281,-0.2981352896748644,-0.81099161000021,0.5664500873721504,0.12000533021860074
28,4,-0.8321279163121457,-0.455541757979877,-0.21337695721644956,1.189343126546051,-0.8191879384792264,1.123242790746372
28,5,-0.6987596286586647,-0.5581355979945303,-0.17370103418579888,1.3408728903575329,-0.9464801984999001,1.2141414482818573
28,Aggregated,0.1535152900443852,0.19827068750769325,0.14372984956814097,0.5074808578370926,0.3902190431947464,0.17325886770659296
28,Centralized,0.05383206995347318,0.04593811365249358,0.02683259888129609,-0.053933124297739,-0.17173423904113314,0.2556078520266047
29,0,0.5898974844906962,-0.5256298903098134,0.43501371582213905,0.09602445947514064,-0.5482446736025446,-0.02653571659221377
29,1,0.46310294593793816,-0.3605705592341409,0.489738254715202,0.12743054042131272,-0.6291863417271821,0.1327614440385195
29,2,-0.3579716861794768,0.5638501906579901,-0.6152087317894595,-0.30713531041533554,0.4566823242549794,0.24218749179744864
29,3,-0.36589800747856427,0.6764565267841652,-0.6856432207704888,-0.4066507052419727,0.48401969972818876,0.271082008010715
29,4,-1.390028457784895,0.15337692216551624,-0.24847447876391457,1.1609837913473062,-0.5914923471732104,1.185295894925208
29,5,-1.1326517699019822,-0.22128751759361115,-0.1530022377022977,1.0970666440999626,-0.6933015988023917,1.4112031314231748
29,Aggregated,0.34323341975009125,0.29497088485870004,0.32089667483681084,0.22818792688730566,0.2796858880167506,0.23735194208758098
29,Centralized,-0.18071483658748053,0.10624416525153085,-0.15421326701468852,0.07211836692694695,-0.10957827971931929,0.3479191472097982
30,0,0.7168795504669677,-0.40921962068276535,0.5611868429620682,-0.026816287297081468,-0.5189688038288691,-0.39136782882865245
30,1,0.5929425361884482,-0.5788397160290212,0.44577684233965037,-0.001044998639244849,-0.9067267328644164,-0.007231016190427455
30,2,-0.33273153732655525,0.43866930356777767,-0.3527267045328617,-0.0640140840855922,0.3829325818125001,-0.10554102392293123
30,3,-0.3879837272950002,0.5279809642200306,-0.33315341364544004,-0.1020344129789708,0.4456520653882407,-0.20383805722172477
30,4,-0.8458704569910539,-0.23330960026199782,-0.05036486820594017,1.0036631660815694,-1.0135360956362804,1.1711750986296041
30,5,-0.6378135723587618,-0.5037142160710709,-0.20468937198230996,1.0957076588716455,-1.2662878034774245,1.2694004149709763
30,Aggregated,0.265853520020015,0.23068256904489526,0.1462408859495596,0.1312455795233471,0.40980568037077997,0.20888217334093778
30,Centralized,-0.04651180586924949,-0.026367230593077905,0.011459140593395745,0.1346947640603156,-0.2625439680011186,0.06201097771597842
31,0,0.7755579286286348,-0.35630734020863364,0.5891314152796511,-0.16554434301693613,-0.5411299814909752,-0.295946182144537
31,1,0.6804042748403905,-0.44735026035420333,0.4850728112673596,-0.021425402797306602,-0.71173744835812,0.006692916659848258
31,2,-0.4736653204960317,0.26070216091536874,-0.4200050750863842,0.2612828854044333,0.30911398229918646,0.15308893825754272
31,3,-0.5300945056969472,0.34664644475202594,-0.4253337564261034,0.2754245338669637,0.3442058300260603,0.10440458311156849
31,4,-0.7529621873672196,-0.238927070149177,-0.48358396967261386,1.0250682314590995,-0.43899962887058547,1.0445144311443448
31,5,-0.39318828507532355,-0.5107978437225026,-0.5440282592945143,1.0413473118615408,-0.6435217758806552,1.2530401270809672
31,Aggregated,0.34446904801112366,0.12124921715901928,0.220514841060663,0.16988592167915814,0.21267733383437215,0.1755684649263309
31,Centralized,-0.054371663552601056,-0.07320869336921199,-0.07773013067847453,0.25493715609348794,-0.17111381396322117,0.19457277851607585
32,0,0.47512561966030786,-0.6673846525493559,0.6545215001943167,0.00853324743873212,-0.2458758113236974,-0.16389148875908868
32,1,0.43613984368061487,-1.0236351112906257,0.7112751279365903,0.1143829328561319,-0.3414972603710678,0.14053820880204215
32,2,-0.2839105229449084,0.2411728110389072,-0.42432420154717615,0.03426129858137155,0.37748474772431945,-0.004888481095852231
32,3,-0.38260510125915825,0.35865150178881394,-0.432356157066323,0.0004654426890612326,0.45857692227180247,-0.0554021162839701
32,4,-0.7584120015237789,-0.677664772068559,-0.06820325275245605,0.970631790176754,-0.23614293303931255,1.11135382600976
32,5,-0.8213618017511013,-0.777174568414698,-0.04178299188069957,1.0903332143611013,-0.4012266176238051,1.2585700171078964
32,Aggregated,0.19905763502047188,0.3292051709724012,0.24333246492576524,0.12458341043053907,0.143635308433805,0.16942496720553735
32,Centralized,-0.11363881438639978,-0.29115580173309646,0.04780973852074811,0.201956600013538,0.024761396020946572,0.17843070423625862
33,0,0.5837773999905884,-0.4786348765521101,0.4287015825209229,0.027145417488772694,-0.24904511141182264,-0.002789736455476049
33,1,0.479768913005933,-0.3919353539688318,0.3620331605139669,0.07485474771284352,-0.3622958692418576,0.17771232537695303
33,2,-0.4903623300226895,0.4911018289585758,-0.3308934797317169,-0.2752169862326382,0.37837635640311523,0.12304404031042095
33,3,-0.5317782787979765,0.551897908751003,-0.3351212628433355,-0.35569199549669955,0.47077887538121055,0.10000364608094646
33,4,-0.8720173437520725,-0.35698139362921083,-0.2323439637655127,0.8831344643880195,-0.383649303254755,0.9967001080282811
33,5,-0.7110265199606914,-0.5550126669813861,-0.26400029607616393,0.9621442530693005,-0.42224276998685056,1.096507129376246
33,Aggregated,0.3110469683615597,0.2434011593818997,0.11847602724321675,0.15964150562265855,0.15579105386707093,0.13812501313016134
33,Centralized,-0.16497839562777125,-0.004844062625308018,-0.04280423461215861,0.0334678872884762,0.009716500396543638,0.2537401966472778
34,0,0.6369980555747401,-0.7528708002910129,0.5199027679914221,0.01660530415649553,-0.7453485562957335,-0.37012270143186843
34,1,0.5480697264720698,-0.748390477576618,0.5080321566454248,0.05484171732687175,-0.8303131276868784,-0.1557906684973512
34,2,-0.20070736742052775,0.26872345195087993,-0.16999101530958308,-0.05173907468509806,-0.0716467741473898,0.18606430370311958
34,3,-0.24636537123545324,0.361534423185893,-0.12724725338827067,-0.11789327555254643,-0.11377800164028863,0.1862253403917502
34,4,-0.7003297403802202,-0.5324104668448055,-0.05352661658875787,0.9019287758951195,-0.5894401934823567,0.6884691865815695
34,5,-0.5530027572355465,-0.7867716443226155,-0.13776544549916037,0.9239303149025316,-0.6050129807420253,0.7370387447822017
34,Aggregated,0.17633327145675262,0.2728116190028064,0.08982718033209111,0.10117767205134057,0.2231575675712224,0.10213699902613692
34,Centralized,0.011072802086104025,-0.24418751444314526,0.10447913887713176,0.12833892423079526,-0.4188126941477296,0.10246430970388648
35,0,0.4940687659475763,-0.3177525353020689,0.7402602541822088,0.12991160357427692,-0.620611191610473,-0.3144128988948266
35,1,0.5107440390855759,-0.3536789317221038,0.7162997913343193,0.2332957064692306,-0.4956967485990089,-0.2476435053724009
35,2,0.10854267004291777,0.3418619000563562,-0.4938379468720327,-0.24940001226932998,0.21709447681047725,-0.07014118129044822
35,3,0.14494873837597566,0.4253505280770781,-0.5201730620059825,-0.3341132625891987,0.2316088090028171,-0.11905265618304305
35,4,-0.3996321099663381,-0.44112244638489906,-0.13704568827450458,1.012319181965746,-0.12552596535432423,0.6535835764288342
35,5,-0.2988406712084803,-0.5436335506286043,-0.15245825068643315,1.1087408845062037,-0.3938774881195954,0.7334728813168095
35,Aggregated,0.09584812505220519,0.1497555342882269,0.3077059022756103,0.19181161288071508,0.12967403455310628,0.08390212265809224
35,Centralized,0.17834316886725227,-0.034213850566715345,0.013584351181421657,0.11266547748494418,-0.14348908359825824,-0.025911835743794378
36,0,0.7091398028970589,-0.5484979775613094,0.6160013120566304,0.015934823523720363,-0.15662544737441406,-0.12472998071942547
36,1,0.5657223875132695,-0.6639264561900019,0.6101724342168414,0.1026176614444899,-0.2525733443734948,0.07251186077364277
36,2,-0.11087084237645009,0.3786401693483171,-0.3098317165340211,-0.0777041967790378,0.28297126679290713,0.009504395446659252
36,3,-0.13337065111787286,0.45920593662012615,-0.30082936165006074,-0.12212715783294807,0.32710677954477063,-0.061204845307177104
36,4,-0.7916477719545033,-0.8390979985130929,-0.07875444461290695,0.8340189043951982,-0.018930027293490543,0.8729306174970601
36,5,-0.6542761605163501,-0.9002797570672381,-0.053305319788248894,0.9841983211997565,-0.19694235616768938,1.084824118174812
36,Aggregated,0.18644375610426261,0.2987509227635671,0.16331233968773867,0.10339254628436186,0.07102201851754976,0.11544037572789197
36,Centralized,0.05522034762232541,-0.17973547214314284,0.07460723039129936,0.12849374272531672,0.04351213307075573,0.1412714528092792
37,0,0.4678418243435928,-0.3043145301980379,0.40770284721057576,-0.15864507885667264,-0.22702828575003353,-0.1353018312362851
37,1,0.2807662359028611,-0.28965441089478194,0.4563430944938487,-0.1671424727666984,-0.3518418015766999,0.02709826172795204
37,2,-0.2744413307969896,0.2878984836535278,-0.1148576783727545,-0.04735427472305014,0.3688883685175461,-0.08007820223752413
37,3,-0.3344957126868387,0.35063570978928266,-0.07543763679091142,-0.10503908772635355,0.46558346190370703,-0.10915654562952284
37,4,-1.1333339602439925,-0.3169313019003165,0.22320414554429036,0.7880470255644896,-0.5048002009898795,0.9136571868614856
37,5,-1.0452205626733904,-0.29670441826736144,0.1109212520872385,0.7014607591683709,-0.29572375595418354,0.8756372978723909
37,Aggregated,0.23502850034720718,0.09775582511424243,0.062409056098480215,0.07544421552914775,0.15061401200130597,0.10017390397334146
37,Centralized,-0.1807553657064351,-0.018840671284521448,0.14181861847812993,0.03336094622051959,0.010605291452653395,0.08771193696945616
38,0,0.5381547445149869,-0.49681381140190095,0.60735239075782,0.044742259644807485,-0.3381679782532286,-0.495077872349256
38,1,0.40651632521867065,-0.6614784384774927,0.5326218994416698,0.18878963699980997,-0.5649620163478327,-0.1733866328814258
38,2,-0.0030099930227463724,0.4923082788543557,-0.2501048846100927,-0.4798059324648899,0.39688318717650656,-0.2753657774826128
38,3,-0.036508601855756155,0.6016913484757339,-0.2600795907428343,-0.6046133294751377,0.4641590324670863,-0.35613219148287584
38,4,-0.8638021870959919,-0.3366939790287076,-0.050300115492875996,0.9298700274834744,-0.21711221647535173,0.992803525672785
38,5,-0.7665547708078461,-0.6209926309935979,0.015036776421830784,0.9953254528462662,-0.44027324302121185,0.9687602694707859
38,Aggregated,0.1415696320907876,0.3075022752791112,0.13194264926930738,0.29097120566042867,0.18750216404230424,0.21047378475166165
38,Centralized,0.028389459555565228,-0.04682481920907217,0.09215569685479039,-0.03843693579319118,-0.02497867146221727,-0.09812944080517672
39,0,0.3756089237935418,-0.31288402150295097,0.5763830689587953,-0.05519909918577447,-0.0852962548288741,-0.24891043071413535
39,1,0.36110375576051107,-0.4358398579934335,0.6991514783884044,0.041103800893700894,-0.288351626398527,-0.07952431987975027
39,2,0.05277542436121484,0.4344756688800744,-0.7660380904156755,-0.03045475463357595,0.23423253179896786,0.1118971874465567
39,3,0.01705614362002383,0.5341207929447591,-0.7914565272693646,-0.06062148027505531,0.2606024095667169,0.1152709723181372
39,4,-0.5540596985495638,-0.3208878743342066,-0.11937383044475194,0.8787093773494634,-0.15859249505579215,0.5727548186875773
39,5,-0.4950950346309108,-0.40579696629535233,-0.018307173200271937,0.8721306645643515,-0.21207435329517932,0.6638794273515927
39,Aggregated,0.07117032182736723,0.1987385087071723,0.4821006925372817,0.09006841506704863,0.053772123297432514,0.0615969922554416
39,Centralized,0.06206785319242639,0.01685659074871199,-0.12786106024108107,0.1230368016841322,0.013297864607601895,0.09258528365788789
40,0,0.5318617303701725,-0.33053386864774253,0.43230719136719026,-0.10307485865863472,-0.4138012297926569,-0.3558181986538721
40,1,0.4850364182849723,-0.44469123175295033,0.2962880749660451,-0.16013220504707398,-0.48535193317755493,-0.08118158955355961
40,2,-0.41827192052746154,0.3788088787162565,-0.4725041400282995,-0.01671790362065065,0.39591650252037747,0.2222984564060847
40,3,-0.4887693863133617,0.4952111621969111,-0.4873126082845172,-0.061775255313395734,0.45808625633749256,0.24134166066564816
40,4,-0.8121614842517321,-0.4043904403908253,-0.15707853364533844,0.5120699494700847,-0.2560199721996338,0.6409945419581821
40,5,-0.7776726538563435,-0.34051491833451164,-0.2893438293037682,0.47241290627193167,-0.3894728919258953,0.7343113780661603
40,Aggregated,0.2705690766505321,0.1764886844877075,0.18371940440830398,0.03425197400425912,0.18042822085684057,0.10582982944348748
40,Centralized,-0.14749260475592138,-0.011716808258112603,-0.11331472480482165,0.018972243041130574,-0.02928676998388357,0.13418740148288658
41,0,0.47123643530736875,-0.2174999954369658,0.4365754692892259,0.0027630671447941265,-0.16469560261889923,-0.10091213521238077
41,1,0.4178757634059567,-0.31406631233013205,0.5308153935578652,0.09410421002444919,-0.29849212001319664,0.1630439325035747
41,2,0.08981910478955513,0.4322220264835197,-0.4807894641762802,-0.24121596693327885,-0.10831404947596016,0.0352474511319583
41,3,0.04253995141264045,0.5704798457931716,-0.5492432146055171,-0.3204712797963367,-0.15499380593441445,0.030072183095342597
41,4,-0.6056687229605979,-0.3196680166278138,-0.2983968669286824,0.8493328307946426,-0.04467635128590482,0.8459571269048822
41,5,-0.3910196776273669,-0.31676433313497293,-0.3576158083122661,0.806147411504572,-0.1480550908163419,0.9838927828205578
41,Aggregated,0.08913208511132362,0.18633785540434275,0.23968970964545036,0.12836026515245935,0.02862204030910557,0.10254526849122483
41,Centralized,0.10692325151252254,0.07068049873954199,-0.10644020156473262,0.031216870311695642,-0.151760018926324,0.1751153646798665
42,0,0.41235964574760386,-0.33759434116783676,0.2999137731914471,-0.15806650667466557,-0.10599233555939071,-0.16680405656854053
42,1,0.24242505232440487,-0.42283978758235574,0.33132791465467226,0.03826106169334596,-0.16565744746998354,-0.014414536638736031
42,2,-0.07690751388989701,0.5521449541580516,-0.7639884948272248,0.12092652544701016,0.3601629867360675,0.06286753506935248
42,3,-0.11717293625565148,0.6472853793849965,-0.8018820800532654,0.10148775365766287,0.4579171793224085,0.033964363894418786
42,4,-0.4434320444584844,-0.31753675397838715,-0.3565693971958214,0.8658748493059305,-0.13695253524054654,0.6271451695042777
42,5,-0.24728938462167058,-0.5547654195101561,-0.4506581941163879,0.8487183639829048,-0.2451917279865272,0.7395653963096107
42,Aggregated,0.05319286036918721,0.28261670020085156,0.4160669068823527,0.09566028404654764,0.11204670671238094,0.05950626635892008
42,Centralized,0.02005976630848861,0.052717085770677956,-0.29853524522377034,0.16806494005712094,0.09875800112507963,0.10136530637622933
43,0,0.5655090238875692,-0.26111313126889074,0.30613658243539493,-0.09731342931952847,-0.33242168643205716,-0.538792221252855
43,1,0.3569799741644519,-0.32197125219779654,0.2635556800002367,-0.05893827302829969,-0.5000347180487691,-0.07588929638892904
43,2,-0.22727002044701458,0.30701684159043097,-0.18410502367553094,-0.026091548465990398,0.3173029347862843,-0.13022911955686664
43,3,-0.2778739576818775,0.39829268243770394,-0.1596401966615481,-0.059553667222572375,0.39214811552290013,-0.1841289716695959
43,4,-0.9973022768301752,-0.2649327146094409,-0.032995030547805726,0.712825521858434,-0.1873205685528106,0.5505708359320257
43,5,-0.8397369832785782,-0.37534451498745464,-0.2304963983150356,0.7109639073710972,-0.32035638494488683,0.7440197355126021
43,Aggregated,0.19983712106420387,0.11253942828088294,0.044130625077092756,0.06131035905290075,0.1355873943679598,0.10651490751117022
43,Centralized,-0.09620125605474068,-0.004767095464939667,0.00729677855951461,0.07134523870339748,-0.03669570135743771,-0.0749923703250983
44,0,0.4549400253628379,-0.33674016836705467,0.29546946435789584,-0.06211071333903861,-0.2962738886312882,-0.016520135367053157
44,1,0.3068023929852349,-0.36714004577684667,0.30803258369616127,0.02792748369521539,-0.5360939600156804,0.14572971910684474
44,2,-0.09360423512679739,0.2443162800707722,-0.166919629387116,-0.24984366351732,0.07941100025203818,0.05991283848493898
44,3,-0.17322897117354943,0.31615611199659155,-0.14596576011583887,-0.3427110344994425,0.02609351329166673,0.0723160012600028
44,4,-0.6820884961470046,-0.36445225836701084,-0.02458042672586629,0.741253544174542,-0.3972285754313028,0.6850226738305233
44,5,-0.5048988387058213,-0.4975299282588729,-0.0811426003588355,0.7347854052522707,-0.48813142884360083,0.9065641244771915
44,Aggregated,0.09575597263112301,0.10506700321427806,0.04105878893745848,0.11728189922277941,0.07810834164712235,0.07984277388791618
44,Centralized,-0.017562275693712694,-0.07630701211127662,0.03241920901889503,-0.013626408998535193,-0.19621529948077168,0.1820285622310361
45,0,0.47739873956518863,-0.1724933666804421,0.32870635660376685,0.017822470791371073,-0.41888346697059947,-0.1852438219164691
45,1,0.4305579266395053,-0.22320122683923277,0.1926547159475745,0.11037986210880564,-0.41090222187169145,0.08837122956691573
45,2,-0.11469621523820095,0.2362687756476151,-0.3238012920474886,-0.06315094923304915,0.3691307610962602,-0.00486453733800609
45,3,-0.1525895252851962,0.349923873678739,-0.275628935290985,-0.08890024597763492,0.4290553921438254,-0.07471386743811491
45,4,-0.7019975742304414,-0.24552192160920935,-0.09918971129519011,0.7317163197385911,-0.24308732582265513,0.793145590133012
45,5,-0.6036488995031897,-0.38881330902822575,-0.14397277771363615,0.7345346645975458,-0.366174379606361,0.9143265699099531
45,Aggregated,0.11885178608989112,0.07702798520848299,0.07671949544024662,0.06707474796401669,0.15627210212082418,0.09179257222167389
45,Centralized,-0.0022578910154236334,0.003940533016625617,-0.05652103237115488,0.1105586943408387,-0.02630041484865823,0.10403646337508374
46,0,0.4426423370526234,-0.264995448245879,0.4102966713499726,-0.04703806428231143,-0.14990843874773918,-0.2043130158265184
46,1,0.41243382875800727,-0.36555907248331687,0.27574631791963256,0.03397865102633109,-0.13358056333450596,-0.17454942705554444
46,2,-0.8900790659499548,0.4331298785673882,-0.42054501163181457,0.07830539604800499,0.37381588642329333,0.3818972702759693
46,3,-1.0373285683406601,0.4924343092375741,-0.38956905807698256,0.06357222699633226,0.4108659616177848,0.41561363278526103
46,4,-0.6562953088244795,-0.1483793317191632,-0.01705332171032704,0.578147853916726,-0.10540265392478254,0.4962801381874444
46,5,-0.3987893512264457,-0.29280535222710724,-0.014582356142669697,0.6826522423011586,-0.33136099707854344,0.7206222883073233
46,Aggregated,0.6474471010494607,0.16441714601827057,0.1335096192320339,0.04948883185477928,0.10541765990843331,0.14997989383738797
46,Centralized,-0.36022517801875886,0.05442137509717805,-0.054129928150713644,0.13369083460527223,0.08643026658612223,0.2063991823136745
47,0,0.43923435178866266,-0.19729972698523315,0.32583360505700587,-0.0901883307220625,-0.21808084260458777,-0.09000684663657128
47,1,0.3647126448337002,-0.12719002957814302,0.27378360911409777,0.0641670767584773,-0.5335814840221588,0.08261884593605949
47,2,-0.5938257193252355,0.465774306074555,-0.2670789178078106,-0.08360738112326989,0.17854802995304944,0.19144373835607872
47,3,-0.7047056295627836,0.5556013081526711,-0.2912028878257144,-0.13208209087420836,0.2438896597947507,0.182286263670301
47,4,-0.6319595872698064,-0.039416203573570625,0.02940056878954067,0.3553567812470309,-0.48538326473565624,0.6801986999679122
47,5,-0.4401090136945575,-0.22539177519350953,-0.17399715113102004,0.48322222100954765,-0.6613335949842208,0.8551712732497639
47,Aggregated,0.335614708933623,0.16883848820546876,0.07443659304659878,0.02974414491247867,0.11327978724428135,0.09168580105474865
47,Centralized,-0.22835203780541855,0.14128721502268826,-0.024063690219437106,0.017747691055319356,-0.1347256860937715,0.20567587262267903
48,0,0.2821374916097761,-0.5517548927553274,0.3184427742954089,0.0011629194698780864,-0.39077592511791964,-0.08853308923129048
48,1,0.2844247827091561,-0.2652653780107593,0.3438566541592141,-0.02088515439473664,-0.5858066168083775,0.13490830520816835
48,2,-0.06231383107730621,0.40791102318179767,-0.24345969049134672,-0.40005751938806866,0.48057831739860546,-0.1412143279112509
48,3,-0.13791483923173284,0.4617261078663469,-0.2131790336215257,-0.500742841011315,0.5340459729188386,-0.2052906663176219
48,4,-0.664493754578487,-0.21916024783510343,0.18330942787900106,0.6412875634646789,-0.5036977557165904,0.6931380435676047
48,5,-0.47568429959290437,-0.5432787188421981,0.06949145524200717,0.6795445752791548,-0.6535103352682995,0.8513211719550524
48,Aggregated,0.06801943015723957,0.1870219913830753,0.06486920888300823,0.17367758306200867,0.2646534030796755,0.0915637628436934
48,Centralized,-0.03424276359284306,-0.020431889131611314,0.04113654572841033,-0.0936343195723957,-0.04749967602495294,0.05809380137811857
49,0,0.6196082883206225,-0.6722314949549739,0.47206255721467055,0.02273585955491314,-0.5311919187127571,-0.22357415264247046
49,1,0.26641599783491127,-0.5588638582051191,0.4426496935005818,0.02020402348758531,-0.44181047242918287,0.0655833727615237
49,2,-0.3239693561810012,0.41860302165934365,-0.24348510859524983,-0.08354903933323589,0.42134493548082685,-0.09592375806665916
49,3,-0.40133179232320276,0.5565947111351938,-0.2074335300990849,-0.16279510428834035,0.56822365251002,-0.17313436841919969
49,4,-0.7146579905993451,-0.49662839555990074,0.16395465799659104,0.7058926338406274,-0.22495782276030737,0.5464993309092171
49,5,-0.5126775033202244,-0.6133859876443147,0.045746535487148715,0.763857137076776,-0.4415677988082494,0.7753839460578189
49,Aggregated,0.18897066702277657,0.29006811524113124,0.09187613192354716,0.07231282358844703,0.23230029948901454,0.07115665854452649
49,Centralized,-0.098299946424573,-0.10304553135871396,0.08474711076314859,0.07591838200468265,-0.01647238707063868,0.02032032456662639
50,0,0.6160204585764644,-0.12856328563045968,0.2810311132187215,-0.12776602066390316,-0.2289834741690266,-0.12555247106486536
50,1,0.36872288664892433,-0.09772720878714537,0.1645305603413309,-0.13685997751690626,-0.3562848564405425,0.11993185682208085
50,2,-0.09797975947646059,0.22097657114597533,-0.0026364286734452238,-0.011274566925358916,0.22456958214740289,-0.235855782211893
50,3,-0.10863313510541665,0.30732721662308393,0.05924627626268945,-0.031589031751598697,0.3252342098326318,-0.3598077930360015
50,4,-0.6949847563652949,-0.2093327221227084,0.1656781385953438,0.4708981452134309,-0.3305706885423631,0.5079684976664045
50,5,-0.46631453323669747,-0.4046819216234109,0.020513860814789807,0.3466690401103587,-0.3063734494683163,0.7593792214631803
50,Aggregated,0.11983368694647689,0.05869324354315511,0.017713869933837872,0.02494891999037702,0.08408799884000842,0.10784782452218022
50,Centralized,0.03787286341196179,0.02236477280903285,0.10916634450243401,0.011427700050369083,-0.03899774898888199,-0.028304580692839684
