Round,Evaluator,0,2,4,1,3,5
0,0,,,,,,
0,1,,,,,,
0,2,,,,,,
0,3,,,,,,
0,4,,,,,,
0,5,,,,,,
0,Aggregated,,,,,,
0,Centralized,,,,,,
1,0,0.07382113821138228,0.161382113821139,0.09215447154471651,0.10044715447154437,0.1147967479674796,0.07934959349593487
1,1,0.0660975609756094,0.15686991869918626,0.08918699186991827,0.09808943089430883,0.11613821138211367,0.06142276422764235
1,2,0.06158536585365857,0.16333333333333389,0.09093495934959311,0.10483739837398379,0.12512195121951206,0.07369918699186984
1,3,0.07337398373983733,0.15467479674796855,0.10548780487804815,0.1100000000000001,0.12451219512195139,0.08073170731707317
1,4,0.07243902439024358,0.1413008130081293,0.11154471544715497,0.10930894308943083,0.1255284552845525,0.0740243902439025
1,5,-0.0005675368898978729,0.042205826712069495,0.015399167612561597,0.02801740446462361,0.0357169882709044,0.1732122587968218
1,Aggregated,0.04926382927013624,0.12283033644128549,0.07407643776819567,0.0824655483035078,0.09655733792418456,0.10250666625500889
1,Centralized,0.04841351074718561,0.12145456613215046,0.07307517343341269,0.08153644944842488,0.09551916297054464,0.10371318093938336
2,0,-0.021097560975609757,0.018170731707317072,0.008170731707317082,0.010691056910569138,0.030975609756097543,0.011626016260162611
2,1,-0.013780487804878004,0.0251219512195119,0.009227642276422752,0.02483739837398369,0.04182926829268294,0.0054471544715447295
2,2,-0.022886178861788536,0.025162601626016176,0.013617886178861808,0.00784552845528455,0.03906504065040647,0.0006097560975609992
2,3,-0.02487804878048772,0.016626016260162628,0.004959349593495947,0.010162601626016279,0.029918699186991818,0.0119918699186992
2,4,-0.02414634146341462,0.01804878048780478,0.011300813008130092,0.016260162601625976,0.035406504065040645,0.0114227642276423
2,5,-0.06388573590616717,-0.0001324252743094977,-0.018274687854710592,-0.0156072644721907,-0.06044267877412005,0.3456299659477867
2,Aggregated,-0.0336244170421243,0.01463849356235348,0.0014569076552282297,0.00543121550781919,0.007783100748391392,0.10554149790234572
2,Centralized,-0.034140793813260566,0.014386443762083442,0.0011202092573638202,0.005072216535880826,0.0066189013988399705,0.10963834868645518
3,0,0.008943089430894282,-0.01743902439024388,-0.002723577235772367,0.01207317073170728,0.017560975609756082,0.008414634146341436
3,1,0.0057723577235772264,-0.010731707317073189,-0.0025203252032520605,0.016585365853658503,0.020325203252032433,0.00471544715447154
3,2,0.011016260162601635,-0.007195121951219509,-0.00804878048780488,0.006138211382113804,0.011869918699186993,0.005731707317073175
3,3,0.008821138211382107,-0.008292682926829267,-0.0034146341463414985,0.012276422764227584,0.017560975609756075,-0.0001219512195122088
3,4,0.000365853658536574,-0.020691056910569078,-0.010813008130081323,0.020447154471544698,0.019715447154471485,-0.013902439024390305
3,5,-0.027847143397654112,-0.06328036322360946,-0.04324631101021579,-0.09377601210745379,-0.053840332954975444,0.3818766553159295
3,Aggregated,-0.0030628093511950085,-0.027410204890488468,-0.01639036178088459,-0.017439582433091235,-0.0031437888409098177,0.11083614833990899
3,Centralized,-0.0034857272830660702,-0.028022290458319086,-0.016848629591720555,-0.018742181280564083,-0.004008870692596384,0.11546116228818364
4,0,-0.014552845528455283,0.009186991869918684,-0.014593495934959278,0.004390243902439036,-0.0002845528455284472,0.01341463414634144
4,1,-0.017682926829268288,0.013658536585365842,-0.016788617886178855,0.007073170731707326,0.005325203252032523,0.013292682926829185
4,2,-0.011829268292682896,0.010040650406504068,-0.016869918699186946,0.007886178861788624,0.006178861788617874,0.01434959349593492
4,3,-0.013902439024390286,0.0015853658536585438,-0.004268292682926834,0.0018699186991869923,0.0035365853658536365,0.00142276422764229
4,4,-0.009349593495934989,0.009268292682926843,0.006138211382113808,0.009878048780487779,0.01504065040650404,-0.0017073170731707259
4,5,-0.073950056753689,-0.0944759742716609,-0.08883844116534285,-0.030306469920544938,-0.10539160045402966,0.33166855845629895
4,Aggregated,-0.03091005878629007,-0.021025736541750918,-0.032225129692398956,-0.004315967870380225,-0.02615849218788215,0.10146821743586808
4,Centralized,-0.031644489935175504,-0.02227908563630159,-0.03319117479813511,-0.0047594677584442725,-0.02751051973160473,0.10539633799613335
5,0,-0.002032520325203259,-0.00048780487804877046,-0.00817073170731705,0.008333333333333326,0.003943089430894292,-0.006463414634146335
5,1,-0.006422764227642244,-0.007886178861788606,-0.011422764227642258,0.01195121951219511,0.010731707317073126,-0.0018292682926829308
5,2,-0.013821138211382077,-0.0033739837398373985,-0.013292682926829263,0.012845528455284512,0.012804878048780471,-0.007357723577235774
5,3,0.0019918699186992016,-0.0006097560975609635,-0.003902439024390234,0.008048780487804878,0.007560975609756076,-0.01065040650406503
5,4,0.002073170731707317,4.065040650407032e-05,-0.010284552845528485,0.005081300813008115,0.009756097560975582,-0.01398373983739837
5,5,-0.11032917139614067,-0.06553159288687095,-0.060612939841089473,-0.038024971623155567,-0.08537646613696553,0.27814982973893315
5,Aggregated,-0.034414827635294694,-0.020654671823206766,-0.024182169412782464,-0.004384450494231838,-0.01825068141795954,0.07449598007129012
5,Centralized,-0.03571022404185149,-0.021420448083702935,-0.024803821221426128,-0.004958489707722047,-0.019396110542477012,0.07797111338564772
6,0,0.008170731707317053,0.006626016260162585,0.0002845528455284759,0.006788617886178827,0.011097560975609747,-0.04272357723577232
6,1,0.013292682926829268,0.012317073170731666,0.0033739837398374093,0.006097560975609747,0.008089430894308927,-0.05048780487804861
6,2,0.008658536585365842,0.009674796747967517,0.0010569105691056846,0.009186991869918684,0.0176422764227642,-0.05353658536585369
6,3,0.00703252032520326,0.006138211382113822,0.0015447154471544902,0.008048780487804866,0.008536585365853638,-0.038617886178861784
6,4,0.005609756097560984,0.008414634146341455,0.0004065040650406588,0.0078048780487804765,0.013089430894308923,-0.03288617886178864
6,5,-0.0426787741203179,-0.0298902762012864,-0.07192584184638662,-0.04909194097616347,-0.0011161558834657662,0.25713204691638303
6,Aggregated,-0.006224298747195215,-0.0024777598202612413,-0.01979739430259841,-0.00876252136758116,0.007996970474811791,0.04310667321056239
6,Centralized,-0.0068463550551574985,-0.002945524849311949,-0.02068691004207889,-0.00945069941999315,0.007841464801546731,0.04675878539747528
7,0,0.004065040650406497,-0.001138211382113811,0.0056504065040650355,-0.002154471544715438,0.0043495934959349525,0.0038617886178861933
7,1,0.008211382113821135,-0.005081300813008125,0.00491869918699187,0.007317073170731708,0.008414634146341454,-0.004268292682926815
7,2,0.01264227642276419,-0.0012601626016260155,0.008577235772357715,0.0017886178861788522,0.00914634146341459,0.0008130081300813053
7,3,0.0016260162601625919,-0.002317073170731698,0.004918699186991863,-0.0009349593495934856,0.002804878048780479,-0.0012195121951219412
7,4,0.0005284552845528386,-0.003089430894308931,0.005772357723577233,0.0008943089430894243,0.0013821138211382053,-0.0006097560975609613
7,5,-0.019220582671207045,-0.053916004540295076,-0.08303064699205469,-0.0911464245175936,-0.015096481271282651,0.2953272796065078
7,Aggregated,-0.001691097737026072,-0.017385285922227163,-0.019702959148625746,-0.02530662977159418,-0.000640391680929394,0.0849811234629848
7,Centralized,-0.0019902194927783243,-0.018008643238940032,-0.020783577846013986,-0.02643011486409648,-0.0008870692596383311,0.08857045377004456
8,0,-0.012073170731707269,0.0139430894308943,-0.002682926829268272,-0.011178861788617869,0.003983739837398367,-0.01882113821138209
8,1,-0.018333333333333333,0.009756097560975617,-0.011138211382113763,-0.02333333333333332,0.005121951219512194,-0.03280487804878041
8,2,-0.013455284552845398,0.00926829268292686,-0.005894308943089413,-0.0078048780487804705,0.0021138211382113804,-0.03056910569105692
8,3,-0.013455284552845535,0.013252032520325205,-0.0020325203252032306,-0.008008130081300795,-0.0017886178861788646,-0.02211382113821133
8,4,-0.01670731707317074,0.014593495934959335,-0.005691056910569102,-0.007845528455284537,-0.0015040650406504073,-0.031626016260162614
8,5,-0.027922814982973627,-0.040541051835035966,-0.05945894816496449,-0.04672720393492242,-0.05372682557699559,0.3486946651532343
8,Aggregated,-0.018588589124174864,-0.003039133091470953,-0.02105513178553719,-0.021756316569292104,-0.014368770255578216,0.08123154954027308
8,Centralized,-0.018747867621972083,-0.0036790628909359998,-0.021710451495507762,-0.022182417832366633,-0.01504037302399641,0.08579551916297044
9,0,0.005203252032520291,0.01093495934959347,0.002154471544715438,0.002560975609756094,0.006219512195121945,0.0046341463414634075
9,1,0.0034146341463414586,0.027357723577235763,0.0006910569105691082,0.01922764227642271,-0.0004065040650406415,0.008252032520325225
9,2,0.006707317073170726,0.02337398373983735,0.001666666666666659,0.011626016260162611,0.0033739837398374,0.004471544715447149
9,3,0.003414634146341461,0.008008130081300791,0.004227642276422762,0.004796747967479662,0.007723577235772298,0.005975609756097539
9,4,0.007682926829268282,0.011788617886178852,0.006178861788617876,0.006951219512195113,0.007560975609756101,0.011056910569105675
9,5,-0.08015512674990545,-0.048694665153235,-0.12018539538403326,-0.0550321604237609,-0.06237230419977291,0.2393113885735913
9,Aggregated,-0.019359494734905846,-0.0024521357077310272,-0.032542915262559716,-0.009446166019111898,-0.014507936275020679,0.07392064903675816
9,Centralized,-0.020396906630274034,-0.0032412146025247285,-0.03403843966791774,-0.010224041851472758,-0.015324690094393259,0.07674286364153295
10,0,-0.00040650406504064705,0.005650406504065014,-0.0006097560975609854,0.0007723577235772361,-0.003333333333333327,-0.011829268292682901
10,1,0.009146341463414621,0.0026016260162601817,-0.00947154471544716,0.010243902439024392,-0.007276422764227631,-0.02719512195121946
10,2,0.0025203252032520323,-0.00016260162601624767,-0.00483739837398374,0.005691056910569116,-0.00747967479674797,-0.03231707317073156
10,3,0.003373983739837384,0.00443089430894307,-0.002682926829268285,0.00243902439024389,-0.001910569105691046,-0.010528455284552818
10,4,0.0035772357723577158,0.003130081300812998,-0.003008130081300801,0.006341463414634138,-0.0022764227642276353,-0.017520325203252078
10,5,-0.037930382141505875,-0.015739689746500186,-0.06664774877033726,-0.04186530457813106,-0.08306848278471422,0.32357169882708986
10,Aggregated,-0.008348856743397304,-0.0023126771192073336,-0.022156765220962212,-0.008448312542410547,-0.027130315719275853,0.07918589857520467
10,Centralized,-0.008853633572159653,-0.0025417946093483417,-0.022915955873990694,-0.009018537472989878,-0.028084840213806445,0.0833560786989648
11,0,-0.002479674796747965,0.002479674796747956,0.0013008130081300874,-0.0033739837398374015,-0.0015447154471544674,0.001178861788617889
11,1,0.0013821138211382003,-0.0010569105691056945,-0.0046747967479674815,0.014552845528455201,-0.005609756097560967,0.00028455284552845924
11,2,-0.0022764227642276137,0.004308943089430884,-0.004634146341463412,0.008373983739837389,0.0003252032520325092,0.00365853658536586
11,3,0.0023983739837398323,-0.0002439024390243849,-0.00024390243902437566,0.0031707317073170573,0.0006097560975609743,0.0016260162601626149
11,4,-9.25185853854297e-18,0.0017479674796748075,-0.002032520325203241,0.005934959349593488,-0.0011382113821138313,0.00036585365853659496
11,5,-0.0862277714718124,-0.052402572833900825,-0.056886114264093963,-0.09684071131290185,-0.027393113885735794,0.25732122587968126
11,Aggregated,-0.02501020457203059,-0.014085151456949588,-0.017871734677233863,-0.02385407269903567,-0.008948309457742042,0.07523359655489525
11,Centralized,-0.026054816331172445,-0.014738996929375619,-0.01853747298987831,-0.025099510974638937,-0.009263050153531212,0.07834072557716346
12,0,0.003577235772357723,0.0024390243902439007,-0.00028455284552845924,0.00024390243902438675,-0.001219512195121956,0.00012195121951221373
12,1,0.0024390243902438916,0.003130081300812998,0.010243902439024365,0.008902439024390212,0.003211382113821128,-0.0010975609756097644
12,2,0.004837398373983728,0.00796747967479672,0.007926829268292667,0.004227642276422758,-0.0006910569105691045,0.00012195121951217303
12,3,0.001626016260162599,-0.001463414634146345,-0.0013821138211382227,-0.0036178861788617933,0.00020325203252030504,-0.0051219512195121684
12,4,0.004796747967479671,0.0002439024390244031,0.0019105691056910494,-0.004634146341463422,0.004715447154471539,-0.009471544715447144
12,5,-0.032936057510404695,-0.05245932652289053,-0.05559969731365868,0.012977676882330662,-0.058096859629209144,0.3802118804388951
12,Aggregated,-0.007041360209508279,-0.013378389229479442,-0.013416432824104908,0.004472171954400998,-0.015872226399395693,0.10746922052932258
12,Centralized,-0.007483225292846592,-0.014045263277607193,-0.01413624474013419,0.004617309223245757,-0.01659274422836348,0.11212327988172421
13,0,0.0006504065040650357,0.002154471544715449,-0.006016260162601613,0.0015447154471544674,0.005365853658536584,0.0011788617886178817
13,1,0.0005691056910569036,-0.0023577235772357552,-0.013373983739837399,0.006097560975609739,0.005772357723577224,-0.004024390243902437
13,2,-0.003536585365853643,0.003943089430894299,-0.01073170731707317,0.004186991869918709,0.007764227642276376,-0.0016260162601625901
13,3,0.005813008130081296,0.006829268292682924,-0.0024796747967479695,0.0021138211382113786,0.0044715447154471495,-0.004552845528455258
13,4,0.005528455284552842,0.006991869918699186,-0.0038211382113821,0.0021951219512195085,0.005813008130081293,-0.01182926829268291
13,5,-0.004729474082482076,-0.14765418085508908,-0.10001891789633001,-0.022285281876655412,-0.0072833900870223406,0.267215285660234
13,Aggregated,-7.98772030258742e-05,-0.040089927214882685,-0.034032664676877725,-0.004131253727420297,0.0020528648099893297,0.07410729972186356
13,Centralized,-0.0001592175594222654,-0.0419253952007278,-0.03515864892528145,-0.004441032639599635,0.001893551688843396,0.07740247924485373
14,0,-0.004837398373983726,0.004715447154471539,-0.006016260162601618,0.0010569105691056828,0.00016260162601625106,0.0024796747967479604
14,1,-0.007154471544715435,0.0071138211382113835,-0.01065040650406502,0.005975609756097555,0.0025609756097560907,0.0021544715447154345
14,2,-0.009512195121951183,0.007032520325203243,-0.012032520325203253,0.0048780487804878,0.006666666666666646,0.0029674796747967518
14,3,-0.003211382113821124,0.004430894308943079,-0.0036991869918699097,0.0015040650406503986,4.0650406504050275e-05,-0.001504065040650395
14,4,-0.002398373983739825,0.007560975609756075,-0.0055691056910569005,0.006178861788617878,0.0006910569105690933,-0.011341463414634144
14,5,-0.009742716609913046,-0.023136587211502264,-0.14044646235338615,0.0029701097237987465,-0.09178963299281112,0.22582292849035257
14,Aggregated,-0.006668802515215393,-0.0022826118130505435,-0.04591333562912086,0.003645089969636147,-0.025035136000869374,0.06438963427669703
14,Centralized,-0.006721255544182929,-0.0026384624132832868,-0.04752644148754695,0.0036335721596724812,-0.026174229500739245,0.06714431934493337
15,0,0.0021544715447154453,0.0016260162601625995,-0.007113821138211364,-0.004390243902439032,0.005569105691056912,-0.00028455284552845924
15,1,0.005325203252032512,0.0026016260162601574,-0.01471544715447155,-0.0006097560975609752,0.010772357723577198,-0.010691056910569072
15,2,0.0027642276422764197,0.003739837398373985,-0.012439024390243825,-0.004390243902439013,0.00638211382113819,-0.013130081300812998
15,3,0.005609756097560967,0.0012195121951219376,-0.004552845528455267,-0.0017479674796748038,0.0013008130081300733,-0.0067073170731707255
15,4,0.008130081300813006,0.004837398373983735,-0.004837398373983726,0.00223577235772357,0.003333333333333327,-0.011260162601625994
15,5,-0.07217177449867575,-0.012069617858494065,-0.022455542943624663,-0.06049943246311085,-0.012107453651153977,0.2644343548997348
15,Aggregated,-0.017403896262850875,-0.0014854913277151584,-0.012690182580185784,-0.018717260893007844,0.0004010941447728694,0.07028537386122898
15,Centralized,-0.01833845104060052,-0.001666098032525862,-0.012856817923348007,-0.019430228590924473,0.00018764926646196137,0.07359831684294302
16,0,-0.0031300813008129963,0.0010975609756097497,0.002764227642276418,-0.0017479674796747834,0.004430894308943086,0.00390243902439024
16,1,-0.0070325203252032484,0.0034959349593495915,-0.0006910569105691027,0.0016260162601625975,0.008211382113821141,0.001707317073170724
16,2,-0.010284552845528448,0.006260162601626006,0.0007723577235772439,0.0008130081300812941,0.01032520325203242,0.0018699186991869732
16,3,-0.00646341463414633,0.0031300813008130037,0.00414634146341463,0.002357723577235789,0.0010162601626016196,0.0006910569105690989
16,4,-0.005609756097560961,0.003983739837398374,0.003455284552845528,0.00784552845528456,0.003943089430894308,-0.0014227642276422813
16,5,-0.07890654559213017,-0.058021188043889386,-0.043794930003783615,-0.14082482027998536,-0.050359440030268515,0.2254824063564132
16,Aggregated,-0.02738768941870217,-0.0141785183190515,-0.011145360932214281,-0.039068829702775504,-0.010551240283091786,0.06599800662932635
16,Centralized,-0.028266803138860597,-0.014926646195837596,-0.011702490617536674,-0.04080518594336404,-0.011230524280677806,0.0687194359149325
17,0,-0.003373983739837405,0.0010569105691056882,0.0008536585365853629,-0.002357723577235778,-0.00069105691056911,-0.005243902439024377
17,1,-0.003902439024390237,0.00796747967479674,0.001138211382113826,-4.065040650407618e-05,-0.0010162601626016233,-0.004146341463414628
17,2,-0.005569105691056903,0.006422764227642267,0.006016260162601608,-0.003008130081300802,0.0002845528455284759,-0.001707317073170724
17,3,-0.0031707317073170604,0.0028861788617886076,0.004186991869918685,-0.0020731707317073146,-0.002195121951219518,-0.0069512195121950995
17,4,-0.0063008130081300484,0.0028048780487804773,0.004471544715447146,-0.005894308943089461,-0.004390243902439038,-0.007764227642276406
17,5,-0.05542943624668942,-0.010575104048429828,-0.048656829360575145,-0.038989784335981735,-0.0378547105561863,0.3129587589860005
17,Aggregated,-0.019163950351886526,-4.203179630470847e-05,-0.01166260355699735,-0.013149417980626372,-0.012058392059507277,0.08659567724859243
17,Centralized,-0.01978278175821678,-0.00022176731490955941,-0.012293870123962268,-0.013590355964972137,-0.012498578414648014,0.09045831911747998
18,0,-0.0062195121951219455,-0.0012195121951219376,0.0004878048780487735,-0.0028048780487804977,0.006016260162601639,0.006178861788617881
18,1,-0.00857723577235771,-0.010772357723577193,-0.008211382113821115,-0.0111382113821138,0.010731707317073173,0.006016260162601612
18,2,-0.011666666666666665,-0.006666666666666657,-0.00646341463414632,-0.013373983739837371,0.010203252032520283,0.0035772357723577375
18,3,-0.002154471544715438,-0.004024390243902424,-0.00048780487804878434,-0.0009349593495935023,0.0074390243902438796,0.0026016260162601743
18,4,-0.0011382113821138166,-0.0028455284552845466,-0.0014227642276422666,0.0014227642276422611,0.009634146341463378,-0.0007723577235772309
18,5,-0.06138857359061684,-0.11318577374196007,-0.020279984865682964,-0.09139235716988242,-0.1009648127128268,0.26121831252364747
18,Aggregated,-0.021941457281240084,-0.03628009050222376,-0.008140400267605702,-0.030179163536928313,-0.022856868517076023,0.07785020905788877
18,Centralized,-0.022625952462185902,-0.037586716706471054,-0.008341862845445275,-0.031235073353804325,-0.024184010007960874,0.08098487433185501
19,0,0.00459349593495935,0.004837398373983735,-0.001016260162601614,0.0009756097560975526,0.0038211382113821075,-0.010772357723577226
19,1,0.008536585365853645,0.011056910569105658,0.005569105691056859,0.0032520325203251876,0.007439024390243878,-0.016341463414634078
19,2,0.009552845528455256,0.012113821138211339,0.006626016260162602,0.0028455284552845296,0.00878048780487802,-0.02040650406504064
19,3,0.0026422764227642215,0.006097560975609754,0.0010975609756097514,0.0038211382113821084,0.0031300813008130054,-0.009471544715447106
19,4,-0.0002845528455284611,0.008373983739837394,0.0036585365853658513,0.004796747967479673,0.006666666666666664,-0.023211382113821143
19,5,-0.01611804767309877,-0.06655315928868714,-0.04199772985244052,-0.0568482784714341,-0.02576617480136208,0.32873628452516157
19,Aggregated,-0.0010854617045930148,-0.013151073295769831,-0.009845997454329822,-0.014164169866669315,-0.00318571114373852,0.08340610816428008
19,Centralized,-0.0013419765722733855,-0.014062322301830993,-0.010394632093710877,-0.014892528147390038,-0.0035710224041851646,0.08759240304787891
20,0,-0.002073170731707319,0.006341463414634147,-0.0028455284552845552,-0.0017886178861788633,-0.0011788617886178872,0.0015447154471544728
20,1,-0.004268292682926814,0.010934959349593494,-0.008414634146341447,-0.003048780487804873,-0.0072357723577235735,0.012032520325203206
20,2,-0.008414634146341408,0.009756097560975598,-0.004146341463414611,-0.0006910569105690852,-0.007113821138211364,0.008170731707317044
20,3,-0.0026422764227642184,0.002845528455284534,-0.00044715447154472325,0.0008130081300812941,-0.00329268292682926,0.00028455284552847035
20,4,-0.0001626016260162603,0.007479674796747973,0.0016666666666666627,0.002682926829268295,-0.0027642276422764314,-0.004024390243902426
20,5,-0.043378736284525175,-0.08439273552780943,-0.09695421869088157,-0.02610669693530051,0.025898600075671636,0.24195989405978072
20,Aggregated,-0.01501121925137129,-0.019025601621910533,-0.029984262793320466,-0.00781941547716245,0.004398274226228978,0.07235320053841413
20,Centralized,-0.015495280336631426,-0.020141021266916855,-0.031127032867053313,-0.008131468213351568,0.004765154099852167,0.07524735585124516
21,0,0.002073170731707319,0.0015447154471544728,0.000528455284552846,-0.0008130081300813016,0.0013008130081300824,-0.002195121951219514
21,1,0.00853658536585366,0.003252032520325199,0.0010162601626016196,-0.002560975609756085,0.0009349593495934893,-0.006300813008130069
21,2,0.006747967479674774,0.00544715447154469,0.0028861788617885946,0.00040650406504065263,0.0005284552845528182,-0.0013821138211382127
21,3,0.0023983739837398397,0.0006910569105691063,0.002032520325203254,0.0014634146341463428,-0.001056910569105692,-0.0030894308943089457
21,4,0.0023983739837398358,0.0023983739837398358,0.0027235772357723565,0.0013414634146341438,-0.004146341463414641,-0.007154471544715435
21,5,-0.08314415437003404,-0.04247067726068854,-0.08055240257283429,-0.05758607642830118,-0.03889519485433204,0.253840332954976
21,Aggregated,-0.020829074791162264,-0.010352657102656275,-0.021926948405991832,-0.016633151106404585,-0.011565954404096442,0.0703535865687388
21,Centralized,-0.021892414420561678,-0.0109007164790174,-0.022927328556806608,-0.01733196861139556,-0.012032298419197134,0.07348459001478454
22,0,0.0023577235772357743,-0.001016260162601627,0.0,0.001056910569105692,0.002154471544715449,-0.002113821138211384
22,1,0.003861788617886173,-0.008943089430894304,0.004512195121951214,0.0010569105691056828,-0.0004878048780487846,-0.004878048780487796
22,2,0.0016260162601625919,-0.004186991869918692,-0.002520325203252021,0.0015040650406503912,0.0023577235772357635,-0.003658536585365842
22,3,0.0015040650406504005,-0.0019105691056910438,0.001300813008130075,0.000731707317073164,0.00126016260162601,-0.00532520325203251
22,4,0.000203252032520318,-0.003536585365853647,-0.0028455284552845626,0.0036178861788617846,0.0040650406504065,-0.006382113821138203
22,5,-0.02185017026106695,-0.09373817631479392,-0.042451759364358486,-0.0014377601210745555,-0.027222852818766692,0.23437381763147988
22,Aggregated,-0.004942930278592409,-0.029826046668495983,-0.01218106358585688,0.0007191665972663297,-0.006521541204806734,0.0644205262978705
22,Centralized,-0.005231434095303107,-0.0309166382349596,-0.012697600363925882,0.000682360968952576,-0.006874786762197201,0.06732059592857972
23,0,0.0057723577235772325,0.0032113821138211357,-0.013414634146341453,-0.0019512195121951237,0.0026829268292682894,-0.001178861788617893
23,1,0.012520325203252036,0.00707317073170732,-0.025284552845528413,-0.00495934959349592,0.011585365853658524,0.003943089430894299
23,2,0.007967479674796732,0.004552845528455281,-0.019634146341463384,-0.0015040650406503882,0.011016260162601621,0.0024796747967479713
23,3,0.005731707317073164,0.0022357723577235773,-0.012642276422764212,0.002357723577235767,0.0036585365853658404,-0.0013414634146341356
23,4,0.005691056910569101,0.006056910569105687,-0.008699186991869909,0.0035365853658536578,0.004837398373983735,-0.0016666666666666553
23,5,-0.036833144154370126,-0.04040862656072645,-0.12744986757472562,-0.0588724933787369,-0.0400681044267878,0.2264472190692394
23,Aggregated,-0.0052613292635667434,-0.008363684610686234,-0.04810009289457917,-0.01733973591359977,-0.006749780119820107,0.06563415390201145
23,Centralized,-0.0058000682360968905,-0.008910496986239047,-0.04945411122483785,-0.01804844762879557,-0.00731832139201636,0.06837825543045573
24,0,-0.000528455284552846,0.0013414634146341475,0.0026016260162601648,-0.0034552845528455314,0.003008130081300816,-0.0029674796747967505
24,1,-0.00638211382113818,0.005650406504065033,0.009796747967479652,-0.014146341463414619,0.008617886178861767,-0.00841463414634145
24,2,-0.005284552845528441,0.005284552845528447,0.009430894308943071,-0.01052845528455287,0.00459349593495933,-0.005934959349593489
24,3,-0.0006097560975609576,0.0039024390243902374,0.0036991869918699127,-0.003821138211382099,0.0042682926829268235,-0.00012195121951220449
24,4,-0.0008536585365853703,0.003943089430894308,0.004308943089430894,-0.005528455284552833,0.002682926829268291,-0.006991869918699182
24,5,-0.024441922058267167,-0.021869088157396868,-0.011331819901627004,-0.03859250851305326,-0.0681422625804011,0.198429814604616
24,Aggregated,-0.008993757544752434,-0.0034442720540618747,0.0009777048548504654,-0.016465367451075637,-0.01635733317596939,0.053757873182586305
24,Centralized,-0.009257363812123266,-0.0037586716706471033,0.00076765609007165,-0.016842943250312808,-0.017240987148868427,0.056226543841692206
25,0,0.0038617886178861824,0.002073170731707319,0.0017479674796747984,-0.0019512195121951237,0.0026016260162601648,-0.0034552845528455314
25,1,0.002520325203252031,0.003008130081300812,0.005528455284552846,-0.0004878048780487846,0.005365853658536587,-0.00617886178861787
25,2,0.001991869918699185,0.001463414634146339,-0.0007723577235772401,0.0012601626016260138,0.0016666666666666644,-0.005609756097560962
25,3,0.0014634146341463371,-0.0022764227642276444,-0.0003658536585365912,-0.001382113821138218,-0.0014634146341463484,-0.005731707317073161
25,4,0.00451219512195122,-0.002276422764227648,-0.0030081300813008193,0.0006910569105691027,0.0028455284552845518,-0.010081300813008107
25,5,-0.04415437003405217,-0.008021188043889517,0.008172531214528914,-0.016723420355656358,-0.02451759364358685,0.1556186152099891
25,Aggregated,-0.010693671595924072,-0.002030147380078627,0.0028027177000846818,-0.005089782017422116,-0.005504054401089237,0.04046653349721389
25,Centralized,-0.01126464232912542,-0.0021323780279767827,0.002894347776640512,-0.005288297509382452,-0.005828499943136588,0.0424314795860343
26,0,-0.009105691056910552,0.001666666666666659,-0.005081300813008116,0.0021544715447154397,0.003821138211382108,-0.0032113821138211505
26,1,-0.01479674796747969,-0.0009349593495935079,-0.010772357723577219,0.012967479674796728,0.0062601626016259935,-0.004918699186991862
26,2,-0.014308943089430894,0.0027235772357723583,-0.009024390243902423,0.009512195121951193,0.006544715447154456,-0.002764227642276416
26,3,-0.005569105691056889,0.002723577235772347,-0.000934959349593482,0.003211382113821132,0.0041056910569105595,-0.003536585365853666
26,4,-0.008739837398373942,0.006707317073170728,-0.0009349593495934838,0.004674796747967469,0.007926829268292676,-0.007195121951219492
26,5,-0.12150964812712783,-0.015096481271282504,-0.07546348846008324,0.009458948164964053,-0.033049564888384494,0.19593265228906528
26,Aggregated,-0.0425222898775235,-0.00252053526106595,-0.02557310289727855,0.007356365525097665,-0.0054542840394785665,0.053436765702896696
26,Centralized,-0.04387012396224268,-0.0027351302172182574,-0.026424428522688403,0.0073922438303195386,-0.005925167747071562,0.05586830433299209
27,0,-0.0024390243902439046,0.004959349593495939,0.0019512195121951237,0.0019512195121951237,0.0027642276422764254,0.0005691056910569111
27,1,0.0018292682926829285,0.0005691056910569111,0.003170731707317076,0.004390243902439028,0.0051219512195122,-0.0028861788617886206
27,2,-0.0018292682926829176,0.005203252032520319,0.002642276422764219,0.0039024390243902417,0.0017479674796747927,-0.004349593495934941
27,3,-0.001138211382113811,0.0059349593495934905,0.0024390243902438933,-0.0006910569105691119,-4.065040650407063e-05,-0.004065040650406485
27,4,-0.002845528455284559,0.007032520325203249,0.0011788617886178835,0.0024390243902439007,0.000365853658536582,-0.008170731707317032
27,5,-0.11498297389330327,-0.05559969731365874,-0.00022701475595910588,0.008267120696178574,-0.018558456299659534,0.1867763904653806
27,Aggregated,-0.03407949439246936,-0.012664375392050276,0.0015543363325572694,0.004091143360962395,-0.003935624420192791,0.051183350977146734
27,Centralized,-0.03546002501990213,-0.01339702035710223,0.0015239394973274273,0.004162401910610728,-0.004185147276242447,0.053497099965881915
28,0,-0.002235772357723579,0.0006097560975609762,4.0650406504065074e-05,0.0017479674796747984,0.00024390243902439046,-0.0004065040650406508
28,1,-0.005203252032520324,0.00524390243902439,-0.0013414634146341475,0.0032520325203252024,-0.006260162601626017,-0.0005691056910569148
28,2,-0.003414634146341435,0.0018292682926829174,0.0002439024390243849,0.006910569105691036,-0.004593495934959336,-0.0009756097560975747
28,3,-0.0014634146341463428,0.0012601626016260118,0.0031300813008130054,0.0019105691056910531,-0.0003658536585365857,-0.002032520325203237
28,4,-0.0008130081300813016,0.002073170731707319,0.002073170731707319,0.0067886178861788675,0.0022764227642276444,-0.005081300813008134
28,5,-0.026560726447219043,0.02453651153991673,0.010764283011729076,-0.07200151343170628,-0.16920166477487636,0.18933030646992105
28,Aggregated,-0.009529695434367358,0.008645012026618864,0.003694903751615208,-0.017834946251723098,-0.05004218662667741,0.05331998115533406
28,Centralized,-0.009820311611509166,0.008916183327647011,0.003815535084726469,-0.018759240304787973,-0.05207551461389749,0.0556408506766747
29,0,0.0012195121951219523,0.0011382113821138222,-0.001016260162601627,-0.0017073170731707332,-0.0004878048780487809,0.0008536585365853666
29,1,0.001422764227642274,0.005121951219512196,0.003008130081300812,-0.002398373983739843,-0.005691056910569093,0.0009756097560975582
29,2,0.0020325203252032392,0.004999999999999992,0.0006097560975609632,0.0006910569105691027,-0.0007317073170731528,-0.007601626016260144
29,3,0.0026829268292682877,0.0016666666666666607,0.0005284552845528441,8.13008130081283e-05,-0.000853658536585374,-0.006544715447154451
29,4,0.0023983739837398358,0.0021544715447154453,0.0017479674796747947,0.0008536585365853629,-0.0012601626016260211,-0.010772357723577227
29,5,0.011104805145667782,-0.040503216042376125,-0.05720771850170268,-0.021169125993189496,-0.02048808172531213,0.17480136208853522
29,Aggregated,0.004591461153444621,-0.009536409128170933,-0.015806671225792802,-0.006458868175973988,-0.0071938233554526936,0.04713343723532137
29,Centralized,0.004702604344364855,-0.010064824292050491,-0.016513135448652246,-0.006709882861367042,-0.007420675537359262,0.04931195268963941
30,0,-0.0013414634146341512,-0.0024796747967479734,0.004796747967479675,-0.008373983739837387,0.003495934959349593,0.001463414634146339
30,1,-0.00032520325203252434,-0.0039837398373983555,0.007439024390243889,-0.017276422764227625,0.008252032520325199,0.005894308943089417
30,2,-0.005121951219512183,-0.0019105691056910457,0.010284552845528438,-0.01552845528455281,0.006869918699186956,0.005406504065040651
30,3,-0.0003658536585365857,0.0014634146341463428,0.00479674796747966,-0.00447154471544714,0.004593495934959334,-0.0011382113821138036
30,4,-0.0002845528455284574,0.0010569105691056902,0.008902439024390241,-0.007357723577235753,0.004756097560975606,-0.002195121951219522
30,5,0.01488838441165344,-0.016818009837306195,-0.014207340143776087,-0.11437760121074522,-0.015058645478622835,0.17167990919409742
30,Aggregated,0.0032357098864329438,-0.005684000817941741,0.0010565496145151347,-0.040534557442369286,-0.0003633657719679461,0.05086113744054798
30,Centralized,0.003434550210394633,-0.005873990674400081,0.0007960877971113128,-0.041794609348345474,-0.0006141248720573027,0.052922779483680245
31,0,-0.00264227642276423,0.003333333333333336,-0.0013414634146341475,0.001504065040650408,0.005650406504065046,-0.004065040650406508
31,1,-0.0043495934959349525,0.006544715447154467,-0.009512195121951209,0.0030487804878048695,0.006707317073170726,-0.004878048780487798
31,2,-0.003536585365853647,0.004227642276422755,-0.004227642276422758,0.004186991869918687,0.006951219512195111,-0.0027235772357723396
31,3,-0.0012601626016260062,0.002113821138211373,-0.004105691056910562,0.0020325203252032427,0.001178861788617876,-0.0048373983739837334
31,4,-0.0006504065040650449,0.002357723577235771,-0.004268292682926815,0.0027235772357723565,0.0016260162601625995,-0.004227642276422772
31,5,-0.008304956488838442,-0.07037457434733256,-0.03242527430949673,-0.0571131290200532,-0.09491108588724939,0.18367385546727175
31,Aggregated,-0.0041656922689860655,-0.01765492810643287,-0.012690658224872343,-0.014552955907933051,-0.024228889666316672,0.05002813451359664
31,Centralized,-0.004236324348913934,-0.01855453201410215,-0.013027408165586176,-0.015279199363129797,-0.025435005117707257,0.05230865461162304
32,0,0.001585365853658538,-0.0035772357723577266,0.0016260162601626031,-0.0051219512195122,0.0035365853658536617,-0.0004878048780487809
32,1,0.006951219512195125,-0.005975609756097564,0.005731707317073164,-0.010569105691056896,0.009674796747967456,-0.0033739837398373803
32,2,0.0018699186991869756,-0.001747967479674802,0.0054878048780487776,-0.007276422764227656,0.0023983739837398215,-0.005609756097560962
32,3,0.0023170731707317055,-0.0026422764227642336,0.0032520325203251933,-0.001747967479674789,0.0007723577235772235,-0.004390243902439004
32,4,0.0008536585365853592,-0.0037398373983739946,0.006585365853658535,-0.0027235772357723453,0.0014227642276422702,-0.004837398373983729
32,5,0.016042376087779017,-0.003991676125614865,0.0034430571320469205,0.003878168747635272,-0.07395005675368935,0.14084373817631454
32,Aggregated,0.006559439457446515,-0.00366785081991525,0.004221170303998463,-0.0027863024758699915,-0.018796149073040783,0.03796355536578105
32,Centralized,0.006721255544182876,-0.003673376549528013,0.004207892641874226,-0.002672580461730906,-0.01973729102695323,0.0397190947344478
33,0,-0.0012601626016260175,0.0003252032520325206,0.0029268292682926855,-0.0003252032520325206,0.0013008130081300824,-0.0029674796747967505
33,1,-0.004065040650406508,-0.0003252032520325206,0.004756097560975614,0.001666666666666668,0.001097560975609757,-0.003130081300813011
33,2,-0.00044715447154471214,-0.0007723577235772161,0.0032113821138211335,0.0021951219512195068,0.0020731707317073115,-0.0038211382113821197
33,3,-0.00028455284552845556,0.002560975609756094,0.004430894308943088,0.001300813008130077,0.0011788617886178872,-0.004308943089430882
33,4,-0.0003252032520325206,0.001666666666666668,0.0006910569105691063,0.002235772357723579,0.0007723577235772364,-0.0026016260162601648
33,5,-0.019712447975785093,-0.037684449489216836,-0.0820847521755581,-0.017026106696935328,0.002232311766931517,0.13384411653424141
33,Aggregated,-0.006594072416696481,-0.010377896181456852,-0.021397046607369383,-0.0039043756733589657,0.0015579225030977978,0.03621071135144623
33,Centralized,-0.006817923348117807,-0.01084385306493801,-0.022432616854315975,-0.004128283862163104,0.0015694302285909278,0.037876720118275795
34,0,-0.0006910569105691063,0.0028861788617886206,-0.0028455284552845552,-0.001585365853658538,0.002154471544715449,8.130081300813015e-05
34,1,0.0001626016260162603,0.004552845528455289,-0.0018699186991869936,0.0019105691056910585,-0.0017886178861788633,-0.0029674796747967505
34,2,0.00186991869918699,0.001422764227642274,0.00020325203252032168,0.003048780487804877,0.0017479674796747947,-0.003414634146341448
34,3,0.0005284552845528423,0.0005691056910569074,0.002357723577235771,-0.00032520325203252434,0.0007317073170731677,-0.006300813008130068
34,4,0.004024390243902443,0.0018292682926829285,0.0013008130081300824,0.0011382113821138222,-0.0012195121951219523,-0.004634146341463419
34,5,-0.085433219825955,-0.019920544835414326,-0.06636398032538815,-0.04337873628452508,-0.01819901626939081,0.20945894816496358
34,Aggregated,-0.023803351048051785,-0.004143380640434203,-0.019263377842830425,-0.011916213665607937,-0.005017884987974918,0.05796304917602775
34,Centralized,-0.024854998294097482,-0.004412600932559987,-0.020067098828613628,-0.01245308768338457,-0.005242806778118979,0.06054816331172533
35,0,-0.0008943089430894317,0.00012195121951219523,-0.003333333333333336,0.001056910569105692,4.0650406504065074e-05,0.0005691056910569111
35,1,-0.0031707317073170673,-0.0033333333333333414,-0.0057317073170731585,0.008292682926829262,-0.007804878048780475,0.001991869918699168
35,2,-0.002195121951219503,-0.001300813008130074,-0.007682926829268281,0.007886178861788589,-0.006666666666666655,0.00020325203252031398
35,3,0.0008943089430894243,0.0023577235772357613,-0.0026829268292682803,0.0045121951219512105,-0.000650406504065032,-0.0019918699186991795
35,4,0.001829268292682921,-0.0005691056910569185,-0.003536585365853647,0.005934959349593494,-0.003008130081300801,-0.0006504065040650487
35,5,-0.04260310253499794,-0.032595535376465846,-0.0318766553159291,-0.02642830117290956,-0.07398789254634887,0.18706015891032923
35,Aggregated,-0.01279165230511272,-0.00978938882455901,-0.012462994991052754,-0.0036833015589864005,-0.0239152678330001,0.05397260732622464
35,Centralized,-0.013300352553167223,-0.01017855112020927,-0.012794268167860801,-0.004071420448083712,-0.024769703172978528,0.05624360286591601
36,0,0.00195121951219512,0.00024390243902438675,0.0010569105691056882,-0.0031300813008129924,0.0015040650406504042,-0.0016260162601626068
36,1,0.006504065040650396,0.0016260162601625901,-0.004837398373983726,-0.003252032520325182,0.0032926829268292673,0.003983739837398364
36,2,0.0054878048780487645,0.00020325203252031612,-0.0036991869918698954,-0.0030487804878048677,0.0033333333333333214,0.00016260162601626585
36,3,0.003861788617886173,0.002723577235772351,-0.0010975609756097608,-0.004308943089430879,0.0003658536585365764,-0.00154471544715446
36,4,0.0011788617886178872,0.0022764227642276444,0.00028455284552845556,-0.00028455284552845556,0.00264227642276423,-0.008536585365853668
36,5,0.02073401437760126,-0.04651910707529326,-0.01935300794551633,-0.07319334090049187,-0.053291713961407555,0.20113507377979556
36,Aggregated,0.008682098676541024,-0.012411276776635847,-0.006762293951673723,-0.02310758325372733,-0.013786248028864537,0.056938971367753215
36,Centralized,0.008887751620607322,-0.012993290117138626,-0.006977140907540084,-0.023962242693051312,-0.014460366200386647,0.05939952234732173
37,0,0.003455284552845522,0.002682926829268286,-0.0051219512195121815,-0.005040650406504051,0.0035365853658536526,0.00048780487804877165
37,1,0.0024796747967479643,0.005569105691056911,-0.012845528455284534,-0.012804878048780484,0.012276422764227609,0.002886178861788599
37,2,0.0006910569105691007,0.005975609756097548,-0.009552845528455266,-0.009959349593495898,0.01081300813008123,0.002032520325203256
37,3,0.000609756097560991,0.00613821138211381,-0.006178861788617873,-0.005731707317073162,0.0045121951219511975,0.0006504065040650363
37,4,0.0022357723577235773,0.004430894308943085,-0.00605691056910567,-0.0030487804878048834,0.004186991869918696,-0.0017479674796748057
37,5,-0.09375709421112413,-0.009780552402572877,-0.008758986000756686,-0.01948543321982606,-0.016666666666666666,0.17228528187665595
37,Aggregated,-0.025695187431774295,0.0007078022112715337,-0.008184210036881669,-0.010826890218802222,0.00021991521154485043,0.0503068327036923
37,Centralized,-0.026856590469691854,0.0005288297509382583,-0.00819401796883886,-0.010974638917320553,-6.823609689524205e-05,0.05238826339133402
38,0,0.0012601626016260175,0.0029674796747967505,0.002154471544715449,-0.002113821138211384,0.0052032520325203295,0.00028455284552845556
38,1,0.0047560975609756105,0.0007317073170731899,0.0076016260162601644,-0.002764227642276429,0.003577235772357723,-0.004146341463414641
38,2,0.0028861788617886132,-0.0007723577235772217,0.003414634146341459,-0.0005691056910569185,0.0028861788617886132,-0.005406504065040641
38,3,0.0023170731707317037,0.0006910569105691007,0.00016260162601625477,-0.0027642276422764254,0.003455284552845526,-0.006300813008130063
38,4,0.0006097560975609762,0.003943089430894313,0.0013008130081300824,-0.0008130081300813016,0.004471544715447158,-0.007073170731707324
38,5,-0.016723420355656434,-0.07391222096102916,-0.006469920544835402,-0.07555807794173328,-0.009685962920923217,0.1709988649262201
38,Aggregated,-0.0031402177512497177,-0.020243070200635246,0.00021644984514066173,-0.02307810116920457,-5.401908550028327e-06,0.046100288308858185
38,Centralized,-0.0033720004549073054,-0.021158876378937805,0.00010235414534289191,-0.023973615375867265,-0.00017059024223813396,0.048231547822131154
39,0,0.000528455284552846,-0.005609756097560981,0.0008536585365853666,-0.001056910569105692,-0.00028455284552845556,-0.0017479674796747984
39,1,-0.0003658536585365857,-0.0015447154471544728,0.002520325203252035,0.0041056910569105725,-0.003333333333333336,-0.006260162601626012
39,2,0.0015447154471544618,-0.0008130081300812904,0.002154471544715438,0.002276422764227633,-0.0013414634146341365,-0.0062601626016260134
39,3,0.003292682926829264,-8.130081300813755e-05,0.0021138211382113765,-0.0016260162601626105,-0.0021544715447154345,-0.0039837398373983625
39,4,-0.001138211382113826,0.000894308943089428,0.0022764227642276405,0.0021544715447154453,-0.0018699186991869973,-0.012073170731707305
39,5,-0.005145667801740408,-0.08410896708286039,0.007396897465001899,-0.022152856602345766,-0.005788876276958016,0.1336360196746121
39,Aggregated,-0.0009346255343041192,-0.025278389628997134,0.003545100024687527,-0.005556676714290705,-0.002948229345591497,0.034230049335755755
39,Centralized,-0.0010064824292050523,-0.026282269987489986,0.0036108267940407257,-0.005839872625952449,-0.002996701921983407,0.035926305015353
40,0,0.0004878048780487809,-0.0004878048780487809,-0.0008130081300813016,0.00028455284552845556,-0.0016260162601626031,-0.00028455284552845556
40,1,-0.0034552845528455166,-0.0050813008130081196,-0.004268292682926833,-0.003983739837398354,0.0009756097560975371,0.0036178861788617642
40,2,-0.00357723577235771,-0.003089430894308936,-0.0019918699186991786,-0.004268292682926803,0.00012195121951219554,0.0006097560975609743
40,3,-0.0024390243902438873,0.0007723577235772421,-0.0020325203252032297,-0.0006504065040650487,0.0016666666666666516,0.002682926829268275
40,4,-0.00012195121951219523,0.0004878048780487809,0.0,0.0034552845528455314,0.004065040650406508,0.004308943089430898
40,5,-0.011464245175936385,-0.02837684449489219,-0.012693908437381765,-0.09738933030646996,0.008683314415436976,0.13443057132046918
40,Aggregated,-0.00460257639072651,-0.009237839773006913,-0.004957257963345512,-0.028825482811969262,0.003245084884363233,0.040331061225259285
40,Centralized,-0.00471966336858863,-0.009564426248151939,-0.005089275560104609,-0.02999545092687367,0.0033378824064596653,0.04193676788354376
41,0,0.002520325203252035,0.0004471544715447158,0.0002032520325203254,-0.0004065040650406508,0.0008130081300813016,0.0013008130081300824
41,1,0.007276422764227633,0.0007317073170731714,-0.0013414634146341475,-0.0013008130081300824,0.005081300813008134,-0.0006910569105691063
41,2,0.005772357723577219,0.0030487804878048586,0.0023170731707316873,0.002723577235772338,0.0032520325203251837,-0.0024796747967479695
41,3,0.0033333333333333327,0.0027235772357723565,0.0006910569105691027,0.000365853658536582,-0.00032520325203252434,-0.004349593495934945
41,4,0.0008130081300813016,0.0024390243902439046,0.0024390243902439046,0.0013008130081300824,-0.0023983739837398397,-0.007032520325203243
41,5,-0.017612561483163067,-0.03617101778282243,-0.02858494135452116,-0.005732122587968165,-0.05380249716231551,0.12374195989405996
41,Aggregated,-0.002274378720538832,-0.009096746668387466,-0.007631766343513627,-0.0012715480191653594,-0.01460464392917038,0.03380595084732115
41,Centralized,-0.0025361082679403995,-0.009558739906743986,-0.00798930967815307,-0.0013476629136813499,-0.015273513021721799,0.03534061185033553
42,0,-0.0019918699186991886,0.0022764227642276444,-0.004878048780487809,0.0014227642276422776,0.00012195121951219523,-0.0018292682926829285
42,1,-0.0038211382113821192,0.0052845528455284525,-0.011504065040650357,0.007235772357723578,0.0020731707317073115,-0.0041463414634146396
42,2,-0.004512195121951207,0.004756097560975596,-0.011016260162601618,0.006666666666666653,0.003130081300812998,-0.0014634146341463334
42,3,-0.0005284552845528312,0.002520325203252018,-0.004227642276422743,0.004878048780487791,0.0020325203252032353,-0.004674796747967465
42,4,-0.002357723577235778,0.001666666666666659,-0.003414634146341448,0.00666666666666667,0.00207317073170731,-0.009512195121951214
42,5,-0.03467650397275822,-0.02739311388573582,0.010253499810821031,-0.04924328414680291,0.0027998486568293636,0.11755580779417342
42,Aggregated,-0.011882163927991964,-0.005552480899156862,-0.002029220628554774,-0.010379710034356282,0.0021497159210145823,0.03082990792812058
42,Centralized,-0.012271124758330525,-0.005925167747071534,-0.0018196292505401927,-0.011042875014215905,0.002160809735016479,0.032309791879904556
43,0,0.0028455284552845552,0.0004471544715447158,0.00028455284552845556,0.0001626016260162603,0.0030894308943089457,-0.004390243902439028
43,1,0.004186991869918692,-0.00024390243902440157,-0.0025609756097561055,-0.0027235772357723435,0.010731707317073175,-0.00939024390243902
43,2,0.0048780487804877945,0.0026422764227642206,0.00016260162601625106,-0.005487804878048759,0.005609756097560958,-0.007804878048780393
43,3,0.003739837398373976,0.005569105691056905,0.0033739837398373915,-0.0046341463414633945,0.002073170731707304,-0.007682926829268268
43,4,0.003658536585365855,0.003211382113821139,0.005000000000000002,-0.00195121951219512,0.0011788617886178854,-0.011097560975609759
43,5,-0.0164207340143776,-0.022777147181233415,-0.03304956488838433,-0.005542943624668945,0.00018917896329926075,0.09803253878168719
43,Aggregated,-0.001988460998773865,-0.004915267702299125,-0.008641850539956265,-0.003681415977649195,0.003282628296452836,0.022531744527637596
43,Centralized,-0.0022347321733196942,-0.00522006141248722,-0.009058341862845395,-0.0037131809393835913,0.00322984191970883,0.023820084157852816
44,0,0.0051219512195122,-0.003739837398373987,-0.0002032520325203254,0.003943089430894313,0.0024796747967479695,0.002154471544715449
44,1,0.006463414634146346,-0.003821138211382099,0.0023170731707317055,0.004105691056910569,0.0011382113821138185,-0.00044715447154471957
44,2,0.005325203252032521,-0.005772357723577219,0.001991869918699185,0.0022764227642276405,0.0008130081300812979,-0.002195121951219518
44,3,0.002967479674796747,-0.0018699186991869973,0.00020325203252032168,0.00048780487804877723,-0.0006504065040650449,-0.006016260162601614
44,4,0.006138211382113824,-0.0006910569105691063,0.0019105691056910585,0.0033739837398374015,0.004796747967479679,-0.008211382113821148
44,5,-0.04858115777525535,-0.0940786984487328,0.019542186908815748,-0.011785849413545164,-0.008872493378736312,0.11539916761256183
44,Aggregated,-0.010310213849662554,-0.029397825978475352,0.006521822431809095,-0.0013805015053552528,-0.00133851689963907,0.031191310734983414
44,Centralized,-0.010963266234504675,-0.0305015353121801,0.0067440009098146195,-0.0015580575457750444,-0.0014670760832480596,0.03262822699874895
45,0,-0.0006910569105691063,-0.006056910569105664,-0.005650406504065046,-0.001056910569105692,0.0012195121951219523,-0.0023983739837398397
45,1,0.0056910569105690844,-0.010081300813008058,-0.012195121951219474,0.0023170731707316933,-0.00012195121951220079,0.0021951219512195102
45,2,0.0035365853658536426,-0.005406504065040645,-0.010040650406504033,0.0036178861788617807,0.0010569105691056809,-8.1300813008132e-05
45,3,0.004227642276422761,0.0017479674796748075,-0.002398373983739825,0.0019512195121951107,0.003658536585365844,0.0005691056910569203
45,4,0.0012195121951219523,-0.0028861788617886206,-0.003943089430894313,0.003211382113821141,0.0013821138211382127,-0.006300813008130086
45,5,0.013469542186908885,-0.09050321604237668,-0.026503972758229275,-0.014737041241013996,-0.020885357548240616,0.14483541430192914
45,Aggregated,0.005875187046432559,-0.029332625645422727,-0.01251577018668001,-0.0028218131109452446,-0.0050001749759157384,0.04091984415382913
45,Centralized,0.006004776526782648,-0.030376435801205477,-0.012754463778005147,-0.0030251336290230443,-0.005271238485158656,0.0426930512907995
46,0,0.006219512195121958,0.0030487804878048808,-0.0008943089430894317,-0.0004065040650406508,0.004674796747967484,-0.0028861788617886206
46,1,0.00715447154471545,0.0039024390243902435,0.0003252032520325169,0.0012195121951219486,0.004105691056910569,-0.004512195121951205
46,2,0.0033739837398373976,0.0029268292682926816,0.0033333333333333327,0.0015853658536585343,0.001463414634146339,-0.005365853658536572
46,3,0.0015040650406504005,-0.0013008130081300843,0.0014227642276422702,-0.0017886178861788707,-0.00020325203252032724,-0.006951219512195102
46,4,0.0051219512195122,-4.0650406504065074e-05,0.003617886178861792,0.0018292682926829285,0.0026016260162601648,-0.005813008130081306
46,5,-0.049016269390843824,-0.019939462731744188,-0.029720015134317185,-0.014642451759364425,-0.006394248959515721,0.12652289065455902
46,Aggregated,-0.010811745276001244,-0.004536436110379562,-0.007461649801648943,-0.003876335603776249,-4.5191397857235094e-05,0.0328609896001632
46,Centralized,-0.011463664278403302,-0.004799272148299766,-0.007841464801546672,-0.004060047765267836,-0.00015353121801434358,0.034459228932105075
47,0,-0.002073170731707319,-0.0002032520325203254,-0.0019105691056910585,-0.0017479674796747984,0.0011382113821138222,-0.002520325203252035
47,1,-0.003211382113821145,-0.001788617886178867,-0.002195121951219518,-0.004593495934959335,0.00491869918699187,0.001991869918699185
47,2,-0.0038617886178861664,-0.005325203252032509,-0.0030487804878048634,-0.00662601626016258,0.006829268292682898,0.0047154471544715035
47,3,-0.001585365853658525,-0.001463414634146352,-0.001056910569105705,-0.0035772357723577028,0.005243902439024377,3.7007434154171884e-18
47,4,-0.0017073170731707332,-0.0009349593495934968,0.0024796747967479695,-0.0009756097560975618,0.004918699186991875,-0.008658536585365861
47,5,0.006507756337495264,-0.016288308740068015,-0.012599318955732105,-0.01935300794551636,-0.0304578130911842,0.09035187287173646
47,Aggregated,0.00010685652117800755,-0.006080795340853443,-0.004449815020370702,-0.008075501929184527,-0.005505062306601127,0.025424554339465544
47,Centralized,0.0002160809735016475,-0.006254975548731944,-0.0045888775162060726,-0.00826794040714202,-0.005930854088479492,0.026532469009439306
48,0,0.0022764227642276444,-0.0017886178861788633,-0.003699186991869922,-0.0003252032520325206,0.003983739837398377,-0.0004471544715447158
48,1,0.005365853658536581,-0.005975609756097537,-0.009105691056910543,0.0014634146341463334,0.002886178861788611,0.00048780487804877165
48,2,0.004999999999999987,-0.003617886178861772,-0.004227642276422743,0.00398373983739836,0.003983739837398367,0.002195121951219516
48,3,0.0035772357723577136,-0.0018699186991869786,0.0001626016260162751,0.0024796747967479565,0.002235772357723566,-0.001707317073170724
48,4,0.001422764227642274,-0.0030487804878048847,-0.003008130081300797,0.004390243902439025,0.00203252032520325,-0.011544715447154482
48,5,-0.032463110102156634,0.0019674612183125284,-0.03163072266363975,-0.000756715853197146,-0.012750662126371565,0.07676882330684827
48,Aggregated,-0.006852878705512619,-0.0017523174088397045,-0.011952394331635391,0.001488326281896917,-0.001525733808969734,0.02057529291760669
48,Centralized,-0.007289889684976649,-0.001688843398157626,-0.01228818378255427,0.001450017059024234,-0.0017172751051973186,0.021534174911861652
49,0,0.0004878048780487809,0.0003658536585365857,-0.00024390243902439046,0.0008943089430894317,0.0027642276422764254,-0.004268292682926833
49,1,-0.006869918699186978,-0.0035365853658536634,-0.0007723577235772364,0.004024390243902437,0.0037398373983739764,-0.006341463414634147
49,2,-0.004999999999999989,-0.0030487804878048534,-0.0018292682926829285,0.004024390243902422,0.004308943089430882,-0.003333333333333334
49,3,0.0004878048780487791,-0.0010569105691056939,-0.0010162601626016344,0.0028861788617886132,0.0021138211382113765,-0.008292682926829246
49,4,0.0015040650406504042,0.0013414634146341438,0.005691056910569107,0.005772357723577239,0.00459349593495935,-0.009146341463414618
49,5,-0.039008702232311794,-0.003934922436625051,-0.04729474082482026,0.0011350737797956774,-0.005032160423760924,0.0861899356791524
49,Aggregated,-0.012587939017579347,-0.0019795993791498086,-0.013381271374249718,0.002832328129184134,0.0010418935121711446,0.020394385785830776
49,Centralized,-0.01303878084840209,-0.0020129648584101064,-0.013959968156488083,0.002803366314113493,0.0009382463323097796,0.021517115887637883
50,0,0.003130081300813011,0.0023170731707317094,0.0012601626016260175,-0.0019105691056910585,0.0034959349593495967,-0.0009756097560975618
50,1,0.005813008130081303,0.0047560975609756105,0.0038617886178861785,-0.0014634146341463464,0.006463414634146342,-0.002357723577235756
50,2,0.005609756097560971,0.0032113821138211314,0.00048780487804877723,-0.003048780487804862,0.0032926829268292625,-0.002235772357723566
50,3,0.002357723577235771,0.003943089430894308,0.0034146341463414625,-0.0008536585365853703,0.001382113821138209,-0.005365853658536572
50,4,0.0005691056910569074,0.0019105691056910548,0.003048780487804877,0.00186991869918699,0.000894308943089428,-0.008292682926829298
50,5,0.00739689746500189,-0.0024025728339007704,-0.061975028376844446,-0.08094967839576245,-0.010707529322739393,0.12707150964812727
50,Aggregated,0.004621120658242629,0.001603674469849803,-0.016157789280610433,-0.0241183733610503,-0.0008785661627678495,0.03391591600924306
50,Centralized,0.0046684862959171895,0.0015353121801432927,-0.016939611054247645,-0.025088138291823006,-0.0010462868190606292,0.035505515751165756
