Round,Evaluator,0,2,4,1,3,5
0,0,,,,,,
0,1,,,,,,
0,2,,,,,,
0,3,,,,,,
0,4,,,,,,
0,5,,,,,,
0,Aggregated,,,,,,
0,Centralized,,,,,,
1,0,0.08816506737056137,0.19201828574729862,0.11465280380741119,0.12338526384346261,0.13858689041462294,0.09976494472891163
1,1,0.07963170701236862,0.1884045182283991,0.10963787841486002,0.12259700957528842,0.1419542009489092,0.07904433408230208
1,2,0.07568592829403609,0.1950405986103122,0.11217115794694621,0.12922769948186802,0.15132966228046474,0.09304069115005947
1,3,0.08911612371635359,0.18477700422787113,0.12767250714038256,0.13381770937084017,0.15000129077095986,0.09927178886754938
1,4,0.0879919639249067,0.17053877757152808,0.13288491824495424,0.13273887907875107,0.15124981718755903,0.09087515700932557
1,5,0.030529403693888034,0.09234976344081036,0.04442055526388542,0.047241337115225955,0.06740391459977348,0.16915890383469812
1,Aggregated,0.06866112663845858,0.1590986036565966,0.0977758230360096,0.10495753896513935,0.12377418446097634,0.11453974334369542
1,Centralized,0.06101724034807644,0.1472317761512873,0.0897396229334905,0.09807503066336244,0.11562745082472521,0.12350103043568073
2,0,-0.022798082379701202,0.02111169738224266,0.010891710673571357,0.012818443284225836,0.034736423239893684,0.012325075348775649
2,1,-0.014317282932728019,0.029464801395082393,0.011583354706250604,0.028934038384041492,0.04724191272700649,0.003857696236938352
2,2,-0.02439142398451169,0.02968598223743489,0.016671862617104436,0.01045161954667806,0.044137013370473654,-0.0025412925059906197
2,3,-0.026553128506900794,0.019678318730051807,0.006852130728797089,0.013746238672821274,0.033553124878096155,0.010071383584768317
2,4,-0.02532708083138574,0.022120612887437295,0.013696820880407603,0.021654918909833076,0.04001260752498652,0.009398493936310924
2,5,-0.06750979284674177,-8.884105284852139e-05,-0.019249148650953993,-0.01082658025392938,-0.04049710777135285,0.2529028276215463
2,Aggregated,-0.035608764105026794,0.017345228224263525,0.00294327895215667,0.009344518380181029,0.01673619176890259,0.0776589345703764
2,Centralized,-0.03869524353539408,0.016107632022096013,0.0010777496611610153,0.005966142000571094,0.008683144290847374,0.11490556072141464
3,0,0.011248364475513853,-0.019244021488702315,-0.0021530066473088843,0.013380708210573994,0.019690774823907357,0.009812885264555262
3,1,0.007815383888392922,-0.010057391051964406,-0.0012616287100819,0.0182718424708436,0.02186492928313772,0.0062029339631474644
3,2,0.013530364189719441,-0.005891921328540206,-0.00785831753621689,0.005244731341732829,0.011300969247694328,0.006992044895560949
3,3,0.011580118931345851,-0.007288893495621612,-0.002157626334964935,0.013036743494344647,0.018498858881905115,0.0001517898210469838
3,4,0.0014613048946446987,-0.021525607850879192,-0.01092296198639269,0.02201135249717481,0.020038313488817044,-0.01539706384738709
3,5,-0.01807597237907416,-0.04677189043743682,-0.028837769583666382,-0.0766288238210318,-0.021460565367537723,0.2787665305760878
3,Aggregated,0.001280706253278013,-0.02259989809981013,-0.011783718718213827,-0.011863942370640791,0.006816436243315052,0.08151156453921272
3,Centralized,-0.002541596211747718,-0.028763935678033793,-0.0168800348375487,-0.020050269482161782,-0.0015961144761725437,0.12118468636313497
4,0,-0.015387016393712122,0.0104581236041443,-0.01625793344406653,0.004323686413073886,-0.0008614690738743214,0.015112140747213091
4,1,-0.01848169759589075,0.015797212673475506,-0.019710782091423715,0.007467479841455828,0.005602847760782,0.014690943147233865
4,2,-0.010729437810064116,0.011315668530502792,-0.01926280595438299,0.008554854253123413,0.006687673583392633,0.016229383153014972
4,3,-0.015060217777398405,0.0014397249180669322,-0.0049152613630825525,0.0015661176454554442,0.0035958438922611556,0.0005391694464704814
4,4,-0.009989906823354102,0.010982162884979907,0.007005046160513289,0.011568688528061049,0.017615528123717257,-0.002187387911296209
4,5,-0.06092349793713454,-0.07581143676683655,-0.06897481082033935,-0.017489829734488944,-0.08381741916300779,0.252543076063854
4,Aggregated,-0.027484463770841523,-0.01475228793320002,-0.027457682712934927,-0.00027999393923809537,-0.019530988752293237,0.07915944094676532
4,Centralized,-0.0341100755484572,-0.02380849540905755,-0.03581190097027794,-0.00476693873629743,-0.029633134312962186,0.1120203099123534
5,0,-0.0023455994479534797,9.712074658030737e-05,-0.010095379025366525,0.009662529434029178,0.004251881691056269,-0.007706311623414967
5,1,-0.007878101250657774,-0.008319187613994323,-0.014186178209218279,0.014132367764251192,0.012525618669432343,-0.0023436904655980842
5,2,-0.01666615116831506,-0.002601698892819867,-0.016118577783233033,0.014629853852058604,0.014978454742016655,-0.009119359129368303
5,3,0.0024109266290828052,0.0002989219760123353,-0.00481192288174901,0.00943798399739873,0.008858007115555462,-0.01309153942231247
5,4,0.001938861811758651,3.497225571019724e-05,-0.01299747854707928,0.005891934327569702,0.011519507357866344,-0.0157479144392071
5,5,-0.07497553658548207,-0.0557728405636999,-0.03233414466320663,-0.025009498641437675,-0.05907131118791277,0.20698033673524815
5,Aggregated,-0.024833522098367113,-0.017579843668965103,-0.017610334193574405,0.0004362673804482152,-0.009619169466043234,0.052868737770224584
5,Centralized,-0.03715381267922301,-0.02315923846169022,-0.02530081048161771,-0.004504902884475445,-0.019613154839274838,0.08159546117596594
6,0,0.009237095678601238,0.007540680767765861,-0.00019877065004749418,0.0076310938019797095,0.012868512235497896,-0.04813160387559943
6,1,0.015359162012336633,0.014145871801057967,0.00333070355714769,0.006896475161103652,0.008894327850549333,-0.05749490723098737
6,2,0.009541736044933437,0.01100246954158151,0.0006694015755339585,0.010631807006737269,0.020705635657829964,-0.060963331604014216
6,3,0.00794856075332731,0.006731352990004134,0.0013427563218892473,0.009441812701062058,0.009631339989730878,-0.044252916625119126
6,4,0.0069088478915799775,0.009655663553712909,0.00011677544660161863,0.009112094119309811,0.01524840187036776,-0.037836373693247584
6,5,-0.03250280862547027,-0.022599476035093227,-0.04015658517247386,-0.03573807536239732,-0.0031888461322433274,0.17170231216276363
6,Aggregated,-0.0024023904645012126,0.00046558220771216515,-0.010833997298498434,-0.004087275378156935,0.008664702613109544,0.014135340207743725
6,Centralized,-0.00720995057517976,-0.0030376363495758694,-0.019927104375521122,-0.009878947601343644,0.00791169572760599,0.04729951813697974
7,0,0.00442711695314324,-0.0008661292782240442,0.006718039589748092,-0.003010252587455315,0.004875659868567425,0.004958239575943579
7,1,0.009804102207166801,-0.005541252524035432,0.00592156017794454,0.008750134695755316,0.010092305533828188,-0.004894277858242648
7,2,0.014705232063351696,-0.0004064508550880863,0.010395088068150484,0.0015148549011551524,0.010409834198490592,0.0012197720351316216
7,3,0.0018067019127400755,-0.0020972794326431536,0.005952782718159212,-0.0014626748096388648,0.003156057703214564,-0.0013520239138848273
7,4,0.000888279441210691,-0.00356268908472885,0.006920500392503407,0.001124879157666836,0.0016151997143458864,-0.0008314615759410486
7,5,-0.01515521709253285,-0.04583636708870368,-0.06272691205733641,-0.06822642383305068,-0.002993116418437526,0.21253065735214824
7,Aggregated,0.00013020526237511728,-0.014996125251458034,-0.012982673307686234,-0.018694724494053037,0.003427256436065106,0.06117386513777639
7,Centralized,-0.0022464000737596186,-0.01987408762060557,-0.021812825136101718,-0.028006256417559224,0.00013880205555387253,0.09283199601576618
8,0,-0.013659884309098922,0.016066719792574333,-0.0028542172587412724,-0.012008883416285017,0.00502776523386175,-0.020965718499177086
8,1,-0.020573662847006187,0.010402403036432775,-0.012941310683254242,-0.02634474044381174,0.006615730894146522,-0.037061973473487816
8,2,-0.01457376755069138,0.010312753539079188,-0.006184668368529352,-0.00837389566471882,0.003386143491620933,-0.033851112804386435
8,3,-0.01471311036336191,0.014870675637801822,-0.001764167469773287,-0.008662750437443542,-0.001411138666099591,-0.02457378509956575
8,4,-0.019279489758895037,0.016465703859314257,-0.006762635022576241,-0.009219916904192731,-0.0010051489940094765,-0.0362554004785102
8,5,-0.026856949374119775,-0.02915346574825761,-0.051795590642559945,-0.03718677768067425,-0.04326003667103359,0.26818813150719184
8,Aggregated,-0.01953001903455625,0.001285106485677088,-0.019281339334052256,-0.019920909764825037,-0.010682800608954188,0.055623398149410926
8,Centralized,-0.020450501173583102,-0.0036510739932965014,-0.02382453385851702,-0.024142255438975444,-0.01557296272200157,0.09173332936702544
9,0,0.006005289087232672,0.011896341415361672,0.0025652629653519663,0.0017433956872758183,0.00722997457336046,0.005451221894010067
9,1,0.0038643726454534104,0.0314283717699329,0.00038435099988573496,0.021572182576282642,-0.001494085830692331,0.009107436654054118
9,2,0.00825605404580996,0.0256504091480539,0.0018493104825045234,0.011604169554459722,0.003685673125982035,0.0049560616238509755
9,3,0.0036906008653753435,0.008090935659695335,0.0051988372887611135,0.004130607605444224,0.008749312092873517,0.006567349991015925
9,4,0.00889740256043334,0.014040094004347801,0.007238054497516619,0.007664532544194099,0.008200066562764239,0.012871543005901225
9,5,-0.058166451147504294,-0.02984239016443083,-0.0885838218562864,-0.03657031994798303,-0.04486725880798984,0.1713044438028391
9,Aggregated,-0.012406469693846614,0.004357857342912941,-0.023098067101602036,-0.003900160659625087,-0.009188508961928589,0.054954288129625904
9,Centralized,-0.021439199882138688,-0.0024451468169738285,-0.03596789795142592,-0.010903288245349592,-0.01652020732786016,0.08094025287650317
10,0,-0.001063692885169635,0.006965778254691587,-0.0001899127098993539,0.00012894499654664054,-0.0037062712826225227,-0.013322610383094912
10,1,0.010578258454483711,0.0032410860318090855,-0.010358032490173403,0.011364505341341239,-0.007936489860950115,-0.031438533751054806
10,2,0.0019591830632881137,-0.00010990704102402629,-0.004154009344476212,0.005398715080430589,-0.007891879078694116,-0.03660521554668081
10,3,0.003591985485152378,0.005473541649275753,-0.0021919545284570215,0.0019226962265402104,-0.001548810091846422,-0.011174192341512342
10,4,0.0043283108328492385,0.0035067692754472647,-0.0031656255328557778,0.007261999853609438,-0.0027009149647421113,-0.02095738868502408
10,5,-0.022306962959038293,-0.009281207634354896,-0.05318217332911396,-0.030232189833355377,-0.06845834145219218,0.2358571372859455
10,Aggregated,-0.0036741618648865764,3.787926845907365e-05,-0.01819447865643319,-0.005009050497228315,-0.023130795167117912,0.0518779883879115
10,Centralized,-0.008608831577896296,-0.0022324633616527083,-0.024345991741654346,-0.00978296800209776,-0.03041879559618335,0.08736969967128196
11,0,-0.0027869263534865112,0.003216285403207798,0.0019324495118263445,-0.00503485437353281,-0.0021425957655549174,0.0015319375525682946
11,1,0.0018136770600911073,-0.0007903518930109321,-0.005429304099042877,0.01624950194800252,-0.007223011335354352,0.00014031465385056107
11,2,-0.0022878578727440345,0.005443354584824311,-0.004848134617913309,0.007910718662328502,-9.585432421835016e-05,0.004283022357230299
11,3,0.003010136489638806,-9.745762481239336e-05,0.00027160092693698083,0.002828005266363591,0.0005202974839166874,0.0019500716538541046
11,4,-0.00010551371679112089,0.002390795106331467,-0.0024590506342485547,0.007223023638244921,-0.0015089864889984428,0.00024823686499879914
11,5,-0.06941991326409508,-0.04210230711633172,-0.041441861418176414,-0.06524455340202502,-0.009833083359458742,0.1827904996865751
11,Aggregated,-0.02007407088170275,-0.010697636217473244,-0.013452303029715229,-0.014666843413144354,-0.004323420639371158,0.05388407635263254
11,Centralized,-0.0279683178796435,-0.015743487826326168,-0.01957921232489071,-0.025862060144686113,-0.009038741484240722,0.08200198588023441
12,0,0.004529741885856416,0.0031299953821933885,-0.001021027844555802,-0.00044477897620632254,-0.0015861085021002552,0.0002975294214213294
12,1,0.002924111930020334,0.0041509503391711465,0.012091865822433368,0.010618165814658834,0.00346409396970353,-0.001485764032788269
12,2,0.006177808328659273,0.010393156384797937,0.008349714227747421,0.0037470325449374805,-0.0014551201985234876,0.00011759655735201398
12,3,0.00181595146612545,-0.0015253334515286324,-0.0022433696397945917,-0.004955442363120468,-0.0002921041245961653,-0.006580016600568334
12,4,0.005621444193080734,0.0003748308734779012,0.0026481864906718966,-0.005061892711747721,0.005475248837511152,-0.011575281867319084
12,5,-0.02901589064935503,-0.03970148834005683,-0.04331818036546032,0.009059419799888486,-0.04386319002148358,0.31279942019796325
12,Aggregated,-0.005370896226395662,-0.009099903417862397,-0.00967321195015662,0.0031685379597670023,-0.011854004634933638,0.08748713990384015
12,Centralized,-0.00799710776956057,-0.01456211788716327,-0.014956144496915041,0.004595469249681986,-0.017603117959230072,0.12069959195882561
13,0,0.001064823726842327,0.0029053784872588653,-0.0068232277439691505,0.0014532305935148525,0.00639257127625874,0.0015970114179905581
13,1,0.0007449470911380245,-0.0029957578495621866,-0.015627372637187147,0.007122782228884605,0.006785418730165725,-0.004862451511497575
13,2,-0.004192510920940199,0.005148737567123867,-0.011969828682450754,0.004402838484329184,0.009066613423139818,-0.0021003028545211965
13,3,0.007208347676410905,0.008438792307126833,-0.00212022542450461,0.0023914763207557466,0.005178038333357635,-0.005720476562460803
13,4,0.006512610623710913,0.007838879720579225,-0.004568548438618828,0.0027527706552233143,0.007133302960459174,-0.014285287548552272
13,5,-0.011682998651507612,-0.11333460603120632,-0.0705722133400926,-0.021055107468779165,-0.015791542788457683,0.21825721918166868
13,Aggregated,-0.0017562512771154655,-0.029653621677938818,-0.026206055415055086,-0.0034939506895607687,0.0003628591325044078,0.059342988608208656
13,Centralized,-0.0009158131639004821,-0.04393646932395999,-0.03629168814334635,-0.005054115988112217,0.0012480347196487588,0.08269974246716054
14,0,-0.005409863071822714,0.005785350002610078,-0.006972904844440327,0.0010264377915868686,-0.00025034221898261136,0.00240489499867747
14,1,-0.008030866660839986,0.008509755257811944,-0.012492433511976347,0.007030699923336165,0.002719062327347406,0.002111956284365532
14,2,-0.010272621785056568,0.008446565512578746,-0.01361291899054291,0.005535935230944065,0.007425108756318766,0.0023669427021733853
14,3,-0.0028890788371374074,0.005256269377457753,-0.004091845813558,0.0014929075174325106,-0.0004532063550739525,-0.0024190978284835012
14,4,-0.0028721816878181836,0.009067491568235544,-0.006625861405719366,0.007509904869840646,0.0007471978556245697,-0.01361069702652168
14,5,-0.013447819895252473,-0.02459888134519131,-0.1067212206373311,-0.005029918688177309,-0.07345844225510145,0.18958768345443858
14,Aggregated,-0.008073464813119973,-0.0018203805723927405,-0.03701516114416245,0.0017648552896053422,-0.019738350594394004,0.05338269680615166
14,Centralized,-0.007576100599263432,-0.0031218910755949725,-0.05011360277861295,0.003197110812948514,-0.028611551174782642,0.07222153165331459
15,0,0.002694023741890107,0.0020545867714941964,-0.008118967613867585,-0.00550702073561833,0.006536141363911594,0.00011886416878608882
15,1,0.006419323597568202,0.003188843997224243,-0.01715081985445457,-0.0006594085542716857,0.01260750638052342,-0.012599788427134231
15,2,0.003293449202743855,0.004672810994130866,-0.013745194628583467,-0.005267415662633274,0.006863958729540836,-0.014920501379587846
15,3,0.006796144730489405,0.0014900642343337511,-0.0046620085266768285,-0.0019860214146939156,0.0008697152440238794,-0.007661092714616171
15,4,0.009950753601204737,0.005814761772504932,-0.00581544859292582,0.0028288031945238852,0.003851915222922169,-0.013729508973390963
15,5,-0.0545688117941412,-0.015379712523285159,-0.021550928259684844,-0.05032478365976078,-0.011068031008179971,0.23423965906865718
15,Aggregated,-0.011590784725149043,-0.0019853214360607413,-0.013259494080793088,-0.01602281803170882,0.0011807112798499521,0.06061990049731791
15,Centralized,-0.01899930734933682,-0.002083707085377748,-0.01418957489267248,-0.02103631135965852,0.00020532283205880895,0.08046097338861326
16,0,-0.003351416538452924,0.001246384290215763,0.003424262690464318,-0.0023225141895110617,0.005021082961578525,0.004682124513655066
16,1,-0.0077582983122729855,0.003905391500677477,-0.000819288921427271,0.0017261687587525637,0.009561764821961428,0.0020287735247222407
16,2,-0.011248184392588182,0.007239511697477119,0.001050246913034009,0.0004393218803242412,0.011617547575696802,0.0019476951260414988
16,3,-0.006767744368314448,0.0035986279098869137,0.005093474741325068,0.0023137523871507096,0.00048413917340122493,0.0006855905354937847
16,4,-0.006448005101307344,0.0047489443486386194,0.004101483669593205,0.009626916207195716,0.004804803729386783,-0.0017412069434337078
16,5,-0.06516340729014383,-0.05097832568387454,-0.04429925411741372,-0.10942231037811008,-0.04258016501172569,0.17730852623285645
16,Aggregated,-0.02385817234720722,-0.011752687643053256,-0.010948846938377834,-0.029884589991822006,-0.007800412775571178,0.05222450895706256
16,Centralized,-0.030583113575129224,-0.01619139858238562,-0.013302297243933782,-0.04333633473155489,-0.012178944854359884,0.0735097216128219
17,0,-0.004309906238183513,0.0010761255982620868,0.0010722605584366014,-0.003353679531601521,-0.0012853289419933096,-0.006030577583580188
17,1,-0.004340728802184101,0.009537989924745431,0.0011072742079797895,-0.0002369180174976097,-0.0016795362274565824,-0.0049534147009336355
17,2,-0.0067588188462470306,0.007651777180228995,0.007286346567211198,-0.004396980326407336,-0.00036602762924838695,-0.0017863477033916674
17,3,-0.0034227884549877575,0.0033709418136423524,0.0050047870550529614,-0.0028158316193944927,-0.003094154180341149,-0.008518460968175053
17,4,-0.007545253536620246,0.0033878528147029308,0.005070089643803313,-0.007094746464693924,-0.005632596464296235,-0.008941172306279974
17,5,-0.044907058150054656,-0.013495309748831775,-0.04220584402677006,-0.02895413598974878,-0.03070640215007312,0.27272812818292363
17,Aggregated,-0.016706745520163206,-0.0003312362503776014,-0.009392875596452861,-0.010898601798183926,-0.010572844498453035,0.07436304690620531
17,Centralized,-0.02171425339479519,-0.0005070205032320017,-0.01326548818585512,-0.01444176107650967,-0.013862003925941857,0.0985503126438971
18,0,-0.007351418197725317,-0.0004770780839313439,0.0009552334027177814,-0.0032871055807813785,0.007168962372002158,0.007514550316981988
18,1,-0.010669335049675202,-0.011328480097796184,-0.00946257323301476,-0.013070483856123952,0.01257816127477075,0.0068366395013380625
18,2,-0.013932969740069205,-0.005747296189192616,-0.006758457743406373,-0.015454714824458435,0.011996487144914594,0.003664165859948465
18,3,-0.002772276506780418,-0.0032121248333293515,0.0002505891202729729,-0.0005988626110204139,0.008551100639459793,0.002890756816493039
18,4,-0.0015727062892434286,-0.0028123786025332485,-0.001616906874254718,0.0017929300039101093,0.011498567271494469,-0.0012826660134794257
18,5,-0.04280844664704929,-0.09674001530820515,-0.024888673115958524,-0.0756611237069883,-0.08653568676179689,0.20729385204447653
18,Aggregated,-0.01751333753809086,-0.03125884397805617,-0.00954579465845446,-0.026180895756360702,-0.01758935153441716,0.0625840773802453
18,Centralized,-0.02347207777857454,-0.04075506464342976,-0.00951960107487901,-0.03391370997690112,-0.02640529381077377,0.08674477797994579
19,0,0.005349122747398903,0.005816441585292452,-0.0015163735186114358,0.0011232006217008167,0.004416125411973731,-0.012708988363089329
19,1,0.010026079576303784,0.01317860850867844,0.006345738485363443,0.003778123485841774,0.00863424426288379,-0.01927468246130565
19,2,0.010927509511184628,0.014323772106352762,0.007109973599396894,0.0034195391585364627,0.009841939158103911,-0.02361976238490245
19,3,0.0028655542582110343,0.0070508375857559116,0.0007523097181495041,0.004561748678819796,0.0032109312763585443,-0.010615187953491822
19,4,-0.0005437659313544134,0.009987459471186764,0.004302096691609144,0.005657684522588428,0.007942051740242656,-0.027775650420760304
19,5,-0.007735738096940906,-0.05203137316685703,-0.036685740655087624,-0.04640355454381071,-0.023613931157079937,0.27800480517011683
19,Aggregated,0.0018423409205640165,-0.007841380735879052,-0.008163139753187009,-0.010746032781597015,-0.0019660869137821542,0.0668105901600842
19,Centralized,-0.0008452659511010674,-0.014513573607652683,-0.0113527067321138,-0.015925200975191383,-0.003759922186488278,0.09443183456620484
20,0,-0.0022938463856520546,0.0074959160229774,-0.003319555376876161,-0.0021249126262703056,-0.0012705737649118438,0.001512972130732969
20,1,-0.004876514983786445,0.012963221805694291,-0.010151883866904163,-0.003463461432571234,-0.008419787821304982,0.013948426298872585
20,2,-0.009317815031228405,0.010934887961532531,-0.0043018406121573685,-0.0003525059671006081,-0.007838083773593501,0.008047855878242251
20,3,-0.0023757414787996035,0.0029336352101428337,-0.00018517555003385588,0.0013372072004257003,-0.003573015627815546,-0.0007855463179795318
20,4,-7.319868477376571e-05,0.009094136416267298,0.0019960114936909265,0.0032464088164092524,-0.0032890771492639927,-0.004896976150670686
20,5,-0.03966432166260252,-0.06277951426658843,-0.08148394761473303,-0.03175556043060826,0.012663232834236676,0.22128324933059512
20,Aggregated,-0.01413568297576239,-0.011928535056008757,-0.02577471809019989,-0.00935266483474674,0.00018148097369785832,0.06636345592457606
20,Centralized,-0.01686825169417683,-0.020747640252482765,-0.03375455029930617,-0.009647605869335902,0.004364233786109167,0.0826811315965525
21,0,0.0022872581239987773,0.0017862535654200144,0.0007865805602909004,-0.0008517633412388999,0.0011753746469173117,-0.0026064116370250116
21,1,0.010344780251671855,0.0038204428126947837,0.0013368651061898779,-0.002917753177137988,0.0008673517672997132,-0.007667762484682783
21,2,0.007714919687483949,0.006260090162646713,0.0037669558726783074,0.0009974813647091573,-0.0003415106642776731,-0.0017506438008321862
21,3,0.002636521940630431,0.0005465723610856455,0.0025168066005072,0.001973434605853184,-0.001800991288986569,-0.003834167482166125
21,4,0.003067992524385836,0.0029062067580240946,0.003197830759953874,0.0016691105084171247,-0.005121158700256835,-0.008757755404542222
21,5,-0.06650039248381531,-0.042307154917665464,-0.06820019443245456,-0.056356530294595586,-0.026867865633911775,0.21449559385472616
21,Aggregated,-0.015473790343018157,-0.01002282554828408,-0.018019984496504934,-0.01613147872192888,-0.00849271628662643,0.05836540564328552
21,Centralized,-0.02335882363853991,-0.01241456302259671,-0.024706852876157332,-0.019409333389025625,-0.012693416644908855,0.07945114940714004
22,0,0.0026917568239834527,-0.0005095218756555084,-0.0003205787533593247,0.0011270110827105218,0.0026056689485444034,-0.0025177026496369364
22,1,0.004449493434510372,-0.010014934953598866,0.005260066930099501,0.0010751518976591082,-0.0008040068157818853,-0.006117793346374624
22,2,0.001467570727789245,-0.0032581164004985975,-0.003807560848233581,0.0014639744315948704,0.002614193658908186,-0.004522232261012044
22,3,0.0015907115208523316,-0.0011802858871021098,0.0012108883564625275,0.0006100985212832625,0.001325387617948424,-0.00666085206880702
22,4,0.00018168289479880324,-0.004211363135172237,-0.003439663898409527,0.004320660164229069,0.0048567065091279045,-0.007737323673336238
22,5,-0.021185462999083794,-0.0792656667812753,-0.03385370444036589,-0.006439325815155946,-0.025519910027524708,0.21292628747098724
22,Aggregated,-0.004633316156480762,-0.025591957578116525,-0.00992078883123249,-0.0006339010832952482,-0.0058526912397122,0.05749447871230037
22,Centralized,-0.005924970652738621,-0.033321284489029664,-0.013489348537721395,0.0002618543621384146,-0.007466526410496679,0.07365258328125503
23,0,0.006795672268519492,0.0037520118115507155,-0.015120457517995393,-0.0022425800253677037,0.0028371394091438458,-0.0016757114408006452
23,1,0.01480129666868992,0.008281103918796835,-0.028902660581352668,-0.005744133393713382,0.013453017776345893,0.004445020249499137
23,2,0.008937283390146496,0.004942459182880282,-0.020879827236662388,-0.0009673054306248266,0.01228249895959852,0.0024706315751857728
23,3,0.006488163246103336,0.002306958531311167,-0.013497458099965061,0.003302262122059915,0.003616979708304502,-0.0019238541804546254
23,4,0.006794797386913517,0.00725826675516426,-0.00967422518550851,0.004230703821194067,0.005617955345755722,-0.00216871882755173
23,5,-0.03619104578714383,-0.037978221181191735,-0.10524958344138206,-0.05468453021309776,-0.037353032239741096,0.1952756182539975
23,Aggregated,-0.004203138694481969,-0.007177275807309574,-0.042892088334236425,-0.015975328241670073,-0.005393543440100977,0.056488187167337486
23,Centralized,-0.0065443109744477545,-0.009915355572255131,-0.05331685672983931,-0.019984212181714534,-0.008284611773617058,0.07444519211152782
24,0,-0.00046984206527949843,0.0016564860699894864,0.0029953719587670477,-0.003944661089759873,0.0033402117859161473,-0.003577566659633298
24,1,-0.007434967569322477,0.006733673621203745,0.011699743442625974,-0.016644651879959522,0.010071578192096947,-0.01039092186745948
24,2,-0.00557864899313762,0.005956354762134177,0.01072402108928186,-0.011570068986205937,0.004707934079121883,-0.007105105857683676
24,3,-9.430660289432291e-05,0.0044811473354198095,0.003978282073932781,-0.0036504764655625513,0.004599501101007707,-4.5282788347396814e-05
24,4,-0.000975103786544185,0.00476445978821105,0.0052300913558580315,-0.006552342234087448,0.0031758002782392046,-0.008634610004863586
24,5,-0.023688615539715047,-0.02134332789829407,-0.011762768256126255,-0.03873472196637373,-0.05530371169644598,0.18252921494965635
24,Aggregated,-0.00890374994362898,-0.002798774539107375,0.0015350952880854203,-0.01720123121474272,-0.012266506848979099,0.048414065526675105
24,Centralized,-0.01022462570629325,-0.004156295107313488,0.0008469890148119164,-0.01881986973827776,-0.018577251473395763,0.062076572440661594
25,0,0.004939022560921718,0.0023178081558107503,0.0017304013710128221,-0.0024709581921747823,0.0029515278881319046,-0.0038367604118434064
25,1,0.0031800765484483,0.003559171489798702,0.006611457663050703,-0.0006105612038011558,0.006495969424958638,-0.007384468979214657
25,2,0.002620266677355135,0.0014068376472500235,-0.0015195558730978405,0.0015315633634844117,0.00163712399048379,-0.00651352754261448
25,3,0.001962646244650884,-0.0031125343052535374,-0.0007446813470869488,-0.0018479688384638038,-0.0021029822479883826,-0.006704623924471547
25,4,0.005444268242469697,-0.002788742889324927,-0.0035081342756666085,0.0007557046659344128,0.003546838990314269,-0.012427089806008351
25,5,-0.03946568810291313,-0.009014622146691829,0.006285860063639182,-0.016856737901728546,-0.02272489488235466,0.15522308880487246
25,Aggregated,-0.008800962074874196,-0.002403406687183663,0.0021787506594334012,-0.005238143945268681,-0.004771764646991889,0.03952567618748203
25,Centralized,-0.012145130181989023,-0.00263693134758764,0.0029354119253744266,-0.005905530704666057,-0.006501585960148504,0.047618391117492935
26,0,-0.011025011551165809,0.0021982325946247384,-0.005926487030609579,0.0023365161615786396,0.004644729615607163,-0.0037815941411265485
26,1,-0.018033153382359907,-0.000986669635418602,-0.012842807728247916,0.015453658377613125,0.007575233217284206,-0.005957101076719137
26,2,-0.017261902888717054,0.0037772711776468534,-0.010193608422058086,0.010516503488771596,0.007850922670392432,-0.0032659958674065297
26,3,-0.0066583887199558,0.0035993108510873825,-0.00045508023287170186,0.0030688725848334805,0.004904089719783278,-0.004184434469670068
26,4,-0.01067322269185163,0.00816746098809248,-0.0010875831978487682,0.005718682544963639,0.009573317907359014,-0.008623328789275193
26,5,-0.08700525333729318,-0.02425814434476638,-0.064684660724386,-0.0013522727594298708,-0.03581521870271528,0.16991182021508847
26,Aggregated,-0.03415404213100496,-0.004612439258785355,-0.022998832700995404,0.00488892277616604,-0.005413818179362073,0.045335587692478696
26,Centralized,-0.04608845004442508,-0.003783614820638513,-0.02843984145197073,0.007212812702196167,-0.006936749578239413,0.06020318285730848
27,0,-0.0033792445997530246,0.0063128774561198,0.0022373601640254797,0.0022332004718576192,0.0030759823457684504,0.0005954875924473062
27,1,0.0020433227194985686,0.0008822922039794512,0.0037928455394907485,0.005341492617273818,0.006173111530848339,-0.0036070294882150724
27,2,-0.002700041550017131,0.006915108789482123,0.0031141099816403618,0.004698254161752924,0.0017965129763900473,-0.005449342401342708
27,3,-0.001657944572225419,0.007548586395083186,0.002902894677409578,-0.0009684533503843666,-0.00021202079032658545,-0.0049620329797243415
27,4,-0.003356990580222995,0.008485360674456233,0.0013590257326675848,0.003000719084397088,0.0006014344178157864,-0.009926903277008726
27,5,-0.09515153988932834,-0.05064955524779223,-0.004893189836325062,0.002127402467798814,-0.019575132801463356,0.17505053018233716
27,Aggregated,-0.02873337198754458,-0.010319357530620007,0.0004964919850446397,0.0026494329287777936,-0.004018866249677385,0.04716825009497802
27,Centralized,-0.0386472860067926,-0.0144302187786522,0.001404581681500368,0.004220190141674594,-0.004847690652512763,0.05915389122850367
28,0,-0.00242693236541023,0.0007094902749734881,0.0001954856913940021,0.002079850062242496,0.0006532511602924988,-0.00024272083192976025
28,1,-0.006235269045604931,0.006332422727473762,-0.0015744328840531137,0.0038135131775168226,-0.007386038496598926,-0.0006714892561870901
28,2,-0.0038083142736819084,0.0019015437559725124,0.0004195772760527498,0.008041381153325608,-0.004729894291764476,-0.0013638568692955994
28,3,-0.001451830331613733,0.001358138520092824,0.0040367810776400555,0.001935739104722195,3.174112202900351e-05,-0.0025963596011103237
28,4,-0.0010928913067617082,0.0025060021999639996,0.002479226539914442,0.008287350959544741,0.0028229873862665802,-0.006255938918007193
28,5,-0.029606130374865577,0.015401231700822245,0.0033831639348522327,-0.06164019485626965,-0.1382189645716493,0.16695157701097088
28,Aggregated,-0.010676386645318817,0.006264979995553528,0.0017666114137965178,-0.014341413005263032,-0.04109261582090677,0.046571184554849855
28,Centralized,-0.0112890463582571,0.00922509900827385,0.0038149801143005486,-0.020245401592187896,-0.055967921182542915,0.060837858882297785
29,0,0.001588659941032549,0.0011390154206531889,-0.0013494916108687418,-0.0019678958350634506,-0.0004533562988890109,0.0005522815704397055
29,1,0.0017428436561703108,0.006147310394231236,0.0035921204477218577,-0.00287912426998624,-0.0068120918868729485,0.0009531472196612785
29,2,0.002441000583029246,0.00583593626865924,0.00048277466785716095,0.0011098654997946428,-0.00014420742233110703,-0.009983598464153077
29,3,0.0032836884382351217,0.0017553274720676045,0.00044612586222537537,0.0001501004443418404,-0.0006462590483186663,-0.008240363735651882
29,4,0.0028351046723841694,0.002605330513206851,0.002127625401430845,0.0009077993292908722,-0.0016854086670450923,-0.01276673939724001
29,5,0.005947156409425322,-0.03643940118834875,-0.04800571822154002,-0.022947479341913334,-0.02092246068982102,0.16901288514161775
29,Aggregated,0.0034076648432660415,-0.008022470413319858,-0.013092536355750889,-0.007000215517529319,-0.0074211432131354085,0.04455361305279722
29,Centralized,0.004974457623340657,-0.011078008417239002,-0.01772966717147775,-0.007585720513662002,-0.008377765645131197,0.054619494344843665
30,0,-0.0015345748799973024,-0.0028243703719554596,0.005784146687555234,-0.009714122984160457,0.0040410528313724325,0.0017035824590564592
30,1,-0.0003444248086848703,-0.004616425130723697,0.008885817537933714,-0.020555811497756073,0.009867337800590258,0.007075673816050343
30,2,-0.006232727138241372,-0.0019769544491871262,0.012163177220882658,-0.01753401388907825,0.007800902816042709,0.006037844306725274
30,3,-0.00039907043657090856,0.0022431360104514493,0.005546043503814608,-0.004277325755228735,0.005132439623745379,-0.0018461196129007157
30,4,-0.0003374113984558064,0.0012475918162543804,0.010778517407681201,-0.008826709696770435,0.005796542372302454,-0.0026210632574929934
30,5,0.007771359495368552,-0.019555953828428542,-0.021147741944055148,-0.08412032167449149,-0.019600072970091156,0.16451540393872033
30,Aggregated,0.0009823452756982942,-0.006484168368433111,4.206475915329423e-05,-0.03293145640768101,-0.0010085737044283598,0.04892541053393202
30,Centralized,0.003365735655990556,-0.006779475712722954,0.00027583656305044146,-0.04381479765711464,-0.0011269707852693996,0.058584075712948616
31,0,-0.0030972618145506214,0.004063767404917048,-0.0015716289572232775,0.0016614755551123109,0.006781053594312388,-0.005008182378526918
31,1,-0.004963101432450486,0.007857995013218832,-0.011500799419755691,0.0035360002530783062,0.007957903669047717,-0.006125993146253213
31,2,-0.0035504682234450556,0.004858443113113733,-0.004898781067595566,0.004797722447691129,0.008027322620795165,-0.003354891979411846
31,3,-0.0009661323439725801,0.0023391781635716783,-0.004852085155615863,0.0021578216599616295,0.0010219060089182107,-0.005981198403834486
31,4,-0.0007319542660933318,0.0027916001267516972,-0.005170418489749711,0.0032717005980057137,0.0019032373572405337,-0.005230713286000088
31,5,-0.01606736310518705,-0.06174504093107876,-0.031152093996174957,-0.050064218000672,-0.08074190034115444,0.15958034901881532
31,Aggregated,-0.006528461725578278,-0.014691409314787013,-0.012969299368498704,-0.012245292222313905,-0.019632821411682825,0.042371463429673586
31,Centralized,-0.005299838201190008,-0.020238300207291234,-0.014610134444134181,-0.01666926257143251,-0.02760573576966227,0.05681075075711886
32,0,0.0017251319809750785,-0.004345031908474022,0.0019552755070245185,-0.006084317758567099,0.003853481250930625,-0.0004409867730470159
32,1,0.008331541046673233,-0.007310480405419062,0.006948988575517393,-0.012491355018239112,0.011635507818558271,-0.0040876288312752425
32,2,0.0019145147658914024,-0.00219485633772162,0.006665425687974169,-0.007914967418800784,0.0023934347304321725,-0.006880290611583883
32,3,0.002600972871933678,-0.0032413904204810573,0.003951168627512784,-0.0014871796386732921,0.0004133195335120687,-0.00540199055828638
32,4,0.0010038937347029717,-0.004831902718678175,0.008020079442268404,-0.003242384542755485,0.001847012594376012,-0.005802598229859859
32,5,0.013372042266699068,-0.006386734676029437,0.0012699247236901633,-0.0008033400589776507,-0.06389419348103695,0.14460630354370377
32,Aggregated,0.006073670484686495,-0.004962185838919939,0.004285711644816344,-0.004674736186697132,-0.01556294727608276,0.03849176748281763
32,Centralized,0.00734974779623693,-0.004432682247580471,0.004759402381012272,-0.003226336899481747,-0.021567567191936192,0.044838036449245125
33,0,-0.0012291473275585472,0.0006982127623810359,0.0034431822311845484,-0.0005973590523997818,0.001345760281805297,-0.0036606488954125486
33,1,-0.004843390838755579,-0.0002260426752344749,0.005741009307099094,0.0019285025350035693,0.0011941154430359904,-0.003794193771148576
33,2,-0.00016756019757432905,-0.0004493943492649776,0.0036737578093508994,0.002419345849116688,0.002269960196404915,-0.004692227391969728
33,3,-9.021618389428166e-05,0.003605022179437529,0.00528970005885634,0.0013994022340905814,0.0012352053553046746,-0.005288555382289711
33,4,-0.0005045132323369764,0.0020029005839307685,0.0008399043125190161,0.0027683513897849145,0.0010329355073721161,-0.0030720442227411765
33,5,-0.021898655507366287,-0.039785257972224444,-0.07363105783670568,-0.01823636285826335,-0.0009093864476111616,0.13321901181947166
33,Aggregated,-0.007289084487924132,-0.010674260717876244,-0.018535828252999764,-0.004133195239711833,0.0007449823291786853,0.0355069252669507
33,Centralized,-0.007740116157793053,-0.012124634260834011,-0.02460913622235121,-0.004771494831046005,0.0014691704718705213,0.04237882854529837
34,0,-0.0004771241579450229,0.0032998016924758,-0.0035240757662879933,-0.0021484804082034154,0.002509979831360285,0.00027601853457251966
34,1,0.0003340717558113619,0.005471716291666327,-0.002296401924241885,0.0022437839809618483,-0.0022123069920828536,-0.0035408631121148022
34,2,0.0025883422795303585,0.0014774585478495917,0.0003141323804607624,0.0036188824951981923,0.0020657809934665765,-0.004058190691640471
34,3,0.0009306898924408835,0.0005005893620391518,0.002960877873520189,-0.0005500141340535706,0.0007500124184222134,-0.007696207351731458
34,4,0.004873510754847551,0.0023974609552332347,0.0014961019488070174,0.0014189508667930577,-0.0015305081442791085,-0.005639663804943103
34,5,-0.07292353306645921,-0.023627474156569184,-0.055029903341068415,-0.0422078668061045,-0.020994383559983676,0.18918285244644792
34,Aggregated,-0.019859910858840348,-0.004944075610259098,-0.016022051233974287,-0.011522116106305583,-0.005830302758865368,0.05162749887873564
34,Centralized,-0.026903945329340522,-0.005300752073767682,-0.021524702445273273,-0.014034103049831879,-0.006111742243697645,0.06652609765822647
35,0,-0.0008675180517854375,0.00025815287265499497,-0.0038408001961747085,0.0010218429866663825,0.00019615751328213213,0.0006318930260922654
35,1,-0.0036713962978307414,-0.004075796354126819,-0.006393959002839807,0.009635306108055235,-0.009298727350713304,0.002083128668714176
35,2,-0.002174145144334186,-0.0013954808510564323,-0.008226532688202821,0.00831398588893695,-0.007671685716780035,-0.0006064569821032139
35,3,0.0015442747945773867,0.003152633865376783,-0.0023452321651482176,0.00466428217006323,-0.0003873841102613095,-0.0031737562805276534
35,4,0.002260930640572239,-0.0008096447612003597,-0.0040167865995376865,0.0071775199263091815,-0.0036924754125965396,-0.0008916621242893342
35,5,-0.03999095462810895,-0.03149601199218078,-0.031549607672908014,-0.02545208057575098,-0.06193729464469613,0.16991037201637257
35,Aggregated,-0.011948733405118008,-0.009493101554278436,-0.012632769805591455,-0.0029562831827329716,-0.020832866718371725,0.048730117911264914
35,Centralized,-0.014696537084086646,-0.011337053103121095,-0.014258793927236193,-0.004649572003722703,-0.026896600880611337,0.06180769615031126
36,0,0.0022938603400474225,0.0003618437337630102,0.0014285784057726126,-0.003677605852024129,0.0016818177786362331,-0.002044446012551234
36,1,0.007771410394869657,0.001977768105060057,-0.005626943171284406,-0.0038427693290784266,0.003844351142707247,0.004752675685430962
36,2,0.00628816565974448,0.0004636852552163987,-0.0036542259731845764,-0.00367673377336482,0.003757406050277449,-0.0003264370411299351
36,3,0.004387783190195452,0.0035650752594954174,-0.0005303124596907263,-0.005124910774909693,3.9115560110758454e-05,-0.0023272883808858774
36,4,0.0013484762126505419,0.0027901324519565606,0.0004868453918991125,-0.0002697690630188697,0.0031505429302778774,-0.010513782525949044
36,5,0.0143691447792543,-0.04154384370261751,-0.02214874692959659,-0.06537751881786781,-0.04314252442730925,0.18680821302353356
36,Aggregated,0.007288244688935857,-0.01067945300836243,-0.007512246548367904,-0.021218576078482605,-0.010668846216701758,0.05239409633479235
36,Centralized,0.009464212022130864,-0.014017452238587809,-0.00788656088174997,-0.02633417680974408,-0.015419736648363101,0.06551534193024092
37,0,0.004322990343263764,0.0030786431079918696,-0.005513373830973551,-0.005793602108043779,0.003687711840517981,0.0002585173020381156
37,1,0.0030001108104525573,0.006376345502778702,-0.014429465997631334,-0.014907917857708227,0.0141559630077913,0.0027632309484617243
37,2,0.001166703327653738,0.006644367779325848,-0.009691054563278484,-0.010678492141109174,0.011390628644434467,0.0011534066206867976
37,3,0.0010337999297705272,0.006852561211721565,-0.006126758355946179,-0.006078433424535892,0.004266180425858023,-0.00016024988816296982
37,4,0.0026536041031310527,0.005093913413026895,-0.006839899168049753,-0.003536200051351658,0.004977326831220623,-0.0023992173304455203
37,5,-0.07338132619047553,-0.01237920357775075,-0.015027620134238471,-0.023151681012971527,-0.01781604391789057,0.1676655587086495
37,Aggregated,-0.01943299277870262,0.0004206373733946357,-0.010397123273377495,-0.012511870491549247,0.00033704633194500504,0.04859104547757917
37,Centralized,-0.02843976040773397,0.0002573110958679169,-0.009222441742050308,-0.012485099109376785,-0.0005453781359822136,0.05811445536087527
38,0,0.001420989646589236,0.0038850712038861687,0.002385740909509331,-0.0027158575973997333,0.006066832441778227,0.00044889914417954867
38,1,0.0057175415737966,0.0012413949231576047,0.009175229181915807,-0.0035590295315638615,0.00425226056477952,-0.005009410720847504
38,2,0.0033772038818765076,-0.0004902996463797363,0.003988387686101645,-0.0008297391420405587,0.0034769480075548666,-0.006606011143710222
38,3,0.002708186407294671,0.0012524134085695213,-3.698278685223359e-05,-0.003552357023285136,0.004129844454754701,-0.007752485027582143
38,4,0.0007065418252789462,0.004828614648744269,0.0016519310468240125,-0.0010498865713614897,0.005554725372532538,-0.008559320592831557
38,5,-0.02070900270252375,-0.06697455571811671,-0.010552373286628976,-0.061603676220643985,-0.013491986123519768,0.16208986419942745
38,Aggregated,-0.003990784902497853,-0.017792815023666673,-0.0006010114138491319,-0.019434872020281768,-0.0005500188315881826,0.04284236405532614
38,Centralized,-0.004137929708210792,-0.023084753347778705,-0.00024255585409382514,-0.025704411758535075,-0.0005337594973318766,0.053339216628893876
39,0,0.0007574667907355522,-0.007014593895547964,0.001116572288094329,-0.0016399400502815629,-0.0004164103251874755,-0.0021552932355989986
39,1,-0.0005197059484683482,-0.0018096310549979757,0.0030896591337032796,0.0049423038143761085,-0.004143243003874196,-0.007654593900961996
39,2,0.0019253874542142669,-0.0007454222337651029,0.0026148816543331275,0.002496039748608625,-0.0017658083764137257,-0.0076997967575236
39,3,0.004148420760620533,3.2330624205415916e-07,0.0025937211507180056,-0.00222358074340587,-0.0027682080052990788,-0.004874674779641783
39,4,-0.001617363543613263,0.0010844048404008739,0.0027362012749229015,0.002748131317175279,-0.0023987086151396465,-0.014630110561904016
39,5,-0.007572881124869912,-0.07808159817795184,0.004210149716703495,-0.023208227512504207,-0.008505138944870707,0.13845211744034475
39,Aggregated,-0.0015162627619336433,-0.023729206773153367,0.002943610132007268,-0.005794299176238604,-0.004088713010461176,0.0346672292506355
39,Centralized,-0.0012563481032481188,-0.029190178852209363,0.003954388317925606,-0.006713650808651381,-0.0036924858150415964,0.04048336607646555
40,0,0.0008233341910454421,-0.00023887685402815273,-0.0008977763862394294,0.000604619204967971,-0.002073023878123271,-0.0003577535983792587
40,1,-0.0040018598505433284,-0.005792185924582401,-0.005009119288056196,-0.004407853418468215,0.0010210395858476866,0.004078193980109557
40,2,-0.0035887125692217795,-0.0030065251948924905,-0.0018463067873231394,-0.004494775735014163,4.197615687115223e-05,-0.0002908280060283563
40,3,-0.00233863924684056,0.0015362372195899176,-0.0019686087991024814,-0.00015065242578835938,0.0018327835389977472,0.0021313188499075745
40,4,-3.145755755606753e-05,0.0007018205849184713,7.175453445477653e-05,0.004321256680480466,0.004878803146590401,0.005244152565282854
40,5,-0.01575523868032263,-0.030392966104790958,-0.01666598165647787,-0.08708614344142093,0.005405764823760016,0.13611611949140096
40,Aggregated,-0.005844765168804285,-0.009734142889356758,-0.006180424680289879,-0.025706331303142295,0.0023706331855734308,0.04079875441158515
40,Centralized,-0.00540602017896528,-0.010706019513087443,-0.005874415405286733,-0.03284163982295048,0.003516186301141423,0.047170258767031924
41,0,0.0031505701887256468,0.0006657405672466014,0.00033559138300891337,-0.0006815981858410425,0.0005254695110472662,0.0014507372061980989
41,1,0.008848094271419296,0.0009332270359943844,-0.0016422069661980701,-0.0017413699604314162,0.005939551228676754,-0.0010114922172360652
41,2,0.006785819670030064,0.0036206643098271054,0.002880081574000132,0.0030740968699663907,0.003423017311429412,-0.003423789089097927
41,3,0.0039290018121239485,0.003405404293394843,0.0010742481641844493,0.00016516968509596903,-0.0008895076608990434,-0.0056027571198978224
41,4,0.000925721182584995,0.0028861339937064894,0.002906613228869848,0.001524905780878035,-0.002887255349897727,-0.008526274267549028
41,5,-0.018643026955093945,-0.03601262186431987,-0.030267079722693283,-0.008423007623390696,-0.051176476135481486,0.12512527831352827
41,Aggregated,-0.0020132043640726204,-0.008749225146323359,-0.007939725280746992,-0.0020963328024157027,-0.013891528535717974,0.033655406929528654
41,Centralized,-0.002828352659476147,-0.010688180788091325,-0.009019605202698356,-0.0017980780664827415,-0.017233924622078508,0.03962643543747072
42,0,-0.002123066751836977,0.0026908622118069605,-0.005448641481056734,0.0015229161094180376,-8.118390419762552e-05,-0.002092331902957443
42,1,-0.004553388870109957,0.00625805966558367,-0.013457268535367578,0.008645104418219305,0.002331054871355077,-0.005161344675051637
42,2,-0.005004205380883346,0.005325164284496536,-0.011999586395908066,0.007449551278301348,0.0034496789351233705,-0.002137092364532337
42,3,3.0082619406827476e-05,0.002634300697098399,-0.003959497330072973,0.005435422268300261,0.0021124413800294554,-0.00599250020344946
42,4,-0.0028693191383214003,0.0018867463759845338,-0.0038093070763681185,0.008043388739339994,0.002391998637839256,-0.01176678046911798
42,5,-0.0345318565638342,-0.027022376779315512,0.005681176451036903,-0.04722719390143197,0.0010909162328678794,0.12176131039542513
42,Aggregated,-0.01202666009974455,-0.005119498813570272,-0.0038651658221874052,-0.009196714781838883,0.0017668160217581958,0.03125679607377389
42,Centralized,-0.013679378531270174,-0.00672150815477896,-0.0020167464031914583,-0.012287456510353323,0.0021927799693583524,0.03641545366174321
43,0,0.0034835670637759866,0.0005961681637649449,0.00038401286589289654,0.00033444051534694353,0.003296412351098394,-0.0051254483210209445
43,1,0.005002394991376865,-0.0003024464749326587,-0.0031285287497612273,-0.0030872804159522847,0.01280449736388523,-0.011288636714615937
43,2,0.005811973084208643,0.003263072721850002,0.0002987923746265312,-0.006161764329602277,0.00587791476836172,-0.009089988619444565
43,3,0.004370427988977573,0.006862572076061794,0.004234046300440932,-0.005118161628250144,0.001763747753743613,-0.008966994205046475
43,4,0.004367352135966347,0.00382917173040227,0.006075374440918339,-0.0023045085151409458,0.0015206208166657048,-0.013481288375495152
43,5,-0.017246912719925244,-0.023923874775492487,-0.0330755328149411,-0.008115795230063528,-0.0006728899260681678,0.1066523255060367
43,Aggregated,-0.0016963963897048226,-0.004872810069123676,-0.008421137803960574,-0.004665900315631921,0.0034011787931038048,0.023938364858444725
43,Centralized,-0.002506228883276445,-0.005846004516301495,-0.010115402726423892,-0.004260573301051303,0.003411933192744821,0.027265873415810823
44,0,0.006411373594977869,-0.004444355859388583,-0.0002546611991719174,0.004431301997959296,0.0030884033658863195,0.002461897363042652
44,1,0.007938373352381907,-0.004599618781146626,0.0028654023291506186,0.004921849928587471,0.0014889600096420874,-0.0005796721203737133
44,2,0.00651616070358277,-0.006791159993939306,0.0023585929705578134,0.0024907272952282835,0.001206204254535073,-0.0028640355865621235
44,3,0.003635152984861931,-0.001966775665787988,0.00022077231132337506,0.0001928496086190427,-0.000711713799614927,-0.007646686379226722
44,4,0.007464655061292397,-0.0009312966391421614,0.0024053310176422684,0.004208481246321879,0.005893222932948419,-0.009913253415160982
44,5,-0.04812114500241755,-0.08042257289762489,0.014235118314639965,-0.01660959430590683,-0.015011988991418541,0.11564876733320908
44,Aggregated,-0.00933084736642437,-0.02586289127725009,0.00518687358085758,-0.002478942695048683,-0.0027695611420502026,0.03071877438611376
44,Centralized,-0.012118539565828661,-0.033026755609532006,0.007272593243668362,-0.0021910586294924795,-0.0020264113349204587,0.036344512388923896
45,0,-0.000776933347666775,-0.007445790947397516,-0.006777625758440866,-0.0012745252946105992,0.0014232486486348641,-0.0028500151497624373
45,1,0.006873403079551653,-0.012413602070552846,-0.014662861723223614,0.0027943845557365163,-0.0002410555673828443,0.0026639747825721247
45,2,0.004229730865104774,-0.00633027642315821,-0.011334017522090116,0.004207075132929132,0.0011183337224338953,-0.0004260681927722983
45,3,0.005095832595102574,0.0025060958831750616,-0.0021072832600709988,0.0021486269948705825,0.004358969975226644,0.0004301870151968726
45,4,0.001417575585020061,-0.003588924449860873,-0.0047103632495770304,0.0038773738532496094,0.0015941926644892834,-0.007723716840539389
45,5,0.007572944525235404,-0.07481614880292464,-0.027613479605461243,-0.01925768924883232,-0.022576510947412927,0.14240222430866356
45,Aggregated,0.0045808099790999495,-0.025461032763548892,-0.013599230305852193,-0.003882060261603395,-0.0053373205390529295,0.039949137814667794
45,Centralized,0.006403949414923583,-0.03311121626296054,-0.014512696822133958,-0.003734934257526814,-0.006077297035475896,0.04779382578127048
46,0,0.007674713312537593,0.003677952837308387,-0.00108299804545036,-0.0008994215984243307,0.005602354510771728,-0.0032945017110276175
46,1,0.00879811801790765,0.004740122179286687,0.000440419409956185,0.0013201103939885792,0.004963118904519976,-0.005382604594496699
46,2,0.004087754799385945,0.0034929756104588854,0.004092675263558395,0.0017619722859235595,0.0016784773562094088,-0.006578632897983415
46,3,0.001801437453214964,-0.0017446953543511056,0.001787812336449355,-0.0024638845291952184,-0.00042410759425826245,-0.008518478292775007
46,4,0.006253021171811337,-8.871741573016623e-05,0.004369448418739738,0.0022736857901594692,0.0032850274521964693,-0.006953000952562502
46,5,-0.045832788176078505,-0.021057773073671092,-0.0291900304188415,-0.01683768848136488,-0.008677749653750729,0.12985250546960805
46,Aggregated,-0.009147640417827622,-0.004639688384788087,-0.007052266915648452,-0.004573076543057118,-0.00035338199085931555,0.03308152843600525
46,Centralized,-0.012484745820405522,-0.005510969834941589,-0.008686311282629339,-0.004878418724163606,-0.00024402823878508074,0.03889280465583656
47,0,-0.0023124792733627587,-5.82251865347753e-05,-0.0022391190873886453,-0.0019753708709921718,0.001228370369050837,-0.0031978102609700205
47,1,-0.003863112337748352,-0.002024502981241136,-0.002634289414294454,-0.005297986241848894,0.005747830757908681,0.002185961334798418
47,2,-0.0041535588138857295,-0.005984297907853842,-0.0034353049976291778,-0.007436824158685348,0.007745850425670407,0.004920613722223886
47,3,-0.0013696204753885213,-0.0013039241565484336,-0.0010748847269164347,-0.0037746293119089325,0.005802729301309337,-0.0007477288111555421
47,4,-0.0020115916762200705,-0.001079792705819531,0.002986292512475862,-0.001077659911757959,0.005870983373642955,-0.0106349564822861
47,5,0.004988858418652655,-0.018151585154121345,-0.014596548836860913,-0.021500880632423242,-0.029902887651492408,0.09983729616917439
47,Aggregated,-0.000512178504949796,-0.0067228767161428065,-0.005120614858687612,-0.008985652573464446,-0.004868683430210746,0.027733235239893708
47,Centralized,0.0002769727978923251,-0.007065614440673238,-0.005248217526459959,-0.00933099093984736,-0.006730677151448894,0.03017905156528304
48,0,0.0026635036331088325,-0.0018944298488050904,-0.004213907804271037,-0.0006718299560801203,0.004710183341987224,-0.0006784544143781398
48,1,0.0063756386789492825,-0.0070921425831986734,-0.010713612066389815,0.0015685520531877593,0.0033757172895731336,0.00044312342419901594
48,2,0.005644751713291239,-0.003824905488774683,-0.0043230657865994376,0.0043018751345165526,0.004508552256480959,0.0020363139012451003
48,3,0.004063779314077357,-0.0016632875638147963,0.0009752942594107605,0.0026257806066833445,0.0024509075976148708,-0.0025785283161231356
48,4,0.001529251765810201,-0.00373815713309567,-0.003471793350528581,0.005289700879451959,0.0023915212201612098,-0.014175644943126257
48,5,-0.033409420504591586,-0.00022343160479279964,-0.03388695457541062,-0.002383414365910412,-0.014545429552345905,0.08486103901956046
48,Aggregated,-0.006750887361262755,-0.0026563710029192515,-0.012869164286092171,0.0011788289027727657,-0.0017139695504956357,0.022349121167040364
48,Centralized,-0.008325983623062756,-0.0019036655166095107,-0.01379738985325197,0.0014270841962521108,-0.0020759781256204537,0.024439048030782375
49,0,0.0007499210736014265,0.0005632391843955864,-0.0002785485429633194,0.0008803845363551814,0.0032333939295162047,-0.005148390180905107
49,1,-0.008051765563147318,-0.004161478924131951,-0.0007644440099543422,0.004801603632625764,0.0044259682109306095,-0.0077404285180810144
49,2,-0.005637399502653301,-0.0032875739064385876,-0.0018250894915211628,0.004382511111018949,0.004871065884485747,-0.003982573820303049
49,3,0.0010097208327453624,-0.0009611527314315249,-0.0009753524143150832,0.0031384916854399086,0.0022371438781482933,-0.010037766571387632
49,4,0.0019106999846941297,0.0016635857885415107,0.007042158005107841,0.007055150443466691,0.005626558572092859,-0.011113803267672261
49,5,-0.04109580892853368,-0.0067380942479059,-0.047233299024078766,-0.0006695608760003224,-0.006970220686357632,0.09322997191286071
49,Aggregated,-0.0132793944611546,-0.002823493985106576,-0.013168658753514773,0.0026898580739396164,0.0008918614916043938,0.021479924396971842
49,Centralized,-0.014617395852145646,-0.0023276209210466854,-0.01557730896808098,0.003007207908853717,0.0008973790761837031,0.024518954731332886
50,0,0.003911673329910523,0.0028154563068505155,0.0015530028592254364,-0.0021017647413152742,0.003989380446839482,-0.0010780279934336065
50,1,0.0070250873257749575,0.005727818156451847,0.004671251241973288,-0.0016962786330698642,0.00771973191946202,-0.002857968356819484
50,2,0.006814819786374067,0.0038236224949688234,0.0006838822233127762,-0.0032361286784619693,0.0035001334569257363,-0.002917298071831495
50,3,0.002806194363297544,0.0047756799709656305,0.0041563991718132735,-0.0008447575225252801,0.001347029094352309,-0.006651629757102825
50,4,0.0006074496743352309,0.0022545809541915656,0.0036606939098129637,0.002382564614093733,0.0010055992048912943,-0.01009275597639322
50,5,0.0027105391892809326,-0.006891983597691268,-0.057931796208899565,-0.07089404894376299,-0.015851359657680426,0.12591725170738186
50,Aggregated,0.003793896443439397,0.0007725464698723345,-0.01461414675759708,-0.021230736354000572,-0.002072861405009549,0.03296107358758723
50,Centralized,0.0049814254575757215,0.001399847292699444,-0.018585455838172314,-0.027186886161807748,-0.0017414914161465638,0.03960025758612539
