Round,Evaluator,3,4,1,2,0
0,0,,,,,
0,1,,,,,
0,2,,,,,
0,3,,,,,
0,4,,,,,
0,Aggregated,,,,,
0,Centralized,,,,,
1,0,,,,,
1,1,,,,,
1,2,,,,,
1,3,,,,,
1,4,,,,,
1,Aggregated,,,,,
1,Centralized,0.9999898672103882,0.9999914169311523,0.9999927282333374,0.9999915957450867,0.9999903440475464
2,0,,,,,
2,1,,,,,
2,2,,,,,
2,3,,,,,
2,4,,,,,
2,Aggregated,,,,,
2,Centralized,0.999982476234436,0.9999856948852539,0.9999819397926331,0.9999845623970032,0.9999850988388062
3,0,,,,,
3,1,,,,,
3,2,,,,,
3,3,,,,,
3,4,,,,,
3,Aggregated,,,,,
3,Centralized,0.9999179840087891,0.9998979568481445,0.9999555945396423,0.9998831152915955,0.9999080896377563
4,0,,,,,
4,1,,,,,
4,2,,,,,
4,3,,,,,
4,4,,,,,
4,Aggregated,,,,,
4,Centralized,0.9998131990432739,0.9997811913490295,0.9998933672904968,0.9997365474700928,0.9998050928115845
5,0,,,,,
5,1,,,,,
5,2,,,,,
5,3,,,,,
5,4,,,,,
5,Aggregated,,,,,
5,Centralized,0.9968810081481934,0.9939743876457214,0.9963202476501465,0.9923647046089172,0.9949519038200378
6,0,,,,,
6,1,,,,,
6,2,,,,,
6,3,,,,,
6,4,,,,,
6,Aggregated,,,,,
6,Centralized,0.9993349313735962,0.9987792372703552,0.999370813369751,0.9984970688819885,0.9989441633224487
7,0,,,,,
7,1,,,,,
7,2,,,,,
7,3,,,,,
7,4,,,,,
7,Aggregated,,,,,
7,Centralized,0.9958912134170532,0.9921984672546387,0.9956998825073242,0.9900272488594055,0.9935887455940247
8,0,,,,,
8,1,,,,,
8,2,,,,,
8,3,,,,,
8,4,,,,,
8,Aggregated,,,,,
8,Centralized,0.9985592365264893,0.9975486397743225,0.9986271262168884,0.9969654083251953,0.9978792071342468
9,0,,,,,
9,1,,,,,
9,2,,,,,
9,3,,,,,
9,4,,,,,
9,Aggregated,,,,,
9,Centralized,0.9996718764305115,0.9995890259742737,0.9997580051422119,0.9995036721229553,0.9996304512023926
10,0,,,,,
10,1,,,,,
10,2,,,,,
10,3,,,,,
10,4,,,,,
10,Aggregated,,,,,
10,Centralized,0.9992029070854187,0.9990416765213013,0.9991723895072937,0.998820960521698,0.9990941882133484
11,0,,,,,
11,1,,,,,
11,2,,,,,
11,3,,,,,
11,4,,,,,
11,Aggregated,,,,,
11,Centralized,0.9994828701019287,0.9994744062423706,0.9995487928390503,0.9993602633476257,0.999520480632782
12,0,,,,,
12,1,,,,,
12,2,,,,,
12,3,,,,,
12,4,,,,,
12,Aggregated,,,,,
12,Centralized,0.9996921420097351,0.9996342062950134,0.9998173713684082,0.9995881915092468,0.9996601343154907
13,0,,,,,
13,1,,,,,
13,2,,,,,
13,3,,,,,
13,4,,,,,
13,Aggregated,,,,,
13,Centralized,0.9996839761734009,0.9996751546859741,0.9997891783714294,0.9996266961097717,0.9996955990791321
14,0,,,,,
14,1,,,,,
14,2,,,,,
14,3,,,,,
14,4,,,,,
14,Aggregated,,,,,
14,Centralized,0.9982860088348389,0.9975157380104065,0.9987195134162903,0.9969651103019714,0.9978686571121216
15,0,,,,,
15,1,,,,,
15,2,,,,,
15,3,,,,,
15,4,,,,,
15,Aggregated,,,,,
15,Centralized,0.9993617534637451,0.9992763996124268,0.999595582485199,0.9992124438285828,0.9993330836296082
16,0,,,,,
16,1,,,,,
16,2,,,,,
16,3,,,,,
16,4,,,,,
16,Aggregated,,,,,
16,Centralized,0.999183177947998,0.9991432428359985,0.9994945526123047,0.9990222454071045,0.9992285966873169
17,0,,,,,
17,1,,,,,
17,2,,,,,
17,3,,,,,
17,4,,,,,
17,Aggregated,,,,,
17,Centralized,0.9987763166427612,0.9987001419067383,0.9993319511413574,0.9984927177429199,0.9988604784011841
18,0,,,,,
18,1,,,,,
18,2,,,,,
18,3,,,,,
18,4,,,,,
18,Aggregated,,,,,
18,Centralized,0.9973753690719604,0.99626624584198,0.9985307455062866,0.9953393340110779,0.9968289136886597
19,0,,,,,
19,1,,,,,
19,2,,,,,
19,3,,,,,
19,4,,,,,
19,Aggregated,,,,,
19,Centralized,0.9984713792800903,0.9982072710990906,0.9989534020423889,0.9978806972503662,0.9984390139579773
20,0,,,,,
20,1,,,,,
20,2,,,,,
20,3,,,,,
20,4,,,,,
20,Aggregated,,,,,
20,Centralized,0.9989039897918701,0.9987185001373291,0.9993711709976196,0.9984488487243652,0.9988582730293274
21,0,,,,,
21,1,,,,,
21,2,,,,,
21,3,,,,,
21,4,,,,,
21,Aggregated,,,,,
21,Centralized,0.9981076121330261,0.9976968169212341,0.9990420341491699,0.9972167611122131,0.9980155825614929
22,0,,,,,
22,1,,,,,
22,2,,,,,
22,3,,,,,
22,4,,,,,
22,Aggregated,,,,,
22,Centralized,0.9967155456542969,0.9952903985977173,0.9978154897689819,0.9941609501838684,0.9960018396377563
23,0,,,,,
23,1,,,,,
23,2,,,,,
23,3,,,,,
23,4,,,,,
23,Aggregated,,,,,
23,Centralized,0.9993187785148621,0.9993115663528442,0.9997442960739136,0.9992836117744446,0.9993778467178345
24,0,,,,,
24,1,,,,,
24,2,,,,,
24,3,,,,,
24,4,,,,,
24,Aggregated,,,,,
24,Centralized,0.9991152882575989,0.9991797804832458,0.9995396733283997,0.9990525841712952,0.9992654919624329
25,0,,,,,
25,1,,,,,
25,2,,,,,
25,3,,,,,
25,4,,,,,
25,Aggregated,,,,,
25,Centralized,0.9981755018234253,0.9981694221496582,0.999168336391449,0.9977365136146545,0.9983946084976196
26,0,,,,,
26,1,,,,,
26,2,,,,,
26,3,,,,,
26,4,,,,,
26,Aggregated,,,,,
26,Centralized,0.9992157816886902,0.9992765188217163,0.9996534585952759,0.9991738796234131,0.9993419647216797
27,0,,,,,
27,1,,,,,
27,2,,,,,
27,3,,,,,
27,4,,,,,
27,Aggregated,,,,,
27,Centralized,0.9981516599655151,0.9978206753730774,0.9990301132202148,0.9973317980766296,0.9981106519699097
28,0,,,,,
28,1,,,,,
28,2,,,,,
28,3,,,,,
28,4,,,,,
28,Aggregated,,,,,
28,Centralized,0.9990831613540649,0.9990524649620056,0.999570369720459,0.998887836933136,0.9991273880004883
29,0,,,,,
29,1,,,,,
29,2,,,,,
29,3,,,,,
29,4,,,,,
29,Aggregated,,,,,
29,Centralized,0.9989546537399292,0.9988099932670593,0.9995095729827881,0.9985578656196594,0.9989213943481445
30,0,,,,,
30,1,,,,,
30,2,,,,,
30,3,,,,,
30,4,,,,,
30,Aggregated,,,,,
30,Centralized,0.9987344145774841,0.9987251162528992,0.9993689060211182,0.9984812140464783,0.9988327026367188
31,0,,,,,
31,1,,,,,
31,2,,,,,
31,3,,,,,
31,4,,,,,
31,Aggregated,,,,,
31,Centralized,0.9985674023628235,0.9984896183013916,0.999411940574646,0.9981679916381836,0.9986580610275269
32,0,,,,,
32,1,,,,,
32,2,,,,,
32,3,,,,,
32,4,,,,,
32,Aggregated,,,,,
32,Centralized,0.9987057447433472,0.9986715912818909,0.9994343519210815,0.9983940124511719,0.9988027811050415
33,0,,,,,
33,1,,,,,
33,2,,,,,
33,3,,,,,
33,4,,,,,
33,Aggregated,,,,,
33,Centralized,0.998323917388916,0.9981938600540161,0.9992533326148987,0.997769832611084,0.9984089136123657
34,0,,,,,
34,1,,,,,
34,2,,,,,
34,3,,,,,
34,4,,,,,
34,Aggregated,,,,,
34,Centralized,0.9988873600959778,0.9987552165985107,0.9994535446166992,0.9984912872314453,0.9988918304443359
35,0,,,,,
35,1,,,,,
35,2,,,,,
35,3,,,,,
35,4,,,,,
35,Aggregated,,,,,
35,Centralized,0.9985708594322205,0.9985523223876953,0.9993335008621216,0.9982342720031738,0.998699963092804
36,0,,,,,
36,1,,,,,
36,2,,,,,
36,3,,,,,
36,4,,,,,
36,Aggregated,,,,,
36,Centralized,0.9988279342651367,0.9987733960151672,0.9994590878486633,0.9985097050666809,0.9988981485366821
37,0,,,,,
37,1,,,,,
37,2,,,,,
37,3,,,,,
37,4,,,,,
37,Aggregated,,,,,
37,Centralized,0.9988582134246826,0.9987773895263672,0.9994798898696899,0.998509407043457,0.9989069700241089
38,0,,,,,
38,1,,,,,
38,2,,,,,
38,3,,,,,
38,4,,,,,
38,Aggregated,,,,,
38,Centralized,0.9986909031867981,0.9986402988433838,0.9994320869445801,0.9983522295951843,0.9987815022468567
39,0,,,,,
39,1,,,,,
39,2,,,,,
39,3,,,,,
39,4,,,,,
39,Aggregated,,,,,
39,Centralized,0.9987118244171143,0.9986586570739746,0.9993577599525452,0.9983652234077454,0.9988003969192505
40,0,,,,,
40,1,,,,,
40,2,,,,,
40,3,,,,,
40,4,,,,,
40,Aggregated,,,,,
40,Centralized,0.9982179999351501,0.9983129501342773,0.9992649555206299,0.9979481101036072,0.998515248298645
41,0,,,,,
41,1,,,,,
41,2,,,,,
41,3,,,,,
41,4,,,,,
41,Aggregated,,,,,
41,Centralized,0.9985191226005554,0.9985435605049133,0.999407947063446,0.9982468485832214,0.9986937642097473
42,0,,,,,
42,1,,,,,
42,2,,,,,
42,3,,,,,
42,4,,,,,
42,Aggregated,,,,,
42,Centralized,0.9983438849449158,0.9983707666397095,0.9993046522140503,0.9980313181877136,0.99854576587677
43,0,,,,,
43,1,,,,,
43,2,,,,,
43,3,,,,,
43,4,,,,,
43,Aggregated,,,,,
43,Centralized,0.9981623291969299,0.9981269836425781,0.9992209672927856,0.9976992011070251,0.9983523488044739
44,0,,,,,
44,1,,,,,
44,2,,,,,
44,3,,,,,
44,4,,,,,
44,Aggregated,,,,,
44,Centralized,0.9980429410934448,0.9979649782180786,0.9991966485977173,0.9974852204322815,0.9982222318649292
45,0,,,,,
45,1,,,,,
45,2,,,,,
45,3,,,,,
45,4,,,,,
45,Aggregated,,,,,
45,Centralized,0.9984456300735474,0.9984663724899292,0.9993757009506226,0.998140811920166,0.9986406564712524
46,0,,,,,
46,1,,,,,
46,2,,,,,
46,3,,,,,
46,4,,,,,
46,Aggregated,,,,,
46,Centralized,0.9984011650085449,0.9984697103500366,0.9993610978126526,0.998138427734375,0.9986381530761719
47,0,,,,,
47,1,,,,,
47,2,,,,,
47,3,,,,,
47,4,,,,,
47,Aggregated,,,,,
47,Centralized,0.9981418251991272,0.9981180429458618,0.9991891384124756,0.9976911544799805,0.9983516931533813
48,0,,,,,
48,1,,,,,
48,2,,,,,
48,3,,,,,
48,4,,,,,
48,Aggregated,,,,,
48,Centralized,0.998335599899292,0.9983817338943481,0.9993584752082825,0.9980265498161316,0.9985777139663696
49,0,,,,,
49,1,,,,,
49,2,,,,,
49,3,,,,,
49,4,,,,,
49,Aggregated,,,,,
49,Centralized,0.9983037710189819,0.9983584880828857,0.9993547797203064,0.9979979395866394,0.9985599517822266
50,0,,,,,
50,1,,,,,
50,2,,,,,
50,3,,,,,
50,4,,,,,
50,Aggregated,,,,,
50,Centralized,0.9982355833053589,0.9983046054840088,0.999332845211029,0.9979233741760254,0.9985131025314331
