Round,Evaluator,4,2,1,3,5,0
0,0,,,,,,
0,1,,,,,,
0,2,,,,,,
0,3,,,,,,
0,4,,,,,,
0,5,,,,,,
0,Aggregated,,,,,,
0,Centralized,,,,,,
1,0,-0.0006334324257146532,0.17514865884057967,0.12855153851837903,0.18276755848457987,0.2128161542128162,0.035133334442771454
1,1,0.24635622412034616,0.37018914535643754,0.38738104783528066,0.3554866372631822,0.503214673253345,-0.7057956346352754
1,2,0.2523183177301964,0.3687861086097698,0.394907290043301,0.35570838099198265,0.5036470658434941,-0.7039688335899409
1,3,0.24057215631144452,0.3759372682891231,0.37872259588275015,0.35914655649990085,0.4898454281100345,-0.7144412595263102
1,4,0.24329953052165393,0.36528452271376743,0.38278807274460586,0.35219107974761177,0.4970067903480024,-0.6937950079268164
1,5,-0.5115397375987895,-0.6400976003906286,-0.6640337234419338,-0.6680682076671505,1.7963248104463718,-0.02265480503470027
1,Aggregated,-0.003029912685059387,0.05062249085081485,0.04887386767493097,0.034192262256795475,0.859439950905981,-0.43284096507043873
1,Centralized,-0.011378623486559207,0.03891819659028348,0.03694034962080063,0.02222659999423574,0.8767492658998678,-0.4275170987394437
2,0,0.09813964711299106,0.09770604563439049,0.12838099958883556,0.10136002720361152,0.08155703885499256,0.09854501549719986
2,1,0.09226573131321807,0.1136902778708814,0.10925750397677317,0.12192782439324679,0.02579404560437826,-0.02344936182977535
2,2,0.09632523098303498,0.12396224502615769,0.1137157014461274,0.1294478484697828,0.006565342552869365,-0.030989732929227912
2,3,0.0965750368075385,0.1339762194591367,0.1278277661267511,0.14072627918539693,0.03079948276961034,-0.02626284539650829
2,4,0.0853357258736272,0.1167859263608388,0.10646226022346579,0.1252790988655011,0.025047969819113676,-0.01677938067710764
2,5,-0.19384132225152895,-0.3537371922235323,-0.07145864259311911,-0.4206662643722543,2.1143257659833856,0.2637588401508459
2,Aggregated,0.007642177395490134,-0.02215233739484835,0.06017074860607802,-0.03737648973648079,0.6519427704744934,0.07294659701709431
2,Centralized,0.00406543316296017,-0.027951398067898228,0.05780700583905272,-0.04408030965201278,0.677643429087269,0.07599964074438269
3,0,0.0011058822677681743,-0.048246836577311804,0.0662354871777603,0.01607476735152848,0.037572291450414685,-0.03194511303148965
3,1,0.0030610636267447383,0.017582708490271447,0.019966823120972303,0.05701648147264129,-0.04823679126662438,-0.07583919038745202
3,2,0.0029323269430328713,0.018716937332511747,0.03667576050013292,0.0745326759008946,-0.059006878116949706,-0.09740462403168157
3,3,-0.0003558569166542859,0.03926249290237544,0.009226795634424216,0.06640873794720195,-0.09774083363238664,-0.09707583565076064
3,4,-0.0031522209963216912,0.019533903329037986,0.013031738531619978,0.05039401910321869,-0.05154992326472152,-0.07409346913106232
3,5,-0.7241445961545155,-0.4295653453841509,-0.31303075607421954,-1.1215495822740107,1.5354114384548316,0.12008684745043292
3,Aggregated,-0.21562902758508623,-0.11815627969860491,-0.07529362038005791,-0.2953911878294403,0.42259990352577786,-0.019577229720468332
3,Centralized,-0.2246211466578866,-0.1234742875374548,-0.07961813127532028,-0.30987810775752284,0.44200995660514675,-0.017248986194918083
4,0,0.06852791065472318,-0.0531733033729281,-0.046249945182415826,0.03162511191353759,0.03140676149201346,0.012862290614917497
4,1,0.06404359354690879,-0.007323806745305276,-0.006910242030640898,0.0568496726687385,0.04462042347337612,-0.025195377015284896
4,2,0.07821415004659306,-0.003268115964362493,-0.010008288003675645,0.04335984696072643,0.03188955982557002,-0.023653993978954516
4,3,0.07386250723671405,0.03238371947894971,0.010866413878659062,0.08706371962008316,0.026205398393265883,-0.03372922240206718
4,4,0.05623955556329166,0.006951067086704621,0.009784295187476345,0.06830135529026869,0.04079766501953946,-0.01905243865134497
4,5,-0.1542033404374467,-0.28941338569118114,-0.18182886064804696,0.007375502161600674,1.766039443561831,0.11336344838002027
4,Aggregated,0.0017903739453641043,-0.08689301608763683,-0.0579583072964478,0.04405245374999982,0.5518055734633187,0.01953374060367345
4,Centralized,-0.000968740289435135,-0.0903164100450028,-0.06002547150684176,0.043487946648190244,0.5732858374736319,0.021092990952637183
5,0,-0.08071368222474971,0.0030735117599543973,-0.004081714608812372,0.043618798133362835,0.07198484589805342,0.03720118026700023
5,1,-0.09069305902375856,0.030344679702165436,0.029121394971806987,0.04591665664035248,-0.01814009338493427,0.019966153207898858
5,2,-0.05659388751706135,0.028154366583357692,0.02286509674073118,0.051625545397490404,-0.03155501373189886,0.013240934766607287
5,3,-0.08030862534137391,0.03766878438884464,0.03368719625268731,0.04956226152262683,-0.0707407932300958,0.02394607830454579
5,4,-0.07130243910066757,0.028583415990311997,0.028217969819426737,0.030080735189399275,-0.0322536987211713,0.02225269391828007
5,5,-0.12980448907022196,-0.5890154019215575,-0.2861195183842539,-0.3019171757563883,1.6257834653866468,0.16013126532219382
5,Aggregated,-0.09171429233463635,-0.15649344432032516,-0.06841287134478213,-0.05908812600689084,0.46856248270160766,0.06331492037955379
5,Centralized,-0.09237223471264173,-0.1640674077007577,-0.07217715734025737,-0.0633796635947326,0.48873571828609236,0.06498144322137922
6,0,0.026784110485642616,0.03716079403740615,-0.04125947196262007,0.019540858050491966,0.05461388205872056,-0.007669281127867806
6,1,0.021684188479374474,0.029098856425062554,-0.027595109633514876,0.025318451482683954,0.011254992121721236,0.0016197567242569907
6,2,0.024929852448186286,0.029981451680751336,-0.03641844296138064,0.028239180473729458,-0.02359820552495112,0.003917578864657667
6,3,0.02236513710861071,0.054109310864553985,0.0020509344378721703,0.014459036942247707,-0.037124230439767245,0.017082939756636304
6,4,0.012252428161490959,0.01933498802090528,-0.006975098799070934,0.01930905033406969,-0.013510673850833124,0.01029771487127799
6,5,-1.0296522671457984,-0.3709601688816735,-0.022338107372989087,-0.6327827584133979,1.5225938159650323,0.22466258191708618
6,Aggregated,-0.2924393137439926,-0.08709214396216061,-0.020971967209551443,-0.1737390286889802,0.44983345528246543,0.07135514054340614
6,Centralized,-0.30549022207263443,-0.092121457288584,-0.02093482160630111,-0.18184907435523168,0.46861728136292224,0.07410734557996551
7,0,-0.008056740121911606,-0.019356945132658284,-0.010818877598920786,0.029458674758533778,0.027264354268688187,0.020685828410848102
7,1,0.008245775169089507,0.033554867099503054,-0.044486582830607725,0.015802390400420762,0.03766562105125616,-0.007722042804124333
7,2,0.019146859152212127,0.03195480145069103,-0.029520276500261247,0.01743235279700856,0.035829016530558186,-0.01094211029150521
7,3,0.013819247526980188,0.05541902147372263,-0.05392826314514546,-0.0003517054664122426,0.021329084428601233,-0.019446568599677395
7,4,2.937391946942754e-05,0.04397767240152807,-0.04186021299182093,0.0011913494366699272,0.0433687474596088,-0.001577153177416425
7,5,-0.9300994736193066,-0.6119210721032265,-0.8459802744482838,-0.263922687251026,2.1762842518038394,0.28437422164856757
7,Aggregated,-0.27203315099141473,-0.15927915893138322,-0.27933480219382106,-0.0708571502249258,0.6730443051233324,0.08072727946973816
7,Centralized,-0.2836203377311493,-0.16712436631258631,-0.289436143594614,-0.07432532917551976,0.6996413623138772,0.08424797874409941
8,0,0.0160327152656154,0.011280262270305945,0.0007949495317759483,0.0020582734151928777,-0.016337771626027602,-0.007561871962961956
8,1,0.02858905887665674,0.015765425200153855,0.004850627241791916,0.0019566024639372944,-0.03129663429626379,-0.008244818276835687
8,2,0.029319377880177907,0.006113659785843225,0.016366051983374583,0.010438223064986013,-0.051962679603126095,-0.010433851978577869
8,3,0.02957719755850859,0.02027613776125494,0.002046650895862089,-0.005394191633339065,-0.03581960931500922,-0.0027901066882948197
8,4,0.02796713753448281,0.006008232676422452,-0.005080079942961125,-0.030371956034874477,-0.0359328866797365,0.010115052782603976
8,5,-0.2388388733682097,-0.5166948546719381,0.04470000588303227,-0.43067213159887063,1.256983130198166,0.32344388388738404
8,Aggregated,-0.05221089319106042,-0.14582212079847506,0.016183478649132273,-0.1318982125032682,0.3500051919308402,0.09410003932279712
8,Centralized,-0.055477233938787736,-0.15237730517011144,0.01669753476584574,-0.13720136039902026,0.3659825799392192,0.09816735645681736
9,0,-0.007018378945830128,0.024087236030002433,0.027917148633679403,-0.007193884730360726,-0.08341217177388664,-0.04813648299258651
9,1,-0.0033764731102014366,0.0469459675284893,-0.014492998197058961,0.013905135724994452,-0.13049504076879734,-0.030926700734175524
9,2,-0.008531488720030659,0.036118923023400425,-1.9457433690477475e-05,0.023035433693375396,-0.12067364555335659,-0.024879454406507642
9,3,-0.005789258090160278,0.06100877964149255,-0.0002185709602519953,0.02812611139843174,-0.16534125067192507,-0.0184410038849492
9,4,-0.0024990335539638265,0.04455893899049218,-0.026103739688535778,0.015236950723926859,-0.10413841931425072,-0.009774126010775411
9,5,-0.4330387606974195,-0.009355466509313005,-0.34954430345971443,-0.6499198425406193,0.9727066646820616,0.30743053398671893
9,Aggregated,-0.13295738783293057,0.02816606751268251,-0.10796396283532952,-0.18238730988664625,0.20328079754705744,0.07451048516775582
9,Centralized,-0.1382579559557128,0.027562765169400805,-0.11233493563758727,-0.1905824689666659,0.21676267618216286,0.07869950177789482
10,0,0.02720718726485877,-0.014946287410230987,0.016312447138559828,-0.03643356641457647,0.04388763011983013,0.014391932435485673
10,1,0.03735260797896721,0.0032571829042510425,0.018011025435655886,-0.0043888794472866696,0.029840565362772815,0.009735796391665757
10,2,0.043709099858217665,0.006052655449198465,0.013919847213657858,-0.00014804973084434073,0.03028022059919605,0.0054698360140995215
10,3,0.05072177281013713,0.030129101649594626,0.01958105866723195,0.008086284927119408,-0.021025132719148652,0.005907439124170513
10,4,0.04118293101371825,0.02518566164790035,0.0034395544995186396,-0.0021272193440249397,0.008162144433417371,0.012170510592101683
10,5,0.04320688143197306,-0.6091548664024242,-0.4479348448008009,-0.5099579231208257,1.0810790609689749,0.3714173604550783
10,Aggregated,0.04175332396540482,-0.1733248705899841,-0.12380380401121506,-0.15533041814926676,0.3338759295894933,0.1172409150130586
10,Centralized,0.04182133831534627,-0.180949083129704,-0.12954090680323166,-0.16150407383503426,0.3470038144754808,0.1217195839667335
11,0,0.027127107045116786,0.0015151867308397053,-0.030364606676178872,0.051331145645865245,-0.061203227437517285,-0.006801152635993947
11,1,0.012289412780489142,0.014792211418658567,-0.0362226833475562,0.057058290146696826,-0.07174022532393497,-0.010216726393637628
11,2,0.015552911770680538,0.017237542579903384,-0.03660170508202357,0.04727508605962184,-0.08359194495702867,-0.0069198870033377905
11,3,0.0005698971752214195,0.017171770247936376,-0.004924046740983436,0.04713421687625061,-0.1013760986256335,-0.009636562721230865
11,4,0.01115517861748414,0.013028007010413852,-0.015799124036053668,0.03585930307795895,-0.034569796921496816,-0.013296870461512617
11,5,0.23643285023228655,-0.6442052930992094,-0.058868902844630346,-0.11726333748539651,1.1233039225944592,-0.24042627626836205
11,Aggregated,0.07908805720401804,-0.18263272642344505,-0.034619086794745686,-0.00172515362315961,0.2852154469285525,-0.07848293533526522
11,Centralized,0.08182492354975918,-0.1907568650478295,-0.03502959429151607,-0.0037796830684679083,0.30000319565128486,-0.08135453298492115
12,0,0.038137624084933916,0.0038295870637828767,0.0018826332205840865,0.02439361050844814,-0.011550681586586665,0.007580549840727217
12,1,0.049290146085498844,0.021860098903584018,0.008257934022553419,0.023856509357983377,-0.003216274016032916,-0.0029519450233994574
12,2,0.044988830340614114,0.010177911576076268,0.008148505718910464,0.030653035195988748,-0.02946013776280677,0.0019386066562514458
12,3,0.04544089466979177,0.045214081542371824,0.00949869663523139,0.029916561923610654,-0.04255987950152851,-0.009348393072453278
12,4,0.03163965583888502,0.036718165581728364,0.0006750585846560409,0.02145036611967777,-0.03492897278271709,-0.0052997954612710165
12,5,-0.6064898694595648,-0.25031095601105136,-0.3015744604410126,0.06648588063203881,0.9819395479858032,0.3427425400543847
12,Aggregated,-0.15137580826546443,-0.05698519630707088,-0.08577718671676135,0.03822019026493983,0.2751962896207174,0.10059883341583492
12,Centralized,-0.15941019674216325,-0.06033903079310235,-0.08958010216438805,0.03872530440268437,0.28765026429677126,0.1048502877033253
13,0,-0.010114389881817197,0.01355192025349576,-0.004342323476469673,0.020429317362902193,-0.005578349959810302,-0.014731186076224007
13,1,-0.03646488254188558,-0.004001688934184826,0.009752471923525616,0.006525500577908199,-0.025374454090002628,-0.008588353476405372
13,2,-0.03524976676561821,0.020836095309489627,0.006835531127905184,0.0011262742118613505,-0.02896104992062262,-0.012025867190592428
13,3,-0.022015600656594955,-0.006113928459458613,0.01955823982460264,0.035611228685040554,-0.0790835635392603,-0.0004906558996211143
13,4,-0.012703570640009838,-0.012512617920399581,0.012986940685507917,0.0034409470070171687,-0.043779588430657504,0.0019235139353283323
13,5,-0.5978242517640611,-0.8083133029582923,-0.4996142279997913,-0.07241504435509728,1.3065065451409288,0.35477744351806456
13,Aggregated,-0.19555856325021234,-0.24025235054296193,-0.1420168969862148,-0.012612853476177502,0.3623962570434168,0.10159771251648465
13,Centralized,-0.20271384280504445,-0.250332510818673,-0.1482960620118217,-0.013692967859733497,0.3789878602217011,0.10610005016802734
14,0,-0.03543606372606197,0.02869508002658663,-0.01100383457589234,-0.006314580006567976,-0.01235075166627889,-0.017260605120782656
14,1,-0.0443565903261099,0.015584430916963123,-0.0048780500502795246,0.018433438912654455,0.029563064528109986,-0.019609738004718245
14,2,-0.023969236109455835,0.016759798196575172,0.007092494546826417,0.023516473742327643,0.026304829550867475,-0.014886528687893572
14,3,-0.033363974532278455,0.02701715952336321,0.013046173011779261,0.017172072092557986,0.0022173003043291406,-0.024057126933717123
14,4,-0.02695260775602239,0.0038166829960179565,-0.003211494858463568,0.025888984337327208,0.034918695000062075,-0.007026004429552014
14,5,-0.3949588821714648,-0.041415353823464326,-0.14152609628151241,0.002585290602689246,0.7876513536260451,0.09244308505375838
14,Aggregated,-0.14073396054791032,-8.980588778730904e-05,-0.04141481699275128,0.013140811537456065,0.2480928060572103,0.016006326255485058
14,Centralized,-0.14521957503073812,-0.0008537919804819124,-0.04314836529491436,0.013026371505798176,0.2577257320991955,0.01736036278346314
15,0,0.015645966381549952,0.016882699280400832,-0.01804267218523847,0.002319437497785697,0.0016425085860183415,0.006632897579707262
15,1,0.02270235749308165,0.025233969232207398,-0.009699365786423674,0.03509776891334991,-0.05218853398804217,0.003153462331874832
15,2,0.018294132317469607,0.01366648462655707,-0.0015524640950644604,0.03126925076572634,-0.04334777129008472,0.008207481734658668
15,3,0.029639827898674233,0.041458386835580986,-0.015528715016531764,0.042677620281964916,-0.06693576338116411,-0.005367393280244005
15,4,0.018249403503475255,0.026686196694210684,-0.03358366677344014,0.046230288874411794,-0.03257624271633052,-0.003581908615179696
15,5,-0.08263027214971735,-0.5740684518487542,-0.41029601460123566,-0.0985874574405659,0.8758206769317269,0.16721395579817816
15,Aggregated,-0.009675985741982165,-0.15345746251897122,-0.13330582790138581,-0.005552185453621197,0.23181100636048463,0.05088115593744591
15,Centralized,-0.010948667806960619,-0.16086840128138047,-0.13819548008636534,-0.007101918247963754,0.24306605138080403,0.05292229200279331
16,0,-0.025411720881399848,0.009635579812356946,0.011123708549885435,0.007747762153705919,0.0065161603610028925,0.020356314195170134
16,1,-0.011377272586200554,0.01251564728448943,0.013324943674932692,0.034700048902844165,-0.04135708153373829,0.011787765579643174
16,2,-0.00861401664087519,0.011007896555906985,0.010985087847474232,0.027993255805936236,-0.04205055239074321,0.01151853425028248
16,3,0.0028428917149385014,0.02634465336623423,0.017416135662856762,0.04163101884784612,-0.07618569407009386,0.01299779581200485
16,4,-0.01078768991561396,0.00476380718467266,0.0020360303481908658,0.027133187903734517,-0.04476311122217383,0.008122426508217973
16,5,-0.15081843539704104,-0.5572032770238328,-0.357277108356011,-0.4578122138855249,0.90882910718176,0.17735580879724594
16,Aggregated,-0.05160765517476859,-0.15707734278957214,-0.0989313508220787,-0.11588538904491048,0.24069298679690607,0.061573646818204146
16,Centralized,-0.053313669196115875,-0.16414132832417225,-0.10349955434051401,-0.12186536076324116,0.2523558078723423,0.0635966126195257
17,0,-0.04696006963074744,-0.002782125804812552,-0.000661122858719079,0.007742200504694667,0.02708509156620579,0.010572219207002735
17,1,-0.031437684547568415,-0.020076720884271586,0.01769391004465146,0.021647990085986765,-0.013780176836069755,0.01975393976712995
17,2,-0.025914028936159822,-0.057627016923300814,0.01853620753390132,0.027161464958698093,-0.024443078670005634,0.020148950642632054
17,3,-0.025836453356430603,-0.003067263272041925,0.012105512048568504,0.01568329449491016,-0.0471482422119082,0.022993039309931382
17,4,-0.024924589289252733,-0.009729001995893317,-0.00990833787609394,0.027039407603751103,0.0027937115801794435,0.027077494341606716
17,5,-0.32710954334775766,-0.22438851044137356,-0.22561903214881557,0.21570716307571736,1.0156336132220278,0.12936140782813615
17,Aggregated,-0.11841991290226174,-0.08100920592223855,-0.06153905502738694,0.0790328189308448,0.2930157854982714,0.05328765961701976
17,Centralized,-0.12205768977300895,-0.0835958372777012,-0.06441323904630586,0.08148887589823299,0.3056673381542995,0.05466389278808703
18,0,0.0004938341081523452,-0.02320161739643465,0.01283308917838209,-0.007016611763304578,0.03194040017776912,-0.023898572296889
18,1,-0.0029280046709361535,-0.03437808142217577,0.030525165242394875,0.007086743480407094,-0.030520416860870904,-0.011156576212824832
18,2,0.007663311789197932,-0.02494476973369695,0.048121237034811325,0.003723578168893521,-0.044980661858597885,-0.012893763472267466
18,3,0.014479409696393256,-0.03492706397739686,0.04680878932656905,0.022481579911920773,-0.09040503403725686,-0.00725845041571137
18,4,-0.0077261731153729606,-0.043099287279722835,0.03256828570283317,0.01843476554692115,-0.05140936835878339,-0.005826599548792032
18,5,-0.30762785611947846,-1.26636556038371,-0.16457363023091398,0.28234259704650577,0.9163861604657506,0.23051046459029426
18,Aggregated,-0.09001092641568156,-0.4009904099167621,-0.023856926478734372,0.09149446794502314,0.24331737117672164,0.060931940628867746
18,Centralized,-0.09385237801163991,-0.41631929237027593,-0.026274636060031872,0.09492087797109924,0.25499283615013435,0.06396827197104579
19,0,0.012443184323924831,0.00932818703906539,0.009404753891494462,-0.04573551958412123,0.02952861393591082,0.003918367273883538
19,1,0.02800588097595407,0.006900359329439856,0.04836226867495372,-0.02659916176246204,0.015594686110893926,-0.0028299889693902953
19,2,0.016466364321771287,0.009232459783211251,0.02561380018863693,-0.01801500285606956,0.025708895396560898,-0.008652043513355748
19,3,0.03192936367330083,0.030876384837410273,0.033698634963540836,-0.016032465795227005,-0.00038508855577042546,-0.0007130020483592704
19,4,0.02131190868502518,0.0029646458074305314,0.019644113388515905,-0.004170980130369446,0.026758895750685147,0.005111220731257856
19,5,-0.14342945685713218,-0.42695034799839265,-0.14885180324846656,-0.5004321527448727,0.9710744736218178,0.253910735468983
19,Aggregated,-0.026770851924631064,-0.11894339582142902,-0.024158798893367937,-0.1634365053470511,0.3028341886686981,0.07505762820291365
19,Centralized,-0.02880210755831058,-0.12438089295427493,-0.02630491442308577,-0.16931766378542473,0.31461634050878606,0.07820455207910662
20,0,-0.01723881700336756,-0.00784568342852014,-0.018076673968874548,0.0038834204401070696,0.03222333679942734,0.008108404870723382
20,1,-0.024910340082466422,0.00264520099858618,0.0040581097564159445,0.00027652691748249214,0.007635333779486614,0.014539204171489933
20,2,-0.002832148630557535,0.013839147596731787,0.010208876479957902,-0.006942162255371285,-0.020386924764733083,0.012892613960325525
20,3,-0.024316485217184925,0.012932415669454802,0.006321381779061058,0.025457150634999207,-0.05099503429727517,0.019920317274040217
20,4,-0.021146721821330854,-0.0059885711262980725,-0.01656376273235926,0.003917150608190104,-0.01955706870305707,0.02430313995809103
20,5,-0.29118627594223867,-0.6100748220337076,-0.8753266385865265,-0.47502385878466497,1.424218795654229,0.4421030033696945
20,Aggregated,-0.09964168407387881,-0.17922115581443732,-0.2622805128314272,-0.13794584420285935,0.4153146311119701,0.14360264487625685
20,Centralized,-0.10303105223962149,-0.18680328436806504,-0.2730697325030038,-0.1439008519605053,0.4330143333594326,0.14890585626627148
21,0,-0.04058098545594755,0.022349706780434818,0.012530090540235185,-0.04042784557459096,0.004488065927547519,0.013313181633743917
21,1,-0.016876142175190307,0.019780737724724634,0.010114084937747965,-0.03529775120270489,-0.007241552589143447,-0.013950993352574772
21,2,-0.0049220776498215876,0.022005413647020654,0.007358715689573146,-0.024658618362237608,-0.016656579986394675,-0.026612019003780036
21,3,-0.003500382925694158,0.04372688133749217,0.014094970119555673,-0.05036485927663803,-0.06637599609056193,0.0042147043545833285
21,4,0.01647835598652306,0.006132357479645303,0.008945161633160031,-0.03428279793050924,0.000249496454242521,0.004390198894068716
21,5,-0.034947304267397436,-0.5396229762910922,0.08540919915848348,-0.141076093121397,0.731972914381531,0.5557959832622958
21,Aggregated,-0.01551363842572259,-0.14501996200386114,0.03281603909930513,-0.0678584552122626,0.20514438196217796,0.16222691561408822
21,Centralized,-0.015757268357168674,-0.15199551712076861,0.033739460228293675,-0.06914179987740147,0.2143891474536131,0.16912988123189837
22,0,-0.0010058582050559747,-0.018099225234824597,0.009167783285396108,0.003938981439926781,0.01824749418784762,0.007380472913094308
22,1,0.018033533283977537,-0.0020533979346619644,-0.0031731080533076877,0.006215443201686642,-0.008288777168420523,0.00623407941060456
22,2,0.0022847994320233872,-0.018960422304008764,0.02230843027234535,0.007219793321133224,-0.008320694651498792,0.00651998860554893
22,3,0.026165377432960303,0.02787662658584667,0.01391402610954021,0.028246918042909522,-0.06331023605444248,0.016841710491623123
22,4,-0.0018414558937219383,0.013626792833677315,-0.01447050934887507,5.6254353306701665e-05,-0.014755496573904226,0.012432885921364718
22,5,-0.287633601804156,-0.29623511676889086,-0.19486325440822178,-0.2250061667149629,0.6290582346286518,0.22338928749895587
22,Aggregated,-0.07913126462190878,-0.08695339550143094,-0.05447841301025481,-0.06042771237902885,0.1749908305096757,0.07375030277142074
22,Centralized,-0.08278607052674504,-0.09059306381580672,-0.05697230065980167,-0.06332058266378623,0.18290973303270658,0.07640418524726021
23,0,0.013902977384573918,-0.03181579526711871,-0.004407429881142629,-0.0585182887366542,0.034621242286995264,0.013435563710942998
23,1,-0.018174934239033422,0.013819324912123494,0.010317582692474866,-0.027356211765293365,-0.04172121455406847,0.02502236263064485
23,2,0.008279504654309289,-0.0001897237551662092,0.014643937413629207,-0.013036998882496079,-0.04606454649418591,0.010418022326730086
23,3,0.000415830479611606,0.010435289090274984,0.012153353840906427,-0.000815792953109447,-0.12498472387587925,0.026868689876590763
23,4,-0.0290878191338501,-0.009526384210034091,0.013390061965221044,-0.02077811316967624,-0.037735286745452186,0.033609138234265326
23,5,-0.42170437771751496,-0.6596458417960167,0.06323032328252583,-0.19333543826378907,0.8143991448922078,0.3727995343492614
23,Aggregated,-0.13044528540188363,-0.19757854191383029,0.026158211285439097,-0.07253529555006318,0.20807155182215775,0.12710754749479103
23,Centralized,-0.13565623452254597,-0.20565591535834515,0.026858165455089525,-0.07455889446773356,0.2185381982619423,0.13147913557410212
24,0,0.014563734020575593,0.004104721276253598,-0.015260702417258937,0.022848133226363445,0.013284800644583332,0.00976917573607523
24,1,0.03951255517120924,0.00010176165070523112,0.003475829510963202,0.014536399504046213,-0.014889755258330629,0.003066229840315721
24,2,0.005396397579350672,-0.003946246530053958,0.01985471806826098,0.025411376278799885,-0.02043590220442346,0.01586542548440184
24,3,0.07444923264142665,0.03111515167976372,0.003575878124593473,0.03924181284812575,-0.056369037491939604,-0.015986890196886427
24,4,0.04404899042065871,0.00851866617405376,-0.004956790203248351,0.001532507238651053,-0.010849941411590866,0.005663212731496658
24,5,-0.22248410148318998,-0.49939707510542397,-0.025034490324658737,-0.4462679743147986,0.7304861315454355,0.3709687895765026
24,Aggregated,-0.040159683156551766,-0.14320643005155004,-0.005533758502790906,-0.11877783365904458,0.20360407927707355,0.11292166724977597
24,Centralized,-0.043314723673329954,-0.1494914923591243,-0.005824372945175711,-0.12457509966652712,0.21281820003855073,0.11746423735491135
25,0,-0.012006492306081402,-0.013976227935019713,-0.015399442166332033,-0.004568966885038923,0.01586633318760132,-0.007356364090270949
25,1,-0.004609850387353257,0.0011692031032764423,0.004762211576415602,0.00018875453354127243,-0.021433292929381398,-0.005088916225327784
25,2,0.008827408240141147,-0.008572033605680174,0.015793395965957687,-0.004834637106254431,-0.005849965575576287,-0.0018940853851596774
25,3,0.014995816040089276,0.017704112044091305,0.01357004676093684,0.005993870996784729,-0.06035254004909792,-0.0197179593869963
25,4,0.005575426278270039,0.012303515091629143,0.026694326599503743,-0.015077752674712442,-0.020254705594896123,-0.00411703822099971
25,5,-0.6113722076515417,-0.2995693831868658,0.09076749448092827,-0.49819855519232376,0.9326992050800627,0.19210134029748838
25,Aggregated,-0.17978456188861577,-0.08724618472769732,0.03493457919480418,-0.15119237981745573,0.2633749068700921,0.05195650623791669
25,Centralized,-0.1873678198673205,-0.09094907364553798,0.03600148749617192,-0.1573246882155514,0.27509730531106386,0.05443338483553381
26,0,-0.03172418447273963,-0.013889256755429694,0.02213810024168519,0.025914738482486373,0.05372524896496763,-0.0164825782612015
26,1,-0.01813327166329353,0.0070262776488734975,0.028903646260502243,0.022679322724881205,0.0035659615160631842,-0.00282601154391486
26,2,-0.01981022662493644,0.012477345489741606,0.030554823075059318,0.01682621975665781,-0.012558101587724342,-0.010696541424359595
26,3,0.0030740593035971085,0.021130146722884425,0.030828861235216293,0.04231310051600277,-0.030761705916377332,-0.022306868042956625
26,4,0.00039582195660046874,0.0007303584604152001,0.014141713671378318,0.013687291676582353,-0.005571281051554931,-0.0027232404090988594
26,5,0.2069653616234326,-0.1698772263342841,-0.14026894612713717,-0.3759052194577995,0.8721469784095133,-0.1257755029993033
26,Aggregated,0.05358949248960535,-0.045675622512723495,-0.023910951060597825,-0.09524422358046401,0.258325303344538,-0.04492839158429618
26,Centralized,0.05636134570802121,-0.04780853968571143,-0.025957969241298465,-0.10021199933603905,0.2690080082572288,-0.046340025719745055
27,0,0.012189048969678904,-0.011790698831916704,-0.011248979595321038,0.0013964692951778203,-0.0012677879807663941,-0.021614836319985578
27,1,0.010973964194393681,-0.0022388345984943143,-0.008112787061793768,0.0002214007004510514,-0.025721260230232357,0.000918198815741809
27,2,0.014530656445357332,-0.008209687903092509,0.005383416498594517,-0.008160373754891573,-0.03973104696670311,-0.004242675117006813
27,3,0.013235366126060705,0.013991747960552317,-0.0028662450523359514,0.01703072332398549,-0.09403479735692624,0.0009975467971659188
27,4,0.0057984096208385984,0.003428572795962063,-0.016732109287848778,0.0035331786546770384,-0.02269954948179279,0.006470634182879969
27,5,-0.013919310935535117,-0.5497409765251473,-0.07380277288628165,0.03629540052579774,0.678406919516478,0.12635884019278787
27,Aggregated,0.0037548430413126407,-0.16408619215862036,-0.02646371157517337,0.012883896954607005,0.1745871762084743,0.036348827644590416
27,Centralized,0.0034395717155025407,-0.1708695600561099,-0.02728587912119018,0.013302368373041837,0.18337958532439383,0.03799931586533531
28,0,-0.010160384711707755,-0.011109323787377834,-0.018350355969652114,0.011745693311250105,0.025561648048944133,0.003222445146776916
28,1,-0.0026046234678966454,-0.018364698476126623,0.00563659445905592,0.021684372091043482,-0.0034788209297618535,0.0007009530485662518
28,2,0.00971236031726564,-0.024064273582061604,0.010668660173228909,0.0068651099703802105,-0.016174642182543383,0.0024033541786434728
28,3,0.005299095774954973,0.015336430297096726,0.011136749251740725,0.05771511509023864,-0.054052488519180986,-0.006313860196045202
28,4,-0.009650193684812434,-0.0036211527686315693,-0.011025346456516236,0.024730371884887293,0.003911926765810115,-0.004243276391390798
28,5,-0.38100212725865745,0.04050509454003497,-0.5523127470029962,-0.4736986542475419,1.1684811381197944,0.03163107267985681
28,Aggregated,-0.11422063504799046,0.006384959952204457,-0.16401939996741174,-0.1233753907946898,0.3404379001583435,0.008601387423352064
28,Centralized,-0.11890933086028509,0.006997043792434558,-0.17082620193696954,-0.12952778535718268,0.3549661734117859,0.0089951516251912
29,0,-0.03836069960552173,-0.048812160508441574,0.013154207623984799,0.009503731136567129,-0.02359979845056409,0.012649784652472195
29,1,-0.031175483628376584,-0.033737575271659506,0.02097787280730301,-0.0029601825888386016,-0.060139302537137874,0.01417106729722156
29,2,-0.023776786489345263,-0.037968941956241155,0.02931863673884764,-0.0061883794164205195,-0.03698993835188026,0.0040812945041412505
29,3,-0.026216085537045297,-0.024786105518247416,0.03109107004315321,0.02092599983794904,-0.09918727472018163,0.012848726260392742
29,4,-0.01752349663257062,-0.025099722469382586,0.011581903201772308,-0.0014844154385673229,-0.03138716029515442,0.01574879140683229
29,5,-0.24004501840295234,-0.304527105083254,-0.33088168206858265,0.12167082746504146,0.5564704360289775,0.1914684092555343
29,Aggregated,-0.0902089934216121,-0.11390484428902471,-0.08337023788831603,0.03875484980828456,0.1292043184326092,0.06544420318899995
29,Centralized,-0.092822357667476,-0.1172270749790975,-0.08772038081187475,0.04020279829169662,0.13667182782910756,0.06766995733294907
30,0,0.007075427604782438,0.017736071975935585,0.006111379653470478,0.01203110995004854,-0.041825996628581406,0.017877328021807318
30,1,0.020468751122688346,0.0024708059460666594,0.0041695952264351605,0.04140572724295711,-0.021470706108215408,-0.0010680702232092232
30,2,0.017324052257311096,0.001082379191202675,0.025818643354849083,0.030905796043305435,-0.020976522749857233,0.00804239229465736
30,3,0.025434567662982705,0.03670973055532052,0.013299837874603081,0.02969516273565781,-0.059537963453949176,-0.014808714928321396
30,4,0.015055521508248262,0.011337652443937812,-0.004900708431712669,0.010552250633538192,-0.007572233579937035,-0.0021076308776256285
30,5,0.12109586163825128,-0.151161541171123,-1.096039019723632,0.0694570487758422,0.676361984885525,0.10313832388202421
30,Aggregated,0.04871759699990625,-0.03561575789988003,-0.3206840929053439,0.038985481616104434,0.18130354139937635,0.030913142608748317
30,Centralized,0.05002995287806856,-0.037671398349910915,-0.3343837588398986,0.0395660616192918,0.19009446621983844,0.03213693867961897
31,0,0.004799266763131818,0.0019486266815609582,-0.009848689026188337,-0.01947849309117315,0.056110729324305504,-0.010430482122062445
31,1,-0.007331443458532595,0.011031254186072979,0.00044775434892452883,0.012400006666836796,-0.002728923602270202,-0.008350018111425562
31,2,0.004897490756239082,0.012624541775674828,-0.03271724407476822,0.007883993047836685,-0.007842253525795491,-0.019487479015569593
31,3,-0.026353255122351326,0.02757437224643856,0.0321931695142678,0.02250084444022841,-0.046948706441929715,-0.0021590431563970423
31,4,-0.02205329613208587,0.0060040121043632814,0.027225095881056083,0.013564530532211655,-0.014064982428958412,0.0011492303366700386
31,5,-0.09681925313768601,-0.15945835063856903,0.09195466722139897,-0.5723562023348729,0.7768760290389007,0.24622474754453494
31,Aggregated,-0.0361973074481619,-0.03868869115950763,0.030670734928893852,-0.1640213458224487,0.22611242400993822,0.06812567330028621
31,Centralized,-0.03731426918113037,-0.04079144651748127,0.03179706054568241,-0.17115410987821641,0.23565783330394305,0.07128293951447458
32,0,0.0002637421810839088,0.002722090115597165,-0.03875445742919764,0.01815420115093247,0.019601923514214366,0.007314548050032812
32,1,0.00878779629802576,-0.012056738927766987,0.021244558649829673,0.0014769023231763709,0.017944614035839402,0.005727078890026532
32,2,0.0207435427060577,-0.02102787612589829,0.03009910947915275,-0.012020171521138275,0.024415373430819134,0.004059111011268923
32,3,0.010169015239484856,0.009597128824343205,0.013106221202790959,0.03565802436998033,-0.02657275527606814,0.011150489823057734
32,4,0.0020370213801571466,-0.021861806014797418,0.026273812863777054,-0.014237566541869256,0.02637886625132528,0.003706096598337338
32,5,-0.15624264317240544,0.04078560762990299,-1.4582564582833384,-0.15788582667523698,1.147383216723821,0.09009577029202859
32,Aggregated,-0.04024522764525121,0.0055138255836401535,-0.42494419353026874,-0.043788123051844964,0.35064920046756193,0.031316153058555424
32,Centralized,-0.04226982780038672,0.00610067671098043,-0.4430537029502394,-0.045845859635206446,0.36471299303094085,0.03235236268351845
33,0,0.009445823211983879,0.013076993040951125,0.002492911568678703,-0.007739300245838836,0.009087146321220655,0.008656609616902856
33,1,0.013736612364196892,0.007254225827994361,-0.004146748376501677,-0.00031391154685266097,-0.0014690357489284163,0.005758443145186253
33,2,0.02027821300915314,0.009644655997524303,0.006876762622318342,-0.020653538784648092,-0.0004447149877307778,0.006726211857331853
33,3,0.01568743026924949,0.01765583919864476,-0.004854668144613141,6.110476590161495e-05,-0.04506102385185889,0.0007867421997469972
33,4,0.008912716979768717,0.00242796713128308,-0.013189005751990631,0.002070989613613025,0.012965298015070199,0.006694472970689541
33,5,0.10418922082142056,-0.02929337166694763,0.03876662582385964,-0.5116612308315585,0.9458559603520593,0.027062563123278042
33,Aggregated,0.04089417953975453,-0.0019025620638911734,0.009466053068572504,-0.15628014806800297,0.27793215233022367,0.011916061511287265
33,Centralized,0.042026985585338045,-0.0023968800534637604,0.009967575596714504,-0.1625556090209194,0.2896955791186839,0.012174267066217867
34,0,0.011591879413792658,-0.0026252544106392128,-0.020378246229523014,0.013832833211364163,0.022269146290606275,-0.0180009973707214
34,1,-0.013928070477781294,0.020117664092095547,-0.022018568338877595,0.021981637871711417,-0.024115720374411374,-0.006610539698949669
34,2,-0.0008245006591027471,0.018713664464242347,-0.013528551235224649,0.031570822421325424,-0.021139538525438203,-0.011919675598227165
34,3,-0.02197153709767528,0.04502896835475442,0.0021892005493089,0.043493709145829416,-0.085244957679771,0.010453094630428237
34,4,-0.04795000254468532,0.03675787528539503,-0.015375915534789992,0.020711983898167613,-0.048768093670570424,0.019647708804254378
34,5,-0.6887927401740153,0.1558578962521463,-0.2677555476969896,-0.034059143458681176,0.5694906894253486,0.3063809097077925
34,Aggregated,-0.2173909209067772,0.06464737182254206,-0.08921026468636652,0.00905085897982373,0.1446968773436543,0.09153815752013231
34,Centralized,-0.22581097253798907,0.06634567346297203,-0.09234573666950435,0.00832933583931622,0.15203264311579048,0.0953911533015379
35,0,-0.025469756702126266,0.009552013392837294,-0.01755731800166762,-0.012369531589352127,0.017345862770936523,0.009927426560754812
35,1,-0.0052543703568886995,0.028714534988430396,-0.0057809169509195875,-0.005246456277786307,-0.03648751454630466,0.016060818541345407
35,2,0.002959499218909057,0.006308310408729227,0.008175025125152387,0.01155331264641519,-0.08075043516648549,0.017113119983305006
35,3,0.019268771702061344,0.032956704002936085,0.02393104096653376,0.00403131677011497,-0.13965874614411491,0.024789413355507574
35,4,0.002850637476177509,0.02586548310649986,0.0071933523136778425,-0.00021002385440167034,-0.06506518793903962,0.01976424172473528
35,5,-0.5525057638504328,0.09080830579195004,-0.3209307651409624,-0.07777801193273172,0.6926465616805725,0.19567130356395832
35,Aggregated,-0.1642140233601686,0.0422778911828163,-0.09228854164038058,-0.022808737371458193,0.15925787125011256,0.07115174165251237
35,Centralized,-0.17099975781187085,0.04317226056900329,-0.09626338236102852,-0.02374183300200341,0.168433310350026,0.07337812530642283
36,0,-0.02704321209431702,0.009926009931511041,0.010397097885500944,-0.07226502409851586,0.0373145420211052,0.010309619738915183
36,1,0.01638329205542233,0.005794088550815368,0.012431652885725182,-0.06507479342532768,0.006610779095971452,0.00789543970218518
36,2,0.010904311016615154,-0.012990305696690362,0.029535960152299326,-0.0468893078061031,0.02153036782024536,0.0020720820110964673
36,3,0.018936161353114263,0.054700718353881794,0.0342572775192967,-0.07929864097038188,-0.02874496732712684,0.005961642105910151
36,4,0.02273934350711101,0.029433995259983824,-0.0019422248243311671,-0.059853746942705725,0.020195031703480568,0.004063179010439783
36,5,-0.06697631369493541,0.12058581328238714,-0.3808385294133572,-0.7021484264180045,0.6268362217568241,0.2309314256284312
36,Aggregated,-0.011974215987875972,0.048623306873561215,-0.10138011140236611,-0.25446318902323717,0.19349346609606985,0.07291391819838319
36,Centralized,-0.012831136818024662,0.04991996700674431,-0.10630011797516481,-0.26235382387570505,0.2010712119155456,0.07569390674701482
37,0,-0.04116643434132391,0.03173161771220021,0.003377821940900737,0.012487164921164869,0.025083082123180618,-0.022869498519141496
37,1,-0.0017111107733118974,0.031499125603062283,0.008475755256846365,-0.0010265412235068688,-0.02071250041270031,-0.012058788704761923
37,2,-0.015290911841192658,0.007598215400055652,0.01502859083714542,0.017021960045330853,-0.017377821664386752,-0.007936813580808864
37,3,0.010172490013711163,0.04686195464160288,0.029799216732106018,-0.004531458546552933,-0.07267974329283261,0.001041682329583852
37,4,0.012679392792770462,0.01942118360865498,0.006019435630896872,-0.016739973625052192,-0.03566717220826657,-0.00037018624984870287
37,5,-0.09159415648310837,-0.05605439824236655,-0.10442143422249037,-0.4469330748887503,0.5973718526334786,0.015130444451271366
37,Aggregated,-0.03023799503134479,0.0022507584109488846,-0.021813827513727988,-0.13303299502286142,0.15827870370592076,-0.0005364725806129384
37,Centralized,-0.031211796394402767,0.0012058667743277919,-0.023244612667853125,-0.13861892386374014,0.16588131550390922,-0.0002123199026530992
38,0,-0.053009232046940954,-0.00763174527272172,0.002210302845355628,0.028728669943015095,0.02143737822713664,0.025664638864657877
38,1,-0.020270429292326603,0.011281144823921565,-0.0029073846292327152,0.02734187622006787,0.0044690663089403445,0.011882865431809298
38,2,-0.01759484742752055,-0.012749223523360368,0.015658762971904452,0.026953046222395003,0.00955214354624698,0.0038284001579426247
38,3,-0.021458203001396614,0.0028758619705369815,0.017260026913546417,0.036251445527033965,-0.018468040749264888,0.017744317742739105
38,4,-0.016409963283362805,-0.008545802712538415,0.0010826778002232121,0.011273650736968358,0.01907939052357729,0.01859401885940153
38,5,-0.634645226807043,0.13784638474601946,0.07296888186743157,-0.4872543980151954,0.6685995602759717,0.3440456443332723
38,Aggregated,-0.2058237317874707,0.03934719401751809,0.026717282916252368,-0.1272533328747927,0.2037382131259512,0.11297025428762887
38,Centralized,-0.2133167269732866,0.04110395821887455,0.027549665406748136,-0.1336269359454578,0.21191091128887665,0.11702273150409098
39,0,0.013584141077671644,0.005179845907330621,-0.10118236600524726,-0.004129038143917062,0.04526606783682864,0.0264512796277121
39,1,0.007280129787452489,0.006221202776916276,-0.09109279126705708,0.001089721484575649,-0.012834902842126733,0.028503895725343505
39,2,0.024182042287058954,-0.004531106397958621,-0.07034147401860283,0.01764011676341256,-0.012567111032727177,0.02224709241646568
39,3,0.03590054460124962,0.026143534488121227,-0.06952613101733775,-0.00016980974760193816,-0.08805426473734858,0.036466778481819076
39,4,0.011608175790039277,0.012591491512165447,-0.06934476755235758,-0.001979816771466107,-0.05617729842931556,0.03518107980409113
39,5,0.08182758028093381,-0.2825241374081737,-0.8027634863145446,-1.602459375214309,1.5160500614592007,0.47801209972158304
39,Aggregated,0.03770332854385585,-0.0776787531078393,-0.2946493535930806,-0.47608346526460665,0.4307701688134299,0.1637405511300598
39,Centralized,0.038499663075602555,-0.08128768333250688,-0.3035650874531012,-0.4959769762895091,0.44972994482598067,0.16930785902456114
40,0,-0.008496402215086253,-0.08082103482412742,0.01626229937394084,0.003910138167622415,0.06605123981009366,0.029143670475402603
40,1,0.0015934666764191791,-0.05942226212940475,0.024900953543940885,0.02071860503474005,0.029876831037695686,0.019135975902653046
40,2,0.011019390469650038,-0.06143951676556648,0.022093268258951717,0.006799443075788619,0.01528636476955006,-0.006586644012057203
40,3,-0.004358431207851965,-0.06256901844161909,0.011524852128831458,0.024165231720044585,0.0076637684869908206,0.0390156270316601
40,4,-0.01001258044757991,-0.026315267420857665,9.141368094833483e-06,0.016533115972905448,0.043674101337375065,0.02425001657568105
40,5,-0.8035130500211461,-0.6522893726257412,0.16664557406916053,-0.054476507576464495,1.3848213536468668,0.556261901116652
40,Aggregated,-0.2408468406864456,-0.23406943387816792,0.060148365957284566,-0.005504587360658563,0.43406804479062483,0.18024415381099257
40,Centralized,-0.25077414750045407,-0.2413898309104671,0.0620270914153802,-0.006336189796401934,0.4507686980908317,0.18686578727759787
41,0,0.014796007115414114,-0.04207223060765981,-0.060573879449061035,0.01608450731810645,0.05422220577648891,-0.014127577298373026
41,1,0.01103540631452619,-0.018851013452890305,-0.015502300837137767,0.0010288442581516183,0.011302154880320481,-0.0016368257936330924
41,2,0.010734622981430972,-0.004775505597956952,-0.015558872785962909,0.007282801561783269,-0.0046789563272484624,-0.010374277768124853
41,3,0.038110365281057594,0.017593358767800236,0.009391972922464156,-0.017090279224958465,-0.021026863145640604,0.006665745508550337
41,4,0.016133889252400845,0.0013511815229707983,0.002328204955494647,-0.01621025998960457,0.002030569518720075,0.0044786496130398154
41,5,0.18508430936648454,-0.5585250282057144,-0.3888375210246915,0.014383051647026563,0.657430626092158,0.1051011987294648
41,Aggregated,0.06817994371049498,-0.17127418600147543,-0.12457221738760407,0.0019679086393534916,0.19931257621743453,0.02993160123069306
41,Centralized,0.07025763056434266,-0.17801446730978343,-0.12909907422272887,0.002129018953747081,0.20726277892983735,0.031296699596044565
42,0,-0.032683661237865584,-0.06232058205837614,0.015243446883385853,0.030675491037610057,0.05357890117491098,0.00974707103916801
42,1,-0.020537339239808335,-0.02247220930798538,0.03253132661855985,0.013400931092419665,0.04160508819208169,-0.03969007265742156
42,2,-0.0032644242930763277,-0.02510841428359017,0.038144878465694136,0.018599551963287112,0.04393353112464161,-0.05940508784746976
42,3,-0.004077032834974302,-0.055632345822283456,0.042170498808338494,0.015929501905217778,-0.023749923958314018,-0.00978008470046061
42,4,0.009245983018958381,-0.04141090449884424,0.016793290613033814,-0.0015166796571722883,0.00762142855715319,-0.022265924135784813
42,5,-0.08104765351834746,-0.1157450713541234,-0.42358136129645296,0.08946271920451417,0.6445409303111052,-0.21414267031123302
42,Aggregated,-0.03003858588259665,-0.06231972026821976,-0.10525573540775723,0.036597151336100184,0.2078661081005952,-0.08298828246718014
42,Centralized,-0.030867572200834987,-0.06319622410832008,-0.11083931888301797,0.0374819385397029,0.21549228538200857,-0.0854180492844463
43,0,-0.016413652301075374,-0.020458528581788905,-0.012546202464469877,-0.011519009229096782,0.013854597134835429,0.01209285576056344
43,1,-0.01703033230652672,0.0054208318775717775,-2.4339359779108122e-05,0.0027903727347896763,0.004773774957783556,-0.04286149855527198
43,2,-0.011444970149337765,0.008438353617570976,0.011756751057938556,-0.002308008654549339,-0.008850735040669038,-0.015333515229833712
43,3,0.01697352201971091,0.016654830697545735,0.020064292289883986,0.017636717165066346,-0.04183549673499131,-0.07829525855683792
43,4,0.007588467330567569,0.0028737012372063004,0.00033863776062158636,0.003924947539185494,0.013992853467420255,-0.030665359218131818
43,5,0.07585884493798872,-0.21590828569526682,-0.2557894436685942,-0.14884554718621562,0.5134660028635764,0.2789901658070392
43,Aggregated,0.020529822754403338,-0.061233564368937204,-0.07259697647014955,-0.04212396738875922,0.1496499665606647,0.05890893874516093
43,Centralized,0.021548375415421674,-0.06389313509173357,-0.07578240667117514,-0.043966460721382765,0.15602552156718166,0.06265968295867655
44,0,0.018549307884465738,0.022815520759605693,-0.030388538511410625,-0.0009949668903838785,-0.005693130515194787,0.008404165591531015
44,1,0.02195727822362458,0.02275869397555896,-0.005216278713008411,-0.002437378333190613,-0.015992677825885586,-0.0013530330993685856
44,2,0.03565031291576005,0.019134245207109577,-0.014090578610887892,0.0005698452669236974,-0.022131925166913438,0.007713475292625806
44,3,0.06979914337161112,0.0483984671634491,-0.012610572559127663,-0.013441388137016515,-0.06300457661506403,-0.008219080139298986
44,4,0.015361543160724203,0.020969353023736714,-0.0012356863274415836,-0.011731133692370794,-0.023786707313005372,-0.006288363658182303
44,5,-0.09673296293942688,-0.6277248841075853,-1.1163346074433358,0.15696417808036042,0.9940608194276717,0.20012158040751055
44,Aggregated,-0.005408178435777506,-0.168281286409082,-0.3410043345306369,0.042632275607777145,0.2771063566184095,0.05925658673432307
44,Centralized,-0.0069781958033529184,-0.17639171429392242,-0.35465494029958733,0.0446386332351619,0.2897160436227145,0.061720052632849694
45,0,0.015964665079444423,0.003814819143743128,0.008611162980529474,-0.0010515214305253113,0.043198651522034434,-0.007137394298424678
45,1,0.00737011756096438,0.00429450123822378,0.020169624605126682,0.006769789134853583,-0.004226833318277802,0.003236305750672318
45,2,0.0023269895555419447,0.001422816447717985,0.02851959401621309,0.015267572529175495,-0.02835295736662574,-0.0021207208896195143
45,3,0.03662847053208378,0.008721378595781596,0.03659427300504915,0.01814543698872068,-0.04823200827325296,-0.003689961642994572
45,4,0.018427065709439097,-0.010505096856117939,0.019643151333556298,-0.003741788689323815,0.006372624520278488,0.0009222746548597098
45,5,0.3175760924725529,-0.588292385646434,-0.10642905975548118,-0.20722955963819642,0.7913620115961051,0.2710923569104585
45,Aggregated,0.10611206002399655,-0.17461573574124126,-0.014982958226551074,-0.05638959626770845,0.22881056232853564,0.07999370022157751
45,Centralized,0.10985129211487032,-0.18193725392629656,-0.01655399685873262,-0.059030191563741834,0.23859561056440085,0.08339015537532524
46,0,-0.024796764098762816,0.005151186838023063,-0.02410255204031757,0.008008582732131673,-0.00432234349949415,-0.012794966732859504
46,1,0.011505990674627587,0.008716586830468718,-0.009141204169927033,0.0002330118033982045,-0.031447671778287674,0.012682213518798443
46,2,0.017754070693739913,0.013734514235327257,-0.006374129354643847,-0.0068003252787834185,-0.026467418194928854,0.0008296638136785125
46,3,0.024657826764643318,0.011493222502661446,-0.00522445129321741,-0.01362556392330605,-0.07447612425829468,0.01685492408014868
46,4,0.026881678949899734,-0.011826635162006209,-0.01985444580692845,-0.00873037193547601,-0.020922950638358674,0.023139323297875984
46,5,-0.10120103729450268,-0.058912614909300526,-0.45729650010971684,0.3259985344737211,0.5300389426156148,-0.32123092180472224
46,Aggregated,-0.02017772191676452,-0.013737155216477365,-0.1448790061321787,0.09362089612949175,0.13442621990127782,-0.08889408026181699
46,Centralized,-0.021492909718201766,-0.01453495961835788,-0.15036633862086166,0.09768979204434174,0.1413322551274788,-0.09293376801513971
47,0,0.003829040625888926,0.013629740266588166,-0.009961703941338967,-0.03480703724426576,0.03887421683022569,-0.00489046760026311
47,1,0.008649498549612604,0.005075608956597477,0.009600967958096876,-0.0346130638195992,-0.012355056168052686,0.024373168306893334
47,2,-0.005106587034410559,0.010630823887419656,0.010517232010801942,-0.018749339614134698,-0.028169836202950518,0.010630965363069539
47,3,0.03466031830459337,-0.000324587480634501,0.02921128594923598,-0.06318108415396598,-0.06204035957417891,0.058497309682420895
47,4,0.024797411820586687,-0.021191528908729277,0.01710646423718831,-0.07337042685786704,-0.007228224351584048,0.05013492196011468
47,5,-0.6483677323113344,-0.004133576009212358,0.032365677694737416,-0.43000521235169603,0.8049919874255557,0.23715258056587266
47,Aggregated,-0.18354419206632142,-0.0008624234634385566,0.018862262785893057,-0.16046963375818585,0.2270934487753301,0.09220649459764473
47,Centralized,-0.19173159446431853,-0.0009597097055585931,0.019170422712813783,-0.1652682414049005,0.2371381079994825,0.09487555065570888
48,0,-0.044973546048309034,-0.02350652516689707,-0.03867895017011867,0.03105362308219176,0.06541188282690123,-0.018013930716639728
48,1,-0.057295132972718085,-0.009144008065649118,-0.02128307392514432,0.026022379490040857,0.03706899403593552,-0.022041070649312506
48,2,-0.04844625443460489,-0.017397179944793697,-0.0064333826860751816,0.021663624601041546,0.022917770502183375,-0.024831563791690634
48,3,-0.019108209305501642,0.011540815248906554,0.011767894028645899,0.04633742491149669,-0.03632150599669919,-0.014249059941460343
48,4,-0.01466495701070242,-0.0015641634833511396,0.0055539661443093635,0.01956805306858318,-0.010421715854483211,0.004202478143569586
48,5,-0.1579343360581497,-0.15959776781739465,-0.19776079462212234,0.06649471665722238,0.3666242972340522,0.21370626541198784
48,Aggregated,-0.07253314376185108,-0.05231966516701803,-0.06416730626157661,0.04001206129025268,0.11746001749183617,0.05344535054003948
48,Centralized,-0.07401683330379909,-0.054165735582132876,-0.0664353467844963,0.04047330277681824,0.1217036477254135,0.05628866845797534
49,0,-6.623918304415838e-05,-0.008493427259007171,0.03137072289835003,0.0005798478964147501,0.010735261396404629,-0.010256018043865691
49,1,0.024168768976234996,-0.011131982664704698,0.06381857240491237,0.021011520987278754,-0.03264870527143387,-0.005691481802683585
49,2,0.02625867235009942,0.0007791236207760245,0.07969927178403394,7.597307657225742e-05,-0.01873845621706243,-0.012223980829945545
49,3,0.03994588427184269,0.017579426706451847,0.08571113400094815,0.024285870936260615,-0.09643473507714055,-0.008198755758764695
49,4,0.010715405574007235,-0.0034106611653119067,0.06503615613451265,0.01026242276053176,-0.0487918559958751,-0.004087055873858247
49,5,-0.478160359885304,0.04203830756229309,-0.6373762794285627,-0.2643838173599097,0.8561460443254358,0.1030581789077557
49,Aggregated,-0.1273048417445654,0.012344168726014706,-0.142492599019226,-0.0703717255443008,0.22653902137649956,0.025209663450957983
49,Centralized,-0.13344211201207737,0.012893873237699848,-0.1511325116484186,-0.07376724600800261,0.23751484413340485,0.026593022069260248
50,0,-0.019193261786141443,0.013379277157536385,0.009190847880150559,0.0019583668886656753,0.01710300913755708,-0.01003611125572363
50,1,-0.003990430353248886,0.005173706711575659,0.014625402933627896,0.011576494814807119,-0.025974003620998713,-0.008947587321177007
50,2,0.0016172269260251646,-0.01494017607953628,0.018952097010173415,0.013454641342695872,-0.0489103907916174,-0.0003643890006190235
50,3,-0.0017847211610459396,0.02147821848851554,0.05014081196358732,0.0024525196345859296,-0.09038994706172412,-0.01679625156209882
50,4,-0.009452099816011734,0.013196728455711083,0.019570710076898014,-0.00445549425286653,-0.02416796943700709,0.00013160230308783364
50,5,-0.5910087212736678,0.2615178110242145,-0.04734171294753079,0.027559677864254648,0.5946248444065284,0.10825947566028032
50,Aggregated,-0.18021981927426664,0.08307384599163677,0.0024546745860164975,0.011913565830423788,0.15017160656438922,0.027425797045920564
50,Centralized,-0.18744172377836646,0.0862104822620639,0.0016175479802803963,0.012200019028454709,0.1578617365044779,0.028864197268120048
