Round,Evaluator,4,2,1,3,5,0
0,0,,,,,,
0,1,,,,,,
0,2,,,,,,
0,3,,,,,,
0,4,,,,,,
0,5,,,,,,
0,Aggregated,,,,,,
0,Centralized,,,,,,
1,0,,,,,,
1,1,,,,,,
1,2,,,,,,
1,3,,,,,,
1,4,,,,,,
1,5,,,,,,
1,Aggregated,,,,,,
1,Centralized,0.8492069244384766,0.87366783618927,0.799606442451477,0.8519687056541443,0.8326662182807922,0.6565391421318054
2,0,,,,,,
2,1,,,,,,
2,2,,,,,,
2,3,,,,,,
2,4,,,,,,
2,5,,,,,,
2,Aggregated,,,,,,
2,Centralized,0.8363993763923645,0.8556095361709595,0.798027753829956,0.7891693115234375,0.7655434012413025,0.6823376417160034
3,0,,,,,,
3,1,,,,,,
3,2,,,,,,
3,3,,,,,,
3,4,,,,,,
3,5,,,,,,
3,Aggregated,,,,,,
3,Centralized,0.8370744585990906,0.8601042628288269,0.7863481044769287,0.851069986820221,0.8333565592765808,0.6308448314666748
4,0,,,,,,
4,1,,,,,,
4,2,,,,,,
4,3,,,,,,
4,4,,,,,,
4,5,,,,,,
4,Aggregated,,,,,,
4,Centralized,0.8672123551368713,0.8812350034713745,0.8399428725242615,0.8483291268348694,0.8360308408737183,0.7434632182121277
5,0,,,,,,
5,1,,,,,,
5,2,,,,,,
5,3,,,,,,
5,4,,,,,,
5,5,,,,,,
5,Aggregated,,,,,,
5,Centralized,0.9011300206184387,0.8991330862045288,0.8925997018814087,0.8302088379859924,0.8115865588188171,0.871675431728363
6,0,,,,,,
6,1,,,,,,
6,2,,,,,,
6,3,,,,,,
6,4,,,,,,
6,5,,,,,,
6,Aggregated,,,,,,
6,Centralized,0.9280343055725098,0.925460696220398,0.9337736368179321,0.8651625514030457,0.8515874743461609,0.939342737197876
7,0,,,,,,
7,1,,,,,,
7,2,,,,,,
7,3,,,,,,
7,4,,,,,,
7,5,,,,,,
7,Aggregated,,,,,,
7,Centralized,0.8931168913841248,0.870983362197876,0.8969584703445435,0.806753933429718,0.7964985370635986,0.9129643440246582
8,0,,,,,,
8,1,,,,,,
8,2,,,,,,
8,3,,,,,,
8,4,,,,,,
8,5,,,,,,
8,Aggregated,,,,,,
8,Centralized,0.5502296090126038,0.576004147529602,0.6213792562484741,0.5444812178611755,0.5759326815605164,0.608869194984436
9,0,,,,,,
9,1,,,,,,
9,2,,,,,,
9,3,,,,,,
9,4,,,,,,
9,5,,,,,,
9,Aggregated,,,,,,
9,Centralized,0.9043638110160828,0.8947290778160095,0.9159303903579712,0.8009791970252991,0.7964270710945129,0.9187212586402893
10,0,,,,,,
10,1,,,,,,
10,2,,,,,,
10,3,,,,,,
10,4,,,,,,
10,5,,,,,,
10,Aggregated,,,,,,
10,Centralized,0.9234678149223328,0.9280097484588623,0.9236232042312622,0.8769035935401917,0.8647751808166504,0.9179913401603699
11,0,,,,,,
11,1,,,,,,
11,2,,,,,,
11,3,,,,,,
11,4,,,,,,
11,5,,,,,,
11,Aggregated,,,,,,
11,Centralized,0.907304584980011,0.8969017267227173,0.9058545231819153,0.8334024548530579,0.8153203129768372,0.9279571771621704
12,0,,,,,,
12,1,,,,,,
12,2,,,,,,
12,3,,,,,,
12,4,,,,,,
12,5,,,,,,
12,Aggregated,,,,,,
12,Centralized,0.9266780018806458,0.9280791282653809,0.926618218421936,0.8760969638824463,0.8650225400924683,0.9274111986160278
13,0,,,,,,
13,1,,,,,,
13,2,,,,,,
13,3,,,,,,
13,4,,,,,,
13,5,,,,,,
13,Aggregated,,,,,,
13,Centralized,0.9058725833892822,0.9080008864402771,0.904304027557373,0.8266580700874329,0.8120905160903931,0.879947304725647
14,0,,,,,,
14,1,,,,,,
14,2,,,,,,
14,3,,,,,,
14,4,,,,,,
14,5,,,,,,
14,Aggregated,,,,,,
14,Centralized,0.8698010444641113,0.8812722563743591,0.8846033811569214,0.8081552386283875,0.8099939227104187,0.8584156036376953
15,0,,,,,,
15,1,,,,,,
15,2,,,,,,
15,3,,,,,,
15,4,,,,,,
15,5,,,,,,
15,Aggregated,,,,,,
15,Centralized,0.9176214337348938,0.9125795960426331,0.9243742227554321,0.8564618229866028,0.8419817686080933,0.9352478981018066
16,0,,,,,,
16,1,,,,,,
16,2,,,,,,
16,3,,,,,,
16,4,,,,,,
16,5,,,,,,
16,Aggregated,,,,,,
16,Centralized,0.7800388336181641,0.7968292236328125,0.7693325281143188,0.7606068253517151,0.7397403717041016,0.8765758275985718
17,0,,,,,,
17,1,,,,,,
17,2,,,,,,
17,3,,,,,,
17,4,,,,,,
17,5,,,,,,
17,Aggregated,,,,,,
17,Centralized,0.629141628742218,0.6677321195602417,0.69026780128479,0.6317329406738281,0.6261521577835083,0.8154278993606567
18,0,,,,,,
18,1,,,,,,
18,2,,,,,,
18,3,,,,,,
18,4,,,,,,
18,5,,,,,,
18,Aggregated,,,,,,
18,Centralized,0.7803890705108643,0.7905260324478149,0.802003026008606,0.7394014000892639,0.7381342053413391,0.8676225543022156
19,0,,,,,,
19,1,,,,,,
19,2,,,,,,
19,3,,,,,,
19,4,,,,,,
19,5,,,,,,
19,Aggregated,,,,,,
19,Centralized,0.829979419708252,0.8560916185379028,0.8140360116958618,0.8269461989402771,0.8201309442520142,0.8341084122657776
20,0,,,,,,
20,1,,,,,,
20,2,,,,,,
20,3,,,,,,
20,4,,,,,,
20,5,,,,,,
20,Aggregated,,,,,,
20,Centralized,0.7310191988945007,0.7429243326187134,0.8119957447052002,0.6059158444404602,0.6959663033485413,0.7823323011398315
21,0,,,,,,
21,1,,,,,,
21,2,,,,,,
21,3,,,,,,
21,4,,,,,,
21,5,,,,,,
21,Aggregated,,,,,,
21,Centralized,0.9154289364814758,0.9153063297271729,0.91734778881073,0.8319324851036072,0.8153044581413269,0.9124360084533691
22,0,,,,,,
22,1,,,,,,
22,2,,,,,,
22,3,,,,,,
22,4,,,,,,
22,5,,,,,,
22,Aggregated,,,,,,
22,Centralized,0.678499698638916,0.6934097409248352,0.7651453614234924,0.6497746109962463,0.6774131655693054,0.7862693667411804
23,0,,,,,,
23,1,,,,,,
23,2,,,,,,
23,3,,,,,,
23,4,,,,,,
23,5,,,,,,
23,Aggregated,,,,,,
23,Centralized,0.48846712708473206,0.555748701095581,0.8070151805877686,0.5576091408729553,0.562494158744812,0.7901015281677246
24,0,,,,,,
24,1,,,,,,
24,2,,,,,,
24,3,,,,,,
24,4,,,,,,
24,5,,,,,,
24,Aggregated,,,,,,
24,Centralized,0.6255776286125183,0.674798846244812,0.5620695352554321,0.6710419654846191,0.6715906858444214,0.37997061014175415
25,0,,,,,,
25,1,,,,,,
25,2,,,,,,
25,3,,,,,,
25,4,,,,,,
25,5,,,,,,
25,Aggregated,,,,,,
25,Centralized,0.8205106854438782,0.8306227922439575,0.8666738271713257,0.6623793244361877,0.7568656802177429,0.8693746328353882
26,0,,,,,,
26,1,,,,,,
26,2,,,,,,
26,3,,,,,,
26,4,,,,,,
26,5,,,,,,
26,Aggregated,,,,,,
26,Centralized,0.6096014380455017,0.6441346406936646,0.7823193073272705,0.5826327800750732,0.6212913393974304,0.7766039967536926
27,0,,,,,,
27,1,,,,,,
27,2,,,,,,
27,3,,,,,,
27,4,,,,,,
27,5,,,,,,
27,Aggregated,,,,,,
27,Centralized,0.8239800930023193,0.8347272872924805,0.8391416072845459,0.6214213967323303,0.7519713640213013,0.8539864420890808
28,0,,,,,,
28,1,,,,,,
28,2,,,,,,
28,3,,,,,,
28,4,,,,,,
28,5,,,,,,
28,Aggregated,,,,,,
28,Centralized,0.6284632682800293,0.6592667102813721,0.7232728004455566,0.531671404838562,0.6396635174751282,0.7690258622169495
29,0,,,,,,
29,1,,,,,,
29,2,,,,,,
29,3,,,,,,
29,4,,,,,,
29,5,,,,,,
29,Aggregated,,,,,,
29,Centralized,0.3996485471725464,0.4920349419116974,0.7348320484161377,0.5271189212799072,0.5143051743507385,0.7411251664161682
30,0,,,,,,
30,1,,,,,,
30,2,,,,,,
30,3,,,,,,
30,4,,,,,,
30,5,,,,,,
30,Aggregated,,,,,,
30,Centralized,0.961333692073822,0.960871160030365,0.9656916856765747,0.9349766373634338,0.9299631118774414,0.9672589302062988
31,0,,,,,,
31,1,,,,,,
31,2,,,,,,
31,3,,,,,,
31,4,,,,,,
31,5,,,,,,
31,Aggregated,,,,,,
31,Centralized,0.6329241394996643,0.6985139846801758,0.8333935141563416,0.6858048439025879,0.6560829877853394,0.8063827753067017
32,0,,,,,,
32,1,,,,,,
32,2,,,,,,
32,3,,,,,,
32,4,,,,,,
32,5,,,,,,
32,Aggregated,,,,,,
32,Centralized,0.8809427618980408,0.8925080299377441,0.9182565212249756,0.8380310535430908,0.8237258791923523,0.937867283821106
33,0,,,,,,
33,1,,,,,,
33,2,,,,,,
33,3,,,,,,
33,4,,,,,,
33,5,,,,,,
33,Aggregated,,,,,,
33,Centralized,0.5749409794807434,0.5019550323486328,0.6235072612762451,0.5039836764335632,0.5104608535766602,0.6372987627983093
34,0,,,,,,
34,1,,,,,,
34,2,,,,,,
34,3,,,,,,
34,4,,,,,,
34,5,,,,,,
34,Aggregated,,,,,,
34,Centralized,0.8927915692329407,0.9003547430038452,0.908503532409668,0.7443687915802002,0.7930801510810852,0.9072238206863403
35,0,,,,,,
35,1,,,,,,
35,2,,,,,,
35,3,,,,,,
35,4,,,,,,
35,5,,,,,,
35,Aggregated,,,,,,
35,Centralized,0.8310579657554626,0.8246798515319824,0.8935908079147339,0.721688985824585,0.7382171750068665,0.9055777192115784
36,0,,,,,,
36,1,,,,,,
36,2,,,,,,
36,3,,,,,,
36,4,,,,,,
36,5,,,,,,
36,Aggregated,,,,,,
36,Centralized,0.9052140116691589,0.911226749420166,0.9286037087440491,0.8203873634338379,0.8200514912605286,0.9221856594085693
37,0,,,,,,
37,1,,,,,,
37,2,,,,,,
37,3,,,,,,
37,4,,,,,,
37,5,,,,,,
37,Aggregated,,,,,,
37,Centralized,0.6293769478797913,0.6684371829032898,0.8492899537086487,0.6631683707237244,0.6467560529708862,0.8501602411270142
38,0,,,,,,
38,1,,,,,,
38,2,,,,,,
38,3,,,,,,
38,4,,,,,,
38,5,,,,,,
38,Aggregated,,,,,,
38,Centralized,0.4882165491580963,0.5592249631881714,0.8102583885192871,0.5673794150352478,0.5682538747787476,0.7836313843727112
39,0,,,,,,
39,1,,,,,,
39,2,,,,,,
39,3,,,,,,
39,4,,,,,,
39,5,,,,,,
39,Aggregated,,,,,,
39,Centralized,0.8808028101921082,0.8837357759475708,0.8885378837585449,0.7592802047729492,0.7898086905479431,0.8756595253944397
40,0,,,,,,
40,1,,,,,,
40,2,,,,,,
40,3,,,,,,
40,4,,,,,,
40,5,,,,,,
40,Aggregated,,,,,,
40,Centralized,0.5537664294242859,0.5958413481712341,0.6033582091331482,0.522088348865509,0.6081368327140808,0.6326790452003479
41,0,,,,,,
41,1,,,,,,
41,2,,,,,,
41,3,,,,,,
41,4,,,,,,
41,5,,,,,,
41,Aggregated,,,,,,
41,Centralized,0.6529364585876465,0.6796488761901855,0.7507636547088623,0.5294694304466248,0.6478908658027649,0.7109879851341248
42,0,,,,,,
42,1,,,,,,
42,2,,,,,,
42,3,,,,,,
42,4,,,,,,
42,5,,,,,,
42,Aggregated,,,,,,
42,Centralized,0.8865256309509277,0.8996788263320923,0.9122055768966675,0.8374776840209961,0.826278030872345,0.9135580658912659
43,0,,,,,,
43,1,,,,,,
43,2,,,,,,
43,3,,,,,,
43,4,,,,,,
43,5,,,,,,
43,Aggregated,,,,,,
43,Centralized,0.9015812873840332,0.907394289970398,0.9360050559043884,0.7742144465446472,0.797074556350708,0.9295703768730164
44,0,,,,,,
44,1,,,,,,
44,2,,,,,,
44,3,,,,,,
44,4,,,,,,
44,5,,,,,,
44,Aggregated,,,,,,
44,Centralized,0.5870152115821838,0.6659425497055054,0.8660493493080139,0.6998694539070129,0.6760330200195312,0.7971767783164978
45,0,,,,,,
45,1,,,,,,
45,2,,,,,,
45,3,,,,,,
45,4,,,,,,
45,5,,,,,,
45,Aggregated,,,,,,
45,Centralized,0.7632414698600769,0.7816109657287598,0.858397901058197,0.6769779324531555,0.7355940937995911,0.7993823885917664
46,0,,,,,,
46,1,,,,,,
46,2,,,,,,
46,3,,,,,,
46,4,,,,,,
46,5,,,,,,
46,Aggregated,,,,,,
46,Centralized,0.6334841847419739,0.6597941517829895,0.6883314847946167,0.5266381502151489,0.6204022765159607,0.7148454785346985
47,0,,,,,,
47,1,,,,,,
47,2,,,,,,
47,3,,,,,,
47,4,,,,,,
47,5,,,,,,
47,Aggregated,,,,,,
47,Centralized,0.6087999939918518,0.6401631236076355,0.7405456304550171,0.5725364089012146,0.6298068165779114,0.7063176035881042
48,0,,,,,,
48,1,,,,,,
48,2,,,,,,
48,3,,,,,,
48,4,,,,,,
48,5,,,,,,
48,Aggregated,,,,,,
48,Centralized,0.8621098399162292,0.8698023557662964,0.8712680339813232,0.7490200996398926,0.7791117429733276,0.8607735633850098
49,0,,,,,,
49,1,,,,,,
49,2,,,,,,
49,3,,,,,,
49,4,,,,,,
49,5,,,,,,
49,Aggregated,,,,,,
49,Centralized,0.43015456199645996,0.4506475627422333,0.5760863423347473,0.44604232907295227,0.4891377389431,0.705240786075592
50,0,,,,,,
50,1,,,,,,
50,2,,,,,,
50,3,,,,,,
50,4,,,,,,
50,5,,,,,,
50,Aggregated,,,,,,
50,Centralized,0.5284304618835449,0.4948384463787079,0.6132916212081909,0.4575362503528595,0.5166666507720947,0.6585530042648315
