Round,Evaluator,4,2,1,3,5,0
0,0,,,,,,
0,1,,,,,,
0,2,,,,,,
0,3,,,,,,
0,4,,,,,,
0,5,,,,,,
0,Aggregated,,,,,,
0,Centralized,,,,,,
1,0,-0.12034883720930177,0.08656330749354037,0.04683462532299754,0.0765503875968993,0.11033591731266142,-0.04102067183462537
1,1,-0.013265306122448974,0.11942554799697645,0.1018140589569161,0.10256991685563155,0.19818594104308385,-0.13004535147392274
1,2,-0.013416477702191986,0.12600151171579727,0.09863945578231303,0.10366591080876822,0.1922524565381708,-0.1352607709750569
1,3,-0.013114134542705953,0.1226379440665156,0.09289493575207836,0.10593348450491341,0.18238851095993958,-0.12792894935752086
1,4,-0.011186696900982637,0.12241118669690097,0.10200302343159498,0.10298563869992476,0.19293272864701422,-0.12592592592592602
1,5,-0.022331871345029272,0.03236476608187155,0.029459064327485344,0.024890350877193095,0.19873903508771906,-0.07781432748538007
1,Aggregated,-0.025524461710587094,0.09236076018617376,0.07333963371943432,0.07773215133404839,0.18614273859040942,-0.10609682193908507
1,Centralized,-0.025187457396046393,0.0913940013633266,0.07269938650306754,0.07686889343331062,0.18657691433765078,-0.10582822085889555
2,0,0.03643410852713179,0.035465116279069904,0.06466408268733849,0.07525839793281659,0.044315245478036204,0.0578165374677002
2,1,0.03998488284202584,0.03926681783824644,0.0507558578987151,0.06519274376417276,0.0348450491307636,0.0012471655328798322
2,2,0.03896447467876016,0.05211640211640214,0.05997732426303863,0.07925170068027189,0.037868480725623786,0.008465608465608471
2,3,0.04497354497354534,0.053665910808767946,0.06534391534391538,0.07573696145124688,0.033484504913076155,0.012509448223733975
2,4,0.03801965230536662,0.04852607709750565,0.05997732426303866,0.07267573696145126,0.022524565381708307,0.012244897959183652
2,5,-0.017178362573099418,-0.03508771929824545,0.012061403508771941,-0.04817251461988309,0.24051535087719245,-0.01726973684210528
2,Aggregated,0.02290328652600358,0.02228839491021759,0.045522270718821,0.03717670881019413,0.09547333694766476,0.0054261729327068076
2,Centralized,0.022205180640763694,0.021307657350602093,0.04491592819813677,0.035662349466030446,0.09800613496932513,0.004896614405816861
3,0,0.008527131782945717,-0.04651162790697674,0.03649870801033605,-0.002260981912144709,0.08624031007751959,-0.016602067183462528
3,1,0.006878306878306884,-0.02025699168556307,0.007445200302343183,0.0066137566137566065,0.02248677248677245,-0.03677248677248681
3,2,-0.0018140589569160882,-0.0142101284958428,0.010279667422524603,0.010657596371882103,0.020975056689342377,-0.04402872260015121
3,3,0.0012093726379440667,-0.0058201058201058035,0.010657596371882103,0.008767951625094495,0.012396069538926696,-0.03854875283446715
3,4,0.0019274376417233495,-0.013378684807256165,0.011375661375661367,0.010052910052910067,0.0150415721844293,-0.031821617535903235
3,5,-0.06045321637426871,-0.039528508771929705,-0.02591374269005837,-0.043548976608186955,0.17443347953216337,-0.029111842105263123
3,Aggregated,-0.016005935731566865,-0.024259634787760977,0.0016876846494237917,-0.007706310860592368,0.07080726820878022,-0.033248979592970365
3,Centralized,-0.016808679845489716,-0.024443308339013866,0.0011304249034310024,-0.008310611224721662,0.0724608043626447,-0.03323108384458077
4,0,0.03934108527131782,-0.0605297157622737,-0.03165374677002581,0.008527131782945738,0.0433462532299741,0.012596899224806212
4,1,0.028684807256235734,-0.026341647770219228,-0.008654572940287248,0.03303099017384728,0.03733938019652308,0.0017006802721088346
4,2,0.028760393046107256,-0.021239606953892588,-0.01269841269841271,0.02433862433862434,0.02645502645502646,-0.00026455026455025714
4,3,0.02339380196523056,-0.013718820861678008,-0.005328798185941035,0.02872260015117163,0.03219954648526075,-0.006311413454270619
4,4,0.023809523809523798,-0.020899470899470893,-0.0038170823885109815,0.025888133030990183,0.025850340136054393,-0.0009448223733938206
4,5,-0.05988669590643285,-0.06860380116959065,-0.04115497076023388,-0.030921052631579,0.25005482456140377,-0.008918128654970756
4,Aggregated,0.001696933693948713,-0.03857582603836743,-0.01984608764632501,0.008618098014830215,0.09718302968653848,-0.0023870844995507894
4,Centralized,0.0005737332424448854,-0.03900249943194733,-0.020160190865712378,0.007969779595546478,0.09985230629402397,-0.0025391956373551467
5,0,-0.05322997416020669,0.008527131782945745,-0.00852713178294576,0.014857881136950914,0.035594315245477993,0.014405684754521947
5,1,-0.06368102796674227,0.015343915343915384,0.013038548752834478,0.018291761148904004,0.005782312925170064,0.01122448979591838
5,2,-0.03541194255479971,0.01016628873771734,0.009523809523809509,0.015343915343915344,0.0042705971277399515,0.005177626606198025
5,3,-0.0459561602418744,0.015154950869236641,0.009561602418745253,0.0176492819349962,-0.01829176114890408,0.008276643990929698
5,4,-0.042668178382464006,0.0140589569160998,0.010052910052910053,0.011753590325018905,0.0021541950113378545,0.006916099773242669
5,5,-0.041374269005847966,-0.05487938596491213,-0.019334795321637337,-0.0021929824561403403,0.4038011695906426,-0.02176535087719301
5,Aggregated,-0.04585224766528507,-0.007254794368807983,-0.0001305406664038689,0.010318843300242056,0.12286191763174227,-0.0003543025211597793
5,Centralized,-0.04575664621676885,-0.00808339013860484,-0.0004203590093160491,0.010099977277891393,0.12773233356055408,-0.0007498295841854077
6,0,0.007558139534883712,0.011304909560723508,-0.008268733850129214,0.007493540051679578,0.01996124031007753,0.0007105943152454571
6,1,0.008125472411186696,0.019160997732426337,-0.009372637944066519,0.004346182917611484,0.006273620559334867,0.0009448223733938332
6,2,0.0019652305366591226,0.011300075585789902,-0.005442176870748292,0.001511715797430078,0.00030234315948602004,-0.0005668934240362651
6,3,0.006991685563114109,0.021428571428571363,0.005366591080876768,0.001889644746787611,-0.00045351473922903966,0.007860922146636444
6,4,0.0037792894935752045,0.012585034013605428,0.0012849584278155641,0.006462585034013604,0.002191987906273615,0.0031746031746031547
6,5,-0.13340643274853844,-0.0849415204678363,-0.06461988304093566,-0.10509868421052662,0.30767543859649077,-0.0007492690058479508
6,Aggregated,-0.03593816506910894,-0.014484850042206615,-0.02129059364463166,-0.028509469760059802,0.09492745758593787,0.0015807120516542813
6,Centralized,-0.037667575551011113,-0.01571801863212916,-0.02204044535332891,-0.029873892297205235,0.09864235401045233,0.0015451033855941815
7,0,0.00045219638242894136,-0.005555555555555565,-0.009883720930232575,0.010077519379844978,0.0067183462532299865,0.005943152454780372
7,1,0.006198034769463365,0.005895691609977324,-0.0168934240362812,0.0127739984882842,0.01640211640211643,-0.003968253968253953
7,2,0.007142857142857103,0.008087679516250933,-0.009448223733938017,0.007407407407407394,0.012547241118669696,-0.009863945578231326
7,3,0.003023431594860177,0.01693121693121694,-0.013529856386999233,-0.004761904761904769,0.008125472411186718,-0.014323507180650018
7,4,0.004535147392290242,0.011942554799697675,-0.00982615268329554,0.001889644746787629,0.009939531368102805,-0.007142857142857111
7,5,-0.08315058479532139,-0.04161184210526315,-0.09709429824561393,-0.07635233918128707,0.21048976608187162,-0.037280701754385956
7,Aggregated,-0.021589303878003018,-0.00640124249812186,-0.03745863292425981,-0.019220274012915366,0.07059917739410265,-0.015955735466882125
7,Centralized,-0.022665303340149948,-0.006981367870938469,-0.03851965462394935,-0.020245398773006122,0.07308566234946608,-0.016371279254714835
8,0,0.0030361757105943207,0.0032945736434108587,-0.0014211886304909586,0.0035529715762273963,-0.0008397932816537483,-0.0037467700258398
8,1,0.01167800453514741,0.013151927437641698,0.003401360544217671,0.0032123960695389087,-0.009901738473167047,-0.0011337868480725951
8,2,0.008049886621315236,0.010052910052910096,0.0024565381708238853,0.0017384731670445994,-0.014739229024943285,-0.005291005291005266
8,3,0.011186696900982623,0.0038170823885109464,-0.0015495086923658261,-0.003590325018896466,-0.007331821617535924,0.0020030234315948576
8,4,0.007067271352985618,0.00018896447467876308,-0.006198034769463368,-0.0018518518518518478,-0.006991685563114136,0.00098261526832956
8,5,-0.02388523391812857,-0.03881578947368419,-0.0011878654970760313,-0.040497076023391705,0.3549524853801154,0.0334247076023391
8,Aggregated,-0.0010618435823272028,-0.007134758962272276,-0.0007733775825852153,-0.011833084020258556,0.09991641398720226,0.009105783942603276
8,Centralized,-0.0014485344239945645,-0.0076857532379004485,-0.0007782322199500129,-0.012349466030447618,0.10440240854351288,0.009543285616905234
9,0,0.005620155038759683,0.007816537467700264,0.007428940568475457,-0.0008397932816537538,-0.03572351421188631,-0.015310077519379866
9,1,0.0019274376417233582,0.014247921390778507,0.0024565381708239096,-0.0016250944822373491,-0.0634542705971276,-0.02384731670445957
9,2,-0.0004157218442932886,0.014625850340136075,0.004006046863189704,0.002305366591080888,-0.04693877551020417,-0.012131519274376426
9,3,0.005782312925170073,0.019879062736205592,0.002380952380952393,0.007634164777021949,-0.06058201058201058,-0.011375661375661412
9,4,0.009334845049130807,0.01640211640211638,0.002267573696145128,0.005895691609977328,-0.04697656840513985,-0.0141345427059713
9,5,-0.10798611111111123,-0.047953216374269025,-0.04241593567251467,-0.11555190058479561,0.19583333333333358,0.045705409356725214
9,Aggregated,-0.029175357500850728,-0.0036641612531094513,-0.010280872007618914,-0.032397164376678486,0.02194608292232738,0.002861143499204497
9,Centralized,-0.030572597137014382,-0.004425130652124496,-0.010861167916382667,-0.03385594183140194,0.024971597364235404,0.0036184957964099356
10,0,0.009366925064599492,0.000322997416020665,0.004263565891472868,-0.019767441860465116,0.014405684754521973,0.006912144702842382
10,1,0.013038548752834476,0.006802721088435406,0.010770975056689362,-0.013114134542705947,0.021768707482993133,0.008352229780801189
10,2,0.014928193499622175,0.0013227513227513225,0.004799697656840513,-0.010430839002267598,0.019236583522297814,0.00642479213907784
10,3,0.018253968253968165,0.014928193499622017,0.005517762660619783,-0.0033635676492819225,-0.0015495086923658303,0.002494331065759625
10,4,0.015117157974300834,0.009410430839002266,0.005517762660619792,-0.009901738473167063,0.006198034769463328,0.0031368102796674154
10,5,-0.00025584795321636626,-0.10553728070175424,-0.08982090643274859,-0.12741228070175442,0.2704312865497066,0.03395467836257317
10,Aggregated,0.010131744640601167,-0.02652031664868084,-0.022359245362988535,-0.045454183851004276,0.08898906058692459,0.013879497839137124
10,Centralized,0.009963644626221345,-0.027897068847989055,-0.023545785048852644,-0.04687571006589411,0.09218927516473549,0.014229720518064136
11,0,0.00781653746770027,0.00012919896640826897,-0.0012919896640826841,0.01388888888888891,-0.013307493540051698,0.0005167958656330722
11,1,0.0057445200302343015,-0.0036659108087679347,-0.008012093726379383,0.02320483749055173,-0.02460317460317454,-0.004006046863189724
11,2,0.008087679516250964,0.000869236583522292,-0.007558578987150429,0.017838246409674987,-0.024716553287981894,-0.0013227513227513272
11,3,-0.0023431594860166163,0.0023053665910808896,-0.001473922902494331,0.011526832955404383,-0.03087679516250945,-0.004081632653061219
11,4,0.0006802721088435595,-0.0018518518518518383,-0.004119425547996997,0.013265306122448958,-0.01647770219198791,-0.0028344671201814115
11,5,-0.003581871345029202,-0.10807748538011669,-0.018439327485380193,-0.039400584795321415,0.3254568713450294,-0.047404970760234054
11,Aggregated,0.0015054859353014884,-0.03259909812359565,-0.00884632029041212,-0.0004484260831987977,0.08117274755776759,-0.01596512810370674
11,Centralized,0.0014030902067712063,-0.03393546921154275,-0.009026357645989535,-0.0011304249034310451,0.08546353101567826,-0.016530334014996654
12,0,0.009431524547803629,0.0014211886304909525,0.0031007751937984496,0.004521963824289408,-0.011821705426356573,0.0010981912144702862
12,1,0.01791383219954645,0.008427815570672707,0.00547996976568403,0.00789871504157218,-0.0006802721088435482,-0.0004913076341647828
12,2,0.01897203325774756,0.006122448979591846,0.002834467120181419,0.010808767951625078,-0.009183673469387785,-0.0023431594860166306
12,3,0.019236583522297748,0.018669690098261502,0.0058201058201058226,0.007558578987150393,-0.015721844293272842,-0.0015495086923658361
12,4,0.008541194255479985,0.012396069538926713,0.005782312925170072,0.008654572940287245,-0.017611489040060466,-0.001889644746787598
12,5,-0.10089546783625739,-0.06624634502923983,-0.06719663742690075,-0.00036549707602334745,0.26900584795321564,0.061092836257309824
12,Aggregated,-0.019389939632153557,-0.01268965453172113,-0.016733675014610993,0.005627827146983145,0.0726099072890081,0.017377643447559408
12,Centralized,-0.020813451488298114,-0.013610543058395867,-0.01762099522835716,0.005532833446943866,0.07608498068620759,0.018143603726425865
13,0,-0.005167958656330758,-0.0005167958656330759,-0.008850129198966423,0.003875968992248069,0.0005167958656330759,-0.001485788113695093
13,1,-0.010770975056689317,-0.002003023431594857,0.0020030234315948697,0.009070294784580515,-0.014814814814814774,-0.003892668178382456
13,2,-0.010204081632653066,0.002721088435374158,-0.0009070294784580499,0.0077853363567649365,-0.011980347694633407,-0.0032879818594104037
13,3,-0.009599395313680995,-0.006689342403628082,0.0009826152683295648,0.012055933484504913,-0.020748299319727916,-0.0032123960695389277
13,4,-0.0024943310657596406,0.0018518518518518346,0.0036659108087679494,0.008049886621315212,-0.012811791383219973,-0.0005291005291005347
13,5,-0.15668859649122802,-0.12125365497076035,-0.10906432748538045,-0.08940058479532167,0.2849232456140347,0.03139619883040948
13,Aggregated,-0.05227557246740313,-0.036861473068093786,-0.03248909808057481,-0.020691924699525514,0.07588347131958155,0.007568782463869058
13,Centralized,-0.054129743240172876,-0.038354919336514394,-0.033816178141331525,-0.021892751647352864,0.07953874119518291,0.007986821177005232
14,0,-0.0016795865633074966,0.008979328165374693,0.0015503875968992276,-0.0037467700258398,0.0012919896640826896,-0.0025193798449612446
14,1,-0.014777021919879079,0.014096749811035552,7.558578987148142e-05,0.0038548752834466965,0.0021164021164021152,-0.014436885865457346
14,2,-0.01349206349206351,0.012736205593348468,-0.002683295540438403,0.008390022675736965,0.0017384731670445717,-0.011224489795918386
14,3,-0.008125472411186711,0.01069538926681782,0.006953892668178351,0.005479969765684057,-0.0006046863189720237,-0.007596371882086163
14,4,-0.0077853363567649035,0.006802721088435387,0.004195011337868485,0.006651549508692382,0.004270597127739996,-0.007331821617535877
14,5,-0.06120248538011668,-0.019261695906432796,-0.014199561403508533,-0.0009137426900584512,0.2377741228070182,0.002540204678362532
14,Aggregated,-0.02515047374320988,0.0018330606298287316,-0.0027934962316552626,0.0030956737372705356,0.07222482148846238,-0.005657892360956379
14,Centralized,-0.02581231538286729,0.0014655760054532994,-0.002993637809588745,0.003050443081117932,0.07515337423312889,-0.0055328334469438205
15,0,0.0018087855297157654,0.0010981912144702862,-0.0012919896640826896,-0.00025839793281653793,0.0006459948320413448,0.005749354005167969
15,1,0.007898715041572187,0.007445200302343183,0.0040816326530612275,0.008314436885865504,-0.007747543461829177,0.00041572184429326163
15,2,0.006160241874527605,0.00453514739229025,0.003590325018896469,0.0103552532123961,-0.00891912320483748,0.0024187452758881556
15,3,0.008125472411186677,0.01126228269085407,-0.0032123960695389303,0.009561602418745265,-0.008541194255479957,-0.0013227513227513279
15,4,0.002721088435374138,0.00283446712018142,-0.0014739229024943493,0.008276643990929696,-0.00665154950869235,-0.00117157974300832
15,5,-0.05409356725146182,-0.09296418128654917,-0.07633406432748537,-0.07819809941520463,0.2492507309941519,0.01725146198830401
15,Aggregated,-0.012182338629703136,-0.023669671588710126,-0.022444930742439275,-0.01779888201038316,0.06959077747697266,0.005730174211675844
15,Centralized,-0.01291183821858667,-0.024880708929788664,-0.023392410815723814,-0.018842308566234953,0.0727448307202908,0.005919109293342404
16,0,-0.011369509043927667,0.001485788113695093,-0.0006459948320413448,0.0035529715762273963,0.005878552971576237,0.004974160206718355
16,1,-0.016213151927437684,0.005933484504913069,0.006991685563114148,0.013492063492063493,-0.012358276643990923,0.0021541950113378723
16,2,-0.013151927437641696,0.004006046863189697,0.002343159486016621,0.010959939531368097,-0.00672713529856389,0.004837490551776245
16,3,-0.006160241874527575,0.006009070294784549,-0.0010582010582010455,0.0034769463340891876,-0.012962962962962938,0.0038926681783824683
16,4,-0.007482993197278895,0.003892668178382456,7.558578987151565e-05,0.007142857142857138,-0.010846560846560863,0.002683295540438383
16,5,-0.030774853801169528,-0.09883040935672503,-0.08174342105263199,-0.1094480994152048,0.2011878654970761,0.022021198830409414
16,Aggregated,-0.01678447120623253,-0.026334649122476357,-0.023182133740496217,-0.02699244665583391,0.05404821625932906,0.009097368800910959
16,Centralized,-0.017030220404453518,-0.027607361963190163,-0.024210406725744222,-0.02843671892751648,0.05660645307884588,0.009321745057941377
17,0,-0.010335917312661516,-0.0007751937984496138,-0.0018733850129199,0.001227390180878555,0.0063307493540051794,0.0015503875968992276
17,1,-0.006802721088435353,0.0006802721088435332,0.009599395313681031,0.0032123960695389117,-0.013756613756613802,0.0025321239606953907
17,2,-0.01080876795162512,-0.0024565381708238766,0.0071428571428571695,0.006916099773242645,-0.01579743008314443,0.0036659108087679503
17,3,-0.0051398337112622565,0.007898715041572192,0.007445200302343158,0.005782312925170086,-0.02191987906273621,0.003665910808767964
17,4,-0.0027210884353741677,0.0023809523809523764,-7.558578987151843e-05,0.005291005291005262,-0.0062358276643990655,0.0058956916099773184
17,5,-0.04862938596491211,-0.017123538011695916,-0.012956871345029278,0.005190058479532132,0.22569444444444475,-0.000858918128654989
17,Aggregated,-0.019346039233992245,-0.003886221293497461,-0.0003660400958106111,0.004892087307224233,0.05914648449973187,0.002287528642436282
17,Centralized,-0.019853442399454694,-0.004112701658713931,-0.0005680527152919889,0.004907975460122697,0.062037037037036946,0.002238127698250371
18,0,0.0008397932816537483,-0.002260981912144707,-6.459948320413448e-05,-0.0011627906976744208,0.004457364341085279,-0.0018087855297157654
18,1,-0.0046863189720332595,0.0026455026455026584,0.008390022675736977,-0.0027588813303099343,-0.012471655328798171,-0.00018896447467878065
18,2,-0.0006802721088435234,0.0001133786848072431,0.010846560846560833,-0.0035147392290249472,-0.01439909297052153,-0.003703703703703693
18,3,0.0015873015873015977,-0.0015873015873015927,0.009939531368102777,0.004950869236583509,-0.03314436885865456,-0.0021541950113378957
18,4,0.0010204081632652962,-0.0009448223733937889,0.006802721088435334,0.0026832955404383976,-0.02377173091458807,-0.0061980347694633505
18,5,-0.07812499999999982,-0.1523391812865498,-0.05586622807017542,0.015460526315789501,0.17037646198830428,0.010581140350877236
18,Aggregated,-0.023658086883177235,-0.04563709035235405,-0.011197030404307194,0.004714052193529855,0.03849222019660729,0.0011255644695954729
18,Centralized,-0.02462508520790721,-0.04751760963417409,-0.01196319018404905,0.004907975460122704,0.04075778232219955,0.001289479663712819
19,0,0.00012919896640826897,0.0025193798449612446,-0.00012919896640826897,-0.005943152454780372,0.0061369509043927755,0.0011627906976744208
19,1,0.005782312925170078,0.0038170823885109394,0.011980347694633409,-0.0049886621315192725,0.0043083900226757454,-0.0027588813303099278
19,2,0.004572940287226003,0.007331821617535912,0.011300075585789873,-0.0038926681783824726,0.005291005291005266,0.002607709750566868
19,3,0.008541194255479952,0.010128495842781533,0.01534391534391532,0.001776266061980331,0.005366591080876789,-0.0003401360544217617
19,4,0.004837490551776267,0.003968253968253978,0.0035525321239606956,0.0034391534391534375,0.008578987150415732,-0.003968253968253936
19,5,-0.03744517543859646,-0.06257309941520502,-0.05222953216374253,-0.11898757309941516,0.2845029239766079,-0.013267543859649258
19,Aggregated,-0.007547185870272857,-0.014595606145919057,-0.009173408282618804,-0.0366162598557952,0.08905812804844436,-0.004531721752366533
19,Centralized,-0.008060668029993213,-0.015433992274483091,-0.009906839354692172,-0.03805953192456264,0.09251306521245169,-0.004692115428311803
20,0,-0.0021963824289405725,0.0015503875968992276,-0.0038113695090439344,-0.004780361757105952,0.005103359173126624,0.00025839793281653793
20,1,-0.005328798185941043,0.0027210884353741477,-0.0010204081632652845,0.0036281179138322023,0.0005668934240362941,0.0017006802721088441
20,2,-0.0034013605442176896,0.006046863189720316,-0.0013227513227513192,3.7792894935754585e-05,-0.001322751322751313,0.0022297808012093825
20,3,-0.009486016628873753,0.0022675736961451365,-0.00015117157974299368,0.0021164021164021426,-0.008805744520030225,0.0004535147392290387
20,4,-0.0012093726379440628,0.004043839758125478,-0.006386999244142077,0.0025699168556311456,-0.00631141345427058,0.002758881330309912
20,5,-0.07500000000000008,-0.07542032163742729,-0.13422880116958974,-0.07931286549707611,0.2593201754385961,0.04872076023391811
20,Aggregated,-0.02554447094799315,-0.020067790755933332,-0.04176283702357297,-0.022837843560848878,0.0754421911449564,0.015651967185312796
20,Centralized,-0.026425812315383004,-0.021040672574414915,-0.043393546921153964,-0.02381845035219266,0.07866962054078627,0.01624062713019765
21,0,-0.0038113695090439344,0.001356589147286824,-0.0003229974160206724,-0.007170542635658928,0.007622739018087869,0.0023255813953488415
21,1,-0.0036659108087679347,0.008654572940287203,-0.0021164021164021196,-0.002985638699924394,-0.009221466364323503,-0.002003023431594859
21,2,-0.005253212396069521,0.00608465608465611,-0.003136810279667392,-0.0029100529100529048,-0.00842781557067273,-0.004497354497354535
21,3,0.0042705971277399715,0.006727135298563848,0.0009448223733938073,-0.00283446712018139,-0.02161753590325015,-0.0010959939531368242
21,4,0.004988662131519244,0.0024187452758881135,-0.0018518518518518472,-0.002078609221466362,-0.008238851095993961,-0.004308390022675727
21,5,-0.02139985380116955,-0.05162646198830414,-0.004312865497076025,-0.06246345029239772,0.1822551169590643,0.09351242690058499
21,Aggregated,-0.006685931170168613,-0.011643207104687024,-0.002255382039187607,-0.020948856602198144,0.04785636040191961,0.02630799588826479
21,Centralized,-0.006935923653715052,-0.012338104976141769,-0.0022949329697796155,-0.021671211088389056,0.05018177686889347,0.027482390365825844
22,0,-0.014922480620154992,0.00019379844961239974,-0.002067183462532307,0.0007751937984496101,0.007687338501291999,0.004457364341085276
22,1,-0.0022675736961451573,0.0015117157974301057,0.0030612244897959,0.0015873015873016049,0.0018896447467876057,0.001020408163265303
22,2,-0.002569916855631153,0.0003023431594860219,0.002834467120181392,0.0035147392290249563,0.0024187452758881395,0.0003023431594860071
22,3,0.0019274376417233393,0.010506424792139072,0.001587301587301567,0.004383975812547242,-0.010619803476946327,0.0012849584278155674
22,4,-0.007482993197278931,0.007520786092214659,0.005442176870748312,0.006160241874527571,0.00011337868480727672,0.0018518518518518539
22,5,-0.07372076023391741,-0.06549707602339129,-0.022441520467836328,-0.03653143274853798,0.15374634502924017,0.032383040935672396
22,Aggregated,-0.0249595976047238,-0.016505923504493553,-0.004918724406195943,-0.00844709749733679,0.04564747659121031,0.010754460289042232
22,Centralized,-0.02578959327425584,-0.017359690979322915,-0.005214723926380346,-0.00893546921154282,0.047534651215632676,0.011128152692569896
23,0,0.0023255813953488376,0.0018087855297157617,0.0020671834625322996,-0.01472868217054249,0.004651162790697679,0.003875968992248065
23,1,-0.004988662131519279,0.009674981103552508,0.0034769463340892062,-0.01738473167044592,-0.007634164777021938,0.005517762660619809
23,2,-0.0018140589569161027,0.0021164021164021217,-0.0006802721088435388,-0.01432350718065009,-0.004913076341647793,0.006009070294784594
23,3,-0.008276643990929708,0.004459561602418739,-0.00022675736961453124,-0.006991685563114206,-0.013378684807256258,0.00400604686318972
23,4,-0.0034391534391534275,0.0034769463340892006,0.0025699168556311256,-0.007369614512471691,-0.011111111111111129,0.004535147392290249
23,5,-0.07127192982456157,-0.07145467836257267,-0.009502923976608232,-0.0380299707602336,0.1384868421052635,0.05067616959064331
23,Aggregated,-0.02387690589421512,-0.01815229366413344,-0.0018624169135042078,-0.01972564027159243,0.036115391512538515,0.018538096283107104
23,Centralized,-0.02473301522381286,-0.01908657123381053,-0.001999545557827771,-0.020040899795501,0.03788911610997509,0.019109293342422177
24,0,0.0032299741602067203,0.005749354005167965,-0.009237726098191212,0.00045219638242893767,0.006782945736434117,0.004651162790697679
24,1,0.010128495842781549,0.0010582010582010416,-0.0019652305366591218,0.00449735449735448,0.0017006802721088374,0.00045351473922902545
24,2,0.00812547241118669,-0.0021164021164020927,0.0017384731670446016,0.0033635676492819342,0.0016250944822373337,0.0008692365835222982
24,3,0.02014361300075593,0.008541194255479969,-0.005215419501133815,0.007256235827664381,-0.006575963718820851,-0.0037414965986394353
24,4,0.004232804232804239,0.0028344671201813894,-0.0030612244897959247,0.003741496598639456,0.0005668934240362966,-0.0015117157974301068
24,5,-0.051114766081871356,-0.13941885964912296,0.00511695906432744,-0.0598135964912283,0.17222222222222247,0.05765716374269009
24,Aggregated,-0.008462011352547007,-0.03950559422656783,-0.0006198600982870973,-0.014935661278522519,0.05161341833423105,0.01703678069329284
24,Centralized,-0.00919677346057713,-0.04128039082026814,-0.0004998863894569417,-0.01571801863212907,0.05372642581231549,0.017740286298568494
25,0,-0.00019379844961240345,0.0003875968992248069,-0.005167958656330758,-0.0037467700258398,0.0074935400516796,-0.0026485788113695136
25,1,-0.0003401360544217654,0.0028344671201813894,-0.0004913076341647614,0.0006424792139077688,-0.004497354497354496,-0.00041572184429328196
25,2,0.003287981859410417,-0.0021541950113378662,0.006349206349206307,-0.0034013605442176744,0.0017384731670445905,-0.0012849584278155654
25,3,0.0035147392290249585,0.004572940287226006,0.005479969765684056,-0.0002645502645502488,-0.013303099017384714,-0.004535147392290235
25,4,0.0017006802721088402,0.0065003779289493635,0.006538170823885093,-0.0010582010582010804,-0.0066893424036280945,-0.002456538170823886
25,5,-0.07430555555555557,-0.06293859649122845,-0.012317251461988301,-0.07534722222222213,0.1759868421052631,-0.012481725146198866
25,Aggregated,-0.020949528311860373,-0.01695666886784226,-0.0014288407397079522,-0.02345337254695439,0.049745072069570274,-0.005293367834633027
25,Centralized,-0.021887071120199886,-0.017763008407180175,-0.0015962281299704635,-0.024363780958872993,0.05194274028629867,-0.005419222903885496
26,0,-0.008591731266149868,-0.0005167958656330796,0.0012273901808785514,0.0032299741602067203,0.009173126614987093,-0.0006459948320413485
26,1,-0.011602418745275851,0.00241874527588814,0.008843537414966003,0.005366591080876814,-0.001511715797430077,0.0010204081632653097
26,2,-0.015343915343915255,0.007634164777021942,0.006840513983371143,0.003892668178382496,0.0012849584278155596,-0.002040816326530616
26,3,-0.006198034769463348,0.0072562358276643995,0.010279667422524518,0.010770975056689313,-0.003930461073318244,-0.0023053665910808753
26,4,-0.0036281179138322062,0.004195011337868473,0.002910052910052918,0.00498866213151928,-0.005706727135298561,-0.0004913076341647576
26,5,0.03883406432748537,-0.01628289473684217,-0.036896929824561345,-0.0529970760233919,0.17704678362573126,-0.029660087719298265
26,Aggregated,0.005195269467699375,-0.0016308814345478502,-0.00649930244466852,-0.011706841798788085,0.05217957812442592,-0.009492657042169847
26,Centralized,0.005788457168825286,-0.0018745739604635477,-0.007021131561008893,-0.01242899341058851,0.05435696432628945,-0.00985003408316288
27,0,-0.0007105943152454793,-0.0005813953488372104,-0.0065891472868217175,0.004134366925064607,-0.0037467700258398,-0.00025839793281653793
27,1,0.001625094482237327,0.0031746031746031755,-0.0035147392290249386,0.00192743764172336,-0.0013227513227513173,-0.0018896447467876035
27,2,0.00018896447467875628,0.001171579743008309,-0.0008692365835223019,0.0034391534391534245,-0.005971277399848823,-0.0002267573696145164
27,3,-0.0027588813303098744,0.007634164777021917,-0.006953892668178369,0.0049886621315192795,-0.02222222222222224,-0.0010959939531368045
27,4,-0.001095993953136807,0.001851851851851845,-0.0026832955404383946,0.0017384731670445905,-0.01156462585034015,-0.0018518518518518602
27,5,-0.010983187134502984,-0.09809941520467809,-0.01542397660818719,0.012627923976608191,0.13797514619883033,-0.0008771929824561653
27,Aggregated,-0.0036541718202368237,-0.02722250394653508,-0.007346479506876398,0.005992138268698161,0.034572560384827186,-0.0010571321772766507
27,Centralized,-0.003783231083844573,-0.028465121563281157,-0.007481254260395339,0.006106566689388807,0.036383776414451306,-0.001056578050443083
28,0,-0.004521963824289414,-0.0018733850129199,-0.0031653746770025897,0.0020671834625323035,0.00865633074935402,-0.0011627906976744208
28,1,-0.004610733182161743,-0.009674981103552503,0.0018518518518518515,0.004346182917611486,0.0025321239606953747,-0.0035147392290249607
28,2,-0.0012093726379440587,-0.004459561602418744,-0.0007180650037792706,0.0060090702947845935,0.001284958427815592,-0.003174603174603166
28,3,0.0011337868480725487,0.006349206349206332,0.0017006802721088324,0.017082388510959914,-0.0029478458049886566,-0.0051776266061980235
28,4,0.0020030234315948714,0.0005291005291005365,0.001927437641723375,0.0071806500377928585,-0.004988662131519255,-0.00438397581254724
28,5,-0.07013888888888858,-0.01067251461988309,-0.08433845029239773,-0.06156798245614036,0.23366228070175427,-0.04093567251461981
28,Aggregated,-0.021757443385056266,-0.004463194226233758,-0.024735775393968023,-0.012909416726889006,0.06990312022155881,-0.014799593017101162
28,Centralized,-0.022602817541467903,-0.004572824358100435,-0.025778232219950216,-0.013752556237218811,0.0727732333560555,-0.015269256987048284
29,0,-0.0009043927648578846,-0.004909560723514222,0.01072351421188632,-0.01111111111111112,-0.011757105943152466,0.006330749354005178
29,1,-0.0068027210884353435,-0.0070294784580499,0.008767951625094498,-0.005631141345427065,-0.024981103552532174,0.003930461073318204
29,2,-0.006840513983371134,-0.010052910052910067,0.0066137566137566065,-0.010204081632653026,-0.017271352985638658,-0.0007936507936508131
29,3,-0.004006046863189745,-0.0032501889644747034,0.008314436885865443,-0.0023053665910808705,-0.02981859410430843,0.0015873015873015585
29,4,0.00026455026455024326,-0.0032879818594104535,0.004270597127739967,-0.006991685563114168,-0.02040816326530611,0.0012093726379440544
29,5,-0.04460891812865474,-0.04375000000000006,-0.055464181286549834,0.017671783625730984,0.09501096491228075,0.0366228070175439
29,Aggregated,-0.016044729364063856,-0.017107580463650233,-0.011303319493284052,0.00042087292203733416,0.013181788155397327,0.012416974738749541
29,Centralized,-0.01655873665076121,-0.017581231538286782,-0.012093842308566225,0.0007384685298795814,0.014598954783003886,0.012832310838445778
30,0,0.0037467700258397964,-3.7007434154171884e-18,0.004844961240310083,0.0010335917312661702,-0.0031007751937984587,0.0012273901808785514
30,1,0.007747543461829183,0.0022675736961451196,0.008578987150415752,0.013756613756613757,-0.002532123960695387,-0.00034013605442178386
30,2,0.008087679516250947,0.006462585034013609,0.010657596371882046,0.012622826908541216,-0.0036659108087679724,-0.000151171579743035
30,3,0.010128495842781545,0.012320483749055216,0.005782312925170061,0.009523809523809565,-0.007823129251700662,-0.002721088435374166
30,4,0.009183673469387766,0.008087679516250923,0.00846560846560853,0.0030612244897959364,0.002116402116402095,0.003099017384731686
30,5,0.01856725146198833,-0.021271929824561386,-0.13205409356725215,-0.003947368421052594,0.10604897660818734,-0.0068165204678362415
30,Aggregated,0.011241104218510701,-0.0019090929697091056,-0.033861589290945446,0.004853418269387731,0.029549176766169707,-0.0019384262030417469
30,Centralized,0.011383776414451253,-0.00223244717109748,-0.03558850261304272,0.004720518064076365,0.030902067711883675,-0.0020279481935923773
31,0,0.0010981912144702862,-0.005426356589147296,-0.0014211886304909586,0.0008397932816537483,0.0056201550387597,0.0031653746770025897
31,1,0.004837490551776309,0.00011337868480725451,-0.006991685563114148,0.004383975812547242,-0.003552532123960695,-0.001058201058201036
31,2,0.0024565381708238883,0.0020408163265306237,-0.0042705971277399845,0.000831443688586551,-0.0033257747543461815,-0.0022675736961451126
31,3,-0.00963718820861677,0.004195011337868487,0.007218442932728639,0.005253212396069556,-0.014172335600907008,0.00034013605442177096
31,4,-0.0004535147392290313,0.00022675736961450161,0.0026455026455026336,0.0037414965986394427,-0.0054421768707483015,-0.002985638699924413
31,5,-0.011165935672514594,-0.02247807017543863,0.021198830409356783,-0.07362938596491232,0.1323464912280705,0.005263157894736902
31,Aggregated,-0.0036571455411852196,-0.006206544565562103,0.005982430541244753,-0.01973123760334379,0.035978609786325826,0.0009527489926702854
31,Centralized,-0.003794592138150401,-0.006475800954328569,0.0062542603953646796,-0.02067711883662806,0.037650533969552424,0.0010168143603726224
32,0,0.0016149870801033621,-0.00012919896640826897,-0.0010335917312661517,-0.0035529715762273963,0.004392764857881145,0.002583979328165379
32,1,0.0009826152683295416,0.0017006802721088346,0.0022297808012093617,0.0019274376417233413,0.0005668934240362725,0.0016628873771730823
32,2,0.0017384731670446129,0.0009070294784580509,0.004383975812547204,-0.00011337868480725451,0.006575963718820892,0.00011337868480727116
32,3,-0.0006802721088435376,0.003703703703703712,0.009410430839002231,0.0066893424036280884,-0.006311413454270583,0.0007936507936508131
32,4,-0.0006046863189720419,-0.0012471655328798108,0.0003779289493575292,0.00037792894935751657,0.0003779289493575183,0.0007180650037792853
32,5,-0.041136695906432756,0.0029605263157894738,-0.17224049707602293,-0.02911184210526316,0.17085160818713535,-0.022331871345029303
32,Aggregated,-0.011908953260069789,0.0016431449159957003,-0.048998903054968186,-0.007662397690274038,0.051577115716384715,-0.005925508003057315
32,Centralized,-0.012428993410588491,0.0016700749829584142,-0.05116450806634847,-0.008026584867075673,0.053675301067939114,-0.006220177232447175
33,0,0.0009043927648578827,-0.0005813953488372104,-0.002002583979328169,-0.003100775193798455,0.0025193798449612446,0.002260981912144707
33,1,0.0046863189720332595,0.00015117157974300354,-0.0007936507936507945,0.0006802721088435381,0.00015117157974302097,0.0019274376417233524
33,2,0.00022675736961450533,0.0008314436885865435,-3.779289493572313e-05,3.779289493577679e-05,-0.0036659108087679715,-0.0019274376417233552
33,3,-0.0004535147392290162,0.002796674225245649,-0.0049130763416477775,0.0015873015873015934,-0.01715797430083142,-0.0045351473922902365
33,4,0.0011337868480725617,0.0019652305366590957,-0.0018896447467876012,0.0012471655328798264,-0.0024565381708239065,-1.1102230246251566e-17
33,5,0.021984649122807003,-0.0062317251461988556,-0.0038925438596491193,-0.07529239766081865,0.18790204678362585,-0.02797880116959056
33,Aggregated,0.007496471299537307,-0.001038179476895645,-0.0025093037276846214,-0.022214414844384474,0.05278492499001843,-0.008832359066193783
33,Centralized,0.007753919563735527,-0.0011247443762781146,-0.0025335151102022385,-0.02314246762099521,0.055152238127698136,-0.009179731879118334
34,0,-0.00432816537467701,0.0016149870801033621,-0.0006459948320413448,-0.0003875968992248069,0.002002583979328169,0.001744186046511631
34,1,0.00011337868480724865,3.7792894935771546e-05,-0.006084656084656129,0.006991685563114115,-0.0001511715797429943,-0.005442176870748284
34,2,-0.004308390022675733,0.005479969765684039,-0.007482993197278868,0.008654572940287203,0.002154195011337874,-0.004497354497354485
34,3,-0.007142857142857141,0.01080876795162504,9.25185853854297e-18,0.011640211640211654,-0.015684051398337118,0.002645502645502628
34,4,-0.009221466364323474,0.007823129251700704,-0.0024565381708238883,0.00684051398337112,-0.0074074074074073955,-0.00011337868480725697
34,5,-0.0972953216374266,-0.004440789473684192,-0.04601608187134468,-0.007766812865497136,0.1245796783625731,0.04848318713450294
34,Aggregated,-0.03256738035119203,0.002502737251826998,-0.016233581446278657,0.0028455872479442182,0.034150639229556426,0.013501303099173582
34,Centralized,-0.03371392865257891,0.0023915019313792297,-0.016768916155419162,0.0026812088161781377,0.03573051579186549,0.014110429447852818
35,0,0.00012919896640826897,0.004005167958656338,-0.001227390180878555,-0.0009043927648578827,-0.003940568475452203,0.0019379844961240345
35,1,8.326672684688674e-18,0.0029478458049886653,0.0007558578987150283,0.0012849584278155615,-0.007634164777021946,0.002645502645502653
35,2,0.0009070294784580528,0.007067271352985655,-0.004195011337868511,0.0050642479213907675,-0.011904761904761887,0.003061224489795911
35,3,0.002872260015117144,0.01224489795918367,0.0011337868480725587,0.001058201058201073,-0.014550264550264548,0.004043839758125485
35,4,0.004837490551776254,0.004648526077097485,0.0026832955404384054,0.004006046863189716,-0.018102796674225253,0.00192743764172336
35,5,-0.07394005847953236,-0.011001461988304,-0.049707602339181325,-0.011147660818713465,0.12602339181286526,0.029641812865497084
35,Aggregated,-0.020741587966797582,0.001185425680874043,-0.014890007486127874,-0.001671380679051127,0.029295122604329385,0.010803887866558958
35,Centralized,-0.021676891615541934,0.0009770506703022275,-0.015502158600318085,-0.0018291297432401826,0.030981595092024576,0.011139513746875659
36,0,0.0012919896640826896,-0.002583979328165379,-0.0012919896640826896,-0.010077519379844978,0.007622739018087869,0.0011627906976744208
36,1,0.0009826152683295583,-0.0017384731670445862,0.004081632653061206,-0.0064247921390778355,-0.0025321239606953877,0.00109599395313682
36,2,0.0010204081632653053,-0.0050264550264550656,0.0056689342403627675,-0.009032501889644747,0.0018518518518518398,0.0009826152683295583
36,3,0.003854875283446711,0.01326530612244894,0.0041572184429327485,-0.010052910052910057,-0.01012849584278159,0.0011715797430083311
36,4,0.004799697656840498,0.009826152683295532,0.001020408163265335,-0.006613756613756599,-0.00030234315948601077,0.00034013605442177096
36,5,-0.009137426900584817,0.006505847953216346,-0.04385964912280697,-0.12920321637426901,0.09745979532163744,0.03766447368421053
36,Aggregated,-0.000984167790791273,0.0041907219146881175,-0.01093402033406396,-0.044381571535832984,0.028095184796043757,0.011894528157149115
36,Centralized,-0.0011247443762781146,0.004249034310383991,-0.011503067484662607,-0.04587593728698021,0.029294478527607304,0.012349466030447665
37,0,0.0003229974160206724,0.001744186046511631,-0.002260981912144707,0.0019379844961240345,0.007170542635658928,-0.005038759689922489
37,1,0.0027966742252456397,0.004232804232804219,-0.0034391534391534375,0.0010959939531368134,0.000642479213907778,-0.00759637188208619
37,2,0.0011715797430083294,0.0027588813303099143,-0.0013227513227513272,0.0005291005291005439,0.00011337868480727116,-0.005517762660619783
37,3,0.008881330309901696,0.008578987150415723,-0.001020408163265309,-0.0037792894935752045,-0.013265306122449003,-0.0016628873771730901
37,4,0.0049508692365835116,0.002910052910052874,0.0002645502645502562,-0.002569916855631139,-0.009070294784580492,-0.0032879818594104436
37,5,-0.009557748538011716,-0.01946271929824563,-0.028015350877192816,-0.05539108187134467,0.11218932748538,0.004623538011695893
37,Aggregated,-0.00011071586952791663,-0.0028320673622160616,-0.009409763144256256,-0.017071683749115024,0.030854422162830526,-0.0018367847811388816
37,Centralized,-0.0002669847761872284,-0.0031186094069529657,-0.0097364235401045,-0.017757327880027277,0.03225971370143145,-0.0017211997273346908
38,0,-0.0009689922480620172,-0.005232558139534893,0.001227390180878555,-0.0016149870801033621,0.003617571059431531,0.002971576227390186
38,1,-0.0011715797430083006,0.003552532123960682,0.0004157218442932783,0.0017384731670445938,0.0024943310657596527,0.002040816326530618
38,2,-0.002040816326530621,-0.00075585789871504,0.004572940287225998,0.00404383975812545,0.0024565381708238805,0.0007936507936507817
38,3,0.0027588813303099013,0.0014361300075585997,-0.0010959939531368147,0.006386999244142097,-0.000415721844293269,1.850371707708594e-17
38,4,0.0019652305366590975,3.7792894935745336e-05,0.002305366591080885,0.0004535147392290088,-0.0016628873771730934,0.001436130007558567
38,5,-0.08720760233918104,0.02616959064327481,0.010087719298245607,-0.10705409356725136,0.11624634502923996,0.051626461988304166
38,Aggregated,-0.025884746371967134,0.007978229954463487,0.004067913514123708,-0.030174401094892774,0.03546291938301502,0.01633162150718134
38,Centralized,-0.026965462394910416,0.008316291751874585,0.004175187457396035,-0.031521245171551915,0.036883662803908264,0.01695069302431272
39,0,0.0017441860465116272,0.004457364341085276,-0.014728682170542665,0.0021963824289405686,0.0028423772609819137,0.0034883720930232584
39,1,0.0011715797430083164,0.006991685563114099,-0.018367346938775453,0.0010959939531367936,-0.002607709750566911,0.0026455026455026367
39,2,0.005668934240362835,0.006500377928949358,-0.016439909297052135,0.0023431594860166428,-0.006046863189720302,0.005706727135298582
39,3,0.008692365835222942,0.009221466364323439,-0.014096749811035468,-0.00272108843537416,-0.023507180650037807,0.006538170823885123
39,4,0.003061224489795914,0.007445200302343154,-0.009750566893423985,0.0015873015873015804,-0.016288737717309102,0.004875283446712008
39,5,-0.006231725146198785,-0.05268640350877175,-0.09486476608187135,-0.1741228070175436,0.174305555555555,0.04614400584795326
39,Aggregated,0.001133788312336154,-0.010717949868576448,-0.03860440465637858,-0.05141055641424688,0.04489938290132318,0.017103756185051742
39,Centralized,0.0010111338332197386,-0.011451942740286252,-0.0395989547830041,-0.053584412633492305,0.04714837536923414,0.01762099522835723
40,0,0.002002583979328169,-0.011563307493540077,0.00012919896640826897,0.003100775193798455,0.0025193798449612446,0.0038113695090439344
40,1,0.0067271352985638555,-0.013000755857898715,0.006009070294784594,0.004346182917611472,-0.004157218442932719,0.002343159486016645
40,2,0.002532123960695387,-0.015117157974300858,0.0023053665910808484,0.0015495086923658188,-0.0042705971277399975,0.001662887377173089
40,3,0.001095993953136822,-0.00812547241118667,-0.002569916855631122,0.004875283446712037,-0.011980347694633426,0.007634164777021913
40,4,0.0055555555555555506,-0.003968253968254,-0.0010204081632653036,0.004950869236583505,-0.0019652305366591296,-0.0012849584278155626
40,5,-0.0872441520467839,-0.10111476608187114,0.009557748538011689,-0.033845029239765935,0.2510782163742694,0.0405153508771932
40,Aggregated,-0.023428078546113992,-0.037368107804140724,0.0035839800782462013,-0.00741951470703786,0.07175401535507665,0.014020078233505987
40,Centralized,-0.02455123835491936,-0.03849125198818453,0.003692342649397868,-0.007884571688252682,0.07490343103840055,0.014485344239945495
41,0,-0.001227390180878555,-0.002260981912144707,-0.005878552971576237,0.00245478036175711,0.002131782945736438,-0.002971576227390186
41,1,0.0008314436885865374,-0.007067271352985633,-0.0034391534391534392,0.0029100529100528974,-0.003476946334089179,-0.003363567649281947
41,2,0.0038170823885109455,-0.0018896447467875931,0.0012471655328798123,0.0025699168556311525,0.00256991685563114,-0.0015117157974300734
41,3,0.007294028722600134,0.008238851095993911,0.009486016628873774,-0.0017384731670445847,-0.0040060468631897255,0.003401360544217672
41,4,0.0053287981859410465,0.0016250944822373233,0.004988662131519244,0.00022675736961451457,-0.0017762660619803565,0.0009448223733937944
41,5,0.028636695906432783,-0.0737573099415203,-0.05319809941520452,-0.003581871345029255,0.12397660818713417,0.0042397660818713385
41,Aggregated,0.011064307456143709,-0.02208192541319809,-0.014546723378369753,-0.00023813471653075024,0.03617625160664422,0.0009107891972028999
41,Centralized,0.011389456941604188,-0.02298909338786644,-0.015206771188366192,-0.0003010679391047522,0.03771870029538737,0.0009770506703022355
42,0,-0.001744186046511631,-0.008850129198966423,0.00012919896640826897,0.003100775193798455,6.459948320413448e-05,0.0034237726098191273
42,1,-0.004421768707482999,0.0003401360544217663,0.010166288737717315,0.005253212396069525,0.004195011337868466,-0.00419501133786848
42,2,-0.0023431594860166354,-0.003212396069538922,0.004950869236583531,0.003174603174603191,-0.00011337868480723801,-0.004724111866968998
42,3,-0.00018896447467873408,-0.008238851095993946,0.005668934240362817,0.0017006802721088435,-0.009939531368102801,-0.0048752834467120035
42,4,0.0020786092214663825,-0.007256235827664404,0.0021919879062736194,-0.0007180650037792893,-0.007218442932728614,-0.004950869236583518
42,5,-0.028435672514619936,-0.010288742690058523,-0.0630665204678365,-0.012682748538011768,0.11414473684210531,-0.02160087719298243
42,Aggregated,-0.009389686900259495,-0.00668448232386635,-0.015308628115712784,-0.0020654986903031586,0.03207849839403257,-0.008986683794280567
42,Centralized,-0.009725062485798725,-0.0067371052033628935,-0.01613837764144521,-0.0022551692797091955,0.0335207907293797,-0.009230856623494708
43,0,0.001227390180878555,-0.003488372093023262,0.0005813953488372104,-0.0012919896640826896,0.0056201550387597,0.001227390180878555
43,1,-0.006878306878306869,-0.00022675736961449237,0.004459561602418744,-0.0002267573696145118,0.005177626606198047,-0.011375661375661374
43,2,-0.002229780801209384,0.00374149659863945,0.0025321239606953777,-0.0015873015873015927,0.008578987150415725,-0.004232804232804245
43,3,0.004724111866969011,0.0033257747543461915,0.00532879818594107,0.0030234315948601473,0.0005668934240362538,-0.012433862433862406
43,4,0.0010204081632652906,0.005744520030234289,0.004270597127739999,0.005177626606198009,-0.0017384731670446018,-0.005404383975812569
43,5,-0.007766812865497071,-0.01737938596491234,-0.03848684210526319,-0.021527777777777903,0.0889254385964914,0.040095029239765954
43,Aggregated,-0.002717187589960695,-0.0035908221757440595,-0.008904579134437072,-0.0055706621834279366,0.028973731712181615,0.006983305173277391
43,Centralized,-0.002811860940695292,-0.0038173142467620947,-0.00941831401954102,-0.005845262440354463,0.03002726653033397,0.007543740059077492
44,0,-0.0032299741602067242,0.004651162790697683,-0.0023255813953488415,0.0021963824289405725,0.0038113695090439344,0.0026485788113695136
44,1,0.0027588813303099182,0.0029100529100529026,0.0030234315948601616,0.0013983371126228235,0.0022675736961451096,-0.0010204081632653164
44,2,0.004459561602418736,0.000340136054421758,-0.0024187452758881356,-0.0025699168556311547,-0.0007180650037792891,-0.0013605442176870782
44,3,0.009712773998488293,0.00706727135298567,-0.0009070294784580491,-0.002267573696145101,-0.006575963718820858,-0.0047619047619047485
44,4,0.004761904761904761,0.003930461073318225,-0.00015117157974300354,-0.0014361300075585726,-0.004535147392290241,-0.000302343159486012
44,5,-0.010617690058479463,-0.13512426900584865,-0.1865862573099412,0.021436403508772014,0.17086988304093606,0.023793859649122825
44,Aggregated,-0.00016147936556075502,-0.037726363024538696,-0.05596718551684677,0.005857059934479277,0.04988803916634155,0.0062107622965081564
44,Centralized,-0.00032379004771641417,-0.03945126107702802,-0.058270847534650956,0.006123608270847523,0.05201090661213364,0.006509884117246077
45,0,0.002842377260981917,0.0015503875968992276,-0.001356589147286824,-0.0036821705426356654,0.004457364341085279,6.459948320413448e-05
45,1,-0.0006424792139077919,0.002910052910052896,0.003476946334089158,-0.0001889644746787572,-0.0012849584278155693,0.0002645502645502692
45,2,0.0006046863189720382,0.00026455026455026175,0.004421768707482978,0.002267573696145116,-0.0029100529100529082,-0.00011337868480727856
45,3,0.00748299319727888,0.0008692365835223,0.004761904761904768,0.0023809523809523734,-0.007256235827664396,-0.003703703703703718
45,4,0.0011715797430082997,0.0022297808012093703,0.0032123960695389082,-0.0007180650037792928,-0.005555555555555551,-0.002607709750566896
45,5,0.042763157894736836,-0.05299707602339175,-0.022825292397660867,-0.023885233918128704,0.13861476608187176,0.037847222222222254
45,Aggregated,0.014336733612211865,-0.014717467234074647,-0.004518658546832009,-0.006897553098982292,0.0391872825957086,0.010362360014110821
45,Centralized,0.01483753692342647,-0.01539422858441261,-0.004828448079981815,-0.007185866848443513,0.04092251760963413,0.010844126334923862
46,0,0.0011627906976744208,-0.0027777777777777827,-0.00245478036175711,-0.0032945736434108587,0.004651162790697683,0.002713178294573648
46,1,0.000264550264550271,-0.0016250944822373491,-0.001209372637944043,-0.003061224489795929,-0.006198034769463334,0.0004913076341647748
46,2,0.004081632653061198,-0.0026077097505668822,-0.0008314436885865547,-0.0035903250188964483,-0.00045351473922902453,-0.0034013605442176674
46,3,0.00362811791383219,-0.006046863189720337,-0.004497354497354511,-0.00842781557067274,-0.010619803476946379,0.0032879818594104024
46,4,0.005895691609977328,-0.002872260015117133,0.00030234315948601267,-0.005064247921390769,-0.00260770975056689,-0.0001889644746787526
46,5,-0.027668128654970783,-0.019992690058479517,-0.06129385964912278,0.06156798245614036,0.11134868421052654,-0.07931286549707546
46,Aggregated,-0.006036869593930604,-0.008226213610138016,-0.019468470770898475,0.015001482401555438,0.03063042638488257,-0.023390813916541527
46,Centralized,-0.006413315155646482,-0.008435582822085879,-0.02020563508293564,0.015820268120881643,0.03203249261531464,-0.02438650306748468
47,0,-0.0007751937984496138,-0.002583979328165379,0.00025839793281653793,-0.006072351421188641,0.0033591731266149932,0.0019379844961240345
47,1,-3.7007434154171884e-18,0.002721088435374132,0.0027210884353741378,0.0015873015873015793,0.0011715797430082977,0.0008692365835222944
47,2,-0.0032501889644746536,0.0011715797430083188,0.004383975812547244,0.0011337868480725507,-0.00045351473922901434,0.003817082388510941
47,3,0.004610733182161784,0.0016628873771730945,0.006311413454270595,-0.002947845804988637,-0.0018518518518518686,0.005820105820105807
47,4,-0.0013983371126228235,-0.0030612244897959126,0.004421768707483013,-0.003287981859410407,-0.003930461073318186,0.004988662131519261
47,5,-0.1404605263157889,-0.010252192982456138,0.00328947368421051,-0.03958333333333325,0.14546783625731058,0.03605628654970765
47,Aggregated,-0.041995448622898945,-0.002917767809411407,0.003723139475661341,-0.012908188124722952,0.042950682622015915,0.013299713803731624
47,Centralized,-0.04373437855032936,-0.00303908202681209,0.003726425812315364,-0.01336628039082028,0.04475119291070209,0.013707112019995386
48,0,-0.004198966408268741,0.00045219638242894136,-0.004198966408268741,0.0027777777777777827,0.007558139534883735,-0.002390180878552976
48,1,-0.011980347694633346,0.003892668178382465,-0.004761904761904735,0.003212396069538919,0.007294028722600145,-0.004459561602418739
48,2,-0.009334845049130807,0.0011715797430083296,0.00037792894935754215,0.004308390022675736,0.005479969765684055,-0.004270597127739962
48,3,-0.002758881330309898,0.0065381708238851245,0.0026077097505668796,0.0066137566137566195,-0.0030612244897959117,-0.0008692365835222982
48,4,-0.00147392290249435,0.0036659108087679364,0.00566893424036277,0.0068027210884353375,-0.003174603174603172,0.0021164021164020914
48,5,-0.06005116959064284,-0.01737938596491229,-0.02660818713450289,0.013706140350877187,0.07070540935672512,0.03826754385964915
48,Aggregated,-0.022200554474862775,-0.002818817741757423,-0.007734778865298612,0.007536176091302838,0.022793646143905402,0.010060018284249895
48,Centralized,-0.02287548284480795,-0.003067484662576694,-0.008054987502840215,0.00765167007498299,0.023625312428993447,0.010560099977277911
49,0,0.0007105943152454793,0.0008397932816537483,0.0005813953488372104,-0.00025839793281653793,0.0009043927648578827,0.0010981912144702862
49,1,0.0043083900226757255,-0.001284958427815576,0.009750566893424024,0.0017762660619803617,-0.0025321239606953625,-0.0029478458049886566
49,2,0.0052910052910052656,0.0013227513227513051,0.009032501889644752,-0.0015873015873015912,-0.0004157218442932823,-0.0068405139833711435
49,3,0.006273620559334853,0.002154195011337882,0.015192743764172328,0.0036281179138321954,-0.012282690854119453,-0.001360544217687085
49,4,-0.00022675736961450161,0.002607709750566888,0.004950869236583535,-0.00026455026455026544,-0.005895691609977306,-0.0034391534391534206
49,5,-0.05476973684210491,0.005007309941520447,-0.10414839181286537,-0.031706871345029156,0.1329678362573101,0.00550073099415203
49,Aggregated,-0.013895987412003633,0.002302985040367179,-0.025097442244593374,-0.008945012109204724,0.0365469736616373,-0.0004796403662085103
49,Centralized,-0.014610315837309717,0.0023517382413088,-0.02647125653260619,-0.009344467166553051,0.038235628266303084,-0.0003862758463985239
50,0,0.0019379844961240345,0.0009043927648578827,-0.0034237726098191273,-0.0011627906976744208,0.00045219638242894136,0.0012919896640826896
50,1,0.0018896447467876014,-1.295260195396016e-17,0.00113378684807256,0.002154195011337873,-0.005442176870748307,-0.0020030234315948636
50,2,0.0009070294784580342,0.002758881330309886,0.0001511715797430276,0.0019274376417233563,-0.0031368102796674124,-0.0026077097505668926
50,3,-0.0006046863189720382,0.0006802721088435322,0.005366591080876769,-0.002191987906273618,-0.011866969009826176,-0.004988662131519284
50,4,0.0009826152683295205,-0.0006802721088435308,0.004837490551776254,0.000566893424036267,-0.010544217687074859,0.0003023431594859855
50,5,-0.10864400584795315,0.04290935672514598,-0.007913011695906453,0.006542397660818702,0.10520833333333315,0.01123903508771928
50,Aggregated,-0.031760825644990665,0.013309295037705315,-0.0009267501520231616,0.002219549705015784,0.026718148275346937,0.002056806065938785
50,Centralized,-0.03312315382867527,0.013832083617359712,-0.0010338559418313902,0.0023006134969325207,0.028084526244035422,0.00220972506248582
