Round,Evaluator,4,2,1,3,5,0
0,0,,,,,,
0,1,,,,,,
0,2,,,,,,
0,3,,,,,,
0,4,,,,,,
0,5,,,,,,
0,Aggregated,,,,,,
0,Centralized,,,,,,
1,0,-0.0594406692374086,0.06080358641924683,0.03255767782868772,0.04695556852467942,0.06880930904442348,-0.02802152618083024
1,1,-0.015489059187404787,0.11008785408277541,0.08017591354369363,0.08958964274183666,0.2045541575221024,-0.12365225845991099
1,2,-0.016719189711349062,0.11921472498597913,0.07872196832610891,0.0919836901709805,0.19829580973708233,-0.12676826984583725
1,3,-0.014951059233511347,0.11644167411909302,0.07379940342653592,0.09227797946846579,0.1890926641265755,-0.12004323659972226
1,4,-0.012345034721390221,0.1167064273885694,0.08098827978708356,0.08952179829753339,0.19680361949617042,-0.11793130033865268
1,5,-0.02463062895689389,0.08051263629772439,0.06227010729726125,0.06073207858878532,0.22468778433296097,-0.10172161288006484
1,Aggregated,-0.021894762614088147,0.10008577785370354,0.06937396465813037,0.0778118648070008,0.19356114094183874,-0.10734628000894458
1,Centralized,-0.026037450751345413,0.09466963776231221,0.0628986439532497,0.07201346600737807,0.22507411610632547,-0.11200845298046494
2,0,0.01912292170486966,0.01759389836134738,0.039340143466101055,0.043239349721467125,0.03244792593634515,0.034510991920928824
2,1,0.03685100571664949,0.032299756586350155,0.05213219927841242,0.06133060166278427,0.046687792447655856,0.00039861947801821427
2,2,0.03621715422846684,0.0443794401536995,0.060365314505639193,0.07491634522723759,0.04729514423946525,0.007445233685500467
2,3,0.04318257583914979,0.04953494600227989,0.0663112031304989,0.0729349684241123,0.041524533220110856,0.013481342179366005
2,4,0.03655128579283908,0.04473970366801267,0.060850526285665285,0.07085818696882402,0.030949958911995704,0.011180023439717251
2,5,0.004864004601444781,-0.008371872441476198,0.03480403186635014,-0.01638438588968722,0.18064886959998788,-0.008113765084544453
2,Aggregated,0.02649333944524771,0.02516777112758193,0.05052449395760809,0.04175947451951927,0.0822621417114765,0.005711628084803124
2,Centralized,0.016301628206117053,0.008288657846636342,0.04807268822206258,0.023362147965149686,0.14590090656675245,1.4585489478254209e-05
3,0,0.006408624165817176,-0.03243281177036287,0.0239924613684454,-0.0016047722515042063,0.055653965962091996,-0.010888060464889666
3,1,0.007009099421552588,-0.029991977052308456,0.011409988067467132,0.0018828558516044492,0.03641934054728844,-0.03134786773831807
3,2,-0.000607981043797713,-0.02073453131457111,0.012402163713558796,0.006151976678145443,0.03218445529361995,-0.03631008306801369
3,3,0.0001610888454757499,-0.012293697873180048,0.010969125482459744,0.004998410066566656,0.023257584116647224,-0.0314029740675985
3,4,0.0016501009418771486,-0.01886606054298399,0.01199054133567169,0.007077426867232407,0.022820288784366507,-0.02554861483810205
3,5,-0.04299953556570934,-0.05445156628134573,-0.010256222857735734,-0.019541619426671285,0.14268474078811394,-0.026194211872622174
3,Aggregated,-0.010990710764196193,-0.031714850835598545,0.006276231566335997,-0.002915972970431657,0.06518331845964505,-0.027804901878459125
3,Centralized,-0.02541937856260865,-0.03578762666229708,8.118006454815555e-06,-0.01504547173752008,0.107096658980517,-0.028521716810791124
4,0,0.023872302542295963,-0.037222907973275356,-0.020621964761113006,0.00629473967846821,0.0267464122159803,0.007760617521702864
4,1,0.029685225305076626,-0.03392642029781959,-0.011980834047593349,0.030164938719328,0.042915435843114864,0.0034185622466910235
4,2,0.026662303495012644,-0.025790367130800816,-0.01430555288169601,0.020811441601628008,0.029831900243478256,0.000869945136803213
4,3,0.02132071780965382,-0.018145499181459822,-0.007453296623664703,0.024609539095512417,0.03550953294146018,-0.004961844932444492
4,4,0.02190543195693505,-0.023401415766379153,-0.005841801553550917,0.022946962947491083,0.028131007196673587,-0.0005878562146985968
4,5,-0.021130074025622555,-0.06436373371595142,-0.03900683238906636,-0.024736643104534314,0.19585849703089953,0.0017867899625754328
4,Aggregated,0.011064312167880539,-0.03806661619639632,-0.019571916756199598,0.008209273307345739,0.08169464670625184,0.0010564065130885124
4,Centralized,-0.010329411892904518,-0.0559766651595149,-0.02990522929016593,-0.00141503005410317,0.14131134755879035,-0.0010711282334925586
5,0,-0.03095578959687857,0.004260260843989972,-0.00461787922366067,0.008880426418867927,0.021891851659127697,0.0074259080277223315
5,1,-0.06262773931638274,0.01259791096466062,0.00921195573335239,0.016453024891239353,0.016706170686019206,0.010635925497595882
5,2,-0.035485181895417425,0.007520239406034354,0.007221729639327504,0.01351223370576349,0.012357547620668966,0.004572498241707575
5,3,-0.04428799547816431,0.009662157493023444,0.0068007208539285135,0.014682104453655986,-0.003534818416679809,0.006691722651824547
5,4,-0.04008418945404086,0.01128456780491124,0.007516844680490066,0.00992871166498603,0.00867157686074598,0.006176538688851959
5,5,-0.0351272338506828,-0.038321969110635935,-0.020152755247309473,0.014768763733622042,0.26741326575505703,-0.01812112847398976
5,Aggregated,-0.04113775356472777,-0.004787741841516159,-0.0017550025829104763,0.01354061353253638,0.08703349157146476,-0.0004460671580285855
5,Centralized,-0.04581890056753269,-0.012624680667558138,-0.0026796749971376636,0.011622086564233476,0.1916878848965465,-0.002263011040378745
6,0,0.003747617484933644,0.0059489905070151125,-0.003875688191746249,0.0034795369656347615,0.010859213094641582,4.918296500681744e-05
6,1,0.005453700529088888,0.015466522890423858,-0.008562992472494747,0.002746764958957875,0.011097475245634274,0.0005257932055198703
6,2,0.00029325645192064266,0.008292658693711022,-0.005022650301493708,8.499492129211786e-05,0.005965035487408426,-0.001138737724621049
6,3,0.003090997902926975,0.015320763092707931,0.003420609658168858,-0.00013900125897170644,0.008505390185349628,0.0061450534269908135
6,4,0.0015377124004855916,0.009058885594424422,0.0009909478198140236,0.004655065797253951,0.0065637547432628295,0.0021402203256345054
6,5,-0.0693235565284564,-0.048433361607732914,-0.049708009246618265,-0.043093962291483934,0.1982699448380537,-0.003938847507800014
6,Aggregated,-0.018762386273901706,-0.0065719688219677734,-0.016589462031399552,-0.011420572265876172,0.06506667515799566,-2.0858349182443277e-06
6,Centralized,-0.053356477970330995,-0.030739116288626755,-0.03332317457255346,-0.04230066399205333,0.14389407351230807,0.001609886616029012
7,0,0.0009703862840188454,-0.0019972766676654985,-0.0058217679558514165,0.005170976963948586,0.0022732812231500516,0.002334321336410398
7,1,0.004271613422413947,0.004174486283450133,-0.015466737053586364,0.01134165919386994,0.016070191162735517,-0.0028122096206178657
7,2,0.005274257404580841,0.006381503273817383,-0.009611657716969925,0.006157271534136583,0.013060678968897638,-0.008018564658697198
7,3,0.0012383008670589397,0.01373453239898077,-0.013448612727102533,-0.005590471717930955,0.011981501561276644,-0.011608064241184062
7,4,0.0033132497038623576,0.00986002584272339,-0.008875528716353838,0.0010425508100416411,0.009885015407123526,-0.005717175200465119
7,5,-0.0453553464322874,-0.0308502567790654,-0.05506127176239579,-0.04883535464341352,0.11679867370466193,-0.025972591658428964
7,Aggregated,-0.011298427953849574,-0.00418808116768844,-0.02419048095748988,-0.01212446099183909,0.04283564061451721,-0.011825481922979641
7,Centralized,-0.03807855974698421,-0.020484207122846834,-0.05270073763988117,-0.03490078370648497,0.10532732641837635,-0.021152552770673076
8,0,0.001552168841251016,0.0020605945217367534,-0.0009131813374594955,0.0022031823310581316,-0.00028691854095791615,-0.0023222459650270905
8,1,0.009267762551481248,0.010591685096583906,0.003411418336369793,0.002118889670817763,-0.006818654822044131,-0.0005013850702495844
8,2,0.006266685354583547,0.008324829433994468,0.0023142650253953623,0.0008752496732296537,-0.009764760353795343,-0.004595404592385861
8,3,0.0076421385548163245,0.0012421911649007967,-0.001544971925413334,-0.0034323679646145588,-0.0009757147194685049,0.002109009687748425
8,4,0.005492486186520702,-0.00046891500178000977,-0.005076788852068012,-0.00172982953825733,-0.003938554166925488,0.0008216786038673466
8,5,-0.018776602764222165,-0.025277872797398165,-0.008690323538183836,-0.00868632372709925,0.21305210124483193,0.014702277512714183
8,Aggregated,-0.0010928254133703763,-0.004354145526811659,-0.002814176118358811,-0.0027195267871204607,0.060280470198884106,0.003843616658322007
8,Centralized,-0.00875747461089064,-0.01679439722426165,-0.0014814582270792603,-0.01551575927394996,0.1599947070458337,0.01534248550217594
9,0,0.0026066744366173666,0.003960823612571398,0.003998337230977341,-0.000529283235730361,-0.01770172832630657,-0.007810231626771396
9,1,0.0010250028012332064,0.012034689163624194,0.0017148493539022845,-0.0031834055979667324,-0.05307326558664759,-0.021548933202365325
9,2,-0.0014363150724213075,0.01309728063721753,0.0040360814075928375,-0.0001027368479878801,-0.03851635260214551,-0.010951247290485895
9,3,0.0026371947081924377,0.016366042647986554,0.0012563207985750607,0.003234034276758545,-0.04431910647153082,-0.008779959346823133
9,4,0.007606550695000646,0.013760577311994654,0.0013789786608490592,0.003288539170078964,-0.03757794564321841,-0.012300409717533661
9,5,-0.04721111267347923,-0.025286208601307435,-0.011299568750590572,-0.07052098074598778,0.10210272128122275,0.016761389261795896
9,Aggregated,-0.012351197782431985,0.0012373683150450365,-0.0017260161713702166,-0.020601599490239174,0.0024089191152984134,-0.003880625800406181
9,Centralized,-0.04073020367097054,-0.010791178372047449,-0.010058453139225983,-0.04735407289843955,0.046674339909709914,0.010788858272550356
10,0,0.004962925494205093,0.0010008219630630384,0.0029702018895330622,-0.011758147780894035,0.007788909287749779,0.003503126813317751
10,1,0.010706886934843443,0.00516101957723146,0.009616334639400622,-0.013875857112372245,0.023311768713890714,0.008297159202123337
10,2,0.012263922540198514,-0.0003658007250146404,0.004371390633618257,-0.012450913549141887,0.020128102643783456,0.006420970423394588
10,3,0.013850885304194442,0.009787460163429181,0.003995298585863807,-0.006786912909735301,0.005484192380195363,0.0029199316846124225
10,4,0.012741556836408605,0.0071410646129304095,0.0046948438484026465,-0.01027960382642567,0.007708201291895273,0.0030656177677849624
10,5,-0.0036000763920593687,-0.07588274368376151,-0.04917072765360165,-0.09227559190871173,0.18587051881589273,0.025288955275355938
10,Aggregated,0.006933943045076851,-0.019244186326131323,-0.010945524080739094,-0.03523287298972905,0.06481589835269576,0.011024155711965087
10,Centralized,0.010568447869792939,-0.0452774176411004,-0.03624882083286981,-0.06675195259156264,0.1306432486388597,0.020094408060556738
11,0,0.0037636726163482732,-0.0008164457833768078,-0.0008432501726786378,0.00671471638091083,-0.006857719983494428,0.0006314612163933567
11,1,0.007158376761757037,-0.0069671096263889615,-0.00892860678533686,0.020148834717679573,-0.015049139443455704,-0.004218208229134377
11,2,0.009036804526979282,-0.0028081596186641743,-0.007390542573354396,0.014769325311317891,-0.016623773575920087,-0.0014849281061973835
11,3,-0.0011098639087264732,-0.001229289691076733,-0.001870797054406137,0.008816229490640298,-0.016779423209639398,-0.0037861504985242335
11,4,0.001909593248923268,-0.004511608505294677,-0.004155781525178216,0.010866683206348713,-0.009441945506472317,-0.002482416172321358
11,5,-0.0008422699523034221,-0.07896269348275643,-0.01673663850262082,-0.02210858129364934,0.19635047606096248,-0.023729179976981117
11,Aggregated,0.0026846910305779216,-0.02600429534057213,-0.008476849765497441,0.002339340119070952,0.04914552291828367,-0.008847270106188803
11,Centralized,-0.0007741534853101309,-0.0529414347533231,-0.00793569616317463,-0.010237477911314208,0.12642736616129585,-0.021320206324099714
12,0,0.0044091682260242295,0.0008233450064584805,0.002127516850564371,0.0025465373838249507,-0.005349691655845623,0.00076104688159524
12,1,0.01410678929095127,0.005119424266206944,0.0036951676307779334,0.005476657344767787,0.0030874047242381852,0.0007504988117226351
12,2,0.014527914320052585,0.003197841195576587,0.001663405935588021,0.008515427706766655,-0.004010185826390988,-0.0006140248971208166
12,3,0.011781464082264747,0.012115772287636618,0.0030311021587241687,0.005115243599790673,-0.0081842685358131,0.0007614792593593859
12,4,0.005860056659594397,0.008917906702364524,0.004270109076429729,0.006572896984332934,-0.013109371300740748,-0.0005014282831318177
12,5,-0.06547599145843548,-0.044884636597294,-0.03482750185767114,0.007634151113810699,0.1719482066304679,0.0400978260753238
12,Aggregated,-0.012083767370594758,-0.00884765309875412,-0.008268925251365876,0.006425355689125106,0.04743751567768079,0.012097123873218221
12,Centralized,-0.03990413492128423,-0.02191907200820712,-0.02384290047444562,0.010069381052337704,0.09921365190282341,0.02614553698020716
13,0,-0.0030255450011252077,-0.0004746069147373938,-0.004555341584732257,0.0016652731446934312,6.86060425138459e-05,-0.00048292267491051034
13,1,-0.012260306976820233,-0.003003892816066886,0.00035702605264800643,0.006505201474410992,-0.006124621831225093,-0.003038971331751528
13,2,-0.010700459197195108,0.001328855372384363,-0.0017569178101104201,0.005802409230944832,-0.004320816141782608,-0.002575275788440997
13,3,-0.011465673670254304,-0.007421892873237052,-0.0006203821986624203,0.009152280356771582,-0.008160818623628417,-0.0009690467112132765
13,4,-0.004310339141410546,0.0003864300962844273,0.0018064399942098303,0.0051217567263949475,-0.005530726024231158,-8.239793679348425e-05
13,5,-0.1196670995065536,-0.05915263643228367,-0.07061299167453476,-0.0574154963556061,0.19102741823539812,0.0183703535022976
13,Aggregated,-0.04189312889980986,-0.019023953395198606,-0.021525789544836874,-0.012931588048628265,0.05333822512049341,0.004422323640232392
13,Centralized,-0.07120499133444784,-0.05057816821975992,-0.047049286214930326,-0.033833733426773156,0.12111794596946328,0.015332804648925495
14,0,-0.0011835862513509127,0.004570734454505617,0.0005802811530072487,-0.0011757827811486833,0.0012290350131354748,-0.00133350285919324
14,1,-0.013690524746902891,0.012741682756287865,-0.0007685798277454775,0.0043335072337062274,0.005391773859571363,-0.012696218739846676
14,2,-0.01356538133604711,0.011453731363859293,-0.003043345960004134,0.007460648924592203,0.0035760579207298397,-0.010690881537575147
14,3,-0.008946918307714265,0.009037958712388367,0.004879287333690209,0.004083885232979825,0.006369801625707783,-0.007470399350464013
14,4,-0.0074734650090457185,0.005992816398214578,0.0030471958654669927,0.006557227767787852,0.0070354518915095995,-0.006138349514001514
14,5,-0.04441889169398004,-0.0052072304069509575,-0.0036555278790686937,-0.002506262534504137,0.14761255980398777,-0.00856226218261925
14,Aggregated,-0.0200192329916466,0.0048433279677158846,-0.00041060272661233176,0.002561651976926378,0.04757444114937471,-0.008314447287916565
14,Centralized,-0.03214618278131044,-0.001171141138712916,-0.0039013383840166343,-8.239615241392409e-06,0.09088981310228016,-0.0027831536247747966
15,0,-0.00021865538568746252,0.0005674330068150689,-0.00034073090777916035,0.0002778820059643102,-0.00010237462991695531,0.0027231430287106844
15,1,0.0051853441650094225,0.0049423380105788305,0.0021972303968888682,0.005100441011167812,-0.0011614829478433601,5.7447456577451134e-05
15,2,0.004493136097010012,0.0023278492105071134,0.0022342068774744207,0.007064153461942793,-0.0037440908972282694,0.0025769260662047706
15,3,0.004637617518627582,0.006422649999792903,-0.0038747371672599095,0.004545610425840817,-0.001469037210432389,-0.00021800264929476657
15,4,0.00104536543989181,0.0010835737306403173,-0.002314149829132968,0.005180006333440428,-0.000812351532429288,-0.0012439218923059195
15,5,-0.029669705897196315,-0.06045457512233085,-0.03248354139326712,-0.06101150482461126,0.1481016015706847,0.01231302536683766
15,Aggregated,-0.0065343155451302645,-0.015738253596703267,-0.009993353818592121,-0.014847371829607024,0.04309423987509731,0.004104246404967655
15,Centralized,-0.015488312579090913,-0.03921392736234516,-0.026382958442002582,-0.029588508437566104,0.09541063751290159,0.012392338835650267
16,0,-0.005538134552663639,0.0012821793971878493,-0.00034068849906180687,0.0027781340409219067,0.00285016241975742,0.002145208265456138
16,1,-0.015552388820291863,0.003682901020503152,0.0043551750670006726,0.010211443198058199,-0.008693935888297252,0.002284476694102709
16,2,-0.01268803763592468,0.0027932202846191,0.0013567067625326833,0.007955790258199502,-0.002436523305233778,0.004242389781910234
16,3,-0.005591065283853403,0.003195219775892278,-0.0029228190496708045,0.0003640497170781986,-0.0051339047872752735,0.003625723666919068
16,4,-0.006723743082862551,0.00234397531781781,-0.0012453543335352768,0.00512317482131749,-0.007263364327890089,0.002262473244062069
16,5,-0.019858548736545002,-0.05732714390366237,-0.04898643635982615,-0.0688820224872792,0.12795056088619233,0.015295741506247877
16,Aggregated,-0.012615461360043757,-0.015159690256587933,-0.014415453351009334,-0.016696971824424065,0.034863126132508936,0.006653917945194762
16,Centralized,-0.015205557667907007,-0.04025633139103905,-0.03191527744192298,-0.0429125481334929,0.08094308818199966,0.014090640218765384
17,0,-0.0033986669832794243,-0.0007242422631185454,-0.00048349631935324565,0.00014121050416473861,0.00089541567246735,0.00039291831752126066
17,1,-0.005783550442557415,7.900005424169236e-05,0.007247750729806169,0.0033005319085358045,-0.006495767768950565,0.002452562072009448
17,2,-0.009013974066227988,-0.002945033552781762,0.006240083970954386,0.0057554346794550845,-0.009587267647321086,0.0030158338460891795
17,3,-0.005104893626731034,0.0038308204323818157,0.0051910328386923655,0.004207428558938133,-0.008289620102721575,0.0023954821633213764
17,4,-0.0025116390358361916,0.001242152544925308,-0.00095227332336336,0.004329083381699471,-0.002106892553920041,0.004863007294591128
17,5,-0.030926062236039584,-0.01351639377988896,0.0007640747702763114,-0.0025337179846019087,0.14049255369242378,-0.004877696998117581
17,Aggregated,-0.01295740720814466,-0.003764286167584415,0.0028840822077668814,0.001937055570130351,0.0379762096406349,0.0005194661152953862
17,Centralized,-0.023739074419683922,-0.0059781941706562244,-0.0005108206305229321,0.004880474362452945,0.07327330843460102,0.0015787342587063205
18,0,0.0006412171438888586,-0.0009170922492136792,9.420140872906657e-07,-0.0007498297867148247,0.0021654541430625126,-0.001140691265110158
18,1,-0.005921432662822437,0.0004351453141760787,0.0043503779918945005,-0.003746015970898184,-0.005152618066159333,-0.0006309476524367561
18,2,-0.002094963940338648,-0.0008435159830919858,0.0071096732909854635,-0.004689891775255809,-0.006827824196123743,-0.0028893339999980124
18,3,-0.0009109099808060942,-0.003846893940522169,0.0054923584345624625,0.0027843741298384456,-0.016695834136883875,-0.0015042804676518504
18,4,-1.5002828973979347e-05,-0.0020497666201309867,0.004735460873110402,0.0022855477823514278,-0.014892817773838267,-0.005214918759805181
18,5,-0.040317631100325095,-0.07453207558792295,-0.03683491591938564,-0.0004968904677461994,0.09866801110397783,0.0028699921362361313
18,Aggregated,-0.013335410156375904,-0.023288020570092927,-0.007688600512039158,-0.0007302051489600348,0.02300782524372769,-0.0008086050821577809
18,Centralized,-0.028356131397855908,-0.06209236145845157,-0.015762986840313017,0.008687289092849583,0.05452857528085072,0.0048071751219885776
19,0,0.00011728880182185023,0.0013804522090861183,0.0007567666337732167,-0.0029982050570936713,0.0025895910983578666,0.0002653351993182821
19,1,0.004338160187926089,0.0029136930184500936,0.009644576725643369,-0.005935624967349618,0.006518439106998564,-0.0009361460127410719
19,2,0.0030963260798750757,0.005577015810053017,0.008639888093088646,-0.005457083032135801,0.006081657773173397,0.002327188153189035
19,3,0.004636339920812284,0.006048457475998733,0.009786080142104383,-0.002002835836776784,0.007092703887486612,-0.0013669266259799717
19,4,0.0028505057187236975,0.002393087342601879,0.0016207873831951707,0.001972261565659043,0.008821414830474546,-0.002657743706714878
19,5,-0.028001759640668547,-0.036482061127937865,-0.03154428154555025,-0.08885533059819915,0.17535328531199734,-0.0024887807625338476
19,Aggregated,-0.006072632023036324,-0.008180656230875348,-0.004820712490648109,-0.02853414872099522,0.05691422216906704,-0.0011195106124792355
19,Centralized,-0.011435591189566576,-0.021543495293854083,-0.018910295158340567,-0.056421903173300675,0.12531067577120125,-0.003350927995237186
20,0,-0.0011651106324118154,0.0007769794521283422,-0.0009108314016854931,-0.0014942187002451102,0.002502836453640193,0.0003576944679746323
20,1,-0.005328559766790029,0.0007985450445794518,-0.0023251648537749464,0.002219668304600803,0.002644629644292306,0.0015695378593957624
20,2,-0.003065653996647354,0.004471966840543598,-0.001756396487320935,-0.0004262872805109724,0.0017173842864336775,0.0024305690885229776
20,3,-0.007676083808622674,0.0005491916901774067,-0.0018551012448394899,0.0010229177286928256,-0.0008990721299869562,0.0011589172849450313
20,4,-0.001409672275650352,0.00246877484669739,-0.006347244038350356,0.0015046178799877966,-0.003398206927209218,0.0023867572903417547
20,5,-0.031535183971315744,-0.03934557373134857,-0.1005757719588894,-0.0523413434958693,0.159852082744935,0.031999431685672756
20,Aggregated,-0.012181618709714756,-0.010407716157360053,-0.031970648945595974,-0.015099891802714953,0.04794589843151693,0.010732286308275087
20,Centralized,-0.03130772841140853,-0.02668111541172039,-0.06708066630076602,-0.03136181304868308,0.11106114977522724,0.02264762967042254
21,0,-0.0023392793971158355,0.0006354075045563401,-0.0009878159139869054,-0.0021923335929630787,0.0038635892640820958,8.047352135928665e-05
21,1,-0.004312285698555702,0.0067745075197396375,-0.0017929235941459975,-0.00375821391130036,-0.001520532526985278,0.00036173269058277225
21,2,-0.007028475453200693,0.004838099854481049,-0.002709507373360894,-0.0037824747843725817,-0.001999119015025047,-0.002307800904927288
21,3,0.0016000004235274974,0.004155230182124445,-0.0003703209347887019,-0.0043575055487574815,-0.008056499829290116,0.0006877218605111442
21,4,0.0034257137201772615,0.0015325880619805805,-0.0023085791027413253,-0.0023823918936987172,-0.002696478751116947,-0.002267552214790823
21,5,-0.018005980112895215,-0.023994592944946404,-0.007516464635720211,-0.038319131335972104,0.12307083054751515,0.056562320895482375
21,Aggregated,-0.0065513053997717525,-0.004466548752597877,-0.0034282847174818454,-0.013813440656154308,0.03491025696187226,0.016350389037245353
21,Centralized,-0.007821546220903414,-0.017078106834110596,-0.0010781374999490894,-0.028341043352016933,0.061370548021880425,0.03455884180054989
22,0,-0.0076617014493991905,-0.0004778389634981128,-0.0010324531687785634,0.0009399521696620214,0.003444030385748893,0.0015898219183743153
22,1,-0.003660581378959497,-0.0005792448922934568,0.001219088577165129,0.0004603554008874303,0.0052594881413251205,0.0018273204089948912
22,2,-0.004024892714853596,-0.0022652472985335063,0.0014653234149301672,0.002082443360973113,0.004850648711073836,0.0005814455230019074
22,3,-0.0018979519337961135,0.004966602373651709,0.000358408196642566,0.0019697089162440846,-0.002921608966963269,0.0013279397070495786
22,4,-0.00788874598446322,0.005272303831988054,0.003809570066523262,0.004159940300136102,0.0025941391367177154,0.0016079983358521436
22,5,-0.04950382498803414,-0.047517747921467395,-0.011685218932225395,-0.023553196284485944,0.1015888141074224,0.020595790151546254
22,Aggregated,-0.01814169050190921,-0.013098441271554696,-0.002538481415801764,-0.005621210258554204,0.03212540415145154,0.007107284574382607
22,Centralized,-0.03311134849019241,-0.023847065327599795,-0.0036588469311836496,-0.009072618846900277,0.05599810484349987,0.01450505995694097
23,0,0.000885920525386015,0.0023560737816275337,0.0009234856568084898,-0.006130411612876484,0.0016059158663620336,0.002187939216642264
23,1,-0.005220053670242316,0.006338190038749225,0.00264715068776835,-0.01785441814599751,0.0008724472453923194,0.004994344725158508
23,2,-0.0015931259345083903,0.0016817166974307126,-0.0003163386964345291,-0.014205249734218557,0.001931587599255445,0.005849139221855748
23,3,-0.00686287867132624,0.001943472192731223,0.000831791143455111,-0.0069144285270110895,-0.0037810227747657075,0.0036930753255804095
23,4,-0.0036719252654658315,0.0014711533231402674,0.0018554387409105292,-0.00790422174358012,-0.002837605722154524,0.003869592345693962
23,5,-0.034200991766071324,-0.03345393630693809,-0.004884256599594265,-0.030022115667104585,0.07692930070861692,0.02665404380619394
23,Aggregated,-0.01276803258523191,-0.008024605152430347,-0.0006080193080658388,-0.016666522017013477,0.022525214689982642,0.010960297145501553
23,Centralized,-0.027250526408824444,-0.022460266261357345,-0.0013336050899107228,-0.02015387762202898,0.04072336259937453,0.021416085035262687
24,0,0.0010353567912733768,0.002551571428208176,-0.004540729050786559,-9.46974074173342e-05,0.0031190060275538044,0.002196022585779696
24,1,0.005552895726916654,-0.0010048627696563747,-0.002368359044318399,0.0017785548617759478,0.004071278866221499,0.001430089536091837
24,2,0.004331542036773894,-0.003648548889514052,0.0008984221232069841,0.0010667137468252522,0.003370742108397396,0.0019119774726153627
24,3,0.010574338923831821,0.004354253070170016,-0.004697779628591072,0.002644605186495054,-0.0002796541331012055,-0.001237116122957819
24,4,0.0013535901851254284,0.0012604789687620899,-0.0031841030859125325,0.0017060066765455268,0.0020094800428971586,-0.0005362190412553684
24,5,-0.04163250835255147,-0.07470495954575379,0.002317205387033593,-0.03325518234006495,0.10032093087447515,0.03967626221847194
24,Aggregated,-0.009006056260123605,-0.02191288495063881,-0.0011517284589868033,-0.008836933912386217,0.03162400874352126,0.012282162696725956
24,Centralized,-0.013551296026835614,-0.055476853170230565,0.004191920810130633,-0.017255254420178903,0.0647107390825762,0.022552679768856713
25,0,-0.0003255856465719575,0.00010422629244924616,-0.0024639719655991685,-0.00107397038648427,0.003307415656732844,-0.0005071374901954555
25,1,-0.0013750314784232887,0.0017601102579392865,-0.0009597417402305319,-7.664848025827712e-05,-0.0015148845094137729,-0.0005108690028542436
25,2,0.0014009682241925097,-0.0026921182443428162,0.0044199892844931435,-0.003997957517012102,0.005128163130980412,-0.0008594354604380683
25,3,0.000840655969163906,0.002344875587602539,0.003215188112288298,-0.0017190969944792522,-0.005058872587331711,-0.004425176900647207
25,4,0.000772612176980941,0.004997565002948518,0.005176842108967788,-0.0014804610323072545,-0.003537373971366241,-0.002150713640926607
25,5,-0.04349440057589859,-0.051304400935414655,-0.010858089170775112,-0.03707053791357816,0.10503472389129112,-0.0011654862052433118
25,Aggregated,-0.012760500649563933,-0.014324766721089139,-0.0016618572720809072,-0.012270318121325096,0.030891666990832997,-0.0016051558956025678
25,Centralized,-0.028378675718223573,-0.02593066551405417,-0.000902059619475203,-0.028453924647693047,0.06520699678792577,-0.0031665680582555946
26,0,-0.00482715837799105,0.00041335027047963526,0.0005217125796492614,0.0013504245452144355,0.003984014006983993,0.0005332948989736871
26,1,-0.010704419776794172,0.0015609143184550274,0.006728633218018231,0.003438753607506448,0.0022741080898204587,0.001099997585738758
26,2,-0.014201662933554205,0.006517417581493178,0.005067783180165173,0.00252782905102444,0.0042363472133369745,-0.002030743063440085
26,3,-0.004915653757892597,0.005328789648386524,0.005545276704479565,0.006570688649157585,0.0030559856751998164,-0.0027952860615045563
26,4,-0.0033787129442582504,0.003133061240317945,0.0014783875888175128,0.003114124084194286,-0.002116574643394568,-0.0004491398736051662
26,5,0.020138352753683787,-0.0046169420554800465,-0.029514651376443737,-0.03377417068351539,0.11655143206894962,-0.021455689397324174
26,Aggregated,0.0005070088661114083,0.0011801178608583788,-0.005892885787198839,-0.007570433393824202,0.036285135058773184,-0.006990040479682093
26,Centralized,0.009294975588694002,-0.0016087076265211434,-0.01081974158131123,-0.017303713705222455,0.06311255119503252,-0.011191808022404562
27,0,-0.0005929591481983872,-0.0006970053938596019,-0.0030335648087676773,0.0017812560190921675,-0.0015562453406569982,0.0001501077337715262
27,1,0.0013015449568564172,0.0009608074755413014,-0.0026472855268087894,0.0008350737807108784,0.003228964616588749,-0.0017452936583358003
27,2,-0.0001639807809434938,-0.0006987382061409716,-2.407458652946189e-05,0.0020163216034615665,-0.0005863188753087167,-0.00041540095932018537
27,3,-0.002359210881069623,0.003714547337240901,-0.00470451056627573,0.0031109874501436363,-0.010345609819711945,-0.0009657496779509241
27,4,-0.001049077228752454,0.0008648285298326582,-0.0022215459913096963,0.0013250844285889333,-0.006188116102673695,-0.0015883357443245872
27,5,-0.002727023781300365,-0.06393356659845052,-0.0066367516703548495,0.004423744635999127,0.08989455000511012,-0.0015220454400585455
27,Aggregated,-0.0012144328868597758,-0.018406626756668782,-0.0037223951384230286,0.0025946132653813744,0.02456789064573444,-0.0011586847560964403
27,Centralized,-0.0018621472829865083,-0.04103254900348468,-0.005960576126434077,0.007972535148659478,0.04248084710661967,0.0003585734682008562
28,0,-0.001980947189597702,-0.001556134477253332,-0.0013171066985921658,0.0008555264937183433,0.003777873989042547,-0.00098330017360656
28,1,-0.005268133795481743,-0.00950578834450961,0.00038560789302066035,0.0020550170179587076,0.006053256161179887,-0.004041265257778356
28,2,-0.002162763857756939,-0.004958992437878563,-0.0017139124019237765,0.00373464343245541,0.005185959052174735,-0.003116734449252735
28,3,-0.001279191965654058,0.002788318162953898,-0.0010517121808034991,0.009586358421543708,0.004696120856767585,-0.0053525825210765515
28,4,0.0005192953225706343,-0.0005962646266520637,0.0004996022651725218,0.004468937422947968,-0.0005303093566019009,-0.0046681221303453806
28,5,-0.03540735188345618,-0.017048829450402658,-0.04264545182140914,-0.04462141222682937,0.13463319865524787,-0.018643342095702068
28,Aggregated,-0.011997211081481014,-0.00710111899043618,-0.013134744093741237,-0.010214355081138608,0.042874311373085686,-0.00827159567983928
28,Centralized,-0.025674975821560184,-0.0032088813021832543,-0.03152619758676842,-0.01894668634235906,0.0857822435749817,-0.01587880201908893
29,0,-0.00011214311388913766,-0.0011571869344551336,0.0054468656220853645,-0.0063809610889594545,-0.006948335252849182,0.002977514810761117
29,1,-0.007462379276142613,-0.0064575155913894795,0.006382786524631066,-0.0058381886979953675,-0.019284145103179717,0.004064904745671342
29,2,-0.007019301288953023,-0.009579188041115906,0.0052306205547210105,-0.010526299875468634,-0.01392156837892284,-0.0004647300453339646
29,3,-0.005290466464236015,-0.0030699395779456616,0.004537784130054596,-0.0027585622270864738,-0.01853323045255057,0.0027687480779848357
29,4,-0.0009247921229167177,-0.003187844903774905,0.0019290236240878302,-0.006836518348622816,-0.01472663447446929,0.0015550986205708443
29,5,-0.026991129293653725,-0.02928334462209916,-0.03070877185192128,0.0008850661021758753,0.04650306017747442,0.02360401422101959
29,Aggregated,-0.011218563813636192,-0.012242347061414069,-0.005908010820228632,-0.004278911319153294,0.003111736242755214,0.008525902878791226
29,Centralized,-0.017139977432808078,-0.018529930788468138,-0.013630263498047879,0.0009130432108899923,0.015873032262093422,0.013907033743920808
30,0,0.001776682064439957,0.00029001829295309626,0.001865267459824012,0.0012143857244759013,0.00025194757929768256,0.0006452990729712368
30,1,0.0064718631931081705,0.002046872321884332,0.006110691914905728,0.011448034492374182,0.00025353773536840687,-0.000396496555348654
30,2,0.0073724639505704116,0.005784338886268837,0.007934784370136751,0.011383286087242098,-0.0010910107185203837,-0.0005484279485252412
30,3,0.00793171636743391,0.00927852246945538,0.0021368030950918116,0.00739597617871506,-0.0028062850126070603,-0.003959287696202687
30,4,0.007459058571013135,0.006457776484025051,0.006284640739261093,0.0023280164682209425,0.0038545006667336508,0.002523217490193509
30,5,0.01303524399243575,-0.015834471300447954,-0.065366448853085,0.005063394315516647,0.06154095288314009,-0.0021585237738105624
30,Aggregated,0.008507848579842558,-0.0011083423873906974,-0.01591286401661784,0.0065827767155336525,0.018421260487385734,-0.0009474403975698278
30,Centralized,0.01343963879512061,-0.0032765885023625023,-0.0453264878658485,0.006055972761614508,0.03693607593121595,-0.00021381226317572591
31,0,0.00015006760364807506,-0.002139718379276047,-0.0008847054765993201,0.0004151739464674712,0.0019955418099662585,0.0005942862591381015
31,1,0.0040087224734893555,-0.000667848069130759,-0.005656520248579483,0.002325828850575108,0.0011086846801866927,-0.0009312674583964657
31,2,0.0027879674755368973,0.0015013157440367996,-0.004622058350853849,-0.000748600852085977,0.0003842289561862111,-0.002256148198296787
31,3,-0.006151886819220456,0.002268189012065944,0.004390729296763114,0.0023725935526089726,-0.004965166008632686,-2.8304650498081927e-06
31,4,-0.0004888523023836037,-0.00019879797186047414,0.002272770048298898,0.002255162358491445,-0.0009016828536210848,-0.0023997359020926684
31,5,0.0022802973208637975,-0.017190555758613786,0.0051208311473357575,-0.047459509432824176,0.08247083113494792,0.002190379028621752
31,Aggregated,0.0007181097986233663,-0.0048852265028511265,0.0008959350009068395,-0.01317995846428338,0.02412969504906635,-0.00014316504513230835
31,Centralized,-0.003070142750852989,-0.007063818933161233,0.007203279791823975,-0.02734728322508467,0.04260581848416286,0.0018936851148655582
32,0,0.0007373345362746438,0.0002068509747160302,0.00029200293875078867,-0.0008791944902846267,0.0024693732796256785,0.0011926403268358089
32,1,0.0004908120929148663,0.0008945794040929415,4.407996979318522e-05,0.0007956881843169339,0.0020361031150444497,0.0012501758982785473
32,2,0.000942284210424064,0.0005702896606477399,0.0018643183358938375,-0.0013462998368070488,0.008044192437660583,0.00036275934346652696
32,3,-0.0015965835085081151,0.0016167041539089742,0.003570947114047409,0.0030051019703813053,-0.0005495681286164141,1.4087620945574253e-05
32,4,-0.001019789095838832,-0.0016202370485896458,-0.0008574571839672103,-0.00039611471761003735,0.002036144611265791,0.00020823502849327916
32,5,-0.023061115310909836,0.0013638253493523953,-0.10408840998138844,-0.019030730006777245,0.10619178460609512,-0.006399373868972848
32,Aggregated,-0.0069945371628705785,0.0006487104765092381,-0.03033250044300145,-0.005446868965018898,0.03368107384267238,-0.0015202663634153613
32,Centralized,-0.013403559248156217,0.004133967554173278,-0.07088137238378568,-0.0080042041398091,0.06874939617503227,-0.005159816998416253
33,0,8.485042418191202e-05,-0.0006580762720784783,-0.0014587661227089704,-0.0011007449157013117,0.000656832138787758,0.0006851615170765528
33,1,0.003895475771769903,-0.0005041422951341356,-0.001119933705140099,0.00020151265440457495,0.004294347092770807,0.001562098135571407
33,2,0.0004939903878530272,1.1594632498357349e-05,-0.00019974428651281702,-0.0014187208105279107,0.000713810307546244,-0.0023903297978706403
33,3,-0.00043821790423066075,0.0015372733798838945,-0.004549224505299486,0.0006728033390159926,-0.005963888942822209,-0.003956407210227234
33,4,0.0007281224230723655,0.00041083945132088797,-0.0027692624032528185,-0.000381317535824958,0.0019959346137000686,-0.00025970431380840654
33,5,0.011292002312251161,-0.004022142057934253,0.0013878429170342721,-0.05718605038659718,0.11577549438674357,-0.015349235102424707
33,Aggregated,0.004090636976831537,-0.0010392478697835667,-0.0010362885655908088,-0.017308769240065632,0.034770394321357166,-0.005286084278143343
33,Centralized,0.010065038841094878,-0.0004000590753916477,-0.0007171059778344809,-0.03293229730877572,0.06318548696649054,-0.010110980004861334
34,0,-0.0021576568505901014,0.001169712400213682,-0.0008856526306674688,-7.8439109182001e-08,0.001592431772236411,0.00028124374791666055
34,1,-0.0005315730185054331,-0.00024105604656833498,-0.007042084022635563,0.004997356698540754,0.004083928329471923,-0.004202592233045999
34,2,-0.0038327906579102605,0.004218035811850252,-0.007827181824284666,0.006764945796099659,0.006446931974380408,-0.004275933000679448
34,3,-0.007243044301766371,0.007255086627372664,-0.0015289986409474617,0.007294340616476921,-0.005320968832082922,0.001509286350620496
34,4,-0.008604442514664735,0.006807890605462515,-0.0033657820693554523,0.0052763635221100644,-0.002167200153453458,0.0007637300425288611
34,5,-0.048936927533852655,-0.006740830169348374,-0.026736102279478105,-0.009517998360024075,0.08247017689630329,0.0246825861482932
34,Aggregated,-0.017882578562770604,0.0008444802511403755,-0.011071625748823768,0.0008665934532514323,0.025222256725894683,0.00644665302406993
34,Centralized,-0.04257323142016142,0.002812242023396877,-0.018548882118705843,0.0038289119963361646,0.041392131846712185,0.017698350425196976
35,0,0.0002529418848277565,0.001690417390346181,-0.0006470324779304703,-8.545065529683057e-05,-0.0021302303361277635,0.000919354194181123
35,1,-0.0018161411691024162,0.0014023589423651681,-0.000869185417217591,-0.0003346155914817699,-0.0006686632512548841,0.002286246486691495
35,2,-0.0009694312093119846,0.004839147571150671,-0.004927815887211234,0.003892444180305131,-0.005841147952583107,0.002502168815190253
35,3,-1.1576291579808625e-05,0.007172262860316146,-7.180987553313903e-05,0.0003611907224463547,-0.005834484545666216,0.002579967999622555
35,4,0.00198880707719313,0.0026398188346926097,0.0004445874544976118,0.002048342036177764,-0.009598611187274458,0.0015266462260138426
35,5,-0.04057152334182814,-0.013598561458612556,-0.029022433112150938,-0.006887619551344517,0.08091329925294043,0.015489014475234859
35,Aggregated,-0.012207770149980028,-0.0014567282421613795,-0.009547300301999781,-0.0011542593332048204,0.020607988177349434,0.006062336359491932
35,Centralized,-0.02544502019284692,5.267030170518633e-05,-0.016256638245837524,-0.0010944925835296414,0.03448629144294992,0.012715246794924261
36,0,0.0008035195207291845,-0.0008969042539883269,-0.0007788456213533788,-0.004330757384457991,0.002442518302816641,0.0006117695476437026
36,1,0.00026600551870057575,-0.0025711122973355637,0.0025564977995224396,-0.007039716383553092,0.0009896812059509172,0.0017702504298285982
36,2,0.0003271171282696513,-0.005378009005034771,0.004266928150182272,-0.008343341479940541,0.00413746054359292,0.00130142586844146
36,3,0.0020744774695108472,0.008976008637001225,0.0026804977393630252,-0.010579907122389941,-0.0021671935557677643,0.0016320797743326358
36,4,0.0034227059332603937,0.007834216037439624,0.0003753608083706913,-0.007359671790596563,0.0011231220492687562,0.00155373886506126
36,5,-0.011080314731848437,-0.00451584917267873,-0.02186509867532753,-0.08488495463844832,0.06351661545590341,0.02377795745833619
36,Aggregated,-0.002304835222194338,-8.037724889243966e-05,-0.005091988485955151,-0.030808410329426557,0.019802717708960423,0.008105866244747947
36,Centralized,-0.00035010120038380543,0.005297561299291122,-0.012158061039806035,-0.0541246714184695,0.03319430446369887,0.01465523264258129
37,0,-5.6029810025240434e-05,0.0006116614029895004,-0.0010037804941281806,0.0015682189737590304,0.0031535943816176273,-0.002311993202713315
37,1,0.001264404669761685,0.0028150107176370715,-0.004161204163599764,-0.00027419257690969496,0.004725910784478921,-0.008006571786184446
37,2,-0.00027591579372749736,0.0016181033371629424,-0.0015986986806798757,0.0001527557000914158,0.004273859779829306,-0.005876505402897758
37,3,0.005138788299272303,0.005297587104747554,-0.001892904088374124,-0.004086925963812593,-0.00334882754912461,-0.0030596609520858417
37,4,0.004102019112904063,0.0019264711136924742,-0.00035594206229110174,-0.0028901338325163024,-0.004137536906883551,-0.0035980376400809124
37,5,-0.009658166761160615,-0.015369828210143386,-0.021843714801963437,-0.026618531676394826,0.07886589666301291,-7.604904797093365e-06
37,Aggregated,-0.0013290743601556902,-0.0027545531508583803,-0.007831555121275962,-0.008880783521671109,0.024057526251445503,-0.0033447266778447553
37,Centralized,-0.0009575222924779605,-0.004545143961134734,-0.010525870508466397,-0.019192020399262284,0.035958122749140856,-0.0009572407572858497
38,0,-7.959668967533751e-05,-0.001953212705724359,0.00016692511870629683,-0.0008729348295755196,0.0017354719983732074,0.0011903757450064446
38,1,-0.002109509803523718,0.0031640762227136262,-0.0003338698786149896,0.000573905468229365,0.004016924695682176,0.0024555664551646297
38,2,-0.0031340085716654365,-0.0006282889740624557,0.0035136310095293622,0.002142651372321869,0.0034792602563513916,0.0009851611538050679
38,3,-0.0004504111197269792,0.000971007615485762,-0.0014008803583291018,0.0026939947032978318,0.0017846234955245165,0.000817154025755971
38,4,3.382489101397453e-05,-0.00032827502458881443,0.0013920558259953792,-0.001344107724353479,0.0007057906687334951,0.0016487111064587036
38,5,-0.0559029739686822,0.016281815612095744,0.006370267986686135,-0.07362554338029946,0.07925912112825784,0.034878593995601025
38,Aggregated,-0.017553010612665502,0.005163264604546334,0.0023995798211016908,-0.021433331155238055,0.025335045945155905,0.01141854863105679
38,Centralized,-0.030254229806965387,0.011394246765154208,0.007108382482139104,-0.04381067036726615,0.043176359493164715,0.02033087414716483
39,0,0.00031154989160404043,0.0018419007228850386,-0.006274806401103032,0.0019026172300907146,0.0016403559661132834,0.001526979326532014
39,1,0.0002963616756407735,0.0047483912700040645,-0.017392572128307755,-0.0006822884690182866,0.002402881515385361,0.002202308610283377
39,2,0.004300464512084461,0.004988022055778368,-0.016336945151946943,0.000562853788420035,0.0002453112383193256,0.004952280517666779
39,3,0.00671675627995096,0.006532213507672809,-0.013871386103843546,-0.005931610474450076,-0.011317864429266914,0.005240380405317505
39,4,0.002276931930393054,0.005826855833532248,-0.009345099578420306,-0.000180735642326361,-0.010313152216822045,0.004402066350322228
39,5,-0.00487050129020059,-0.03774742434618587,-0.05265407428977529,-0.09198716545741811,0.11051521181496192,0.024670852292318024
39,Aggregated,0.0006456863253826728,-0.007729141221659262,-0.02496778108805888,-0.028226161678713602,0.030240719585007108,0.010062376634793787
39,Centralized,0.004007607561486953,-0.016027286083989775,-0.04434328797464681,-0.07136795816684331,0.064959167251074,0.022296294785067585
40,0,0.0009373072187124266,-0.003852259652611697,0.00024977442875491566,0.0009344301704083559,0.00040058332625169914,0.0012865201656770018
40,1,0.004125805270263583,-0.012117137453387904,0.005366226969822728,0.002525578729967152,0.001996575640655464,0.0032395640581769493
40,2,0.000838310023889501,-0.014125004483939958,0.002671245085149005,0.00024281924257985062,0.0011433090047612705,0.002268436301189944
40,3,-0.001008123817526214,-0.007914089346112966,-0.0004514682287031964,0.002658808835853877,-0.0004228085978073115,0.005764440117590792
40,4,0.00284624671564382,-0.004568529473710102,-0.0008008504546011652,0.0034684127215715917,0.0035564997138738453,0.0006126927570188733
40,5,-0.042400701127694486,-0.060025193173914124,0.01084169518180357,-0.022058919194809012,0.13044543271965095,0.02081311704109516
40,Aggregated,-0.011531119856730715,-0.024168306400175598,0.004292264091174444,-0.005141775819689001,0.03992208505247748,0.00814061140844979
40,Centralized,-0.03213502323812668,-0.048227114323979345,0.006564133833932763,-0.009875965749501399,0.08976786484417332,0.017238742717745847
41,0,-0.0005998600822873244,-0.0015434915214167584,-0.0022391906383125862,0.0008932455456133426,0.0006181219380763359,-0.0012088534435908847
41,1,0.000160769673255227,-0.008007711600483613,-0.004059437973938315,0.0017154063011322234,0.00014003842485149447,-0.003276020361506171
41,2,0.0023423949953242634,-0.004297685105808893,-0.0008268709467507758,0.0019677990783565124,0.004157502081838983,-0.0015731145524970505
41,3,0.0043383109984006015,0.0017679769649003628,0.004495903777037636,-0.0027377258217454762,0.0016584679504276364,0.0013531389145811702
41,4,0.004028456658209611,-0.0012133639427648131,0.00216824834519978,-0.0007978258607652777,0.0012098568570582076,0.0001745886821885645
41,5,0.015223977261363686,-0.05306723260329328,-0.03446103038051902,0.001863001011792816,0.0798922352970165,0.002572343490023695
41,Aggregated,0.006144085385035802,-0.017769563590059857,-0.010219891642437409,0.0006608100665961128,0.024991266386616903,0.00015024211856182974
41,Centralized,0.013026281577143865,-0.028202072998670034,-0.017270672009800467,0.0010420885330576538,0.04170414213764708,0.0019466457301162005
42,0,-0.0003307595410708007,-0.0020408177130259403,0.0002642871546781657,0.0013111256884426926,-0.00042999997186924467,0.0015264965380160193
42,1,-0.004850870130547103,0.000373354873809099,0.007781519022006484,0.0039991681244413765,0.006532976750441127,-0.003830198743740957
42,2,-0.003061812599072812,-0.0014860944984862571,0.003838908948207282,0.002648903634020918,0.003095195437543832,-0.0042655328999614455
42,3,-0.0022018308957432006,-0.005530810421355438,0.003942517881189071,0.000515739689028775,-0.0020474174966387303,-0.004943219436308973
42,4,0.0007586273079793075,-0.0056155815328316665,0.0013108190580275643,-0.0007560369859206476,-0.003229191576768307,-0.004384940983025513
42,5,-0.02414341476894898,-0.006664962825764698,-0.032264181137704524,-0.0038938191905323986,0.07423425441423182,-0.015078382309452435
42,Aggregated,-0.00866106551014208,-0.004044819651809924,-0.007033685461739766,-6.498569803594463e-05,0.02277736893400318,-0.007013711515945701
42,Centralized,-0.010383325287489474,-0.005476629188452082,-0.01956109458558489,-0.0020009691211798062,0.03723253913659353,-0.01022363675833618
43,0,-0.0004057216814164729,-0.0012197333643993381,0.0002962673168077292,0.00011452837001186082,0.0022466265338939224,-0.00023337446481588032
43,1,-0.007180779780451113,-0.0015226263318916162,0.0021990712129658693,-0.0014714468009873348,0.008493781574933721,-0.007204640563571247
43,2,-0.0033757642900823213,0.0025196335091860916,0.001317719622798865,-0.0021037068879087416,0.009491061288928859,-0.002786890719129086
43,3,0.0017120943984539154,0.0024068611792236955,0.0024941909095902537,0.001488537973321702,0.00725215507325954,-0.006844640164145386
43,4,0.00020921501229197818,0.0036573723535141805,0.002346994850884063,0.0031697675921388796,0.002480952207302394,-0.002498906963308192
43,5,-0.01016907012324743,-0.008275130876221282,-0.020210108471644627,-0.012594871213371335,0.05700521067944472,0.01960872501969023
43,Aggregated,-0.004387760772332142,-0.0015062379869093536,-0.004730756839370278,-0.003583168828228217,0.021442174837903345,0.0028847349202884153
43,Centralized,-0.0029729207019874478,-0.003827020729398397,-0.010104142113367496,-0.005698761322485687,0.030493473504650887,0.007626490338332768
44,0,-0.001937193088306011,0.0020680257956842956,-0.0015410315744948068,0.000812258231832035,0.0016687715180582776,0.0009505914899677643
44,1,0.001148775710168439,0.0011982474850258718,0.0007360368835050868,0.0005589146931572124,0.0033597041166230066,-0.0010576573124785715
44,2,0.0029857721228739383,-0.0009287296105511026,-0.004697047233743266,-0.0026767888833003997,0.001242126823157482,-0.001117186479672914
44,3,0.005058378127628485,0.002409596887648993,-0.006189036581120671,-0.0030742992467677143,-0.0027432947990224093,-0.004084975642232578
44,4,0.002830582685571533,0.0018814193433146853,-0.001805279434613382,-0.001648399222055391,-0.0023988275458260815,-0.0002600904033703095
44,5,-0.01144438365880045,-0.07932868371993738,-0.10320257644789929,0.011634420511849429,0.10056756138214394,0.014885869817384304
44,Aggregated,-0.0017621868653136174,-0.022788997084607063,-0.03276260533059921,0.002504826110216604,0.030084311339021633,0.0035367730387974717
44,Centralized,0.0014856994553657796,-0.052112992578552585,-0.07508197661008464,0.011935294329175165,0.0681090670457703,0.01057831992699745
45,0,0.0008213644129641981,0.0010865647812793179,-0.0008921755721432269,-0.0003768181617609667,0.0015562342043496393,-0.0002938691150779387
45,1,-0.0008349797494259981,0.0018773380548191634,0.0016352091800407062,-0.0008918648772643406,0.0035119862134459475,0.0008728950938382872
45,2,0.0002958211450897826,0.00012126130775268474,0.002587989820046421,0.001164346113509294,0.0012946839071749782,0.0002058728094748478
45,3,0.0059383378631103585,0.000294892908515045,0.002188992865459824,0.0016731494693943913,0.003250880330888495,-0.0020834757530129645
45,4,0.0009219560415493637,0.0011204898559477464,0.0017733136817366958,-0.001349527640103008,-9.720989338583379e-05,-0.0018027689748296696
45,5,0.021486435822298276,-0.024455329291058116,-0.012112115385760396,-0.013302605293852457,0.08326945094848451,0.018976618033571126
45,Aggregated,0.007451011767340584,-0.006678043764318792,-0.0024498541974836423,-0.003913870302151341,0.026206647803943234,0.005208472535334464
45,Centralized,0.01626278457042389,-0.017837897984406863,-0.005566822051159248,-0.00720444279083297,0.04318321754103857,0.012553061768278855
46,0,0.0006111113757074668,-0.00158423502823809,-0.0007511005331556788,-0.0017460894347586181,0.002393172756381207,0.0011381891608523737
46,1,0.0006262878688549356,-0.0011856007195304775,-0.002038094411850873,-0.0022835458360081495,-0.0015413802356715218,-0.0005936599317872604
46,2,0.0031079830043100453,-0.0023383493505062373,-0.0011400525709192755,-0.0022223464139329743,0.0024543357380965958,-0.003892760917085558
46,3,0.0030181195846446665,-0.004292707408077512,-0.00499478981129013,-0.005782963692680581,-0.0030237932920806777,0.00011807681427415395
46,4,0.005343529775298239,-0.0030395226552293944,-0.0008765017461171606,-0.004520175198293592,0.0014001665098586173,-0.001369292380465174
46,5,-0.020873165405334147,-0.02074455029907926,-0.03100676257101487,0.03765940469402526,0.07402203542116695,-0.05341030258179004
46,Aggregated,-0.004330145871516785,-0.007990830080178412,-0.010701380577681356,0.008821784437751883,0.022203027697368986,-0.01670867860392691
46,Centralized,-0.008897286129176379,-0.008731849395983577,-0.02184320832443288,0.020575543354560775,0.03673097106285014,-0.030350635401483465
47,0,-0.00044320696909680066,-0.0009410521803139172,0.00010093021001870428,-0.001737349927472343,0.001466999372422396,0.0006375408552939933
47,1,-0.0022034160781116575,0.001524863104388142,0.0012207068916351778,0.00039079435779909577,0.004875710064763009,0.00025943176111138574
47,2,-0.004835897820072903,0.0011225437056549563,0.0032935375391784914,0.0006887182371307128,0.0026103048664540395,0.002241831960367845
47,3,-0.00037953837012391265,0.0001228198880717235,0.0040468123829115335,-0.0029880436759689767,0.0052017586855781965,0.003645847769904193
47,4,-0.0029965647714104526,-0.0034776803850034765,0.0024752961120013102,-0.0035796757250122564,0.0011514926871677804,0.0034388755035372975
47,5,-0.08578674794898063,-0.004252854249760174,0.002718623461700987,-0.017172033767335882,0.08552538489291076,0.017411311745132364
47,Aggregated,-0.0272293334635384,-0.0014637153869537412,0.0025020056234335186,-0.006120978534359507,0.027767316712665076,0.006715307004993936
47,Centralized,-0.056450839516938855,-0.0013025136341506668,0.00588649789711772,-0.012162170477666812,0.05043643870236975,0.016144628310893645
48,0,-0.0020687144683196154,-2.5391161283181788e-05,-0.00198874327688248,0.0010816930280376734,0.004068202563637552,-0.001109931585710736
48,1,-0.01153386237589444,0.0026001966080839885,-0.005442161982146073,0.0023745850254978107,0.008536484710691461,-0.002937408832288038
48,2,-0.008924305660798878,0.00026348493233734895,-0.0012235996077131078,0.0033369014497843653,0.006878273611182838,-0.003154276207063844
48,3,-0.004783078843569299,0.004079392271070491,0.0002434565773844451,0.00391407725661492,0.001596575685397323,0.00018953511004711024
48,4,-0.002349549536347337,0.002006473766474216,0.0031358303488443723,0.004656540909461524,-0.00035638467168749854,0.0032241120660249545
48,5,-0.035760784457985174,-0.011987334421281037,-0.020126007357560507,0.007161144063183231,0.04843971626992077,0.022295033385495957
48,Aggregated,-0.015066339062919322,-0.0022163217328649075,-0.006690286245721504,0.004412690137530217,0.017368402927946572,0.0061433036253874555
48,Centralized,-0.024631230945833266,-0.003303706018055646,-0.00825823777043244,0.008266475428600588,0.024602764912317943,0.011262966232346296
49,0,0.0003864252125301883,7.571030457565649e-05,-0.00033796538782563946,0.0002435081954123684,0.00044223151749367694,0.00014911369748250673
49,1,0.00262825764569982,-0.0018815943965441748,0.006615161265904807,0.0006785796714761686,0.0007284119760499234,-0.002247807282691751
49,2,0.003570294085445078,0.0008572556273196012,0.005607690435874431,-0.0017150322101331878,0.0021015479136862617,-0.005945043954126012
49,3,0.002972025863578635,0.0009218890735618268,0.007255258044075646,0.0014515779416948125,-0.004843474392869487,-0.001431975325222195
49,4,-0.0010121515744540713,0.0016321928554968016,0.002677849764660092,-0.0005534760956503996,-0.002469425665688089,-0.002567014957105895
49,5,-0.03417731170655949,0.0010411907161746792,-0.06964716403286428,-0.021368588360935765,0.08819107502891763,0.0012854100685630464
49,Aggregated,-0.008921140731819462,0.0005507594992385193,-0.01744082606335333,-0.006375752901825803,0.02567703432972356,-0.001460054706118224
49,Centralized,-0.016830476076901964,0.004740744764246816,-0.036862591148865476,-0.00934487801487192,0.04620034486076505,0.0010424832959866777
50,0,0.0005744607922904321,0.00013183017553837771,-0.0013061806643290133,-0.0003288546655509113,0.000681425740685245,0.00030132332584667336
50,1,-0.00010731952382674326,-0.0001244677319527358,0.00034019933572094395,0.0012619326518629312,-0.0006057281465160346,-0.0016288528795141846
50,2,-0.0004791835714056299,0.0020537663185572867,5.704598363818388e-05,0.0015208067144597012,6.271850728071793e-05,-0.0019760249135263456
50,3,-0.0023832290165867595,0.0002745847084457005,0.0030304986439135804,-0.0015901509936160475,-0.003475126383503794,-0.0029909306540919
50,4,-0.0010266257906364725,-0.0010747573231581617,0.0032885506411546687,-0.0004157815475283377,-0.004934712021440625,0.00039512376208693153
50,5,-0.0573365034048491,0.02343804760057612,-0.00854802424283229,0.003921097770851364,0.06918436639531607,0.006946474227793201
50,Aggregated,-0.017667070115710882,0.007178889221490754,-0.0016481987457705773,0.001258224444180079,0.019345843349699063,0.001156174436535736
50,Centralized,-0.04138040385247123,0.016215281294122405,-0.0003601485919004999,0.004085231536847209,0.031400614973710404,0.003322796529299631
