Round,Evaluator,4,2,1,3,5,0
0,0,,,,,,
0,1,,,,,,
0,2,,,,,,
0,3,,,,,,
0,4,,,,,,
0,5,,,,,,
0,Aggregated,,,,,,
0,Centralized,,,,,,
1,0,-0.15856691870454392,0.15556887180783668,0.10185249211278524,0.1292091069800893,0.22439946005868877,-0.05422319784665411
1,1,-0.0032225415833486938,0.14521938619939204,0.1311239142188191,0.12332393935528807,0.24749287271822318,-0.16018607520979852
1,2,0.003029049067188319,0.15473682598924984,0.12833529063163485,0.1260421367186063,0.24746198496397354,-0.1645028481572011
1,3,-0.0003854105829999129,0.14946711215690292,0.12277676954405435,0.12929543272136637,0.23077764354330593,-0.1553029708615916
1,4,0.0015595855984045783,0.14893347716885127,0.1338809289508495,0.12543454577142374,0.24380932936133481,-0.15405637558869564
1,5,-0.01833462521703021,0.069573326582123,0.0772123741187083,0.05973488482249961,0.21933006208571632,-0.10764434287094932
1,Aggregated,-0.019937633590476803,0.12626087392464644,0.11106037795398496,0.10653463825957243,0.23384713941161248,-0.13371892694906054
1,Centralized,-0.018733098244069876,0.11538357877498637,0.10257003271064767,0.09790839943743863,0.230681242702032,-0.12800847325702486
2,0,0.047164218226346165,0.03844290745307196,0.06953331576381377,0.08745774736615905,0.041134584076580105,0.06269036902369324
2,1,0.04525651971095862,0.04363908227695437,0.05233304978093977,0.07235965619202453,0.031969853962261936,0.00031246669085107894
2,2,0.042637698357204774,0.056424043478127496,0.06250451985999754,0.08755901866841294,0.037089028775667054,0.0054314012708798825
2,3,0.05023466579231409,0.058040501098150496,0.06945418450972964,0.08291232873435435,0.03373777556870253,0.01111806517646921
2,4,0.04165007912054673,0.05223396156428191,0.06311848228372494,0.07935442698423952,0.019166581307765627,0.011832764227577841
2,5,-0.0026429053496862236,-0.020429309042192756,0.01922202158080072,-0.03245392746539141,0.18911296631615424,-0.015692497389444292
2,Aggregated,0.030947527132537817,0.02949115920550601,0.0498380913066442,0.0474602291056076,0.07881015666621718,0.005466683717315729
2,Centralized,0.024699036126493847,0.021431107536839685,0.046612697385556005,0.03709220881583113,0.10235092919388213,0.00347379580646539
3,0,0.011764669901377917,-0.053367465425864874,0.042083350696681524,-0.002341090375089431,0.10247578446108883,-0.020642902694964327
3,1,0.007137642527630489,-0.01968103006118558,0.00516383574348064,0.007625997468097972,0.019643020877247577,-0.03980253993304805
3,2,-0.0029914382209248443,-0.015072770368946718,0.009181534172296004,0.011956546264390782,0.019309477520844023,-0.050027843608609616
3,3,0.0010660751854990652,-0.005016000329612137,0.01040392028650984,0.009322070996497043,0.010360976149828038,-0.04403446427159777
3,4,0.0018171763572897269,-0.014021669650167618,0.011389649369788238,0.011112374985146584,0.01351957588407975,-0.03638141179980213
3,5,-0.04972016710315405,-0.03988178367056622,-0.016913566130556182,-0.02278904909414106,0.14281181354600733,-0.029810439648756803
3,Aggregated,-0.012682908600584963,-0.025016106097737682,0.00433701359355015,-0.0009202862230331692,0.06163781957881723,-0.03673591468231139
3,Centralized,-0.01850232295524745,-0.025607642521581195,0.0016878989145723336,-0.006850253914598909,0.07586409464531617,-0.03495032688486488
4,0,0.05013230170298663,-0.07182237227013702,-0.037223642177787876,0.009480441481964485,0.053044028036709774,0.01573921694232936
4,1,0.031402649057740144,-0.025675438600831515,-0.008880727589614093,0.03812759054876753,0.0414815040002163,0.0005951834870424518
4,2,0.03277031731171134,-0.021834078450766035,-0.014127359065600354,0.028761487346993315,0.030140579549894398,-0.001103356847905838
4,3,0.02622283596693065,-0.013173745376777155,-0.005284573657943489,0.03319304060165889,0.03737303110291508,-0.008023026108230505
4,4,0.026804947451757637,-0.022365522506779714,-0.0033644122882441783,0.030172347887512076,0.02936186760130697,-0.0015977124099421948
4,5,-0.03496480224092762,-0.05786726212120676,-0.034498823689521466,-0.027271336839233162,0.20809799077519459,-0.0038023208520253536
4,Aggregated,0.01204143781534881,-0.03654191626126696,-0.01854950190915758,0.012579201690460118,0.08807121387374778,-0.0012271599496697047
4,Centralized,0.0019892794188729706,-0.04217042210687694,-0.021858477868981405,0.008537966592519628,0.10752339179658854,-0.0025708159552776297
5,0,-0.06627736997353152,0.010822898030259535,-0.011116115794272735,0.018817843055441926,0.04335106726675657,0.01866495866608024
5,1,-0.07137546812238564,0.01770957553605479,0.016214232274947102,0.02085874622559806,0.0034417169279207798,0.012612020832674856
5,2,-0.038918250986767454,0.011955683190575902,0.011827809600146674,0.017703988483235452,0.003171349802839192,0.005641011725631579
5,3,-0.05158889625761737,0.017847949465155923,0.011399780668968127,0.020560900149608357,-0.022768960327752566,0.009658155793916302
5,4,-0.04898273314853936,0.016882886271150657,0.01255634792928152,0.013830474748884072,0.0013997608595314344,0.008103512431669124
5,5,-0.03466884162565372,-0.05849506028224794,-0.025515944169048264,0.008891410458144988,0.3121611894467198,-0.02332335494567417
5,Aggregated,-0.04858028663092519,-0.006648718920105512,-0.0007175775699938937,0.015502423434089274,0.09490726851920829,0.00024667571861041945
5,Centralized,-0.048311639823670295,-0.009553102254996865,-0.001011487876326375,0.012629336654210815,0.1350857033919115,-0.0013670587163225134
6,0,0.009553390698825572,0.014995998907557302,-0.011495709561910096,0.01018612410937888,0.027546298534727398,0.0014411484034321717
6,1,0.008959121983866423,0.022505391185553832,-0.011764653519864556,0.004684581774824116,0.007532067558475719,0.0010868021428829253
6,2,0.0017097390284729612,0.01343662773647943,-0.006673108338648707,0.0014761899051276724,0.00016859951663468394,-0.0006099715996188507
6,3,0.008040671830232956,0.025559773053145513,0.005868646098127419,0.0020497010886564118,3.665484832310637e-05,0.009651074037841705
6,4,0.004362944544572377,0.01512633686231409,0.0009736689944349914,0.0077671095791210345,0.0030425205867914656,0.0036629567819848902
6,5,-0.09965226597237026,-0.061042959393575194,-0.05245452223980343,-0.06456214171939938,0.23437267831263173,-0.0028255717294493536
6,Aggregated,-0.02534404619633979,-0.005160925740115184,-0.018480355759586283,-0.015894526069402982,0.07412612644496135,0.0013906028731748205
6,Centralized,-0.03913249854050777,-0.015566458410898959,-0.024726321409831824,-0.029175443218245344,0.10398842873631732,0.0014870352381702646
7,0,0.0009865079631357762,-0.007481084835725087,-0.012812210211840279,0.01295503635105919,0.008849249284754326,0.009067301034459792
7,1,0.007669434251310752,0.0072459142295772435,-0.01989335717589299,0.015473993679159203,0.019532563403647403,-0.004700637702412247
7,2,0.008869941052437665,0.009700363989335166,-0.010746142994579367,0.009090035202734307,0.01499462761076903,-0.01191027376460569
7,3,0.003399666722101982,0.02015970938051743,-0.015832989677772257,-0.0056545970015904334,0.009760887297387805,-0.01710306679102687
7,4,0.00542699308499002,0.014146219412682254,-0.011702378774173159,0.0031185880408082624,0.011826204239173622,-0.008515921996920911
7,5,-0.05075827210212162,-0.028147720945876444,-0.06028159452892849,-0.050328218985707364,0.13574660838608255,-0.027347686457786742
7,Aggregated,-0.011192603576280087,-0.0012815900749616914,-0.02803387331644828,-0.01046964494421782,0.04987602308000216,-0.013759404261463022
7,Centralized,-0.021967871632029505,-0.007143849094147572,-0.03880932690730951,-0.01949916762385998,0.07385311422812643,-0.01727446298645561
8,0,0.004110093579252302,0.0037347691348180475,-0.0028645626250164,0.005526828451491257,-0.001089620642460707,-0.004928820592511303
8,1,0.014200725525124958,0.016313577652403256,0.004079379758348023,0.004107862544136678,-0.012188887011931786,-0.001267363774693265
8,2,0.00961766885851743,0.012218285068641702,0.0028369561334959143,0.002181537011066273,-0.018369643152252025,-0.006353682676911216
8,3,0.01337048026242249,0.004602652726981313,-0.0020755850567740907,-0.004470081330657993,-0.008790257834370775,0.002578855221603658
8,4,0.008615741417140898,0.0006449693196440882,-0.0074051089286998875,-0.0021531001891086582,-0.008801646024411929,0.0010095415643031902
8,5,-0.0212954495327014,-0.03236593802779312,-0.005561991261264341,-0.021528600456427432,0.26125437997656203,0.020258071867763166
8,Aggregated,0.0010018071275969495,-0.004168611844469377,-0.0023145963851054535,-0.005966307877083204,0.07053119020585141,0.00497703839579184
8,Centralized,-0.0014834500640564818,-0.007991609177181138,-0.0016861635936259742,-0.011362705319001333,0.10851221413093382,0.009309146115656109
9,0,0.007744741397423939,0.009177356243308048,0.008967481949179339,-0.0007112191220882117,-0.046276617771150885,-0.02020668723761219
9,1,0.0019599611894615776,0.016111218293736535,0.0026185988798727144,-0.002411917199121789,-0.07334098609808948,-0.027821671814670216
9,2,-0.0006721430428301717,0.016815551287834334,0.004273531542829721,0.0028474257772552573,-0.05286568150173773,-0.013462975886996882
9,3,0.0064531746799142515,0.023132100896882172,0.00219658700015003,0.008677898346684136,-0.06962373438845074,-0.012750289306811668
9,4,0.010837237127377232,0.018990538568466775,0.002551907033211061,0.006662550808545285,-0.05496225040483482,-0.016951848031125843
9,5,-0.07194384535629082,-0.0377411855325637,-0.03224566300234378,-0.09092617635012673,0.14227292877212294,0.027705604058870386
9,Aggregated,-0.017926300854526043,0.001016294106581783,-0.007023233390770329,-0.024797600708168614,-1.4157711432111024e-05,-0.004408911589126905
9,Centralized,-0.03058823488410277,-0.004826249994628042,-0.010923264713753681,-0.035826039514316094,0.024032343267526013,0.002456398680758024
10,0,0.01303529538784584,0.0005594692783904547,0.004676767237181216,-0.024853816576781824,0.019123657915539664,0.008983806143718194
10,1,0.015380317287687174,0.007961107778455427,0.012222821772983521,-0.014444326624175509,0.025892210270449707,0.009178436979935336
10,2,0.017550906535691916,0.0015901053085508564,0.004565424885157144,-0.0107623904531163,0.022711047203434927,0.006635160616461641
10,3,0.02175135381052741,0.01791759788321081,0.005974078494343294,-0.0027842203049253215,-0.002296707887712383,0.002360522181464331
10,4,0.018273682695543022,0.011166313970615911,0.006418796723492464,-0.011343217722887482,0.007587775156762761,0.0034744149948691336
10,5,-0.004305223436414949,-0.08546019724973979,-0.0635811541637961,-0.10205422992483473,0.21794445598446524,0.02678649542934895
10,Aggregated,0.011031436421185033,-0.01956668303079199,-0.014098031739721137,-0.03873979923489872,0.07501548173098876,0.012120183138341114
10,Centralized,0.010775222586854592,-0.029722564873829398,-0.02434903047756777,-0.05027916076295723,0.09908435642627242,0.014975049793817497
11,0,0.010200148879697448,0.0016566885554199248,-0.0009760609706430039,0.01879869942338553,-0.01822262380433891,0.000941233473122142
11,1,0.006286710843776175,-0.004002904627424119,-0.009117573160104277,0.026985239296424244,-0.028991875631460693,-0.004791108680086282
11,2,0.009175530976484172,0.00161613804612926,-0.008665684520742997,0.02058487756057895,-0.02898775922801624,-0.0015333010423452405
11,3,-0.003160219573573174,0.002769790126409556,-0.0016388290228842228,0.013237769091196764,-0.036311526958021506,-0.004865378616653564
11,4,0.0010678408668226493,-0.0023195204633155143,-0.0051044755991860626,0.015922181370567834,-0.019711178874786444,-0.00338021215732654
11,5,0.000493775986574952,-0.08810619365827266,-0.022141748032554594,-0.029070470609877583,0.25892310155959597,-0.033444314416486515
11,Aggregated,0.003124402257065345,-0.026436233954851066,-0.010434408193526173,0.004746792819943021,0.0582238397642519,-0.012113894172242257
11,Centralized,0.0017027523864066511,-0.03607322292663998,-0.010528630975794203,-0.000609497544249017,0.09006293107418853,-0.016924205572509083
12,0,0.01207213546814239,0.0025348888363840648,0.004275699032214473,0.005752553202831607,-0.018975335320588448,0.001371403853130225
12,1,0.02108422868465649,0.01023549450569471,0.006105182477529033,0.00887991519401327,0.000622854698727794,-0.0009121876434181719
12,2,0.022029468190373575,0.007793426429812788,0.003060394311743716,0.01272728058173261,-0.01154347296463448,-0.002896883406860942
12,3,0.022801364335299588,0.022417309623662115,0.006576564700912692,0.008401828263635676,-0.018288423296108455,-0.0016570409175807469
12,4,0.01044298567958168,0.01462576987727497,0.006586914635889871,0.009854228233608348,-0.019877415293058885,-0.002356628688969632
12,5,-0.0757635030384094,-0.05746949818762297,-0.050949833542466925,-0.0017729995134298823,0.241852454277121,0.049928785471282065
12,Aggregated,-0.009864684612450677,-0.00852708669797904,-0.011409281562314504,0.006074205973908019,0.0629498342467778,0.013835083916491117
12,Centralized,-0.02128567361091941,-0.014458065546890407,-0.01818556375953787,0.006030494774837855,0.08303313310787447,0.019299958965905
13,0,-0.007347754403592369,-0.0003888758655665736,-0.013536668712439259,0.004913095344768652,0.0003052754534464408,-0.001314295229553754
13,1,-0.01379328478390612,-0.0025846628327596093,0.002202481580810426,0.011158604207841679,-0.017568683453902573,-0.004830994010669754
13,2,-0.01304279660735219,0.00332141206312915,-0.001331635347817488,0.009576818060247044,-0.014385381911184178,-0.003901809645352102
13,3,-0.01244584149874295,-0.008153306967687365,0.0009879909793949,0.01453915361946587,-0.02446313334879903,-0.003831285559190874
13,4,-0.0036378999530553087,0.0021138008668743287,0.004299124009275489,0.009937733750815912,-0.015017272328872535,-0.0008604445521946613
13,5,-0.14506664681857068,-0.08714427897595707,-0.09217388458688928,-0.07707514669414235,0.22662136834663946,0.017964401933773362
13,Aggregated,-0.05050889058120071,-0.02685055322182611,-0.02781738885306214,-0.0156609913573608,0.05677679207637447,0.0031948451848460785
13,Centralized,-0.06082451285710796,-0.039182378679775004,-0.036805404944357335,-0.02367332308020996,0.08388244894370506,0.007501829333339535
14,0,-0.0007610225084946897,0.01242887781629154,0.003203182172911138,-0.006358756773925085,0.003134561365469008,-0.002577909877723508
14,1,-0.017323764539535047,0.01652852779494117,0.00031764595619084474,0.003954361409644221,0.003401619403620376,-0.016872907558141394
14,2,-0.01515331412380685,0.014373895099886373,-0.0030087009459158513,0.009389576106784684,0.0032909084071659623,-0.012660917488692207
14,3,-0.009136240552311256,0.0124182197678844,0.00853818445910272,0.0058791307414252725,0.00022768379853237353,-0.008462065678902982
14,4,-0.009134999728997367,0.008156574567577785,0.00510277371264702,0.007905492531763227,0.0052839835804065335,-0.008713828207839171
14,5,-0.050154992417809394,-0.014563928882666981,-0.008540207259001979,0.0033435408342620734,0.212801600183114,-0.006163907701196134
14,Aggregated,-0.022769547245357805,0.004641691525053445,-0.00058524687814647,0.004544727392285508,0.06565550715631194,-0.00919328878896011
14,Centralized,-0.027272985608199928,0.001693655884649794,-0.0024244584485636047,0.003214875594936606,0.08267058827041016,-0.0065597115377936084
15,0,0.002365113358098255,0.0013214347805983277,-0.002102327647014864,-0.0003143489306624984,0.001770032657830398,0.008718889067872295
15,1,0.009331108365707311,0.008841903513609037,0.0048172659049235044,0.009981409353718726,-0.008803579568752544,0.00047636183294998336
15,2,0.006966732520834576,0.005343949946931923,0.004059239350397431,0.012436268514622982,-0.01048226875010639,0.003157357294231136
15,3,0.009480441396947795,0.01348778059193307,-0.004208060938217081,0.011201971983177468,-0.009677739922260247,-0.001303079150592649
15,4,0.003243363163517687,0.0033426762684522914,-0.001781475472023978,0.009994258451334384,-0.007898783207026984,-0.0014031415714044126
15,5,-0.047971990463844746,-0.07462071683369592,-0.0599016840519743,-0.07246554784826664,0.21266070605042514,0.00596348553501626
15,Aggregated,-0.00967708646672756,-0.01742229390114089,-0.017630667000859405,-0.015010664631527008,0.05801246917922499,0.002724645188169659
15,Centralized,-0.014027305356748846,-0.026348922273880592,-0.024397990049609422,-0.02075768631989241,0.07845893111270491,0.005797346212435323
16,0,-0.01530554600644282,0.001289712022104167,-0.0022870952264675555,0.0038134521417412088,0.009026199053864337,0.0072876661127853305
16,1,-0.01897265034253456,0.006886983225740335,0.008121498424357654,0.016039889665797717,-0.014842446640615665,0.002586669953807966
16,2,-0.015140460745919822,0.004424685975263153,0.002387607695934506,0.012965469939884145,-0.00777639832313839,0.005793722399383665
16,3,-0.006838830131105493,0.006886774353181814,-0.0019221680185811168,0.003672588784010091,-0.015434416167145745,0.00465360282184137
16,4,-0.00925066351715121,0.004664188280957231,2.698165437844433e-05,0.00883430919860245,-0.013251916591678839,0.0032628802128493247
16,5,-0.032403524399796,-0.07613221788193543,-0.06666389357246975,-0.09040456187675068,0.16370819873232334,0.013952978227016976
16,Aggregated,-0.01872935259783449,-0.019118502591519874,-0.01879328005066142,-0.020303999495245376,0.04187183315305017,0.007318567976993493
16,Centralized,-0.019347500164977768,-0.029031824550922763,-0.02596206333057945,-0.03035284736890331,0.06033800976243298,0.009749558653007133
17,0,-0.014761243132904002,-0.0006146370534905576,-0.003536038475287521,0.001530981321534899,0.010793079938641783,0.002763469303920763
17,1,-0.008427435881289,0.0007261312331538125,0.011494412780291398,0.0038074465568578545,-0.01622210998386791,0.00310306921827976
17,2,-0.013197617154996157,-0.0030613521709710457,0.008076273771204671,0.008414402393269788,-0.01885126996979903,0.004534845598201875
17,3,-0.006372074835371246,0.009327767959323326,0.008735253653244913,0.006861853799058918,-0.02506807045362724,0.004498979937550298
17,4,-0.0032653492379022845,0.002833546932345034,1.9814556895494014e-05,0.006472221740118136,-0.0076788009518006855,0.007237732370666387
17,5,-0.03978157571408284,-0.01565897815694725,-0.008296400527167956,-0.0014204535303678155,0.21465365529723404,-0.003930304686147763
17,Aggregated,-0.017995546283436595,-0.003232837341168424,0.001513534591551995,0.0036106085390939183,0.0547225141265038,0.0020334715587822846
17,Centralized,-0.021392386776612093,-0.004336739272731113,-0.00012208036043629658,0.004687659016698071,0.06854622245610902,0.002228100902843578
18,0,0.0014351136976161083,-0.003553088843374606,-0.0002881022705082818,-0.0012373691291181154,0.006404115886137861,-0.0027606693407529674
18,1,-0.005533149527543262,0.002967913860078827,0.00994629599070798,-0.0030960163817770354,-0.014808292918522387,-0.00032609840045996503
18,2,-0.00041391191354015107,-0.00024275222027193442,0.012960880050016254,-0.003491606816536462,-0.017365979495271588,-0.004537676533056851
18,3,0.0019736261626204944,-0.002377377717446734,0.011425742853642559,0.0059906408840023385,-0.03882281424305802,-0.002442482370122699
18,4,0.0013114865079154954,-0.0012103073380572574,0.00839643487131758,0.0032083072828323653,-0.02846349782841002,-0.007691387357367152
18,5,-0.06547772669356049,-0.11244862559007293,-0.05447574233272648,0.0019174801528074816,0.13402149191472132,0.0010855490640187967
18,Aggregated,-0.01981406747627516,-0.03401742575120075,-0.009774230846381177,0.000856023176898062,0.025434214117491662,-0.0022153592880908126
18,Centralized,-0.026224808086607897,-0.049288824064254264,-0.013381367379265706,0.0042482929725091165,0.041910625556043524,0.00048111995907825194
19,0,-0.0006804913276697994,0.0035276819731004483,-0.0018728933771254045,-0.008089641101780258,0.0100333057785988,0.0013853925340153238
19,1,0.006826196438730433,0.004484681816477908,0.014597710036210259,-0.00598750445801602,0.005612068413489193,-0.0036610344229488227
19,2,0.005077917492789192,0.008667051433240149,0.013358471722331372,-0.004338263935348717,0.006913654158098621,0.002876067202141287
19,3,0.00998393674727417,0.012060955358014335,0.018438453232768905,0.002205160594147747,0.0068109399259891346,-0.0007661446064973875
19,4,0.005813720264930691,0.004592006298468346,0.004576870366065693,0.004163414537047138,0.010526245487770527,-0.005124025535072537
19,5,-0.035143239792275086,-0.05144142958729882,-0.037636256744252944,-0.1005175078117586,0.235360775259874,-0.0074783882779864835
19,Aggregated,-0.0063303461630322315,-0.010486033949561798,-0.0036391435132487895,-0.03134638031445176,0.07571408596560368,-0.003121061275468806
19,Centralized,-0.009031001443115232,-0.016352806135372547,-0.009581098280889037,-0.041107548788423945,0.10008318012012554,-0.005067805353326576
20,0,-0.0027557315521437495,0.0021600524167948395,-0.006499356056330072,-0.007209528635381681,0.006323132221746936,0.00018468543488329222
20,1,-0.006438209145833566,0.0032108166753007017,-0.00130739951538654,0.004359469329167634,0.0007554640412680157,0.0020044447693106007
20,2,-0.004105034134729034,0.007327651801653622,-0.0017002518846540137,-0.00013989358976688367,-0.0015375213219683008,0.0026834817689481583
20,3,-0.011529459545286834,0.002523718170637638,-0.00037365566834274803,0.0023173741919931953,-0.01023511660329739,0.00048373591304294366
20,4,-0.0014500531643830475,0.004757414579531442,-0.0075903457753225476,0.002885774522194357,-0.007181948870931335,0.003290718766916369
20,5,-0.05341331803226659,-0.06194842141038721,-0.11306862752354908,-0.07182783899214508,0.2090353112121031,0.039974680124902545
20,Aggregated,-0.019778024144397527,-0.015573648804935003,-0.03601412867445363,-0.020664866615843446,0.06019351182141418,0.013236070177860913
20,Centralized,-0.027228228781524796,-0.02231316324987078,-0.047404426542696616,-0.026391025206648284,0.08381960727585248,0.01731925535145881
21,0,-0.0038350853075599317,0.0016103281493398784,-0.0013416488475613796,-0.010335877888731446,0.012042060934562946,0.003406985524933556
21,1,-0.004168282693258169,0.010529957319524818,-0.0027400946866528936,-0.003947513873909477,-0.010811356032412858,-0.002466944004181656
21,2,-0.005703460150166214,0.0073102292640330755,-0.004190182975274328,-0.0039034135862674557,-0.010183595898444763,-0.005557769092596625
21,3,0.005424826765411009,0.008027786757800763,0.0008688028018597786,-0.003984042195765251,-0.025231609310306637,-0.0013167412367124977
21,4,0.006026230555018474,0.0028690915563812035,-0.0023124930083972526,-0.0027823480580011044,-0.009872200565437847,-0.005438680922536036
21,5,-0.022370511673831216,-0.0403311504231981,-0.010138232496071662,-0.05098658223444195,0.1719575458067051,0.08448851649039965
21,Aggregated,-0.006789007684477521,-0.007509722797818414,-0.004425020006262782,-0.018395746236959908,0.043881402477795636,0.023276567187997557
21,Centralized,-0.007658441985666721,-0.01254964938702365,-0.0034000383459576694,-0.02336868881799899,0.05529279229306358,0.029862062087130287
22,0,-0.021950552202576096,0.000977762112824683,-0.002873574199712476,0.0008928753120157133,0.011623657262171565,0.006865861070750431
22,1,-0.001465669028977712,0.001626277147395673,0.0034875292466788146,0.001503710552563141,0.0022491036430651694,0.0010049447772510752
22,2,-0.003364515702396352,0.0008847732744067212,0.0035486919346997253,0.0042616502845730375,0.002808350074777302,0.0004085086861891435
22,3,0.0024337925795700536,0.01271362093292539,0.0016932230185797983,0.005018702382085455,-0.012557738968925605,0.0016612250756011847
22,4,-0.00792512452870838,0.00882779019859308,0.006537502460751358,0.007210618101069999,-1.7540275534332226e-05,0.0020259344019978635
22,5,-0.062264545280560905,-0.059030032499580214,-0.026116059587211804,-0.03954645004441123,0.14889434853443853,0.026250483941817535
22,Aggregated,-0.02217756082527255,-0.013862107802659155,-0.005732892993198023,-0.008978256434813946,0.04436122276238182,0.009243952978405042
22,Centralized,-0.027892661198171447,-0.018737788981815648,-0.0059678925909547546,-0.010369170402330066,0.05290332637097678,0.012000908618485297
23,0,0.0032077891053931317,0.0021605515950032447,0.0031322752845911596,-0.020043181424675774,0.006686935373356085,0.005224596806783829
23,1,-0.0061042386731197055,0.011274774728738314,0.004087458874727394,-0.020305065740835952,-0.00895330995986871,0.006354429032160527
23,2,-0.002284868396609662,0.001864536444170641,-0.0006964708776998692,-0.016062348057528306,-0.0058926350371223775,0.0071447378127522726
23,3,-0.00989983902095958,0.0047290253676167526,-0.00012120353005509485,-0.007826389788111043,-0.015311461847873265,0.004616790207629816
23,4,-0.004058565136889193,0.003891898326341899,0.003102460959017659,-0.008710145413827435,-0.013205025975676047,0.005329604847293176
23,5,-0.06370055585345229,-0.05976620130275792,-0.014662934669214377,-0.041752113791753864,0.13158371164038757,0.044283714665015794
23,Aggregated,-0.022119375121861976,-0.014322003677304743,-0.003116413859164981,-0.022367513435993018,0.0332792360568151,0.01726923599044568
23,Centralized,-0.0267829156336682,-0.020301373369750547,-0.0028166829889749523,-0.022476575483024334,0.04131522087352384,0.020661887433973188
24,0,0.003552917152373201,0.009762658933226542,-0.014448528249833687,5.210658249015648e-05,0.00991589368439304,0.006919828516752842
24,1,0.012234815549847896,0.0014243432839336995,-0.002623604461605377,0.00527524828635892,0.0021771607621179872,0.000673999574047642
24,2,0.00962598807888602,-0.0024978667687580963,0.0017059074763386651,0.003796229345073998,0.0018382522780103529,0.0011505306805950502
24,3,0.023764155353988424,0.010332197892662211,-0.006630449378403361,0.008286786234085684,-0.007825529259755572,-0.004342079340876385
24,4,0.005081881747291874,0.003269393987674421,-0.003718025429248005,0.004462494700919665,0.000674962037683835,-0.001618919258473893
24,5,-0.04776146556709826,-0.1094141888618863,-0.004034225553672718,-0.05626673844968058,0.15155014682518012,0.05304359247480399
24,Aggregated,-0.006201069140100317,-0.029844475609650402,-0.004252079275025641,-0.013462761836556784,0.04566409044731576,0.015837654259072055
24,Centralized,-0.009810983498086309,-0.04346957621163673,-0.0015217181098093648,-0.017271804199613827,0.05825194552480455,0.01961983999467141
25,0,0.00017306457383961743,0.0006334690276680877,-0.007184066290331257,-0.0061647749140701195,0.010536773021041898,-0.003883320909583458
25,1,-0.00039263756121591943,0.003426949474666267,-0.0005504258322373337,0.0006677730444065425,-0.005424187535440387,-0.000546859934101875
25,2,0.004148819768575059,-0.0026293065975705908,0.007987177826757449,-0.004224391492364051,0.002242391261003375,-0.0016129391420566057
25,3,0.004264564877396307,0.005530787174143233,0.006614500056928661,-0.000510041786755927,-0.015671707330371827,-0.0056485732215967605
25,4,0.0020156681933315643,0.007860133479843216,0.00802550525987501,-0.0012999326503070378,-0.007994609563517422,-0.002955623123557282
25,5,-0.06073089341684784,-0.05965951888416995,-0.01594562237623461,-0.06161138207260891,0.14940163263656914,-0.012283217408228908
25,Aggregated,-0.016579197407360337,-0.01558445258966485,-0.0020575256223130303,-0.019772759640343383,0.04146749291208275,-0.005663544137654796
25,Centralized,-0.02312416090139961,-0.020001612612050433,-0.0019775935185397326,-0.026035021946144748,0.0557636950829223,-0.005954345494982696
26,0,-0.009366344124676632,-0.001301630379801483,0.00019652002024832095,0.004102256337549255,0.013787094931735602,-0.0011775747223651655
26,1,-0.013084155804953467,0.0026814402161968324,0.010467517620140837,0.006362293164761589,-0.0017975217117679365,0.0010768661649523887
26,2,-0.017144294631262012,0.009059905962856874,0.007688613807569068,0.004342877092158411,0.001488108314235827,-0.0028439690352319797
26,3,-0.006494811124211131,0.008495046223446599,0.011941102967531418,0.012799236559862237,-0.004273923602668628,-0.0031547380638607798
26,4,-0.00412454479769876,0.004953778391247378,0.003607602450367043,0.006031037932134799,-0.006923334404792808,-0.0007262827611962477
26,5,0.03160770416435503,-0.014612335366946293,-0.03397449622818872,-0.04624089770086781,0.1710140169217533,-0.026945195311629026
26,Aggregated,0.0023464094269731585,-0.000643109839791453,-0.00498615918968629,-0.008922077269672328,0.05055420327557257,-0.009010393005474982
26,Centralized,0.006377266119866258,-0.0018843651310578172,-0.007866941474229576,-0.013350752311965001,0.06047546466937493,-0.010911215363973803
27,0,-0.001594113925538802,-0.0012052998695862862,-0.010087765094580979,0.006169961094834055,-0.0059030446240529175,0.00018917543195733416
27,1,0.0018821441193785833,0.0037178347453486263,-0.00426560770729868,0.0023306458184457505,-0.0014356877308150419,-0.0022738233230798783
27,2,9.738636535474391e-05,0.0013961907627378387,-0.0011101112847707946,0.004265903895845704,-0.007241193701082394,-8.581304522351692e-05
27,3,-0.003431590335646828,0.009053184169656303,-0.008445897425170252,0.005939004820439697,-0.026394442624448042,-0.0011714711677218814
27,4,-0.0013133057560204193,0.0021039212813953397,-0.003157785899994626,0.0020075752607151653,-0.014051071419057086,-0.0022949473664866547
27,5,-0.01362727073652113,-0.08138704276261978,-0.018459868229242,0.007441441969836363,0.13867738977021155,-0.004643245883985856
27,Aggregated,-0.004635076473274764,-0.021920897236772898,-0.009025650009600414,0.005005100980284329,0.03335827319657514,-0.002255858222760073
27,Centralized,-0.004516456385937586,-0.030658299680557905,-0.00870032927955335,0.0065180524549811915,0.04038064688665613,-0.0014128080281591872
28,0,-0.005815254119079271,-0.0016753762400967783,-0.004896437185781506,0.0028913595399079174,0.012818077039854235,-0.0009559922081115632
28,1,-0.005624352259661316,-0.011907152390021087,0.0021717971392224,0.005183428964392253,0.0032252817505947456,-0.004274984542973747
28,2,-0.0012926404443392438,-0.00494934339576301,-0.001141852404310556,0.007365419716490372,0.0012180194103385722,-0.003653523140394081
28,3,0.001435042888563604,0.007895644175961789,0.0017061494595405106,0.02026645884789305,-0.003367284684942363,-0.006029680275193504
28,4,0.002397897003922349,0.00042496883307627985,0.0022912178285051693,0.008707825266346475,-0.005903182042394358,-0.005546576992498684
28,5,-0.05996482759092987,-0.021542944372658548,-0.06864377992909818,-0.05908642717864009,0.20915389909024493,-0.037791465049835334
28,Aggregated,-0.018901413779989083,-0.007884004983879082,-0.020171067586884663,-0.011040927483910109,0.06286474971994457,-0.014337907432861367
28,Centralized,-0.02407876868146885,-0.006182240890066885,-0.02735806872221908,-0.01507233359710998,0.07915900623113732,-0.01671923873950597
29,0,-0.0008549086967791161,-0.0066124826957445655,0.01379354038865325,-0.015348393725821117,-0.01534644312334728,0.00868404250655789
29,1,-0.008238285936883413,-0.008709259880681806,0.010130493623356926,-0.005898737497868797,-0.028489213724892565,0.004681315332203336
29,2,-0.00786205832521089,-0.01180538362256952,0.007190403053973445,-0.011129879759870365,-0.018411488395833158,-0.0011328010492646606
29,3,-0.004681260335804864,-0.003839048948430818,0.009127343522751798,-0.0019584841537023546,-0.034312683375908266,0.0019114457478955728
29,4,0.0002890478305288972,-0.004222956012794035,0.004806322084540803,-0.007666696636144491,-0.023654734934074467,0.0013558367188828758
29,5,-0.04400752598421168,-0.04404794668321523,-0.05442492074864632,0.01301328081306238,0.09338383004708681,0.0375775744106998
29,Aggregated,-0.016334164896909302,-0.01810851185110629,-0.010209304866088684,-0.001591742821701416,0.010477928755172965,0.013053235731535348
29,Centralized,-0.018248510653736255,-0.019804822110626077,-0.013590911521933709,0.0008310202605545048,0.016477504411317203,0.014343563366694278
30,0,0.0056954333776123335,-0.0005362947049162678,0.006280690418583748,-0.0003026285863699142,-0.003710967683065183,0.002216779494254092
30,1,0.009063366415128126,0.0022591553990660837,0.009970195028794732,0.01608134193778592,-0.0030943236754365855,-0.0005837523701471077
30,2,0.00926968784286938,0.007133612407875809,0.012073389449595445,0.014010362243331671,-0.00460270889266288,-0.0005253252113889905
30,3,0.012034181153594595,0.014423564616139915,0.006280958242638523,0.010506503231305411,-0.009135724005762295,-0.003250631393530348
30,4,0.01100720006985292,0.009493382535236477,0.010161499504556606,0.003622768701971656,0.0025855274019267642,0.0035895854701686832
30,5,0.014089784445558884,-0.02315206808256593,-0.10594099028803,-0.005153048043398285,0.09335966035926709,-0.010034633621233031
30,Aggregated,0.011033166671891846,-0.0018841162306132986,-0.0251742330902043,0.005171260913261558,0.025349135594647115,-0.002907682148688003
30,Centralized,0.01239221018598125,-0.0029901369697031303,-0.037418182672122685,0.004860216096691017,0.033485406659050435,-0.0025300510869515807
31,0,0.0010225156616904243,-0.00781466809639965,-0.0016640345991365034,0.001219115210557594,0.007919859465126805,0.005358845388543513
31,1,0.005859702922033471,4.965187011771917e-05,-0.008346574600488417,0.005405560125000564,-0.0040948381296285604,-0.0013500280983668549
31,2,0.0026561553780314945,0.00232107010535943,-0.004551615718236327,0.0011854513588002787,-0.003737410875494608,-0.002481455709776829
31,3,-0.011864835515288531,0.004887992298227178,0.008929867205090867,0.006326558636556834,-0.0164942952593077,0.0006865448160930956
31,4,-0.00048364015223845456,0.00010071223628297578,0.003204578145887707,0.00454837785230238,-0.006318744482099069,-0.0038009083628162484
31,5,-0.0069230939317281625,-0.023953013129131746,0.016889268837554417,-0.0650608914712534,0.12981298283753737,0.0032696495564021434
31,Aggregated,-0.002555735552018205,-0.006747493099474957,0.004770605207541989,-0.016643122849017474,0.034801868635861925,0.00041151898782593155
31,Centralized,-0.00379783506495037,-0.007453445483562831,0.006816417872887451,-0.02248860125513935,0.04173436997907779,0.0009415496906766521
32,0,0.0022259950795393392,-0.0011037952558546004,-0.0022492084449274997,-0.006259021164710657,0.007403872427935948,0.0038054659526279943
32,1,0.001178230182865501,0.0019667576426995676,0.002613106451197812,0.002207307856663184,0.0009317515009345745,0.0020031557742164704
32,2,0.0020340767629319504,0.0008954570422868754,0.005088519367685506,-0.0004748168321875079,0.008137280975359163,-1.6831502139417568e-06
32,3,-0.0009900735805819624,0.004223917320141293,0.011090415551156672,0.007833632542691421,-0.007306573314087392,0.0008436770797642527
32,4,-0.0007537424265918265,-0.0015594065753556294,0.0004439053396723495,0.00044576175676458874,0.00045902781318964597,0.0008406957825834375
32,5,-0.039077162657481075,-0.0025275908625484347,-0.13955818895538627,-0.0311844860612024,0.14500732604723185,-0.02151236039952312
32,Aggregated,-0.01123307018598101,-1.4069816610584997e-05,-0.038925696383833155,-0.008358128127594993,0.04429602780867434,-0.0055077375693124075
32,Centralized,-0.013728078651524962,0.0013200291340779626,-0.054463368707985065,-0.009341406280660946,0.0581513825229554,-0.0068962209904061015
33,0,0.0012050941138011843,-0.0007450094463244609,-0.0035178107371182216,-0.005049078108042275,0.0036812996373059015,0.0034365712031112607
33,1,0.005741700733660855,0.00012614595085037964,-0.0010440051488445012,0.0007455115615898117,0.000457905886038122,0.0023696204550174805
33,2,0.00020242778013555192,0.0009628435086787716,-0.0001914671371756993,4.185242355713529e-05,-0.0044858107752864885,-0.0023331301075658127
33,3,-0.0006492181242796768,0.003316359828275775,-0.006123016073826716,0.001894562011955312,-0.02037447955376675,-0.005502388155405619
33,4,0.0014546822363118938,0.0022700360165018047,-0.0021951746717189667,0.0014322154546629086,-0.0026628424144361524,-2.1359702790550253e-05
33,5,0.015990160723408774,-0.008062513985964482,-0.005228471000937891,-0.06620455032968625,0.18363022322570863,-0.02483013986089244
33,Aggregated,0.00591137851178457,-0.0014578142813991253,-0.0033400837624788455,-0.019596307136459042,0.051017522166333755,-0.00792938720559469
33,Centralized,0.008238720120053144,-0.0013884464024389888,-0.0028738198248323193,-0.02539459890961979,0.06120897803085182,-0.010071273545276902
34,0,-0.0080229867651663,0.002876417641871107,0.0003805083412739959,-0.0008643633383879032,0.001951546293611727,0.003678877826797398
34,1,-0.00010456373513281399,-3.0490076964950144e-06,-0.007178845521316372,0.00829347475749544,-0.0003150528378886963,-0.006266605361318149
34,2,-0.005961014699045425,0.006738220358536876,-0.008310711944178659,0.010205895978452149,0.0022242657259109516,-0.004602358771786809
34,3,-0.009107882222345272,0.012960000766551705,0.0003287818155661463,0.013665033605270837,-0.018860142413693767,0.0037656739847069004
34,4,-0.01105375833893272,0.009400121938735332,-0.003089092672337305,0.008273865283738765,-0.008863093067307749,-0.00014407367985876262
34,5,-0.0743170124966637,-0.009793326789052145,-0.04180392951284423,-0.015542844043853638,0.12256351606229848,0.040127442371838885
34,Aggregated,-0.026913915791507138,0.0017750846114024529,-0.015220995506838381,0.0014425235651615122,0.03282430670766367,0.01121036812035307
34,Centralized,-0.035688316941985786,0.0022608884489720214,-0.0181841260303165,0.002335103776054793,0.03920771445618739,0.01528088337590789
35,0,0.0009591281198569057,0.005450264945107502,-0.0005484006582607056,-0.0014315816756726755,-0.0073689532634778464,0.002939542532446788
35,1,-3.935658889564486e-07,0.0034133425246966336,0.0010556647499892317,0.0014466258243210684,-0.009157698294602503,0.0032424587614845327
35,2,0.0011153042418620975,0.008415573871253803,-0.004707676155047784,0.0060835564727449495,-0.014839765424920978,0.0036433534696936184
35,3,0.0034122938092634248,0.014471015973435142,0.001567432636050291,0.001034983809274955,-0.017178129694396378,0.004803656810052026
35,4,0.005660710878678664,0.0055808791085555885,0.002998622693323656,0.004770123503259459,-0.02127835042617847,0.0022627083564287004
35,5,-0.06514434458374235,-0.014043135233523553,-0.0515793628696761,-0.015081629369890711,0.13238803398699672,0.02561865678660558
35,Aggregated,-0.017800789148835806,0.0011684009502750596,-0.015304345201451816,-0.002601214880883316,0.029315156702934282,0.010042022120991992
35,Centralized,-0.023149388073587407,0.0008779224044713022,-0.017323502941647653,-0.0023033051128071333,0.03451110489451075,0.012163198912354867
36,0,0.0026599310978958194,-0.0023436488026849574,-0.0020211814681443912,-0.015320658806379298,0.011619169779967159,0.0015009471883803468
36,1,0.0012720873456899355,-0.0020756536718368255,0.0050033450944588975,-0.008021622120932978,-0.002919188319641339,0.0012910513571758467
36,2,0.0015274742881570954,-0.005598385345805804,0.006909366895754305,-0.011470392057591964,0.0025533369453946955,0.0011417342744375633
36,3,0.004868653519268109,0.016473061578821658,0.004958168809367975,-0.012650274517422242,-0.011683858595112158,0.0013969218536782845
36,4,0.00585770669246586,0.012011600014671803,0.0012082797740462984,-0.008291172040469212,-0.0003326537535590905,0.0004915507972276116
36,5,-0.017012560613547334,-0.0005352959089912017,-0.04402723898503373,-0.11948363253628283,0.09605676938893062,0.03525168455152253
36,Aggregated,-0.002771307415441137,0.0027946994949558405,-0.010571200412149566,-0.043230122681484094,0.0278511574452864,0.011316994118667118
36,Centralized,-0.0017092489943020845,0.004538063978215328,-0.012717855125373026,-0.050951369039727655,0.03269183596650203,0.013580184847425097
37,0,0.0011127288263051963,0.002429235941825542,-0.0031875087593515664,0.0023106223026612563,0.010101530224523269,-0.006399418630656548
37,1,0.0033766904318262916,0.005052905963404818,-0.004296329465195528,0.0011127741174145436,0.0006982125246646524,-0.00881487186989491
37,2,0.0018267208762823327,0.0030984445794469484,-0.0017012641801684054,0.00022938493996086322,-0.00043426917798713993,-0.005723459600247354
37,3,0.010777066375721015,0.010166410670415196,-0.001550511162217054,-0.005094303477451599,-0.01583543371161135,-0.0013824611702759097
37,4,0.00606692311107764,0.003379452726827076,0.00025351428745877075,-0.0031350250581292185,-0.011071411385398123,-0.0038618103102858697
37,5,-0.011310003690019757,-0.020824081523228347,-0.03013248128712766,-0.04996579355847633,0.11596565490252422,0.00173400922771102
37,Aggregated,8.615804171362195e-05,-0.0026851751623329367,-0.01039768403042636,-0.015747783638855047,0.03148019665755125,-0.003086207064349864
37,Centralized,-0.0002687072915754346,-0.0036248192980966438,-0.011228388978167959,-0.019339635540914373,0.036012870011515735,-0.0019005692882340048
38,0,-0.0014291398979535063,-0.008613892464738966,0.0015482698364338934,-0.0033094339014007232,0.005342143170590442,0.004000304362727113
38,1,-0.0014198240974584583,0.0042830434516276765,0.0005278615208804682,0.001988739568919789,0.003217288319664682,0.002499616244206596
38,2,-0.0024642584884482835,-0.001141863176422947,0.005629119587819046,0.004650290635459718,0.003009671495069911,0.0008568579208433559
38,3,0.0031801457709504394,0.0016714646974549643,-0.0014814447630606994,0.007618417505649557,-0.00036305744159521224,-1.9495667723538427e-05
38,4,0.0022485236547157817,0.0002119818880212343,0.002808761205542439,0.0006359752202500775,-0.0019837678690016623,0.001777509801988264
38,5,-0.08708974455731892,0.021389825860509762,0.004537927611099884,-0.09552918222590953,0.11814548439005591,0.05130421820615688
38,Aggregated,-0.025886978231023386,0.006354996670484831,0.002637201492521241,-0.026545229943016974,0.03634219240566677,0.01645883795349153
38,Centralized,-0.03007114850483546,0.008837065022545379,0.0043462489123896955,-0.03447305924876136,0.041496793156649545,0.01892216533313695
39,0,0.003179214182372784,0.006484576140863834,-0.019434261900946305,0.0033637751720341736,0.001997387852625836,0.0053993213932904205
39,1,0.0012483151322912726,0.008260420745041602,-0.021588994580567088,0.0010903873310587262,-0.0032661263393836174,0.0030905560806743842
39,2,0.006994520883686335,0.00748272162583439,-0.01840299995091213,0.0026093559692690845,-0.008380500731033698,0.0070202431318988545
39,3,0.010585204541394808,0.010891447173989266,-0.01611717002594934,-0.003891201415835414,-0.028606451236259937,0.007885419248494143
39,4,0.0035514010858369435,0.008806029132617204,-0.011403189018556643,0.0017018997378482152,-0.019493307179051036,0.005791141923168495
39,5,-0.015273659493852778,-0.05220439776222462,-0.08019992110530906,-0.1324077886721563,0.13850100877705562,0.034272378396768145
39,Aggregated,-0.0008556757536157449,-0.009582563587110782,-0.036011102249326826,-0.03897486899965968,0.0324152807974137,0.014349686902509646
39,Centralized,0.0003586685793503189,-0.013115829310288294,-0.0425280538113556,-0.05593975798983518,0.04895549019167728,0.018692027923984264
40,0,0.002615430724764911,-0.015359877862780088,-0.00046689968480420434,0.004355400841802813,0.004862863113830689,0.00510650533448524
40,1,0.008202174071088546,-0.01592066515678355,0.007337537888546812,0.005183973089639877,-0.0045653742560608215,0.0027082914844062727
40,2,0.0028932181697669053,-0.017918093006074814,0.0024282153295748024,0.00171800445118727,-0.004495127591627042,0.001758755166346038
40,3,0.0010939058950552084,-0.009638366021561047,-0.003166185007555563,0.005635784468404518,-0.013154553381411136,0.00901633772188365
40,4,0.0067178488850044415,-0.005111314528076555,-0.0012128202670126376,0.005919245429577526,-0.0020625283995857244,-0.001615132654731641
40,5,-0.06475323359273313,-0.07644251580045898,0.004417389783047906,-0.030398777053543973,0.2074813934444628,0.034156474001608525
40,Aggregated,-0.016203042058298322,-0.03163119058774557,0.0020959289675513727,-0.005858695930216529,0.058669129568118136,0.01247224898506567
40,Centralized,-0.02495143090629764,-0.040754264171259484,0.003596949624677035,-0.008720092911161213,0.07947194781686001,0.015314260192039304
41,0,-0.0019554770714466153,-0.0025010336031014717,-0.008608902332493153,0.003058763445796801,0.0031098390552512603,-0.004014205309331985
41,1,0.001036472649977813,-0.00859811760131646,-0.004398417659903406,0.003517605325958399,-0.0040443871612526805,-0.004121249318360787
41,2,0.004594857569769212,-0.0017611678860774585,0.0014318732540686127,0.0029289185122940023,0.003402312513609393,-0.001657581881858267
41,3,0.008606796324183109,0.010391744122590356,0.01131830525936784,-0.0024731666180877352,-0.004329161433061806,0.0041524068949556825
41,4,0.0064945660939036655,0.001908137163766325,0.0059939400185317045,0.0002824956656080735,-0.0019036941280257264,0.0010873034491261867
41,5,0.02627716530324317,-0.07013569449392078,-0.05162003409083545,-0.004836332607464318,0.1274183479258471,0.002677204409717812
41,Aggregated,0.010820363707158023,-0.020865774728513916,-0.014013138506517185,-0.0005130236682883127,0.03726525973999894,0.00034683986843651204
41,Centralized,0.012746384557692917,-0.025279865624362394,-0.016759276921027088,-0.0003103064910067926,0.04262962819555134,0.0010541084877381294
42,0,-0.0016003588097063411,-0.013712605244968293,-0.000851325979906146,0.004022812817339355,-0.0013343912983655544,0.005343234649905497
42,1,-0.005290002537954203,7.247999014262929e-05,0.012263160906494094,0.00622374361806241,0.005288747230779991,-0.004977605513570458
42,2,-0.0026108101323029918,-0.004538197328219815,0.005631410619818761,0.0034818151285357203,-0.0004167450470986301,-0.005465590342120372
42,3,-0.0003636408609128049,-0.010608985646639488,0.006431802865171654,0.001624563366281509,-0.011913740443099697,-0.005742151389958875
42,4,0.002156571156840316,-0.009076432590546303,0.002696396979532924,-0.0010847861057868688,-0.008304321323256182,-0.005994417989031913
42,5,-0.03023012963705581,-0.01459661883010747,-0.05631742820029605,-0.013826965790790556,0.11253964659246307,-0.020851368629125597
42,Aggregated,-0.010099742335666772,-0.009299434027931706,-0.012768641135367857,-0.0021947901625782636,0.031124749046790037,-0.0091093243668708
42,Centralized,-0.011076901849154054,-0.008328712925555735,-0.017656906686616625,-0.0028552926396620084,0.03710271587613066,-0.010037471095283664
43,0,0.00309235601656876,-0.004826282928694742,0.0006374355591018103,-0.0013825116265297646,0.00783369992495336,0.0024546535210253177
43,1,-0.008272063306557784,-0.0002371167344529986,0.005331945165983916,-0.0003993555980649229,0.0064269989822776045,-0.01349122441669749
43,2,-0.001967578310559297,0.004753755564191569,0.002795092144805734,-0.0019031226818169945,0.010037739328823177,-0.004611738837602076
43,3,0.006288852413447031,0.003924632177027128,0.006041767849929506,0.003421881198118898,0.0011282236750424976,-0.014034579837844308
43,4,0.0011943267897370916,0.006980410251017862,0.005196696066922079,0.006254766333375554,-0.002038717619855819,-0.006109197531046774
43,5,-0.009916607687535432,-0.018176575626883164,-0.037788730132192125,-0.023220067184025833,0.09789424622090655,0.03953738353915132
43,Aggregated,-0.003094371745275915,-0.003519889174866499,-0.008268394377470751,-0.005933649046424895,0.03230671232284496,0.006198725989680533
43,Centralized,-0.003029821907721655,-0.004146114639960248,-0.010291373678124329,-0.0065401960592967314,0.034081693119639295,0.008480957740763862
44,0,-0.005029387893233219,0.006541927127181867,-0.0037390467782578048,0.002807783422390691,0.0047044431106980185,0.004494111180523498
44,1,0.003298921850843299,0.0033673828587273426,0.0035664641496316526,0.001649867541679889,0.0028169035641727428,-0.0012015497572153181
44,2,0.005475367673653045,0.000194707506191751,-0.0030627134733697036,-0.003287141122504269,-0.0010912707335419334,-0.0014529548196646888
44,3,0.011809500370744972,0.00813437280128154,-0.0017476868949187349,-0.00302742499486546,-0.008034525452922131,-0.005603673417992228
44,4,0.0060359109685525205,0.004661031813208454,-0.00034868926934714106,-0.001844896419622627,-0.005484979976738303,-0.00039738953830628025
44,5,-0.01831407986101016,-0.11386842808332857,-0.15018808390062488,0.008717281686091463,0.13838029324632928,0.016789087215081495
44,Aggregated,-0.001873643756632792,-0.030887225706139602,-0.045408544928540046,0.001868606403419515,0.03993426376359186,0.004106005769237073
44,Centralized,-0.0009397809113135745,-0.04239739809619236,-0.061717452152587365,0.005697214468073761,0.05515386548833037,0.006836717333383223
45,0,0.004838334060089907,0.0023086212974751693,-0.0021096730715661595,-0.005296508061536108,0.007283400532508912,0.00011960190202143413
45,1,-0.0007245990514954633,0.0035003889233433043,0.004238468280125904,-0.00031703156321467277,-0.001207785821878137,0.00019610843509235205
45,2,0.0009136222214208789,0.0002002603218192641,0.005323815934244374,0.002626051986336014,-0.003174147107957612,-0.00010240122774159453
45,3,0.009203803124674967,0.0009434149165939303,0.00555754200974623,0.0027360700107547657,-0.007803014518295213,-0.0045254315240287855
45,4,0.001261006419973637,0.0027352378163475696,0.003955293595803692,-0.000971515535116339,-0.006671267519434223,-0.003187633601116881
45,5,0.038576815539928457,-0.0456655684970078,-0.020732346564187785,-0.0237517562354969,0.14150386213609617,0.03443165785632344
45,Aggregated,0.01358169783932095,-0.012291157333363098,-0.003475628762377021,-0.006955923119694618,0.04002821285420366,0.00912581388682328
45,Centralized,0.01624165587195109,-0.016454484563178294,-0.005079218738546946,-0.00792627779736266,0.04564291454087739,0.011667786206209726
46,0,0.0022934429770684155,-0.004740478760301662,-0.0038390785605961226,-0.0061971082149882405,0.007701213179821744,0.003868134789437454
46,1,0.0004468617579068246,-0.0020867320045388454,-0.0015858493471423189,-0.0037742242268544355,-0.007352243898508547,0.0005228574838009253
46,2,0.005218328112565938,-0.0034481127424358196,-0.0010809559066525273,-0.004638367492691838,-0.00031248758461611313,-0.0042231850402031056
46,3,0.004740832529534228,-0.00735709744793468,-0.005655439905907559,-0.010193099164127915,-0.012176783911257464,0.0037106719012777968
46,4,0.007235788962200953,-0.00355883107115578,0.0003515955306162703,-0.005883880053646321,-0.0029773250328848774,-0.0004887378166630334
46,5,-0.030090854520324242,-0.02754336967550179,-0.0574074366553014,0.05502150906407532,0.10928400253141891,-0.06969884063298437
46,Aggregated,-0.006081049053609902,-0.01116307498082383,-0.018700519301414788,0.012118158710421293,0.029847511563444222,-0.020516875930562655
46,Centralized,-0.0073400892011500326,-0.010517121340585233,-0.022143321338611036,0.016919139482179137,0.035655444667804494,-0.026415274111291975
47,0,-0.001325364164236779,-0.004628760506082021,0.00027274611170268376,-0.009575787182976228,0.005208559266609932,0.0034712179520181388
47,1,-0.0002264951274490279,0.003184962303875247,0.003289381104074142,0.0018437634874448122,0.0018062330103859755,0.0011490713945528509
47,2,-0.0041154857910605655,0.001117550098598942,0.005292735432215644,0.001173873059196826,-0.00024093622269047617,0.005001026971676629
47,3,0.005071797500215722,0.0017066631246771212,0.007400555316624235,-0.003672339364386833,-0.00158949289097031,0.007078506643589826
47,4,-0.0021556864230617098,-0.0035983516810525872,0.00531551863211078,-0.0037023986828066302,-0.004615630622481806,0.005900217033214987
47,5,-0.11808113269832236,-0.013669053405114956,-0.001540749304558906,-0.03998511834365715,0.13812410838918746,0.030578663060466072
47,Aggregated,-0.035578851295628024,-0.004138669032381898,0.0028100751252242815,-0.013479344303783374,0.04099418299611603,0.012359917746523253
47,Centralized,-0.04721004598341383,-0.003737152281014816,0.003901773695301406,-0.01475407300220795,0.04924319745287803,0.014992491254420714
48,0,-0.00513620533264,0.0005535575952001881,-0.005314029549400979,0.0036745168968267826,0.009847220737007091,-0.0029365273154640203
48,1,-0.01463144109044076,0.004614820177090468,-0.005748945683714502,0.0037510063737889307,0.008792299573143278,-0.005338379442973884
48,2,-0.011145077307323229,0.0012612587493836091,0.0010005876603071506,0.004939207161316679,0.006066898958667709,-0.0049000543580145165
48,3,-0.0030510147414136686,0.00761781565933573,0.003417456861888488,0.007541991658304422,-0.0038939009934143955,-0.0007222861757741524
48,4,-0.002053596196330203,0.004338616673752469,0.0069263297962053995,0.008336572181033643,-0.0035916219953519607,0.002652735936715932
48,5,-0.05725336994756529,-0.020867196766603636,-0.03104458839240402,0.012039841014722615,0.07783014630002416,0.04061993549928587
48,Aggregated,-0.02226447674087049,-0.0034597081989100687,-0.008902117238785546,0.007674804809452169,0.025258188163549862,0.010586008915051508
48,Centralized,-0.025297222917229686,-0.0037211126551119924,-0.009059774914263696,0.008516317880240822,0.026751047085536342,0.012059203909208147
49,0,0.0005672470899531453,0.0014878940855407993,-0.00018776100930854948,-0.00036295913948164633,0.0017403049749010527,0.0026441294898304412
49,1,0.005192264385744702,-0.0016778900940148589,0.011918040394495684,0.0022241966595578683,-0.002867966418577389,-0.0034885354976483805
49,2,0.006334748583026582,0.0016021945838525288,0.010770296363465406,-0.001923101342497978,-0.000299472622661576,-0.007941563001410665
49,3,0.007330909434632478,0.002476222303047861,0.01801852725225205,0.0042419208097561984,-0.014456402122682387,-0.0012334737607680943
49,4,-0.00037538898405971576,0.0031244623647276363,0.006180204098483942,-0.0004822173274737163,-0.00702750147557172,-0.004304191028625019
49,5,-0.0543654302081202,-0.0026387300280071363,-0.08989979953998326,-0.03598173984510273,0.128177651244871,0.001012201485799247
49,Aggregated,-0.01335643864398301,0.00019137793626802064,-0.0197033145788037,-0.010152983420208326,0.03465741941227672,-0.002039224751298953
49,Centralized,-0.016345023070383623,0.00207140676678618,-0.028156869120341252,-0.010884526898131755,0.042518269772441115,-0.0007641504775862111
50,0,0.0024763753772108527,0.001076622260759824,-0.005329793514357256,-0.002153660440404772,0.0005447274440865994,0.0026448076274764665
50,1,0.0022015057536156385,-0.00010322954677020417,0.001360016054557539,0.002566934604005735,-0.006528072682627109,-0.0023790081525975042
50,2,0.0010119982974678384,0.003363879517216036,5.7405452064860735e-05,0.002264524056419433,-0.003837569520713236,-0.0029922208133714026
50,3,-0.0010140956306019697,0.0006206711650185196,0.006344249896293883,-0.002847285355853241,-0.013969784792601908,-0.005743114235929725
50,4,0.0011940775149427549,-0.0009175138517042933,0.005868954234999339,0.0007785053411416535,-0.012700196020887934,0.0002962181285139766
50,5,-0.08920983254758409,0.03877589698890348,-0.013170733699709688,0.0018599616566393642,0.10981567063441668,0.008808102152022053
50,Aggregated,-0.02587803077633667,0.012122823665178806,-0.0023452482491703097,0.0007774602093605109,0.02718064919733901,0.0012242903640458105
50,Centralized,-0.035184088201038057,0.01503245147212604,-0.0016382691855897323,0.002163920819397232,0.031300601645183244,0.0022797180632327415
