Round,Evaluator,0,2,4,3,5,1
0,0,,,,,,
0,1,,,,,,
0,2,,,,,,
0,3,,,,,,
0,4,,,,,,
0,5,,,,,,
0,Aggregated,,,,,,
0,Centralized,,,,,,
1,0,0.3733193277310919,-0.057387955182072965,-0.1179621848739497,-0.15255602240896363,-0.1521708683473391,0.25381652661064447
1,1,0.02842555994729901,-0.04907773386034276,-0.21475625823451922,-0.168148880105402,-0.2221673254281953,0.4913372859025022
1,2,0.008842105263157955,0.3288421052631593,-0.19382456140350837,0.18929824561403477,-0.09992982456140354,0.00887719298245618
1,3,-0.07847222222222214,-0.06277777777777767,0.1644097222222229,0.32288194444444474,-0.1466319444444443,-0.04107638888888894
1,4,0.06990838618745594,-0.15866807610993686,0.32540521494009866,0.07864693446088795,0.2573995771670191,-0.14563072586328368
1,5,-0.0022598870056497514,-0.09540960451977416,0.38587570621468975,-0.02538841807909601,0.5996115819209039,-0.1632768361581919
1,Aggregated,0.06676815257741847,-0.015686739282362038,0.05790454027819808,0.04063295332796876,0.03909317394343116,0.06761001493380575
1,Centralized,0.06614041175109883,-0.016018968309044604,0.05485195466111481,0.03900647698357636,0.035415220911404116,0.0721663196854036
2,0,0.3971988795518202,-0.015616246498599369,-0.1455532212885155,-0.21341036414565775,-0.15752801120448173,0.26936274509803937
2,1,0.06436100131752318,-0.008201581027667909,-0.21393280632411063,-0.1646903820816868,-0.2546113306982874,0.5138339920948619
2,2,-0.031157894736841992,0.26017543859649117,-0.16312280701754364,0.21459649122807012,-0.1563859649122805,0.00010526315789472434
2,3,-0.07552083333333347,-0.024479166666666725,0.25552083333333325,0.44225694444444336,-0.056736111111111195,-0.09937499999999999
2,4,-0.028787878787878852,-0.189147286821705,0.3232910500352368,0.00017618040873858888,0.27861169837914074,-0.269978858350951
2,5,-0.20367231638417982,-0.22913135593220357,0.3322387005649726,-0.20628531073446205,0.45826271186440637,-0.31242937853107366
2,Aggregated,0.020620708507961227,-0.03429497274929259,0.06443864828339815,0.011961950143291718,0.0183371197837401,0.01726866752732804
2,Centralized,0.021102243812167448,-0.03379019199629885,0.061537126995142404,0.011114966458477923,0.014839232014804492,0.022698357622021752
3,0,0.44163165266106463,-0.013550420168067186,-0.1595938375350138,-0.24845938375350127,-0.1538865546218489,0.29142156862744945
3,1,0.10026350461133077,-0.01040843214756262,-0.21129776021080326,-0.16587615283267385,-0.23771409749670588,0.5408432147562569
3,2,-0.026771929824561422,0.20915789473684165,-0.1572280701754394,0.20568421052631577,-0.17143859649122753,-0.021508771929824585
3,3,-0.15444444444444436,-0.009652777777777793,0.15868055555555527,0.41118055555555544,-0.08020833333333346,-0.2693055555555559
3,4,-0.033368569415081074,-0.1702255109231851,0.2780479210711777,-0.051867512332628166,0.2923537702607471,-0.3297392529950669
3,5,-0.1470692090395482,-0.20268361581920935,0.3757415254237288,-0.2062500000000009,0.5105932203389835,-0.2710098870056494
3,Aggregated,0.030286725444593418,-0.03280486492407264,0.04710700304044002,-0.009405671965992006,0.026346293068148143,-0.009482301345438347
3,Centralized,0.030846634281748806,-0.0323328706916493,0.04422854499190377,-0.010068239648392438,0.02283715012722646,-0.003811010872079604
4,0,0.3905462184873948,-0.019572829131652664,-0.19751400560224053,-0.29415266106442567,-0.12619047619047624,0.24898459383753543
4,1,0.09812252964426865,-0.019235836627140977,-0.21706192358366336,-0.1795454545454545,-0.24120553359683758,0.5016139657444004
4,2,-0.018526315789473564,0.22094736842105248,-0.15487719298245656,0.2571228070175436,-0.20442105263157861,-0.011824561403508684
4,3,-0.13902777777777853,0.01378472222222224,0.1477430555555561,0.4203124999999996,-0.09868055555555551,-0.2857986111111127
4,4,-0.012403100775193833,-0.16261451726568052,0.27850599013389704,-0.08632840028188854,0.3191331923890059,-0.31726568005637773
4,5,-0.140748587570621,-0.2448799435028248,0.3533898305084743,-0.2824152542372885,0.5013771186440679,-0.27570621468926554
4,Aggregated,0.029880060963172327,-0.03517369725994378,0.03473874081652885,-0.02763592256768648,0.02473875252710888,-0.0229527306445505
4,Centralized,0.03043603978718485,-0.034692343280129566,0.031933842239185814,-0.02814596345130698,0.021171640064769785,-0.017580383992597707
5,0,0.4269607843137257,0.01025910364145661,-0.1174719887955182,-0.21684173669467807,-0.06701680672268913,0.27923669467787204
5,1,0.13827404479578412,-0.00042819499341237587,-0.19143610013175222,-0.16409749670619228,-0.21571146245059275,0.5104743083003938
5,2,-0.04010526315789474,0.18199999999999975,-0.15473684210526323,0.23936842105263118,-0.17901754385964874,-0.020140350877192903
5,3,-0.1544097222222223,0.07871527777777783,0.11854166666666648,0.3752777777777772,-0.09336805555555548,-0.28725694444444333
5,4,-0.02237491190979566,-0.1121564482029594,0.2609584214235372,-0.0766737138830162,0.3342142353770254,-0.33111346018322724
5,5,-0.14427966101694895,-0.1891596045197737,0.36765536723163844,-0.22079802259887035,0.5257768361581909,-0.2862288135593223
5,Aggregated,0.03425643876114317,-0.005064684033641487,0.047000172132474635,-0.010738517624580148,0.05056812772823356,-0.022107273834149267
5,Centralized,0.0351665510062457,-0.004661114966458473,0.04426902613925531,-0.01141568355308816,0.04696391394864667,-0.016637751561415733
6,0,0.3285714285714292,0.0031862745098038756,-0.23679971988795587,-0.3837184873949587,-0.20931372549019617,0.2165616246498599
6,1,0.16383399209486146,-0.0015151515151515193,-0.23017127799736486,-0.22921607378129127,-0.2536561264822131,0.5111989459815541
6,2,-0.003929824561403611,0.18989473684210517,-0.23322807017543837,0.22961403508772002,-0.28821052631578914,0.009017543859649145
6,3,-0.16052083333333333,0.10513888888888853,0.08680555555555586,0.37673611111111255,-0.13868055555555564,-0.2944791666666656
6,4,-0.0013742071881606567,-0.10539112050739913,0.26856941508104243,-0.08502466525722327,0.3380197322057799,-0.328118393234674
6,5,-0.07768361581920906,-0.1961864406779664,0.3768714689265541,-0.24901129943502806,0.5535663841807915,-0.2465395480225978
6,Aggregated,0.041684291633982753,-0.000756231247053005,0.005036852977573482,-0.05694717592588718,-2.0379646604860857e-05,-0.02168981146177762
6,Centralized,0.04270182743465182,-0.0003585473051122322,0.0022958593569280513,-0.05776659727041433,-0.0035681239879712993,-0.01626763821420307
7,0,0.31915266106442614,0.08291316526610608,-0.07500000000000008,-0.1817226890756302,-0.03911064425770336,0.20889355742296906
7,1,0.14321475625823443,-0.0058300395256917215,-0.18339920948616617,-0.1832674571805007,-0.206093544137022,0.48280632411067315
7,2,-0.03607017543859656,0.22031578947368383,-0.1653684210526317,0.27070175438596494,-0.16828070175438614,-0.022350877192982517
7,3,-0.15190972222222265,0.12809027777777734,0.08680555555555554,0.3703472222222215,-0.11788194444444386,-0.27795138888888915
7,4,-0.03414376321353075,-0.09436222692036624,0.24358703312191693,-0.10066948555320639,0.3251233262861174,-0.3395348837209304
7,5,-0.15389889359698736,-0.21746115819209064,0.35069150188323955,-0.25323093220338966,0.5266242937853122,-0.29297904896421734
7,Aggregated,0.01460359470204535,0.019026933954958344,0.04266448012660572,-0.013061071700497282,0.05317167301576967,-0.03981821721624197
7,Centralized,0.01579921350913712,0.019216978949803426,0.040024288688410715,-0.013885033541522016,0.04959518852648633,-0.034414758269720215
8,0,0.3139005602240901,0.03042717086834743,-0.21845238095238154,-0.3691176470588233,-0.25395658263305254,0.20308123249299714
8,1,0.17549407114624438,-0.01735836627140977,-0.22536231884057914,-0.2435441370223978,-0.2561923583662716,0.49186429512516583
8,2,0.014912280701754387,0.20778947368421044,-0.26628070175438673,0.2492982456140349,-0.3246315789473701,0.011543859649122757
8,3,-0.14107638888888857,0.1415277777777779,0.06166666666666686,0.3652430555555558,-0.15097222222222156,-0.27222222222222303
8,4,-0.0013742071881606963,-0.09844961240310077,0.25095137420718844,-0.11874559548978153,0.34097956307258653,-0.29725158562367815
8,5,-0.07221045197740122,-0.21355932203389844,0.3584745762711853,-0.2902189265536726,0.5419138418079096,-0.2142302259887011
8,Aggregated,0.048469112001767636,0.008454120305619494,-0.006786697090277915,-0.06800276585210135,-0.01746557863838151,-0.01252589923279391
8,Centralized,0.04956627342123518,0.008662965533194431,-0.00936849410131853,-0.06882373351839048,-0.02085935692805916,-0.0074080499653018566
9,0,0.2948529411764706,0.07237394957983209,-0.06733193277310905,-0.1537815126050422,-0.016946778711484308,0.20066526610644234
9,1,0.18214756258234535,0.02460474308300399,-0.19390645586297706,-0.1932806324110673,-0.19990118577075047,0.500889328063242
9,2,-0.04505263157894739,0.22280701754385884,-0.13817543859649062,0.3086666666666663,-0.1479298245614034,-0.025578947368420927
9,3,-0.19184027777777746,0.12916666666666643,0.10749999999999992,0.3677777777777778,-0.1044444444444446,-0.29565972222222137
9,4,-0.0404510218463707,-0.1138830162085974,0.24975334742776564,-0.12188160676532767,0.3202959830866806,-0.3403453136011278
9,5,-0.14180790960451972,-0.23213276836158084,0.3596751412429374,-0.3085098870056498,0.5106991525423727,-0.28961864406779697
9,Aggregated,0.009860504240257141,0.017248662594187888,0.05269231488287374,-0.016895128886382497,0.06008249971696243,-0.0412362556629774
9,Centralized,0.01143881563728895,0.01780013879250522,0.049861207494795085,-0.017736525560952926,0.05653481378672202,-0.03566389081656263
10,0,0.3515406162464988,0.05364145658263305,-0.1588235294117647,-0.30840336134453905,-0.16425070028011232,0.16957282913165242
10,1,0.19219367588932793,0.026449275362318853,-0.22611989459815574,-0.25464426877470375,-0.23122529644268736,0.49532279314888045
10,2,-0.009263157894736869,0.19831578947368442,-0.26431578947368445,0.23403508771929843,-0.3659999999999993,-0.0454035087719298
10,3,-0.18690972222222133,0.105625,0.07149305555555549,0.3961111111111114,-0.19319444444444428,-0.2639583333333334
10,4,0.0033826638477801466,-0.08914728682170557,0.2576109936575047,-0.07579281183932361,0.32667371388301725,-0.2831923890063422
10,5,-0.04389124293785287,-0.1845692090395478,0.3484110169491524,-0.26497175141242885,0.5273305084745769,-0.18739406779661022
10,Aggregated,0.051388120709101565,0.01846009479739847,0.004442773755102866,-0.04576924786459238,-0.017050886470005022,-0.018857806210204102
10,Centralized,0.05251561415683551,0.018922044876243375,0.001752255378209581,-0.04693499884339607,-0.02024635669673841,-0.013642146657413713
11,0,0.24310224089635865,0.04677871148459372,-0.10507703081232474,-0.20031512605041993,-0.06418067226890752,0.13431372549019602
11,1,0.19051383399209484,0.011693017127799722,-0.20830039525691643,-0.2260869565217393,-0.1950592885375495,0.4825757575757582
11,2,-0.007543859649122847,0.29554385964912294,-0.15936842105263202,0.33515789473684265,-0.1718596491228068,-0.02877192982456134
11,3,-0.18097222222222292,0.15618055555555577,0.09791666666666657,0.40225694444444493,-0.12500000000000003,-0.26288194444444435
11,4,-0.03516560958421414,-0.11871035940803425,0.2372797744890774,-0.15380549682875272,0.2780479210711773,-0.3133544749823826
11,5,-0.10843926553672338,-0.25158898305084787,0.3385593220338972,-0.3562853107344637,0.4730932203389831,-0.22881355932203387
11,Aggregated,0.017110538326977207,0.023401473174262437,0.03326611866223131,-0.03325188397076154,0.03229787338425702,-0.035836801938516585
11,Centralized,0.01868494101318532,0.023814480684709663,0.030505436039787254,-0.03413717325931055,0.029123294008790122,-0.030517002081887738
12,0,0.2414565826330541,0.04968487394958009,-0.13900560224089625,-0.23165266106442553,-0.07482492997198918,0.14383753501400567
12,1,0.1638669301712787,0.02585638998682475,-0.2114624505928851,-0.23287220026350447,-0.2132081686429515,0.4836297760210802
12,2,-0.02614035087719305,0.20073684210526338,-0.29557894736842005,0.22459649122806996,-0.3276842105263169,-0.05382456140350873
12,3,-0.1667013888888897,0.12006944444444445,0.04715277777777783,0.35736111111111063,-0.18534722222222147,-0.25586805555555553
12,4,0.004263565891472825,-0.09429175475687122,0.232980972515856,-0.0869978858350948,0.2999999999999995,-0.2608174770965474
12,5,-0.04452683615819148,-0.19120762711864395,0.33386299435028166,-0.24929378531073357,0.46451271186440596,-0.16292372881355932
12,Aggregated,0.028865270001609978,0.018547033913823015,-0.0055868644389169345,-0.036596378875829456,-0.00630968522094175,-0.017367273947589575
12,Centralized,0.02998496414526945,0.019037705297247194,-0.008032616238723077,-0.03771686328938235,-0.009356928059218244,-0.01230626879481845
13,0,0.175070028011205,0.041281512605042064,-0.01197478991596635,-0.21278011204481867,-0.042121848739495676,0.0799369747899162
13,1,0.16887351778656098,0.021541501976284638,-0.18369565217391326,-0.24305006587615338,-0.20876152832674666,0.4431159420289858
13,2,0.01214035087719296,0.294456140350877,-0.1500350877192981,0.39933333333333354,-0.18761403508771904,-0.01038596491228064
13,3,-0.15114583333333295,0.15322916666666678,0.0819444444444442,0.4195138888888882,-0.1490972222222219,-0.23152777777777836
13,4,-0.03305144467935184,-0.11356589147286829,0.22293868921775892,-0.15528541226215695,0.28720930232558095,-0.26321353065539005
13,5,-0.10211864406779668,-0.25169491525423743,0.3199152542372888,-0.39724576271186335,0.4514124293785305,-0.16857344632768387
13,Aggregated,0.011787312609936207,0.024292884718019787,0.04632912426540455,-0.031656022596661296,0.024973680314645415,-0.024845727643050163
13,Centralized,0.013243118204950305,0.024791811242192915,0.043673374971084936,-0.032674068933610786,0.021703678001388046,-0.02007864908628259
14,0,0.2502100840336139,0.03998599439775932,-0.14075630252100854,-0.248704481792717,-0.07412464985994394,0.13557422969187746
14,1,0.2000000000000002,0.03020421607378135,-0.2260210803689054,-0.2645256916996039,-0.20125164690382127,0.4655467720685118
14,2,-0.04189473684210512,0.1823508771929822,-0.3144561403508786,0.20922807017543824,-0.3625964912280696,-0.043157894736841965
14,3,-0.1862847222222224,0.13020833333333337,0.034305555555555624,0.34857638888888814,-0.20527777777777786,-0.23611111111111163
14,4,0.0017265680056377218,-0.09309372797744893,0.22695560253699795,-0.08460183227625069,0.27473572938689156,-0.24749823819591157
14,5,-0.03573446327683634,-0.19110169491525444,0.3125706214689258,-0.24427966101694867,0.4440677966101702,-0.13086158192090364
14,Aggregated,0.03151178103763255,0.016491771199259406,-0.0181419676202014,-0.04751796384525018,-0.02094464889476734,-0.009143980716031013
14,Centralized,0.03294008790192002,0.017071478140180445,-0.020604904001850614,-0.0488723108952113,-0.02371038630580634,-0.00436039787184831
15,0,0.1559523809523806,0.040966386554621884,-0.04607843137254898,-0.16516106442577033,-0.014705882352941207,0.07104341736694669
15,1,0.16403162055335957,0.01982872200263507,-0.2053030303030303,-0.2378458498023724,-0.17305665349143615,0.4501317523056667
15,2,0.011157894736842127,0.3065263157894728,-0.1470877192982457,0.40035087719298385,-0.18207017543859613,0.004807017543859635
15,3,-0.130729166666667,0.17124999999999946,0.08506944444444411,0.4077430555555557,-0.165451388888889,-0.22204861111111024
15,4,-0.028365045806905995,-0.1190627202255111,0.2300211416490485,-0.15010570824524289,0.27558139534883797,-0.2672656800563785
15,5,-0.09710451977401004,-0.2621115819209048,0.3205861581920899,-0.3820974576271187,0.4485522598870052,-0.17401129943502816
15,Aggregated,0.012635599518746625,0.026317750979150636,0.03932950130999051,-0.021240161997735374,0.03130162529621581,-0.022628907201796222
15,Centralized,0.014064307194078125,0.026821651630811964,0.03652556095304201,-0.022357159380060186,0.028313671061762417,-0.017788572750404883
16,0,0.2412464985994403,0.06330532212885141,-0.1054971988795527,-0.29628851540616225,-0.08210784313725444,0.1310224089635851
16,1,0.1975955204216073,0.05490777338603413,-0.22358366271409771,-0.27091567852437415,-0.21350461133069779,0.4732872200263493
16,2,-0.030807017543859644,0.15919298245614072,-0.32666666666666727,0.1490526315789471,-0.3683508771929835,-0.03715789473684227
16,3,-0.15649305555555557,0.1059375,0.02430555555555561,0.31104166666666655,-0.1959375000000003,-0.24510416666666707
16,4,-0.0013389711064129943,-0.07350246652572213,0.2106060606060604,-0.0934460887949261,0.2513037350246651,-0.23653981677237526
16,5,-0.044597457627118614,-0.1525776836158198,0.28206214689265463,-0.230155367231639,0.384957627118643,-0.09350282485875723
16,Aggregated,0.03443556105939322,0.02628134424111,-0.02334645662063515,-0.07193424647128568,-0.037467020588767504,-0.001066407388510951
16,Centralized,0.03587207957436971,0.026925746009715458,-0.025711311589174148,-0.0731609993060374,-0.04009946796206331,0.0036548693037242877
17,0,0.15896358543417363,0.0492997198879551,-0.026540616246498713,-0.17717086834733928,-0.03102240896358583,0.08529411764705899
17,1,0.13712121212121248,0.04634387351778667,-0.20438076416337272,-0.2409749670619242,-0.1893939393939391,0.4512845849802374
17,2,0.0272982456140349,0.3209473684210528,-0.11147368421052609,0.41905263157894723,-0.14305263157894751,0.026175438596491206
17,3,-0.11107638888888802,0.17361111111111138,0.08552083333333346,0.41767361111111195,-0.15354166666666633,-0.2121874999999999
17,4,-0.026215644820296004,-0.12998590556730102,0.20905567300916184,-0.16018322762508794,0.26800563777307884,-0.21775898520084555
17,5,-0.11045197740112996,-0.2809322033898302,0.28259180790960403,-0.4353107344632759,0.4177612994350282,-0.09399717514124285
17,Aggregated,0.012746281318469433,0.0299809575508866,0.03894581568245167,-0.029531997895619437,0.027951884786431014,0.006707299830360919
17,Centralized,0.013937080730973843,0.030748322923895482,0.03619592875318078,-0.030522785102937697,0.024878556557945783,0.011161230626879513
18,0,0.16281512605042006,0.04201680672268922,-0.03417366946778707,-0.22801120448179407,-0.03329831932773097,0.06964285714285758
18,1,0.16656785243741737,0.04179841897233202,-0.2083992094861659,-0.2505599472990776,-0.16251646903820877,0.4506587615283262
18,2,-0.04814035087719299,0.14410526315789507,-0.30529824561403535,0.1698947368421052,-0.3888771929824566,-0.07063157894736832
18,3,-0.12017361111111144,0.08756944444444435,0.02031250000000007,0.2914930555555552,-0.24020833333333277,-0.238993055555555
18,4,0.010394644115574466,-0.07205778717406629,0.20609584214235438,-0.10697674418604675,0.23400281888653932,-0.22494714587737863
18,5,-0.03569915254237291,-0.14819915254237265,0.27591807909604515,-0.23273305084745677,0.4036723163841798,-0.048975988700564944
18,Aggregated,0.022747773916188388,0.015934225209287,-0.0077752233936478,-0.05959371771101873,-0.03136225897852486,-0.010316989743591479
18,Centralized,0.024045801526717557,0.016516308119361556,-0.010154984964145242,-0.06077376821651629,-0.03361670136479306,-0.00575988896599579
19,0,0.14901960784313723,0.022163865546218436,0.02426470588235296,-0.20654761904761887,-0.0527310924369748,0.07223389355742284
19,1,0.12555994729907768,0.05797101449275379,-0.19522397891963214,-0.2727602108036893,-0.18178524374176525,0.4148550724637677
19,2,0.06894736842105278,0.31575438596491284,-0.1394035087719294,0.40084210526315744,-0.19094736842105284,-0.0025614035087719233
19,3,-0.07277777777777777,0.16520833333333362,0.06875000000000038,0.37704861111111065,-0.17684027777777828,-0.171805555555556
19,4,0.0042988019732205646,-0.1366807610993654,0.20577871740662423,-0.17159971811134625,0.26381254404510174,-0.19097956307258623
19,5,-0.07418785310734462,-0.28015536723163764,0.2804025423728814,-0.41878531073446407,0.42436440677966075,-0.06935028248587516
19,Aggregated,0.0335911447340927,0.02413941856200096,0.04060100105222271,-0.048690978420601064,0.014132981052825459,0.008937060097655453
19,Centralized,0.03445523941707148,0.02508096229470267,0.037901919962988646,-0.04989012260004618,0.011247975942632429,0.013029146426093055
20,0,0.15231092436974838,0.010574229691876762,0.016631652661064464,-0.23494397759103675,-0.023389355742296777,0.07251400560224085
20,1,0.15711462450592814,0.05777338603425551,-0.18418972332015887,-0.2515480895915679,-0.15131752305665352,0.45319499341238473
20,2,-0.05021052631578927,0.14084210526315835,-0.29347368421052716,0.15115789473684255,-0.3747368421052636,-0.0725263157894737
20,3,-0.14371527777777773,0.1083680555555556,0.02968750000000001,0.2718750000000005,-0.2184722222222224,-0.2414930555555552
20,4,0.016701902748414394,-0.09260042283298105,0.19288231148696275,-0.10324171952079006,0.23692741367159903,-0.21684284707540516
20,5,-0.006638418079096045,-0.17270480225988677,0.25384887005649753,-0.2363347457627105,0.3697387005649719,-0.06596045197740122
20,Aggregated,0.021039186477541483,0.008768003725975844,0.0024094785415600117,-0.06728398387738746,-0.02702418784892114,-0.011624409962801674
20,Centralized,0.022183668748554194,0.009669211195928732,0.00021397177885726,-0.06842470506592616,-0.029140643071940937,-0.007020587554938677
21,0,0.11827731092436941,0.011519607843137278,0.01526610644257703,-0.21169467787114932,0.05147058823529405,0.038270308123249455
21,1,0.12246376811594199,0.031060606060606115,-0.18939393939393953,-0.2618906455862996,-0.15138339920948599,0.41357048748353165
21,2,0.010561403508771956,0.33305263157894743,-0.11094736842105288,0.4128070175438602,-0.13547368421052644,0.03947368421052629
21,3,-0.07027777777777756,0.17270833333333313,0.06166666666666668,0.3676041666666668,-0.16274305555555546,-0.1710416666666663
21,4,0.013988724453840752,-0.1099013389711059,0.19792107117688557,-0.1856941508104297,0.2510218463706829,-0.19904862579281182
21,5,-0.05646186440677994,-0.2814618644067786,0.27669491525423756,-0.45014124293785107,0.4030014124293781,-0.0759533898305086
21,Aggregated,0.023184389074569416,0.02624359250507741,0.041711520089310145,-0.05487923305734824,0.04252123874604174,0.007743808337296154
21,Centralized,0.02412098080037009,0.026879481841313918,0.03905274115197773,-0.05588133240804994,0.039688873467499344,0.011843627110802673
22,0,0.12373949579831979,0.005182072829131486,0.030497198879551938,-0.20224089635854317,-0.034313725490196005,0.04772408963585456
22,1,0.14008563899868204,0.06534914361001301,-0.19242424242424197,-0.24621212121212083,-0.17417654808959224,0.42714097496706127
22,2,-0.035824561403508745,0.11733333333333316,-0.29287719298245535,0.12077192982456136,-0.39442105263157967,-0.06445614035087721
22,3,-0.07277777777777811,0.09586805555555553,-0.00013888888888894375,0.23090277777777757,-0.23340277777777618,-0.2204513888888886
22,4,0.04718111346018319,-0.10084566596194505,0.1739957716701902,-0.1164200140944324,0.221916842847075,-0.20468639887244575
22,5,0.0296963276836158,-0.1596045197740114,0.23764124293785313,-0.23637005649717496,0.34466807909604547,-0.03806497175141245
22,Aggregated,0.03875343578607414,0.003939308478105998,-0.007355724895873973,-0.07501740065174117,-0.04510251363593021,-0.008597784910070808
22,Centralized,0.039613694193846846,0.004944482997918106,-0.009565116817025225,-0.07608720795743674,-0.04725884802220671,-0.004291001619245902
23,0,0.12815126050420209,0.016176470588235254,-0.021358543417366944,-0.2116596638655467,0.06341036414565814,0.05259103641456568
23,1,0.13003952569169933,0.04769433465085629,-0.1891304347826087,-0.25405138339920974,-0.14229249011857703,0.41959815546772167
23,2,0.024842105263157936,0.33582456140350814,-0.11603508771929841,0.3967017543859632,-0.13115789473684222,0.03719298245614048
23,3,-0.09156250000000016,0.1679513888888892,0.06993055555555552,0.35086805555555495,-0.13489583333333333,-0.16020833333333315
23,4,0.008069062720225543,-0.12290345313601168,0.20151515151515156,-0.1818886539816786,0.2603946441155738,-0.19267089499647636
23,5,-0.061546610169491076,-0.28661723163841746,0.27351694915254243,-0.42450564971751503,0.3978460451977391,-0.07877824858757078
23,Aggregated,0.023104226450169053,0.026445173708127823,0.03623494910681986,-0.0541357263584062,0.052089412998133265,0.013155920441457601
23,Centralized,0.024086282674068885,0.02725537820957668,0.03365718251214449,-0.055117973629423944,0.04930025445292638,0.017279666897987437
24,0,0.12240896358543403,0.028886554621848796,0.002205882352941116,-0.1924019607843143,-0.014110644257702858,0.046708683473389315
24,1,0.1532608695652174,0.04571805006587622,-0.20638998682476933,-0.2339920948616606,-0.1551712779973647,0.4044795783926227
24,2,-0.050315789473684085,0.11954385964912279,-0.2989473684210528,0.1440000000000003,-0.36915789473684335,-0.0903859649122807
24,3,-0.11083333333333331,0.09225694444444454,0.0077083333333333465,0.22888888888888856,-0.21590277777777864,-0.20211805555555554
24,4,0.04298801973220567,-0.054263565891472805,0.18157152924594747,-0.1330162085976028,0.20947850599013362,-0.18544749823819606
24,5,0.026165254237288136,-0.12362288135593227,0.2399011299435034,-0.2468220338983039,0.3332980225988708,-0.03612288135593224
24,Aggregated,0.030693404952714116,0.01813302302550821,-0.012480265388701527,-0.07229936031940244,-0.03539436177275675,-0.0102952175247333
24,Centralized,0.03171408743927829,0.018713856118436185,-0.014769835762202197,-0.0732593106638902,-0.03741036317372197,-0.006182049502660235
25,0,0.10042016806722678,0.0005952380952381406,0.01799719887955175,-0.20626750700280239,0.07685574229691855,0.023004201680672166
25,1,0.14090909090909104,0.03995388669301696,-0.2223649538866925,-0.24034914361001192,-0.10592885375494057,0.39568511198945944
25,2,0.0038596491228070186,0.33091228070175516,-0.11442105263157878,0.40017543859649224,-0.13992982456140385,0.024666666666666674
25,3,-0.08461805555555567,0.16590277777777718,0.0914236111111111,0.3668402777777776,-0.19833333333333425,-0.14746527777777785
25,4,0.03276955602537009,-0.13400281888654036,0.19386892177589873,-0.15894996476391926,0.2294221282593371,-0.19270613107822387
25,5,0.025918079096045227,-0.2894420903954815,0.24812853107344668,-0.4112288135593212,0.38343926553672225,-0.05850988700564971
25,Aggregated,0.03661425077427924,0.01907326441169701,0.03560998692112564,-0.04168243363977786,0.04082772567226181,0.00762417042897358
25,Centralized,0.03749132546842474,0.019887809391626196,0.032755031228313636,-0.042649780245199775,0.038451306962757115,0.0115660421003933
26,0,0.08778011204481805,0.0070028011204481076,0.007878151260504158,-0.19800420168067237,0.07647058823529426,0.008368347338935564
26,1,0.14604743083003935,0.02562582345191043,-0.19001976284584962,-0.24812252964426934,-0.1007905138339921,0.38899868247694364
26,2,-0.05842105263157927,0.12280701754386032,-0.3141052631578941,0.18175438596491286,-0.33880701754385967,-0.06901754385964909
26,3,-0.10732638888888868,0.08947916666666661,0.007118055555555546,0.2583333333333329,-0.25076388888888884,-0.1843402777777778
26,4,0.05422832980972521,-0.06233262861169805,0.16920366455250202,-0.12727272727272723,0.18830162085976024,-0.20098661028893666
26,5,0.06521892655367248,-0.14961158192090462,0.21377118644067725,-0.27581214689265504,0.3029661016949153,-0.05907485875706211
26,Aggregated,0.03130987422843186,0.005537674565197019,-0.017834815128658376,-0.06826639650287113,-0.020506505880046336,-0.01916717249215598
26,Centralized,0.032217210270645336,0.006066389081656354,-0.019864677307425437,-0.06934420541290798,-0.022148970622253145,-0.01505898681471181
27,0,0.14310224089635903,0.0543067226890755,-0.011554621848739543,-0.19373249299719938,-0.03949579831932781,0.055777310924369834
27,1,0.1580039525691694,0.04344532279314907,-0.19528985507246344,-0.23432147562582312,-0.15527009222661423,0.3616930171277999
27,2,0.03950877192982452,0.3009473684210537,-0.14161403508771964,0.40273684210526345,-0.18010526315789432,0.03957894736842105
27,3,-0.048298611111111125,0.15770833333333312,0.03659722222222224,0.2908333333333332,-0.1694791666666665,-0.09236111111111109
27,4,0.030866807610993675,-0.07533474277660282,0.17001409443269935,-0.1810782241014797,0.2259337561663141,-0.16828752642706105
27,5,-0.0122881355932203,-0.22867231638417976,0.25512005649717534,-0.3906779661016952,0.37231638418079094,-0.0593573446327683
27,Aggregated,0.051909048836462246,0.04214751342967449,0.018725334668749597,-0.05107012885898202,0.00883270882706659,0.023007679584875707
27,Centralized,0.0528972935461486,0.04264978024520008,0.016244506130002386,-0.0520240573675684,0.0063613231552162005,0.026515151515151634
28,0,0.11575630252100849,0.04418767507002798,-0.024859943977591066,-0.14446778711484595,-0.02675070028011195,0.04033613445378156
28,1,0.13669301712779972,0.07786561264822119,-0.18557312252964414,-0.2008563899868245,-0.1280303030303029,0.3848814229249017
28,2,-0.04347368421052661,0.1528421052631577,-0.30417543859649104,0.22754385964912263,-0.3793684210526323,-0.02599999999999985
28,3,-0.054062499999999916,0.09545138888888897,-0.003055555555555577,0.2436805555555559,-0.2472569444444443,-0.184756944444444
28,4,0.040239605355884486,-0.07244538407329117,0.1683579985905563,-0.12068357998590551,0.20838618745595522,-0.20694150810429918
28,5,0.00833333333333337,-0.16910310734463352,0.22450564971751416,-0.2659251412429379,0.3408192090395486,-0.06659604519774005
28,Aggregated,0.0339823597993372,0.021540322388798175,-0.020952424743044557,-0.04349869003510533,-0.038827658741836524,-0.00965486777065627
28,Centralized,0.03491788110108719,0.02247281980106401,-0.022929678464029647,-0.0443962526023597,-0.04058524173027989,-0.005690492713393487
29,0,0.10976890756302499,0.02226890756302525,0.021323529411764557,-0.2141456582633066,0.04586834733893571,0.002310924369747866
29,1,0.1707839262187082,0.059881422924901194,-0.19683794466403157,-0.24598155467720662,-0.1117918313570487,0.3160408432147568
29,2,0.045000000000000234,0.2619649122807009,-0.16496491228070181,0.3862807017543862,-0.19771929824561368,0.029438596491228056
29,3,-0.07697916666666627,0.15291666666666667,0.03499999999999999,0.293645833333333,-0.1609374999999998,-0.09989583333333325
29,4,0.042459478505990196,-0.0858703312191683,0.17688513037350193,-0.19048625792811766,0.21800563777308,-0.19904862579281207
29,5,0.02387005649717514,-0.23841807909604615,0.2517302259887007,-0.3948446327683629,0.3612641242937864,-0.07775423728813555
29,Aggregated,0.05256434681121028,0.028866037079327084,0.020378441011328206,-0.06096063103890144,0.025671358651829873,-0.004668203046579758
29,Centralized,0.05358547305112202,0.02969003007170947,0.01785796900300719,-0.06190724034235452,0.023507980569049108,-0.0013185287994448246
30,0,0.08925070028011219,0.03182773109243696,0.010889355742296861,-0.16799719887955186,0.042471988795518084,0.0208683473389356
30,1,0.12516469038208158,0.07971014492753613,-0.20003293807641592,-0.2264492753623189,-0.13191699604742987,0.3416666666666673
30,2,-0.022771929824561516,0.13298245614035076,-0.28978947368421126,0.2384210526315787,-0.3396140350877201,-0.0750175438596493
30,3,-0.11295138888888917,0.08829861111111115,0.020416666666666618,0.281458333333333,-0.26624999999999804,-0.15263888888888885
30,4,0.035694150810429856,-0.04742776603241724,0.16085271317829458,-0.09901338971106412,0.1854474982381961,-0.1573291050035239
30,5,0.040925141242937946,-0.13750000000000032,0.19632768361581932,-0.26970338983050857,0.3032838983050849,-0.042231638418079157
30,Aggregated,0.02594943126051507,0.024706593392979294,-0.017028508496516003,-0.0406193758929082,-0.03451378591506696,-0.01063109412615261
30,Centralized,0.02671177423085821,0.025572519083969552,-0.01913023363405044,-0.04175341198241916,-0.03635785334258616,-0.007089983807541061
31,0,0.10549719887955135,-0.008648459383753505,0.021638655462184908,-0.20329131652661137,0.06162464985994425,0.008473389355742312
31,1,0.165316205533597,0.06360342555994734,-0.18484848484848504,-0.2408432147562591,-0.10507246376811606,0.31963109354413627
31,2,0.04407017543859643,0.275894736842105,-0.1537543859649123,0.3878245614035096,-0.2004912280701755,-0.01038596491228067
31,3,-0.06270833333333348,0.15368055555555551,0.036458333333333225,0.29045138888888844,-0.19038194444444434,-0.0962499999999998
31,4,0.04168428470754049,-0.14820295983086684,0.16134601832276196,-0.17290345313601158,0.2071176885130376,-0.1799506694855523
31,5,0.04456214689265522,-0.2760593220338985,0.21913841807909565,-0.3765183615819214,0.35911016949152486,-0.05497881355932221
31,Aggregated,0.056474104498458015,0.010132006010384227,0.016532210282183,-0.052587338641827366,0.021890070231047838,-0.0021031736620256564
31,Centralized,0.05740804996530192,0.011271108026833263,0.014220448762433556,-0.05360860513532305,0.019783715012722542,0.0012375665047421344
32,0,0.0995098039215689,0.028501400560224214,0.021883753501400552,-0.1526960784313732,-0.015056022408963594,0.017857142857142867
32,1,0.15151515151515088,0.06966403162055328,-0.17480237154150202,-0.23494729907773437,-0.13764822134387364,0.3183135704874839
32,2,-0.04491228070175416,0.15933333333333358,-0.29059649122807013,0.2695438596491224,-0.3481052631578953,-0.03789473684210526
32,3,-0.05024305555555582,0.10791666666666651,-0.028055555555555455,0.23364583333333305,-0.25447916666666576,-0.10670138888888882
32,4,0.05264270613107828,-0.07565186751233269,0.162226920366455,-0.1233262861169845,0.20909090909090888,-0.155214940098661
32,5,0.032697740112994346,-0.18372175141242977,0.2262711864406783,-0.27764830508474336,0.33527542372881397,-0.0629590395480226
32,Aggregated,0.04025838030155099,0.017741886376198418,-0.013971781341904379,-0.04762065040644374,-0.035274356434983355,-0.004293155793196737
32,Centralized,0.041261855193152806,0.018667591950034614,-0.01596113809854276,-0.048843395789960484,-0.03718482535276428,-0.0009657645153829312
33,0,0.11095938375350152,0.024579831932773053,0.02636554621848744,-0.2301120448179262,0.03907563025210083,0.029131652661064232
33,1,0.1492094861660077,0.09944005270092227,-0.1658761528326743,-0.23610013175230532,-0.11851119894598142,0.34298418972332
33,2,0.03838596491228056,0.24126315789473646,-0.1940350877192982,0.37136842105263257,-0.21364912280701734,-0.020175438596491214
33,3,-0.007326388888888901,0.07006944444444438,0.04704861111111117,0.32986111111111044,-0.20569444444444354,-0.16312500000000013
33,4,0.0458421423537702,-0.1072586328400281,0.17315010570824507,-0.141437632135307,0.19027484143763218,-0.20496828752642696
33,5,0.015183615819208966,-0.21151129943502844,0.23499293785310715,-0.34209039548022474,0.32567090395480086,-0.06673728813559328
33,Aggregated,0.058771239735218125,0.01953002866369071,0.02013817831564345,-0.041491029939519336,0.002768854475715333,-0.013641154574066831
33,Centralized,0.05964029609067763,0.02070899838075413,0.017990978487161708,-0.042551468887347066,0.0007402266944254582,-0.010033541522091112
34,0,0.08161764705882368,0.037605042016806756,0.00724789915966386,-0.17514005602240898,0.04674369747899161,0.00822829131652665
34,1,0.1108695652173912,0.07091567852437428,-0.17667984189723332,-0.24051383399209483,-0.13129117259552014,0.3054347826086949
34,2,-0.03182456140350871,0.18098245614035038,-0.2745614035087715,0.2647017543859653,-0.32112280701754314,-0.043438596491228304
34,3,-0.027881944444444536,0.0994444444444446,-0.02895833333333336,0.21093749999999964,-0.2344097222222214,-0.09204861111111122
34,4,0.05961945031712463,-0.05303030303030236,0.1367159971811134,-0.13875968992248056,0.1936575052854127,-0.155919661733614
34,5,0.03361581920903947,-0.16468926553672272,0.20466101694915229,-0.2754943502824856,0.3081567796610174,-0.05540254237288146
34,Aggregated,0.03770559098563704,0.028604235607100313,-0.022049717433181234,-0.05909587465327809,-0.02313504399481182,-0.005395403655947283
34,Centralized,0.03834721258385388,0.02937774693499896,-0.023941707147814018,-0.060287994448300165,-0.025046264168401756,-0.0021686328938237795
35,0,0.09257703081232506,0.006897759103641476,0.024334733893557434,-0.16330532212885154,0.036484593837535065,0.005112044817927189
35,1,0.1659749670619234,0.087977602108037,-0.1742094861660075,-0.2211133069828722,-0.10589591567852426,0.3045783926218719
35,2,0.03610526315789467,0.2384561403508773,-0.17477192982456144,0.40540350877193077,-0.19712280701754392,-0.019649122807017565
35,3,-0.05364583333333341,0.12802083333333372,0.018333333333333198,0.2832638888888886,-0.1970833333333332,-0.08513888888888838
35,4,0.04527836504580688,-0.13259337561663165,0.16987315010570841,-0.15627202255109235,0.1995419309372799,-0.15542635658914747
35,5,0.03732344632768363,-0.2441384180790962,0.240254237288136,-0.3662429378531081,0.3277542372881352,-0.04579802259886999
35,Aggregated,0.05399989053017229,0.014194146954607656,0.017170738238598864,-0.03640292207684607,0.010519564703120685,0.0007387846001681506
35,Centralized,0.05499074716631979,0.015463798288225769,0.014908628267406927,-0.03742771223687234,0.008547305112190628,0.0038919731667823396
36,0,0.09618347338935611,0.022689075630252197,0.026435574229691845,-0.19709383753501405,0.024964985994397913,0.02051820728291328
36,1,0.11577733860342547,0.07964426877470361,-0.18705533596837975,-0.2663702239789187,-0.0938405797101447,0.31429512516469044
36,2,0.009122807017543796,0.13589473684210507,-0.2963157894736836,0.2395789473684216,-0.34964912280701826,-0.04178947368421064
36,3,-0.006180555555555461,0.08968749999999995,-0.02559027777777781,0.21145833333333336,-0.23638888888888887,-0.14131944444444483
36,4,0.06564482029598318,-0.06363636363636363,0.14386892177589836,-0.14637068357998498,0.173150105708246,-0.17688513037350262
36,5,0.04152542372881341,-0.14925847457627112,0.19731638418079112,-0.2856638418079085,0.2839336158192088,-0.06031073446327694
36,Aggregated,0.05371667294963265,0.01923078675350711,-0.023674989520621685,-0.07413934175149536,-0.03305426861440663,-0.0140973070290242
36,Centralized,0.054262086513995035,0.02017696044413608,-0.025647698357622102,-0.07542216053666466,-0.03443210733287058,-0.010762202174415933
37,0,0.08147759103641466,0.02293417366946778,0.022899159663865513,-0.15581232492997235,0.034383753501400674,0.00462184873949579
37,1,0.12961133069828737,0.06798418972332029,-0.17565876152832696,-0.19647562582345168,-0.07470355731225216,0.29667325428194957
37,2,0.030491228070175343,0.2531578947368418,-0.15894736842105278,0.4019649122807024,-0.21308771929824508,-0.054631578947368385
37,3,-0.01604166666666662,0.14197916666666652,0.02218749999999999,0.2750000000000004,-0.198298611111111,-0.12482638888888895
37,4,0.06849894291754773,-0.07575757575757562,0.15528541226215645,-0.15507399577166975,0.18777307963354503,-0.14267089499647537
37,5,0.05052966101694913,-0.20356638418079115,0.199011299435028,-0.34583333333333266,0.3249293785310744,-0.014477401129943411
37,Aggregated,0.057464458817275875,0.03452481108628265,0.010675935335704167,-0.02939214948262049,0.010080599941457383,-0.005764671535556428
37,Centralized,0.05808466342817477,0.03532269257460095,0.008518390006939632,-0.030268332176729106,0.008448993754337268,-0.0027295859356928184
38,0,0.08000700280112041,0.04303221288515417,0.016946778711484606,-0.14646358543417393,0.0035714285714286537,0.002906162464985989
38,1,0.12760210803689084,0.09601449275362316,-0.1905467720685108,-0.2094861660079056,-0.13066534914360994,0.29324769433465003
38,2,-0.06235087719298237,0.1455087719298254,-0.27940350877192915,0.2912280701754385,-0.3098596491228075,-0.02091228070175424
38,3,-0.03819444444444445,0.07229166666666662,-0.01097222222222222,0.24364583333333273,-0.2388888888888892,-0.10496527777777857
38,4,0.057751937984496245,-0.047744890768145906,0.143516560958421,-0.13111346018322761,0.15535588442565246,-0.179880197322057
38,5,0.04191384180790977,-0.13054378531073363,0.19410310734463243,-0.28365112994350317,0.2699505649717513,-0.07694209039548014
38,Aggregated,0.0344928348586733,0.02982810166790156,-0.021182822541019046,-0.03934606877331006,-0.04184391351207339,-0.014285827513692461
38,Centralized,0.03532269257460101,0.030771455008096228,-0.023189914411288374,-0.04036548693037287,-0.04349988433957886,-0.011086051353226836
39,0,0.07408963585434163,0.029971988795518184,0.020658263305322153,-0.18757002801120426,0.0419117647058822,0.01253501400560216
39,1,0.12256258234519087,0.0531291172595521,-0.15638998682476923,-0.22127799736495307,-0.11755599472990771,0.29186429512516454
39,2,0.001614035087719295,0.2472280701754394,-0.1690175438596489,0.38747368421052664,-0.2136491228070175,-0.01785964912280697
39,3,0.0018402777777777903,0.12416666666666706,-0.00822916666666664,0.2330555555555556,-0.1740624999999999,-0.09343750000000024
39,4,0.055250176180408714,-0.0644115574348131,0.135870331219168,-0.17744890768146598,0.1904510218463703,-0.13759689922480617
39,5,0.04427966101694907,-0.19198446327683563,0.19915254237288163,-0.34043079096044976,0.3079449152542365,-0.040148305084746
39,Aggregated,0.04997019937851199,0.03308403650964192,0.0035669259441390884,-0.051058518271858554,0.00574598501121433,0.0026821030264711837
39,Centralized,0.05064769835762185,0.03369188063844562,0.001642377978255881,-0.05202984038861962,0.003770529724728278,0.005650011566042128
40,0,0.07860644257703074,0.02983193277310916,0.014180672268907379,-0.15595238095238073,0.0416666666666665,0.010574229691876677
40,1,0.12483530961791804,0.10951910408432129,-0.1863306982872191,-0.1902503293807634,-0.10747694334650863,0.2991106719367591
40,2,0.019929824561403634,0.1517192982456143,-0.2511578947368421,0.29038596491228136,-0.3170877192982451,-0.08115789473684225
40,3,-0.028333333333333367,0.06430555555555564,0.0009722222222222909,0.262430555555555,-0.2536805555555554,-0.12902777777777824
40,4,0.05225510923185324,-0.06715997181113445,0.1431642001409439,-0.11631430584918985,0.1468639887244537,-0.1482381959126146
40,5,0.03725282485875705,-0.13661723163841857,0.17891949152542425,-0.28050847457627204,0.26490112994350345,-0.034286723163841806
40,Aggregated,0.04746706862987221,0.025340542848944336,-0.016829472108217332,-0.03174794889186297,-0.03753293029060687,-0.013710072682886314
40,Centralized,0.04814365024288687,0.026474670367800015,-0.01880638445523946,-0.032622021744158874,-0.03901226000462636,-0.01054823039555868
41,0,0.06635154061624676,0.003361344537815139,0.012920168067226899,-0.14054621848739482,0.04737394957983201,-0.006267507002801101
41,1,0.10905797101449269,0.0515810276679843,-0.17299077733860346,-0.19015151515151454,-0.07371541501976282,0.26831357048748344
41,2,0.03480701754385974,0.23168421052631574,-0.19578947368421062,0.37224561403508716,-0.23652631578947397,-0.027473684210526313
41,3,0.016215277777777756,0.12274305555555595,-0.010625000000000025,0.23006944444444438,-0.1993749999999997,-0.08611111111111092
41,4,0.05073995771670185,-0.10183227625088001,0.13942917547568665,-0.16828752642706118,0.18541226215644804,-0.14563072586328388
41,5,0.021998587570621408,-0.20925141242937903,0.2066384180790959,-0.32323446327683736,0.3103460451977406,-0.03827683615819212
41,Aggregated,0.04989191043653279,0.016449458290218055,-0.0035200474659683872,-0.03665902117598787,0.005507434757538121,-0.005797675654977085
41,Centralized,0.05047420772611615,0.017256534813786834,-0.005551700208188749,-0.03748554244737471,0.003949803377284431,-0.00296668979875082
42,0,0.06481092436974784,0.03336834733893556,0.011869747899159587,-0.13462885154061638,0.03827030812324932,0.0031162464985994274
42,1,0.0985836627140977,0.0930830039525693,-0.15461133069828803,-0.1877799736495386,-0.10131752305665355,0.289591567852436
42,2,-0.0006666666666666031,0.17270175438596522,-0.2542456140350887,0.2962807017543859,-0.30856140350877287,-0.05708771929824534
42,3,-0.019861111111111128,0.07673611111111132,-0.012083333333333363,0.2505208333333335,-0.2645138888888897,-0.0870486111111109
42,4,0.06800563777307968,-0.056941508104298814,0.13971106412966872,-0.10186751233262839,0.14101479915433435,-0.137068357998591
42,5,0.05999293785310733,-0.14971751412429402,0.18181497175141187,-0.27044491525423864,0.2659251412429381,-0.04096045197740119
42,Aggregated,0.045165071336098414,0.028276349159537816,-0.01470297214025506,-0.024693933198120688,-0.038257088873535634,-0.004794825129604182
42,Centralized,0.045581771917649644,0.029233171408743867,-0.01639486467730751,-0.025659264399722614,-0.039683090446449305,-0.0017522553782094961
43,0,0.06316526610644253,0.03126750700280111,0.011134453781512618,-0.15185574229691975,0.04418767507002807,0.0021008403361344507
43,1,0.11686429512516468,0.02687747035573128,-0.17328722002634955,-0.21264822134387365,-0.09456521739130432,0.2814229249011861
43,2,-0.044736842105263186,0.23315789473684143,-0.1684210526315784,0.3887719298245607,-0.20638596491228053,-0.004491228070175411
43,3,-0.020972222222222222,0.10531249999999981,0.01048611111111108,0.2590625000000004,-0.2070486111111108,-0.07600694444444467
43,4,0.06150458069062729,-0.050528541226215466,0.12995066948555264,-0.15821000704721633,0.15544397463002096,-0.14450317124735776
43,5,0.0594279661016948,-0.18117937853107394,0.1934322033898306,-0.3456567796610156,0.3022245762711861,-0.06638418079096042
43,Aggregated,0.039231595629515656,0.027544631541575056,0.0004336364565615616,-0.03677543106079262,-0.0010961244184233276,-0.0011893085892482422
43,Centralized,0.039908628267406876,0.027884763667206335,-0.0015874392782788947,-0.037768428560412994,-0.00279609067776994,0.0017700863597810731
44,0,0.08095238095238118,0.013235294117647027,0.023074229691876776,-0.17324929971988798,0.05070028011204487,-0.005217086834733887
44,1,0.13089591567852404,0.07835968379446648,-0.14357707509881387,-0.18247694334650816,-0.06077075098814256,0.2921936758893285
44,2,-0.0500000000000001,0.15035087719298196,-0.2627368421052622,0.2727368421052623,-0.3201052631578947,-0.04498245614035085
44,3,-0.03545138888888903,0.07850694444444434,-0.04118055555555549,0.18979166666666644,-0.23440972222222248,-0.04475694444444454
44,4,0.05849189570119813,-0.07219873150105706,0.12660324171952062,-0.13481324876673734,0.13946441155743464,-0.16405919661733606
44,5,0.05646186440677959,-0.14064265536723156,0.17355225988700637,-0.2727048022598889,0.2476694915254236,-0.07492937853107352
44,Aggregated,0.04026109932545436,0.017995666059690652,-0.020806605669722044,-0.05015378781892742,-0.029625258060228088,-0.006841413428465004
44,Centralized,0.04105366643534585,0.018916261855193107,-0.022357159380060138,-0.050879019199630456,-0.03064422854499202,-0.0036259541984733296
45,0,0.065791316526611,0.03525910364145669,0.011589635854341753,-0.1349439775910368,0.041911764705882364,-0.0028011204481792804
45,1,0.11110013175230578,0.04594861660079059,-0.1618577075098814,-0.19011857707509922,-0.08975625823451859,0.25899209486166025
45,2,-0.0015087719298245742,0.23929824561403437,-0.1787719298245614,0.3781754385964918,-0.23252631578947316,-0.029929824561403553
45,3,-0.00965277777777777,0.10885416666666685,0.007743055555555562,0.25944444444444464,-0.21965277777777747,-0.09465277777777802
45,4,0.06472868217054249,-0.04873150105708219,0.1448907681465821,-0.1268498942917544,0.15401691331923859,-0.14154334038055
45,5,0.06084039548022589,-0.16949152542372922,0.19166666666666668,-0.3052259887005654,0.28870056497175023,-0.03682909604519773
45,Aggregated,0.04857196197580189,0.035251853000592796,0.0024274978055780494,-0.019944437780966873,-0.009619002179440533,-0.007684258462450182
45,Centralized,0.04910363173721943,0.035704371963913975,0.0004915567892667628,-0.020934536201711464,-0.01118436271108023,-0.004950266018968258
46,0,0.05028011204481796,0.021708683473389414,0.0034313725490196143,-0.09667366946778685,0.030217086834733845,-0.02787114845938376
46,1,0.08260869565217362,0.05026350461133079,-0.17210144927536203,-0.20088932806324103,-0.08913043478260857,0.2798418972332009
46,2,0.00828070175438595,0.15161403508771942,-0.23880701754386044,0.3311578947368423,-0.2876491228070171,-0.08038596491228077
46,3,-0.002256944444444351,0.08690972222222249,-0.028263888888888807,0.21420138888888876,-0.19020833333333337,-0.10329861111111104
46,4,0.06402396053558837,-0.014270613107822462,0.1250176180408738,-0.15426356589147258,0.1220930232558135,-0.18488372093023245
46,5,0.048552259887005664,-0.0880649717514122,0.16366525423728828,-0.2967514124293787,0.22471751412429397,-0.0711864406779661
46,Aggregated,0.04192728162766201,0.03472572446161803,-0.0246171106490697,-0.03387292428549901,-0.03172182931948486,-0.031177271350242043
46,Centralized,0.0422565348137866,0.03510872079574377,-0.026393708073097398,-0.03490053203793643,-0.032905389775618764,-0.027926208651399456
47,0,0.06873249299719893,0.036834733893557424,0.017892156862745066,-0.14334733893557422,0.03553921568627461,-0.00304621848739503
47,1,0.11910408432147541,0.07134387351778684,-0.15800395256917008,-0.2031949934123844,-0.11637022397891966,0.2752635046113313
47,2,0.02347368421052624,0.21375438596491284,-0.2016842105263159,0.3687017543859641,-0.20522807017543904,0.04519298245613994
47,3,-0.005520833333333293,0.1026388888888888,-0.012395833333333396,0.23927083333333374,-0.20881944444444472,-0.03600694444444419
47,4,0.05084566596194495,-0.05662438336856914,0.15486257928118397,-0.14193093727977416,0.1609584214235376,-0.14485553206483426
47,5,0.01405367231638411,-0.18474576271186405,0.24152542372881386,-0.3269420903954798,0.29830508474576256,-0.057026836158191964
47,Aggregated,0.045153424937562345,0.03060632482215589,0.006909782594002093,-0.034592803539657074,-0.006015596755242911,0.013364468492990202
47,Centralized,0.045859356928059127,0.031384455239417096,0.004880869766365971,-0.03557136247975968,-0.007893823733518601,0.016163543835299485
48,0,0.050875350140055946,0.021953781512605016,0.005112044817927101,-0.09873949579831953,0.03665966386554621,-0.022163865546218423
48,1,0.10352437417654811,0.07480237154150214,-0.1398550724637682,-0.18000658761528282,-0.07707509881422904,0.2660408432147558
48,2,-0.0018947368421053051,0.1287017543859651,-0.2762456140350876,0.24445614035087698,-0.3577543859649117,-0.05726315789473692
48,3,0.011319444444444465,0.06975694444444465,-0.03763888888888899,0.19027777777777763,-0.25513888888888914,-0.09524305555555501
48,4,0.06613812544045078,-0.03188865398167718,0.12526427061310755,-0.11811134601832272,0.13065539112050692,-0.1741719520789292
48,5,0.04742231638418082,-0.09307909604519686,0.16271186440677965,-0.26031073446327585,0.2395833333333333,-0.06878531073446313
48,Aggregated,0.04624413540455285,0.028418959784456584,-0.026875731979699898,-0.03708827220089979,-0.0472314337672555,-0.025148121636942147
48,Centralized,0.046773074253990285,0.02911172796668976,-0.028302105019662325,-0.03794818413138988,-0.0482535276428406,-0.02210270645385134
49,0,0.0678221288515407,0.02909663865546219,0.01572128851540616,-0.15346638655462183,0.04775910364145666,-0.0006302521008403262
49,1,0.10813570487483533,0.06525032938076403,-0.15510540184453275,-0.21907114624505944,-0.08577075098814242,0.26679841897233214
49,2,0.007263157894736829,0.23845614035087784,-0.15522807017543896,0.3936842105263151,-0.1768771929824566,0.006385964912280703
49,3,-0.01461805555555547,0.12402777777777811,0.007847222222222271,0.25260416666666685,-0.18968749999999968,-0.06350694444444452
49,4,0.07519379844961234,-0.06941508104298778,0.1326990838618747,-0.1588090204369274,0.15458069062720223,-0.1342494714587741
49,5,0.07923728813559298,-0.1939265536723167,0.19223163841807925,-0.3526483050847457,0.2856991525423727,-0.036016949152542416
49,Aggregated,0.05385677649636089,0.03231875247908624,0.006252045467736514,-0.03963572887172895,0.005883608063757026,0.006569878180909017
49,Centralized,0.054267869535045005,0.03306731436502438,0.004348831829747805,-0.04067198704603265,0.004244737450844372,0.009281748785565671
50,0,0.05378151260504211,0.008508403361344539,0.00021008403361346867,-0.07079831932773104,0.01925770308123247,-0.008858543417366941
50,1,0.08833992094861653,0.07677865612648206,-0.18465085638998735,-0.16449275362318838,-0.11030961791831378,0.27654808959156796
50,2,-0.030070175438596265,0.12498245614035049,-0.29459649122806947,0.20663157894736844,-0.34603508771929775,-0.07775438596491217
50,3,-0.0032291666666666905,0.059826388888888894,-0.04576388888888872,0.16861111111111135,-0.24524305555555573,-0.07795138888888889
50,4,0.0696264975334744,-0.052783650458069126,0.11916842847075419,-0.11039464411557429,0.1286116983791405,-0.12885835095137377
50,5,0.05282485875706222,-0.10045903954802281,0.15515536723163786,-0.24378531073446325,0.2183615819209038,-0.03972457627118633
50,Aggregated,0.03855591195744762,0.0195234857832728,-0.041854639249736675,-0.035710672027037385,-0.0559554370953845,-0.009330859167538825
50,Centralized,0.038977561878325184,0.020333102012491444,-0.04359241267638209,-0.036479296784640056,-0.05719407818644472,-0.006361323155216344
