Round,Evaluator,0,2,4,3,5,1
0,0,,,,,,
0,1,,,,,,
0,2,,,,,,
0,3,,,,,,
0,4,,,,,,
0,5,,,,,,
0,Aggregated,,,,,,
0,Centralized,,,,,,
1,0,,,,,,
1,1,,,,,,
1,2,,,,,,
1,3,,,,,,
1,4,,,,,,
1,5,,,,,,
1,Aggregated,,,,,,
1,Centralized,0.437961220741272,0.2642238140106201,0.3089908957481384,0.34448936581611633,0.2809078097343445,0.34008297324180603
2,0,,,,,,
2,1,,,,,,
2,2,,,,,,
2,3,,,,,,
2,4,,,,,,
2,5,,,,,,
2,Aggregated,,,,,,
2,Centralized,0.6305373907089233,0.2675495743751526,0.42083483934402466,0.5849601030349731,0.2951461672782898,0.5156590938568115
3,0,,,,,,
3,1,,,,,,
3,2,,,,,,
3,3,,,,,,
3,4,,,,,,
3,5,,,,,,
3,Aggregated,,,,,,
3,Centralized,0.6233208179473877,0.2622624337673187,0.3817855417728424,0.7015432119369507,0.2515307068824768,0.4840092658996582
4,0,,,,,,
4,1,,,,,,
4,2,,,,,,
4,3,,,,,,
4,4,,,,,,
4,5,,,,,,
4,Aggregated,,,,,,
4,Centralized,0.5239151120185852,0.27817466855049133,0.3182360529899597,0.5965232849121094,0.22937719523906708,0.3707904815673828
5,0,,,,,,
5,1,,,,,,
5,2,,,,,,
5,3,,,,,,
5,4,,,,,,
5,5,,,,,,
5,Aggregated,,,,,,
5,Centralized,0.5357189774513245,0.2709308862686157,0.3011552393436432,0.6016595363616943,0.20717556774616241,0.3502630293369293
6,0,,,,,,
6,1,,,,,,
6,2,,,,,,
6,3,,,,,,
6,4,,,,,,
6,5,,,,,,
6,Aggregated,,,,,,
6,Centralized,0.40459054708480835,0.2824428081512451,0.2794087529182434,0.4263627231121063,0.2367052137851715,0.30501940846443176
7,0,,,,,,
7,1,,,,,,
7,2,,,,,,
7,3,,,,,,
7,4,,,,,,
7,5,,,,,,
7,Aggregated,,,,,,
7,Centralized,0.5983749628067017,0.30304840207099915,0.3463194668292999,0.49720704555511475,0.2347145527601242,0.4257439076900482
8,0,,,,,,
8,1,,,,,,
8,2,,,,,,
8,3,,,,,,
8,4,,,,,,
8,5,,,,,,
8,Aggregated,,,,,,
8,Centralized,0.25158756971359253,0.23342938721179962,0.2106795608997345,0.3578964173793793,0.21564550697803497,0.16191856563091278
9,0,,,,,,
9,1,,,,,,
9,2,,,,,,
9,3,,,,,,
9,4,,,,,,
9,5,,,,,,
9,Aggregated,,,,,,
9,Centralized,0.5765106678009033,0.30770444869995117,0.3483197093009949,0.41664421558380127,0.2382037341594696,0.45257291197776794
10,0,,,,,,
10,1,,,,,,
10,2,,,,,,
10,3,,,,,,
10,4,,,,,,
10,5,,,,,,
10,Aggregated,,,,,,
10,Centralized,0.1452791392803192,0.24469608068466187,0.19199812412261963,0.27189239859580994,0.23952846229076385,0.0860225185751915
11,0,,,,,,
11,1,,,,,,
11,2,,,,,,
11,3,,,,,,
11,4,,,,,,
11,5,,,,,,
11,Aggregated,,,,,,
11,Centralized,0.5491172075271606,0.29507800936698914,0.35673779249191284,0.4066953659057617,0.2514898478984833,0.4033010005950928
12,0,,,,,,
12,1,,,,,,
12,2,,,,,,
12,3,,,,,,
12,4,,,,,,
12,5,,,,,,
12,Aggregated,,,,,,
12,Centralized,0.30719900131225586,0.23182134330272675,0.2732050120830536,0.14525501430034637,0.2516084909439087,0.21714584529399872
13,0,,,,,,
13,1,,,,,,
13,2,,,,,,
13,3,,,,,,
13,4,,,,,,
13,5,,,,,,
13,Aggregated,,,,,,
13,Centralized,0.4979076087474823,0.2785883843898773,0.347977876663208,0.3301059603691101,0.2571699619293213,0.36207377910614014
14,0,,,,,,
14,1,,,,,,
14,2,,,,,,
14,3,,,,,,
14,4,,,,,,
14,5,,,,,,
14,Aggregated,,,,,,
14,Centralized,0.340494304895401,0.22863562405109406,0.30700409412384033,0.10889667272567749,0.2634996473789215,0.2799074947834015
15,0,,,,,,
15,1,,,,,,
15,2,,,,,,
15,3,,,,,,
15,4,,,,,,
15,5,,,,,,
15,Aggregated,,,,,,
15,Centralized,0.5345596671104431,0.2987808287143707,0.3763352632522583,0.3473083972930908,0.2760530710220337,0.40050366520881653
16,0,,,,,,
16,1,,,,,,
16,2,,,,,,
16,3,,,,,,
16,4,,,,,,
16,5,,,,,,
16,Aggregated,,,,,,
16,Centralized,0.32081931829452515,0.2579292953014374,0.31061285734176636,0.06029467284679413,0.28354305028915405,0.25869110226631165
17,0,,,,,,
17,1,,,,,,
17,2,,,,,,
17,3,,,,,,
17,4,,,,,,
17,5,,,,,,
17,Aggregated,,,,,,
17,Centralized,0.5838806629180908,0.3574236333370209,0.423981636762619,0.42619162797927856,0.32577618956565857,0.43619057536125183
18,0,,,,,,
18,1,,,,,,
18,2,,,,,,
18,3,,,,,,
18,4,,,,,,
18,5,,,,,,
18,Aggregated,,,,,,
18,Centralized,0.32159051299095154,0.26513436436653137,0.34442001581192017,0.08843480795621872,0.3140334486961365,0.3046276867389679
19,0,,,,,,
19,1,,,,,,
19,2,,,,,,
19,3,,,,,,
19,4,,,,,,
19,5,,,,,,
19,Aggregated,,,,,,
19,Centralized,0.5712083578109741,0.3802245855331421,0.4400683045387268,0.36904582381248474,0.37085649371147156,0.4073981046676636
20,0,,,,,,
20,1,,,,,,
20,2,,,,,,
20,3,,,,,,
20,4,,,,,,
20,5,,,,,,
20,Aggregated,,,,,,
20,Centralized,0.39563852548599243,0.28642717003822327,0.38837099075317383,0.045875173062086105,0.3264696002006531,0.3770054876804352
21,0,,,,,,
21,1,,,,,,
21,2,,,,,,
21,3,,,,,,
21,4,,,,,,
21,5,,,,,,
21,Aggregated,,,,,,
21,Centralized,0.5917006134986877,0.4130432605743408,0.4457763135433197,0.3926856219768524,0.4002142548561096,0.412906289100647
22,0,,,,,,
22,1,,,,,,
22,2,,,,,,
22,3,,,,,,
22,4,,,,,,
22,5,,,,,,
22,Aggregated,,,,,,
22,Centralized,0.3424758017063141,0.2784252464771271,0.36457473039627075,0.0023667365312576294,0.32431110739707947,0.34493187069892883
23,0,,,,,,
23,1,,,,,,
23,2,,,,,,
23,3,,,,,,
23,4,,,,,,
23,5,,,,,,
23,Aggregated,,,,,,
23,Centralized,0.6016355752944946,0.459316611289978,0.48923492431640625,0.3835761547088623,0.4563010632991791,0.4495373070240021
24,0,,,,,,
24,1,,,,,,
24,2,,,,,,
24,3,,,,,,
24,4,,,,,,
24,5,,,,,,
24,Aggregated,,,,,,
24,Centralized,0.3649459779262543,0.2911544740200043,0.3778095841407776,0.008132413029670715,0.3370789885520935,0.353148490190506
25,0,,,,,,
25,1,,,,,,
25,2,,,,,,
25,3,,,,,,
25,4,,,,,,
25,5,,,,,,
25,Aggregated,,,,,,
25,Centralized,0.6043856739997864,0.4587911367416382,0.4944532811641693,0.3857785165309906,0.4577792286872864,0.45995986461639404
26,0,,,,,,
26,1,,,,,,
26,2,,,,,,
26,3,,,,,,
26,4,,,,,,
26,5,,,,,,
26,Aggregated,,,,,,
26,Centralized,0.4429318308830261,0.3103027641773224,0.42352786660194397,0.18520137667655945,0.36381062865257263,0.4013196527957916
27,0,,,,,,
27,1,,,,,,
27,2,,,,,,
27,3,,,,,,
27,4,,,,,,
27,5,,,,,,
27,Aggregated,,,,,,
27,Centralized,0.6186359524726868,0.4600166976451874,0.5048660635948181,0.4026625156402588,0.46476155519485474,0.4573378562927246
28,0,,,,,,
28,1,,,,,,
28,2,,,,,,
28,3,,,,,,
28,4,,,,,,
28,5,,,,,,
28,Aggregated,,,,,,
28,Centralized,0.4005683660507202,0.28197184205055237,0.38813576102256775,-0.004749417304992676,0.3231793940067291,0.4191459119319916
29,0,,,,,,
29,1,,,,,,
29,2,,,,,,
29,3,,,,,,
29,4,,,,,,
29,5,,,,,,
29,Aggregated,,,,,,
29,Centralized,0.6006850600242615,0.40449264645576477,0.4706280827522278,0.3577742874622345,0.404294490814209,0.43589356541633606
30,0,,,,,,
30,1,,,,,,
30,2,,,,,,
30,3,,,,,,
30,4,,,,,,
30,5,,,,,,
30,Aggregated,,,,,,
30,Centralized,0.45855167508125305,0.3065711557865143,0.4027522802352905,0.05857427045702934,0.3366226851940155,0.3892662227153778
31,0,,,,,,
31,1,,,,,,
31,2,,,,,,
31,3,,,,,,
31,4,,,,,,
31,5,,,,,,
31,Aggregated,,,,,,
31,Centralized,0.6141303181648254,0.39048194885253906,0.5003262162208557,0.4438140094280243,0.39367830753326416,0.48410096764564514
32,0,,,,,,
32,1,,,,,,
32,2,,,,,,
32,3,,,,,,
32,4,,,,,,
32,5,,,,,,
32,Aggregated,,,,,,
32,Centralized,0.5252701044082642,0.3371068239212036,0.44741544127464294,0.2047024816274643,0.3712405562400818,0.41191497445106506
33,0,,,,,,
33,1,,,,,,
33,2,,,,,,
33,3,,,,,,
33,4,,,,,,
33,5,,,,,,
33,Aggregated,,,,,,
33,Centralized,0.5906486511230469,0.4019071161746979,0.48699861764907837,0.3327697813510895,0.4099673628807068,0.45692935585975647
34,0,,,,,,
34,1,,,,,,
34,2,,,,,,
34,3,,,,,,
34,4,,,,,,
34,5,,,,,,
34,Aggregated,,,,,,
34,Centralized,0.5883742570877075,0.36736321449279785,0.4833921790122986,0.34281685948371887,0.3923027217388153,0.45192673802375793
35,0,,,,,,
35,1,,,,,,
35,2,,,,,,
35,3,,,,,,
35,4,,,,,,
35,5,,,,,,
35,Aggregated,,,,,,
35,Centralized,0.6001094579696655,0.39202651381492615,0.48188310861587524,0.3149813413619995,0.3981657326221466,0.47081366181373596
36,0,,,,,,
36,1,,,,,,
36,2,,,,,,
36,3,,,,,,
36,4,,,,,,
36,5,,,,,,
36,Aggregated,,,,,,
36,Centralized,0.5242624878883362,0.3373502194881439,0.44866251945495605,0.21026957035064697,0.3704110383987427,0.4204687774181366
37,0,,,,,,
37,1,,,,,,
37,2,,,,,,
37,3,,,,,,
37,4,,,,,,
37,5,,,,,,
37,Aggregated,,,,,,
37,Centralized,0.6390909552574158,0.44194909930229187,0.5091007947921753,0.39307689666748047,0.44782719016075134,0.4649386405944824
38,0,,,,,,
38,1,,,,,,
38,2,,,,,,
38,3,,,,,,
38,4,,,,,,
38,5,,,,,,
38,Aggregated,,,,,,
38,Centralized,0.5156418085098267,0.32089200615882874,0.4268691837787628,0.17250129580497742,0.3464403450489044,0.42239657044410706
39,0,,,,,,
39,1,,,,,,
39,2,,,,,,
39,3,,,,,,
39,4,,,,,,
39,5,,,,,,
39,Aggregated,,,,,,
39,Centralized,0.6287072896957397,0.42936694622039795,0.5076097846031189,0.4072703719139099,0.43788790702819824,0.4627338945865631
40,0,,,,,,
40,1,,,,,,
40,2,,,,,,
40,3,,,,,,
40,4,,,,,,
40,5,,,,,,
40,Aggregated,,,,,,
40,Centralized,0.5194525718688965,0.32948267459869385,0.441326379776001,0.14835430681705475,0.3550557792186737,0.4504518508911133
41,0,,,,,,
41,1,,,,,,
41,2,,,,,,
41,3,,,,,,
41,4,,,,,,
41,5,,,,,,
41,Aggregated,,,,,,
41,Centralized,0.6259000301361084,0.38445496559143066,0.5043118596076965,0.4536624252796173,0.3910292387008667,0.48845961689949036
42,0,,,,,,
42,1,,,,,,
42,2,,,,,,
42,3,,,,,,
42,4,,,,,,
42,5,,,,,,
42,Aggregated,,,,,,
42,Centralized,0.5506552457809448,0.3537764549255371,0.45575568079948425,0.22286909818649292,0.37092262506484985,0.42357563972473145
43,0,,,,,,
43,1,,,,,,
43,2,,,,,,
43,3,,,,,,
43,4,,,,,,
43,5,,,,,,
43,Aggregated,,,,,,
43,Centralized,0.6145572066307068,0.3716280460357666,0.49896538257598877,0.44986677169799805,0.3801012635231018,0.4858200252056122
44,0,,,,,,
44,1,,,,,,
44,2,,,,,,
44,3,,,,,,
44,4,,,,,,
44,5,,,,,,
44,Aggregated,,,,,,
44,Centralized,0.5402314066886902,0.35578134655952454,0.485815167427063,0.2524336576461792,0.39331263303756714,0.4805831015110016
45,0,,,,,,
45,1,,,,,,
45,2,,,,,,
45,3,,,,,,
45,4,,,,,,
45,5,,,,,,
45,Aggregated,,,,,,
45,Centralized,0.6444840431213379,0.44573521614074707,0.5039049983024597,0.4159533381462097,0.4511141777038574,0.448894739151001
46,0,,,,,,
46,1,,,,,,
46,2,,,,,,
46,3,,,,,,
46,4,,,,,,
46,5,,,,,,
46,Aggregated,,,,,,
46,Centralized,0.5774269700050354,0.3515200912952423,0.4741878807544708,0.3360889256000519,0.3720737099647522,0.4558926522731781
47,0,,,,,,
47,1,,,,,,
47,2,,,,,,
47,3,,,,,,
47,4,,,,,,
47,5,,,,,,
47,Aggregated,,,,,,
47,Centralized,0.6185163855552673,0.4197244346141815,0.4980037808418274,0.34389829635620117,0.4296998083591461,0.45516499876976013
48,0,,,,,,
48,1,,,,,,
48,2,,,,,,
48,3,,,,,,
48,4,,,,,,
48,5,,,,,,
48,Aggregated,,,,,,
48,Centralized,0.514022946357727,0.3287183344364166,0.4545750021934509,0.19408394396305084,0.3676218092441559,0.45900392532348633
49,0,,,,,,
49,1,,,,,,
49,2,,,,,,
49,3,,,,,,
49,4,,,,,,
49,5,,,,,,
49,Aggregated,,,,,,
49,Centralized,0.6420016884803772,0.44799545407295227,0.5077146887779236,0.42309653759002686,0.4538349211215973,0.45329785346984863
50,0,,,,,,
50,1,,,,,,
50,2,,,,,,
50,3,,,,,,
50,4,,,,,,
50,5,,,,,,
50,Aggregated,,,,,,
50,Centralized,0.5018038749694824,0.3130631446838379,0.4311157464981079,0.16102394461631775,0.3477928042411804,0.4309559762477875
