Round,Evaluator,0,2,4,3,5,1
0,0,,,,,,
0,1,,,,,,
0,2,,,,,,
0,3,,,,,,
0,4,,,,,,
0,5,,,,,,
0,Aggregated,,,,,,
0,Centralized,,,,,,
1,0,0.1336270508575963,-0.023158674557706017,-0.003166127103573022,-0.049239278092773384,-0.0029274931495997893,0.10241981512252699
1,1,0.054125721755722465,-0.008039456475729668,-0.06854338430356956,-0.05752094078753106,-0.05826178958157754,0.1772284445805949
1,2,0.03188707806860901,0.041766332668600886,0.0009190804649783067,0.015921806538335456,0.003674115549860065,0.04705406757203981
1,3,-0.015735135355293795,0.007766795274377657,0.049542656527399094,0.11108086320881444,-0.04518827000647954,0.003130079087862563
1,4,0.044441319137767325,-0.06746135776883193,0.15712372043020048,0.03527536827928763,0.11540742573260453,-0.04571666901262539
1,5,0.04635441838711671,-0.03458700794777308,0.11713998679432645,-0.009946227020612014,0.16416370975346556,-0.05099631012120287
1,Aggregated,0.04916180066908095,-0.013939167796384242,0.04208503697025803,0.007537842965645773,0.029415094581646765,0.038950224661029514
1,Centralized,0.06728582884561528,-0.0101105332927192,0.06215692120869231,0.029200562233857745,0.03569839197566345,0.08012601520218657
2,0,0.11022628877310213,-0.009999846859352318,-0.018672353046092268,-0.0870005745208087,0.00287129828560595,0.08420434660001039
2,1,0.07130248435971202,-0.004072233358482332,-0.051450099646385285,-0.04959615503476714,-0.07917545886623645,0.19037684477080102
2,2,0.0036833152412781216,0.08057133061875027,-0.04443236562047613,-0.04691328920470619,-0.010882912883312354,0.03489837466273675
2,3,-0.026354978860574373,0.023585743775355113,0.04709620648528825,0.15255104581986265,-0.020878790589346493,-0.013330929875992263
2,4,-0.014964441588159579,-0.09023978370791536,0.16235713741788813,-0.006139656253216631,0.13623188948777468,-0.11484881731061732
2,5,-0.025955386646513128,-0.06347926999755392,0.09820334529125846,-0.07809691037305191,0.14867369191221272,-0.09804385640399861
2,Aggregated,0.01972484221522485,-0.010576772944723806,0.03209772275281273,-0.019258346402430862,0.02940072695627785,0.013996607617787898
2,Centralized,0.023789385987445864,-0.02305276715037095,0.05850708394015231,5.898708733189866e-05,0.032220203720497026,0.027856033636956035
3,0,0.1274688431835926,-0.025008618258113482,-0.03293891409226031,-0.12030287273868137,-0.002520538084569909,0.06562037888000756
3,1,0.08844964584379333,-0.007805025071146755,-0.06153345280234154,-0.04964665974835717,-0.09439300332527935,0.19459432520356496
3,2,0.020192502240498008,0.059195941399654485,-0.031657628463074135,0.019692441609224298,-0.01344800122984439,-0.0069544539602458405
3,3,-0.042057632229802154,0.01779966699112504,0.04528962492111543,0.14821464851508961,-0.01976366604936166,-0.0555242934786849
3,4,-0.009000593202244923,-0.08116418481659762,0.13870010641729436,-0.04747197160933563,0.14483402776692678,-0.15397700435673517
3,5,-0.007461673969058538,-0.06174364402263926,0.09980603547438502,-0.0865023497135691,0.1610884066857568,-0.10259306202750869
3,Aggregated,0.02967618787186322,-0.016434082779213717,0.02619048815315693,-0.0227241546379532,0.02921696755183378,-0.009675490253189275
3,Centralized,0.03086719611414453,-0.03389728704707502,0.03916812010765181,-0.026402455857345627,0.033164665893099986,-0.005590127131812985
4,0,0.12397981859909162,-0.01509651120355008,-0.04267653188226953,-0.1325705450976625,0.014082997245494501,0.058880807128732844
4,1,0.06714946318054035,-0.01977927883414805,-0.0755946314694364,-0.06927369434125663,-0.08673970409932855,0.16123337648679423
4,2,0.014857595929799926,0.06196438663726491,-0.037031639123072016,0.0173207530273918,-0.024067741959251994,-0.003843475204750947
4,3,-0.05329189331678253,0.02507307208719159,0.028106072168740833,0.14459873092737904,-0.043969704917315645,-0.08322128038940425
4,4,-0.0065982345095950195,-0.080873969997884,0.1388260081997377,-0.06077940613888221,0.15808469727915908,-0.14250703831498593
4,5,-0.005119384237059888,-0.07132358230021257,0.09752105505406522,-0.10306735726386217,0.16702556446467895,-0.09951293852578308
4,Aggregated,0.02356914753516236,-0.01665083158232035,0.018101879306934916,-0.03401817840294616,0.03066125534218358,-0.018038014361881568
4,Centralized,0.03345108800215514,-0.03130329007315799,0.029058580352496127,-0.044642090828290244,0.029595512409814652,-0.01508597737764131
5,0,0.1725338480792728,-0.0032583360709329667,-0.008578900908149344,-0.10198417574293901,0.040784909099587464,0.08703935151830498
5,1,0.08200302855931323,-0.005475344620528631,-0.057069003319688845,-0.03360690635457178,-0.06896329467268032,0.1757340403907291
5,2,0.011049671683044673,0.04631289439073962,-0.03354921143166609,0.02285247026996997,-0.008795544165240182,-0.007273866531492342
5,3,-0.07592429636342732,0.026264984367411322,0.018752050326615522,0.12246073119439164,-0.03670519603673888,-0.08010458970470678
5,4,-0.011253098450061609,-0.050911804558997395,0.1301270294573385,-0.05997966112650958,0.16861972038469775,-0.149729958637809
5,5,-0.006956821947986303,-0.06136015678453274,0.09770305327745644,-0.08860159217074873,0.17682688709377015,-0.10006484502947917
5,Aggregated,0.02867453515311329,-0.008052087535879712,0.024494349377116195,-0.023179218373297287,0.045228254084139,-0.012262456913490169
5,Centralized,0.032484867671375504,-0.002620343236123077,0.03697534045309642,-0.028569510566653095,0.056253481848246085,-0.018290662629145842
6,0,0.12239230100193856,-0.0386123583436564,-0.07677793301675045,-0.19275432637316553,-0.041547744804588366,0.03810299237170055
6,1,0.08679469074924669,-0.0032360247385286433,-0.11353412238410462,-0.09159619918176208,-0.12476573387966944,0.16873314755688226
6,2,0.06690129658108385,0.07297682817466562,-0.06588881062958941,0.006237605664533387,-0.04730923878925857,0.00042305492974136123
6,3,-0.0590887437862898,0.04214036643219726,0.009232343850672595,0.13273360217982777,-0.05162334066881072,-0.07639923822377036
6,4,0.002731066999499279,-0.055670267024254226,0.1302935929118864,-0.06042604912255655,0.16506333957676828,-0.1491042627426928
6,5,0.0070432084245472355,-0.06609907248983296,0.09381106068663754,-0.09220760574014955,0.17393421692819713,-0.09598432382963287
6,Aggregated,0.037872513360788854,-0.008075707155250411,-0.00391603239154396,-0.04975174648712356,0.012186452681995395,-0.01892061093406033
6,Centralized,0.05653244341668808,0.001331127919878266,-0.0056397894410904,-0.07035772771728693,0.004989378042931802,-0.00743383427522715
7,0,0.1728339091805942,0.015161063881852722,0.0028093108846331144,-0.08191563589790768,0.038163871810186184,0.07589172302805383
7,1,0.06668918940789702,0.015577376670804489,-0.042819828265341996,-0.021940498735843306,-0.051669209072460906,0.157088305341407
7,2,0.015401310607499562,0.07507786259303065,-0.05088949011092653,0.03105630706599991,-0.011721999430254525,-0.03986330652118288
7,3,-0.061670691121577574,0.05447710332156641,0.003921866814259218,0.13508001721063323,-0.032773038009596356,-0.0653454744859727
7,4,-0.01416567363297809,-0.05055844602930119,0.12489674334699277,-0.06816979760137659,0.1675588372989185,-0.15103096530731266
7,5,-0.010089428458541565,-0.059902682616996474,0.09353870742031513,-0.09347026227457378,0.17674496603875806,-0.10085609806078853
7,Aggregated,0.028261006482538077,0.008331229402629302,0.021850693360821703,-0.016585764204495607,0.047652855234790875,-0.020561336479101647
7,Centralized,0.014971796219920905,0.021874698880939025,0.031302776003011935,-0.029907142892596075,0.05869949860013365,-0.035486275865370676
8,0,0.12369235807070708,-0.03738475495600027,-0.08315250478916977,-0.1905172367653771,-0.058500522659439495,0.0396619051527232
8,1,0.07439070903048853,-0.006605097187918653,-0.10407739777041096,-0.11429398876629307,-0.14744566721933983,0.1613268655671304
8,2,0.0871070434610827,0.07673561250571993,-0.08360584742831291,-0.01633934247614223,-0.08309968413574433,-0.0014156526785896505
8,3,-0.05968149101184387,0.05609372738480292,-0.0016317275390947486,0.13203462014858564,-0.049696208775883495,-0.06403118014409519
8,4,0.002921135399209233,-0.05731209354926456,0.1258103541824318,-0.07602832472681398,0.17430872451720458,-0.13021126741413674
8,5,0.03440595741868381,-0.07235481254738636,0.08112143550423041,-0.10554731220060493,0.16871846023780232,-0.08839395182433307
8,Aggregated,0.043876366723775685,-0.006798155067795452,-0.011023555154205689,-0.061864181147248565,0.0005941205701833745,-0.013735777856987163
8,Centralized,0.06328130136328515,0.008163934559955614,-0.019446899648060324,-0.08140436908640086,-0.012172686159151886,0.004079610167595334
9,0,0.1931844279681916,0.01338258772689677,0.013686072904130745,-0.04794061484374376,0.06309553971581616,0.08005988952019649
9,1,0.05774750815472629,0.02843926434869514,-0.047979438021040474,-0.026932937390321893,-0.05325064329916634,0.13756969809340006
9,2,0.036748223005845806,0.07669880152236162,-0.037808745548564525,-0.0025839415241724357,0.0012821192699050102,-0.025947841931304262
9,3,-0.07236930473702026,0.04285252126430162,0.01464447119588795,0.13590296067467683,-0.03325459538397845,-0.07575992848788325
9,4,-0.013491120199118889,-0.05790095225664566,0.13294479320432553,-0.08077284279739448,0.16055348616026585,-0.15639559127960873
9,5,0.022133234579559142,-0.07346706580734426,0.08843530611123304,-0.10776162997550634,0.1650246645214274,-0.10641723453402635
9,Aggregated,0.03742216389862945,0.005035824536636483,0.027262328344670572,-0.02169318187634707,0.050524185619571615,-0.024354357824399753
9,Centralized,0.012163785360787735,0.023119601140935045,0.043952489560480104,-0.028353620282223106,0.06821648025528987,-0.03638961584190593
10,0,0.12122292507807969,-0.02529919694792816,-0.08431427463218397,-0.1673387171278953,-0.07805172197110842,0.015844660637193236
10,1,0.09454065010980968,0.028451550196713242,-0.09029134468815406,-0.09431001646509575,-0.1289403347614156,0.15920037003101692
10,2,0.07573170856941551,0.04954289085117773,-0.06763790471443888,-0.046099468297721255,-0.07447306581230956,0.006050391578101803
10,3,-0.06911516011177773,0.05051837009043801,-0.003845574414450286,0.13945146767848565,-0.07864579269025761,-0.07313841962255559
10,4,0.0032153433824148084,-0.04508256567583835,0.13042157546371158,-0.05548454761353197,0.15088881870216592,-0.12906804868300603
10,5,0.04289510134859041,-0.05553477454493183,0.07950128124443867,-0.09929214204560141,0.1561883158730675,-0.08848119378784552
10,Aggregated,0.0448215777184216,0.0004439341121137124,-0.006125169491057793,-0.0539247495051751,-0.00894763595820194,-0.018163906910512374
10,Centralized,0.05413597372700852,0.030577790595040472,-0.012220082800127291,-0.0563688932013659,-0.023065011343655288,-0.011095800017251042
11,0,0.21159419275549662,0.02953986883306301,0.00921180042983054,-0.09097085876071023,0.02791284967159708,0.053977506807408246
11,1,0.07533326204335081,0.04469075957003276,-0.0403201721615198,-0.02506526978431091,-0.05019228705826999,0.14322798514226753
11,2,0.053293921375512365,0.09206716029522251,-0.03543378072381136,-0.008907177095727734,-0.009144379757817282,-0.01870861782889773
11,3,-0.07295750215197143,0.08064571599392896,0.02405518490599881,0.14009376421405964,-0.032794976523627895,-0.07419118593670836
11,4,-0.006562840883538944,-0.05577673634146653,0.12513999792664537,-0.09778628586910378,0.132570794070087,-0.1429115814247306
11,5,0.027384424448458476,-0.06711297792997542,0.0843007840791905,-0.12277514613241242,0.1487884173003438,-0.09204076932508555
11,Aggregated,0.04811986253431826,0.020711027775409507,0.027768301334873756,-0.03425620270450926,0.0361359153462902,-0.02166071914762904
11,Centralized,0.025177175362644338,0.039514935658338246,0.02804772419584823,-0.04598554443406259,0.03815407253977547,-0.029421306571917247
12,0,0.10924532364240323,-0.009866531440121253,-0.10960154358469786,-0.1554788490871431,-0.08222423050006142,0.02524901297440218
12,1,0.06196555344299663,0.028403797694256664,-0.09809619327888305,-0.06714791370921944,-0.13549223808791702,0.13482459912731748
12,2,0.05480457676932064,0.044375109617655256,-0.08395753463500157,-0.044094372722881706,-0.04807582844920653,0.001554823649794902
12,3,-0.07782978982097927,0.04232353060986578,-0.021573189502012126,0.11851415120214227,-0.08599244117726261,-0.07806404176985787
12,4,-0.005746762111282223,-0.044029330556292226,0.12309872654784915,-0.059555631634596984,0.1417027495439357,-0.1149451356266196
12,5,0.04484232545628499,-0.05923062273697765,0.07324049911808071,-0.1059491940184753,0.14656246605594794,-0.07166453582604491
12,Aggregated,0.031277399481433876,0.00034792708093460585,-0.01958410971748633,-0.05234766627320281,-0.010690709010112315,-0.01708042880593933
12,Centralized,0.03132785616270819,0.028727042993094178,-0.025810605058110194,-0.050545188620229047,-0.01633653572455622,-0.007204324830934477
13,0,0.16561640009641243,0.028687648673011473,0.03537037461748612,-0.09087905085501546,0.04193853930297285,0.05184118970231851
13,1,0.06274610901508601,0.027145282090542643,-0.019923140853718775,-0.03805339918263744,-0.08236429496696851,0.11187448461152893
13,2,0.06693638197841692,0.06819494660692221,-0.023380367423527993,-0.00086364835057498,-0.0016762571091758353,-0.0035740344736650653
13,3,-0.06072420580195417,0.08060788871551046,0.0041261814552163165,0.1697593217349117,-0.04400484403964065,-0.06259280964863687
13,4,-0.02167576683491104,-0.054513878107909364,0.12552248474443353,-0.08879615173526777,0.13896368884184965,-0.11342531471719498
13,5,0.016490180258498632,-0.06584996730421044,0.08014586583614781,-0.13316619694689874,0.150705266087701,-0.06639712423383902
13,Aggregated,0.03832209671544062,0.014074477014187375,0.033605687629706865,-0.030362377912251767,0.03387213947694723,-0.01361903512462472
13,Centralized,0.01741328004135039,0.03815154059712539,0.043005098714018565,-0.04318703937930066,0.030720920743939083,-0.011338331520060292
14,0,0.10553242274363545,-0.01612563605800262,-0.12445226815008727,-0.174676453287124,-0.06486825022670802,0.026394283632135425
14,1,0.07848148463939512,0.036593499218366424,-0.10887472513590099,-0.08448551415427984,-0.1250306467468775,0.13773570490737755
14,2,0.06191032547623971,0.040794218103190866,-0.10161379619940282,-0.03587169146626743,-0.07752411344775659,0.002569237696092651
14,3,-0.07776746108770924,0.05988390269649397,-0.028753465629828837,0.1264060359035186,-0.0940288516524255,-0.061262387772243104
14,4,-0.013896076914130114,-0.046298454492409234,0.12345800348069925,-0.05127923543755184,0.12533948698057557,-0.10000307311354158
14,5,0.04843709254732899,-0.06131974618301466,0.06956238087761907,-0.10149441026645774,0.12952889397615008,-0.06394036991943204
14,Aggregated,0.0338504724326471,0.0022697026326732846,-0.028554773967088106,-0.05364350148607706,-0.01785297276803866,-0.009664594944673937
14,Centralized,0.037428657281688024,0.025295071689062008,-0.03967099017480869,-0.06335901816600548,-0.03735705496743191,0.004412565596628131
15,0,0.14835343993121353,0.021458867876377075,0.02299355908975448,-0.05950678414164235,0.060758760310393185,0.06807222248357697
15,1,0.05758105066315687,0.03910189184055583,-0.027473419651878345,-0.025102427202035392,-0.059367239205306156,0.1260664471915863
15,2,0.052839222758413754,0.06355632160660137,-0.01465603280355097,0.007009984717809076,0.006741170041491758,0.0027716683791787424
15,3,-0.044349319353904855,0.09669072551443683,0.016684881081569142,0.16484904519860083,-0.0486331980154157,-0.0525812366563186
15,4,-0.016905451824281277,-0.051772315144730845,0.12843709397548203,-0.08086315429149486,0.14030734282807786,-0.11319928224742629
15,5,0.03453691582237621,-0.0759059542276306,0.07468713166476011,-0.12705673207842352,0.1435101936532474,-0.0687562290802236
15,Aggregated,0.038750046700561425,0.015548539016725066,0.03340017169169408,-0.020128409594968918,0.040512312193127904,-0.00617030871431239
15,Centralized,0.023042577665845807,0.035841316763517324,0.03576751324492215,-0.03258565538442288,0.036991762122744916,-0.0060762317889639025
16,0,0.08778135365816758,-0.017980894878620226,-0.07676646304190891,-0.1973520708807806,-0.06528649273511739,0.020667895563875716
16,1,0.0652340375820489,0.030213532231528614,-0.11776956377050962,-0.12131193198506372,-0.15245616011754692,0.15297449790692388
16,2,0.07847638165358344,0.04209647418830314,-0.08449436076137144,-0.08169556156206782,-0.11204039375708305,0.015291593381613577
16,3,-0.055381510910591694,0.041588595507557405,-0.03519852169361777,0.11421157387939061,-0.09321005974895288,-0.08338071444601053
16,4,-0.0070664092795935714,-0.037130371333272016,0.1056932350104113,-0.06176797283757164,0.11992983281089613,-0.10316424011105861
16,5,0.034349034861310156,-0.04471882513024158,0.06305077791320597,-0.1033481063081184,0.11816634204532325,-0.04916691191612158
16,Aggregated,0.03395519855106809,0.0023563211602888206,-0.02433391122353886,-0.07530116606317204,-0.030910236687487942,-0.007705471086255921
16,Centralized,0.04534948948706104,0.03410353410830431,-0.04816716433946325,-0.09449649780212314,-0.056358828908135934,0.013517125493035726
17,0,0.15559252861712064,0.039184068151563965,0.024309630362911932,-0.07598675271136544,0.05494893969226675,0.07193336407719758
17,1,0.06160966835473389,0.054108247077685245,-0.025106838696422457,-0.05376008769020844,-0.08196059706530784,0.1627029161374742
17,2,0.07537897502236934,0.09725517890736146,-0.01742870606347721,0.030282415816972275,0.0432259858767865,0.043786578330833076
17,3,-0.03578298305985271,0.1020197205045648,0.02325503960264365,0.1740921296522195,-0.049638781397517526,-0.07079278545587003
17,4,-0.016647158895938704,-0.0623564620224765,0.11324692068152063,-0.08976398766239561,0.13633891843898205,-0.09371149383063795
17,5,0.03077703748535406,-0.07878782665580136,0.07143538092538973,-0.1417699722335071,0.12911322219534568,-0.03606174445642148
17,Aggregated,0.045232681734560055,0.025277663022201174,0.03157649695257049,-0.02617498576936407,0.03863059742751529,0.013081729589027594
17,Centralized,0.021606054535972304,0.04228399632810135,0.038404686001986585,-0.04277403331297326,0.03495231818250264,0.02794703935906836
18,0,0.086969660210102,-0.019340691543320816,-0.0525350923433987,-0.17300014519992551,-0.0804150842507015,0.01262449685210124
18,1,0.04353158841802328,0.020447988249330966,-0.09532986784096609,-0.08771449651737576,-0.13261191977197267,0.15505448141913003
18,2,0.046891693366049925,0.06964405598796769,-0.10422826188138108,-0.09311915287561,-0.14382569663171363,-0.03155019814056549
18,3,-0.03527247429125118,0.0472178093328285,-0.03246392288256523,0.09409569957935264,-0.11475180528586741,-0.1048389407439759
18,4,0.00219545476351409,-0.03305543627988441,0.09878982922439226,-0.07441504797692307,0.10728046437679176,-0.10373136473242567
18,5,0.0451499712802951,-0.04752974701147298,0.060443979674321954,-0.10571764356485375,0.10883981447725453,-0.038619948082817025
18,Aggregated,0.031618386894743535,0.006240165787324859,-0.020960281859289318,-0.07337990357116855,-0.04266894113563145,-0.018422683239997455
18,Centralized,0.03782676624099754,0.023027583743621807,-0.029334107714142233,-0.08245835323654348,-0.046834632610735234,-0.0030397214928277283
19,0,0.1626382031303739,0.00829377012545311,0.025103853068056552,-0.09369664619884259,0.025933020778306018,0.08810372004654811
19,1,0.06271936967586925,0.03945288850450098,-0.022779535029831557,-0.07041185823655015,-0.08436491291466347,0.14745775211182177
19,2,0.09984637472076713,0.09427084909438595,-0.03146261032849732,0.013783283251305662,0.01472448780605483,0.0576292796060258
19,3,-0.012050874497345968,0.09489443446447261,0.023887237463887014,0.1637126314831669,-0.05091440911734172,-0.06426250249287108
19,4,0.004746319857618284,-0.06722248704153429,0.11315437430533211,-0.09473079991313714,0.1395772988161475,-0.07102591092339149
19,5,0.046681813437586976,-0.07804156986509651,0.060668680965755103,-0.13783972509988948,0.12431796829829717,-0.029911225609353664
19,Aggregated,0.06083304815660614,0.015303300300004541,0.028055210876812307,-0.03656300121783593,0.028159375093452874,0.021433402119824228
19,Centralized,0.053316963757266154,0.03645438710253096,0.03354383453518177,-0.06615870855015608,0.021602531093599896,0.02305225414052977
20,0,0.10081776407633072,-0.0543433275670187,-0.050860990822650415,-0.19045959547671837,-0.037685234824517716,0.022050657264874034
20,1,0.05703913422869816,0.039167183063734054,-0.07262358455420868,-0.08920320025407907,-0.10533267441690466,0.15920469851034044
20,2,0.038904263715002385,0.006633549775769013,-0.08274268793962719,-0.09333859423318354,-0.12539919113156456,-0.011754160532269811
20,3,-0.05875729041284946,0.050173427551852896,-0.02398253572568915,0.09207387897946698,-0.0996348138839987,-0.11725829293521195
20,4,0.002653095972457807,-0.05000279119801187,0.0880282449526068,-0.07428425007089912,0.10756451211883121,-0.1016622626960231
20,5,0.08390833887666305,-0.054780122244246096,0.08638036002341762,-0.06887356921832019,0.13789647827386142,-0.003263889450501917
20,Aggregated,0.03747214859079192,-0.0105241979279901,-0.009371348537504206,-0.07076291315278171,-0.02050729101019443,-0.008692671002224938
20,Centralized,0.03621060986673748,0.011376296278364345,-0.02013958044245818,-0.08966955435054212,-0.040580016569173476,-0.005443055236627358
21,0,0.17478478611666504,0.01440717886158989,0.031037782358233932,-0.08634562890687897,0.08226127916882017,0.03261075285338549
21,1,0.038691197702472466,0.029609800712868742,-0.028937096783736457,-0.06930871738720344,-0.05191269852076153,0.14743781943665318
21,2,0.07444870044398537,0.13113823238256359,-0.02432488912524631,0.00287206889644966,0.04521454884591297,0.05516899852860606
21,3,-0.021703629956787953,0.09939565176653432,0.02054264701044737,0.15454753789265893,-0.055524166954897876,-0.06797525350337706
21,4,0.012848261163723063,-0.05047798739721118,0.10771479656646894,-0.10244363358763253,0.1311948707961824,-0.08371800118913382
21,5,0.013454856962205239,-0.08352795372016625,0.03103063384193783,-0.17136007066476697,0.08069992023248031,-0.05450138174499537
21,Aggregated,0.0488283214667283,0.02345214375474797,0.022813303578502503,-0.04535947006539734,0.03864372282110459,0.004927604049410367
21,Centralized,0.041509550181850964,0.04031122844366034,0.03730727674542148,-0.07242594094956047,0.05272117638347189,0.025839517962408243
22,0,0.07885985292237255,-0.052066644087457016,-0.04855487882513082,-0.1753407834350903,-0.057514893799237805,0.0005050533079534452
22,1,0.04945548896290379,0.010288724155335164,-0.08843300574082828,-0.09490120691198872,-0.14291104646660993,0.15046220993900894
22,2,0.04026754966806039,-0.01280266584046181,-0.10416495047631419,-0.09230058039780255,-0.10504294777945294,-0.01007554335850414
22,3,-0.02085764644541468,0.061196662699804213,-0.029718507548952618,0.08243874658978977,-0.09348099678233496,-0.10783862147533928
22,4,0.03331121023531798,-0.05280814138356404,0.079891674481756,-0.07866835230548262,0.10859199843566966,-0.09227171984343355
22,5,0.06926184813246514,-0.05821929933389218,0.08979639449798855,-0.06751330983909296,0.1368009164344105,0.011033157344673836
22,Aggregated,0.041740269292719456,-0.01740845437939077,-0.016936863452720857,-0.07112271040729465,-0.025683132831310775,-0.0079594166981286
22,Centralized,0.05954327819675674,0.005332181745662506,-0.035863258135888636,-0.10214349031236475,-0.06122462929167073,-0.0007141097728509814
23,0,0.1736792132074901,0.02058370937267428,0.011282122770231195,-0.10065552225631268,0.0839060771374194,0.07112491305175174
23,1,0.04257730064219498,0.04605668839423454,-0.024793602769005104,-0.06834396764871059,-0.031415372700454976,0.16114212607900966
23,2,0.08706312264300002,0.12914230169249852,0.003345524429404181,0.003605354900551499,0.00011243468084711771,0.05961362446279586
23,3,-0.04691809933445442,0.09144464845136026,0.022457546648409217,0.1500121297207301,-0.03546820761312444,-0.07246064122792312
23,4,0.004890038543623304,-0.060245957441185806,0.10536610805499017,-0.10295077791029197,0.1339518918374131,-0.08295831410751404
23,5,0.04270111204138172,-0.08601170274865502,0.05987577433396663,-0.12619952023242442,0.10591179779528237,-0.014677626722251614
23,Aggregated,0.05074189909119374,0.02353275519072114,0.02954806067083359,-0.040788426589607046,0.04281275351980049,0.020396975993082565
23,Centralized,0.042256501839440255,0.04131182960639445,0.03564145943629907,-0.0716689712973828,0.06370055687344854,0.030430518976856426
24,0,0.09706309553737769,-0.02036274785634977,-0.06253168483498066,-0.17339993176064009,-0.05214655956047859,0.020294194619176736
24,1,0.04731468969774729,0.028445248599971995,-0.09296024972055689,-0.07480755139503513,-0.12656954273608997,0.1420198604314726
24,2,0.05792849984926824,0.03242931322211543,-0.12113950164861062,-0.07281076397175965,-0.07329784156862162,0.005449908257106401
24,3,-0.043925141155513533,0.0505296696220446,-0.02896748451834077,0.09366998420595486,-0.09516284766774476,-0.10623398042352782
24,4,0.03170650199534333,-0.01822337864564766,0.09367947916908916,-0.0812921162309712,0.09687383535071087,-0.1038294409505537
24,5,0.04116945328328067,-0.05354214373140363,0.05988237156590417,-0.10846995754401066,0.09566521708749806,-0.010533011304903321
24,Aggregated,0.038585158989983465,0.0032182929890891103,-0.0254163368501034,-0.06958032954333288,-0.025844082797918257,-0.008720927771694427
24,Centralized,0.05051627002315163,0.02464033771635254,-0.04229880556288075,-0.09883914659631865,-0.05227763419025169,-0.007687133130620126
25,0,0.14085934586043589,0.0016573326220205048,0.016405692494690205,-0.06915529307446477,0.05747157318997257,0.04863617860125385
25,1,0.054268486605013676,0.034802833475144755,-0.04469227813831996,-0.08814730141256719,-0.06256618801099711,0.1588956247057174
25,2,0.04730917621915829,0.11323279214012683,-0.060296018212707844,-0.008517512870486733,0.022242950541592185,0.04721145403039255
25,3,-0.02837252885775766,0.10152518189493867,0.0359713446417552,0.16200353449117758,-0.06677624940074972,-0.055369670001098
25,4,0.019970476326628628,-0.06579673041528192,0.10113915153275721,-0.08971171255705596,0.12558139419453487,-0.1083398483706954
25,5,0.0348680377755679,-0.07593026856582384,0.06286316926688924,-0.1325725559994439,0.11850253687667653,-0.016236862945660405
25,Aggregated,0.04487621058551592,0.018273027372375596,0.018514811679360595,-0.037714437626497004,0.032380343105508635,0.012558559973414934
25,Centralized,0.05933741818891322,0.03563373078347693,0.02722448998218066,-0.05237263507020447,0.05083975502873635,0.021629098419378223
26,0,0.09540438783520515,-0.03770909389947937,-0.05438809185869641,-0.1600478870896273,-0.008616953438782134,-0.008055848982047299
26,1,0.0651442918337202,0.02104799620757924,-0.0989920179122486,-0.07996002704383838,-0.09406804341131861,0.15218796683489264
26,2,0.025946047016883182,0.05245705328815697,-0.10056460073992292,-0.06766562487991218,-0.06811716572310847,0.008586431454077392
26,3,-0.05787407392296265,0.04340853763767004,-0.03255557169001667,0.10333387743847378,-0.10949432606864076,-0.08838208670999227
26,4,0.025430971095075156,-0.01969382057553811,0.08361337296632476,-0.08484023837026174,0.10629090079493496,-0.11584529918865832
26,5,0.03152621733774089,-0.03742906902892028,0.05018775764515517,-0.1110693541991277,0.0931361899641859,-0.01898549887249072
26,Aggregated,0.03097921957405881,0.0036780185534557404,-0.025518676148123413,-0.06676690355071183,-0.013525129060020853,-0.011671661642469331
26,Centralized,0.04907241364433536,0.013295670256882275,-0.047009583412952555,-0.09063907690765792,-0.0357983347903552,-0.015383271568900415
27,0,0.14247322749704044,0.029885890090795147,-0.020458177858987528,-0.08653839163727271,0.0006472327887025143,0.05442858809261365
27,1,0.06030416692928467,0.0350321464369192,-0.05397736034727789,-0.061509345917258124,-0.09660347962073675,0.15837794292696453
27,2,0.07221067997733509,0.10530327663932068,-0.06998333050575403,-0.006841552074328078,-0.015421416286105483,0.06033454155656894
27,3,-0.032323650347484426,0.0904235630606196,0.01995672301392785,0.14219995596696072,-0.06323572129322305,-0.03379616727839574
27,4,0.02805585514116262,-0.032689522843344046,0.09246713155395274,-0.09589726410317954,0.13373122521909672,-0.08507719901160889
27,5,0.051887698357689874,-0.04284228293202668,0.05145038210646031,-0.12740099172905747,0.08191921282275334,-0.0174244786229629
27,Aggregated,0.05382616551449568,0.030874463368023013,0.003184165837669785,-0.03935818944181115,0.006785822059511237,0.02289322531803519
27,Centralized,0.07715923570532755,0.059052259309766826,0.009890523582678508,-0.06214020112550938,0.00854752506117099,0.037944556155375724
28,0,0.10351841253479326,0.008059647300994678,-0.06125172733148439,-0.11971105061692566,-0.04930083125653895,-0.004200381710534822
28,1,0.039470308602199126,0.053044263908287606,-0.0792871963757849,-0.04489354430297771,-0.11377211304373797,0.1493047953322651
28,2,0.07074290411943214,0.12201934793732278,-0.08173556860700294,0.011024426668363476,-0.08393133335956804,0.07198548207980403
28,3,-0.026464492775109226,0.05346409519428451,-0.009790757967725659,0.1056924022869439,-0.11462003369512754,-0.09747765354804042
28,4,0.03341583746988313,-0.03646537289128765,0.07279186330285856,-0.08249035062627823,0.110493992252427,-0.13487967687542407
28,5,0.030988807970617576,-0.06079875355890967,0.05835954920962434,-0.09431512523365312,0.09944383271463628,-0.026849317873959323
28,Aggregated,0.04198722288193495,0.023252559652686786,-0.016888972803052814,-0.0374848566835679,-0.025348801698408384,-0.006929194453690798
28,Centralized,0.05324789360690917,0.03267205190817946,-0.04119795810078504,-0.057543984654517946,-0.05213427815877623,-0.010147150574475941
29,0,0.1419103696346699,0.03432342888991155,0.01593708882464801,-0.07135875645989252,0.039048391860501505,0.008038791905492365
29,1,0.07845522944579209,0.02425609650836981,-0.060355232997038114,-0.07596382287040859,-0.052870588193836394,0.13611256886999765
29,2,0.017130964194490575,0.09102214346011084,-0.11193901509529094,-0.05411571347284727,-0.08000133447009426,0.024189938888188534
29,3,-0.038622388627468515,0.08740026167705676,0.013386849184296785,0.1460384149116944,-0.04505944646465875,-0.04198156346323098
29,4,0.02731428533821186,-0.04220637985224563,0.09254634440339958,-0.10306468216960246,0.1282182745950919,-0.11148051130040017
29,5,0.027409307334524784,-0.055168806883264795,0.060493304534951046,-0.10767152385311406,0.09887133531916664,-0.03718651898450435
29,Aggregated,0.0423309066937017,0.023296957112789226,0.0016278343174108787,-0.044387459862590184,0.014659423809710529,-0.003644012499702658
29,Centralized,0.0778565731983123,0.04429533232919718,0.007070983407893375,-0.0734173868771674,0.030097918317823054,-0.0023888093138772636
30,0,0.08898043636626407,0.0013486357611574987,-0.05661938671407381,-0.12402512619581037,-0.06572984599670237,0.018500594581869076
30,1,0.05289320393632681,0.04898778735426806,-0.08826838982206582,-0.06072869936708714,-0.1304142418820269,0.12798206501078083
30,2,0.04483452407590199,0.10668262069460697,-0.0625659729328065,0.025874480273058127,-0.06788506777642807,0.06860162919947072
30,3,-0.06459443767254505,0.04569222071056663,-0.01333165333850864,0.11944386336550745,-0.14830556487196256,-0.08461100081529914
30,4,0.023788872758330384,-0.019957669517477135,0.08486497758171356,-0.06289078673772036,0.09577641904192892,-0.09400630747952819
30,5,0.04159550126479039,-0.04524247581370232,0.051102751171719876,-0.10337141793632101,0.07924797991439649,-0.0034161829537757266
30,Aggregated,0.03129536627966901,0.022941070631090882,-0.014205461324249925,-0.03432791893206388,-0.03961309301852792,0.005585623043484502
30,Centralized,0.04462351590174351,0.04009159468604062,-0.04229915095001188,-0.052911337695586674,-0.053862395967138633,-0.01105446499129918
31,0,0.12778094974159737,-0.008839873293772272,-0.002928412040323571,-0.05831885818017668,0.05074889961841311,0.023636150167440483
31,1,0.09167179313115974,0.00912233824817357,-0.06022238932903208,-0.07399123939812785,-0.06739250677917287,0.1415005168653504
31,2,0.0708257656230609,0.09181791157965481,-0.06014419829510171,-0.018292618681138444,-0.03544718532823967,0.0538884523664949
31,3,-0.02945036471209573,0.06447217519026371,0.04308790202685076,0.14565037783553428,-0.056358447426538776,-0.031039083751378226
31,4,0.03042391389210448,-0.07762793902530878,0.08342168415637424,-0.0938544163885664,0.11836556631490493,-0.10075587432107472
31,5,0.044824692987205525,-0.08553639886237722,0.05859365810379966,-0.10610883214292191,0.10922366379995513,-0.041956603121343354
31,Aggregated,0.056072709127421155,-0.0010723927265667193,0.010244043941171422,-0.034178684801977034,0.019821481002981402,0.007624635986969299
31,Centralized,0.08287979398119642,0.020062687356681097,0.007218910120210414,-0.062287366400725644,0.026532947914443557,-0.0008668048441121024
32,0,0.10129153131844236,-0.01658375856927795,-0.0796244571810217,-0.12323977562295106,-0.04463465318783505,-0.009429832203397777
32,1,0.0732231296701276,0.021021040155062214,-0.06897523417740638,-0.058704296153813756,-0.1377338836728728,0.12467812943883572
32,2,-0.03455972632355257,0.0936445120459863,-0.16226430605348208,-0.07223845661313932,-0.1445168519003166,0.01239728829869505
32,3,-0.05554874292399234,0.05758203593032159,-0.023074339824173475,0.11544615088090325,-0.1292132558540644,-0.058880525871248375
32,4,0.03149206767030358,-0.032583284659763526,0.07882235856585756,-0.07084067175705272,0.11707865672195326,-0.08834970052987035
32,5,0.01933902113968233,-0.05859490711697995,0.05694976812200411,-0.08385300659782338,0.1050619618220269,-0.02313531650678
32,Aggregated,0.022589449196744018,0.010759950895719902,-0.03310586649110741,-0.04895781709177807,-0.03906793532078426,-0.007059861433011164
32,Centralized,0.05871355170846123,0.030237476431891036,-0.03651424167430133,-0.05984023295089295,-0.04808439050932755,-0.0022577242543451548
33,0,0.142275246449397,0.020063276215855408,-0.03312740178362113,-0.11771426742854937,-0.023209792794991396,0.029740388750846312
33,1,0.08855487970247587,0.0477044872925758,-0.0437929256287226,-0.07911553001237086,-0.08563270438156932,0.14365811063620837
33,2,0.11118561899631413,0.10042333554287626,-0.022666899702390456,0.036171245786861206,-0.022902005887988307,0.08326290234937013
33,3,-0.004352753083203714,0.035577434716105555,0.035891238688748314,0.1428881764359298,-0.08108917112638217,-0.06963288931968584
33,4,0.03804118808772112,-0.05237572643795089,0.08572657607394095,-0.08495650148622051,0.10477770024098323,-0.12519786840121405
33,5,0.02985899160911282,-0.05184782581445057,0.07135123258565439,-0.08849593601524425,0.09942832967062895,-0.07396243642669162
33,Aggregated,0.06765733135717106,0.01662970675731799,0.015500096200188504,-0.03191982912447175,-0.001492049018930722,-0.001918067879554862
33,Centralized,0.08078052366766168,0.03642927600190002,0.009323196727635761,-0.04817066740969213,0.002850151875283366,-0.019223986023178135
34,0,0.10477825563421772,0.04300945351443555,-0.06884008304576675,-0.0939554709743392,-0.0022435737717838838,0.03262175297309021
34,1,0.04938274321876463,0.044102380325119525,-0.08699665627937674,-0.07487838853736181,-0.12337105847337909,0.12229752955991378
34,2,-0.024821158700721244,0.07860091217324268,-0.1618596202033021,-0.07092917251343947,-0.12702785528954433,0.019883084802321357
34,3,-0.038783152775557855,0.059701751198006005,-0.013215122724764659,0.11909526696116018,-0.11743063151424424,-0.047593568277399495
34,4,0.040763112345204015,-0.022178715962564335,0.07034203254729322,-0.0886370015018146,0.114833260145571,-0.0821324135626361
34,5,0.04132375830347383,-0.04917556671030522,0.053254111629336735,-0.09476620741377739,0.08760432955119912,-0.022063422295195166
34,Aggregated,0.028810505830952515,0.025709294200329254,-0.034630211067396804,-0.05071897210698528,-0.027993234511187085,0.003906576644984883
34,Centralized,0.05405319825388381,0.04405929138509263,-0.04441372321203797,-0.07185044327600908,-0.0365205395500691,-0.004826102706946108
35,0,0.1089617687306848,-0.03365050759010007,-0.030304159728487635,-0.051855597902320166,0.019262188879031267,-0.023410316498177774
35,1,0.08742580415911011,0.018765158110071702,-0.061780256435745064,-0.06006512449831598,-0.08647108772202637,0.15555847798053304
35,2,0.09194135433987882,0.1352685686613157,-0.03930183037370881,0.037787007137429024,-0.0027265253497380237,0.08327287021727102
35,3,-0.042685763462394624,0.04658898898508471,0.023131023106147817,0.15143311889253236,-0.08391225499491016,-0.03135382052251229
35,4,0.02866956281187301,-0.06674420884823887,0.08505802132306467,-0.08296913909056493,0.10743708249666538,-0.08789981996289302
35,5,0.035793517371938366,-0.07156679643631975,0.0722596289016777,-0.08279323183027748,0.11059751544901998,-0.07201528577023991
35,Aggregated,0.051743325742683255,0.004797972899616301,0.008112192796822511,-0.014769191946393027,0.010657641892216957,0.004096536277181328
35,Centralized,0.07753811004513803,0.02412239885079692,0.0059341310499401835,-0.042463672426473746,0.012084282677100704,0.0007922795737225723
36,0,0.12127866502895207,0.019418210992128385,-0.05502395945429127,-0.11038557171600619,-0.01263912268897559,0.02642155240325102
36,1,0.061853020516103356,0.04640537559203744,-0.08273914363856368,-0.09294206038474416,-0.10362931487332547,0.14035214516172345
36,2,0.0648114593974765,0.08443287771605391,-0.12621127973975163,-0.0538102242312085,-0.09773437416506031,0.03898583152206154
36,3,-0.018531211509254263,0.039163137918498694,-0.017332707407629624,0.10665209526121394,-0.1124809252316542,-0.08025143272234045
36,4,0.04773449774536813,-0.026975680377107195,0.06984687558421268,-0.08501425619554322,0.1027094405382282,-0.10780697892785186
36,5,0.04061815583705663,-0.03494351450221758,0.06397694348045586,-0.0883403263131114,0.08283762740402524,-0.06597406778639081
36,Aggregated,0.05300653592956312,0.021277575189455954,-0.024651187385356453,-0.05402178946534209,-0.023538307540154856,-0.007949731049819636
36,Centralized,0.07399650820175845,0.03350905142071304,-0.04876495712187737,-0.090547725355117,-0.04404732739025721,-0.01493372324728433
37,0,0.10188180887344331,0.010724795862230723,-0.03266214266266061,-0.05444245277291981,0.013239623351773856,-0.002909396310312964
37,1,0.0658306151255841,0.03405499965778838,-0.06552643054503668,-0.04640840073620425,-0.06814275005967127,0.11815907626407549
37,2,-0.004887743617012541,0.13578723957100375,-0.06416697763745868,0.010889087575676621,-0.05406910047019726,0.052645288964252655
37,3,-0.01928746126707697,0.07183879616530228,0.014157762487287876,0.16751216028044041,-0.09504687438640642,-0.07083586346422034
37,4,0.04813718972030833,-0.0341901681959461,0.07962803723086877,-0.0861570598799071,0.09462610573935365,-0.08886506453228117
37,5,0.029632405762155416,-0.05971254150461411,0.04513757326415571,-0.0966605386759705,0.09265270994209421,-0.05680891514116216
37,Aggregated,0.036921703348151355,0.0264424851835242,-0.00396481900185654,-0.017569610549003842,-0.0028232109237824893,-0.008028790374069693
37,Centralized,0.07947974450975363,0.050815806627379,-0.0012173883162392906,-0.032837064184667204,0.01052700092303522,-0.01184186277548583
38,0,0.09833826189745468,0.04639657310877431,-0.04768293465178804,-0.06592941275977994,-0.05765275059345365,0.0022434652932503307
38,1,0.05566059425862077,0.07551749905361578,-0.08758799888627901,-0.05159489808297973,-0.1301961450782986,0.12446790837751283
38,2,-0.01977568401583996,0.08876402042652293,-0.11608771863590293,0.01217395332877307,-0.08256813439651317,0.049262687405248695
38,3,-0.04302582766802155,0.028925551590845016,-0.006537238630678253,0.13962888417323974,-0.11312974197322276,-0.05198638286367352
38,4,0.03990502290216292,-0.019514579371855047,0.07867044709057194,-0.078718182570121,0.08414727325808129,-0.10626483284944592
38,5,0.047443004251317936,-0.018281881871607907,0.0682642140324555,-0.0685201132813652,0.08558648488472133,-0.058942070210430145
38,Aggregated,0.029793336991341644,0.033675112593193085,-0.01856696910024119,-0.01885840797311396,-0.03570135102038674,-0.006793116204841727
38,Centralized,0.04775362107079509,0.04646302425181945,-0.04572361389789144,-0.04501121785229627,-0.054728665889386297,-0.013757566173700657
39,0,0.10613686539846283,0.0064481642359068515,-0.049784854055346314,-0.09151448249554012,-0.009966420217270327,0.025728037896393097
39,1,0.06555689473136077,0.01932443533542357,-0.052645407950285016,-0.06335592150968025,-0.10823698322116344,0.14198809153071393
39,2,0.051883029466120736,0.13430705360789102,-0.08742559681690892,-0.016325005023953593,-0.06794969633565762,0.05374109099021947
39,3,-0.0236577554581543,0.06984848574435633,0.017158718387729154,0.14401905936349027,-0.08639506366480944,-0.05433916139940623
39,4,0.041552560634568435,-0.029853270208346987,0.06782148129632987,-0.09990291050543378,0.10922939069720192,-0.07372977519444371
39,5,0.022181612656117115,-0.027409550303659387,0.06710484377539225,-0.09881734025610055,0.0806541263750623,-0.04615021693879041
39,Aggregated,0.04398880064319558,0.028790759417421187,-0.006362349952773556,-0.03768477929676067,-0.013830683750068622,0.007952985904601013
39,Centralized,0.06527711842390355,0.051127758902542335,-0.008223833380002378,-0.05848461454024071,0.00126249356350983,0.004071475696391156
40,0,0.12926017375176502,0.052401401778015555,-0.06493794079909122,-0.07712229957523982,-0.046510021695880414,0.03557978321426891
40,1,0.06309930534985725,0.0681149364843076,-0.08045358315548132,-0.04128791222684018,-0.11963248434617303,0.12055217723502921
40,2,0.001156662547328412,0.08677774439315758,-0.09713004829019765,0.002400902207313908,-0.10126046064127896,0.054489172466731794
40,3,-0.038767464213190675,0.020891258315713212,-0.014515920177660147,0.1392967770099116,-0.14818917683509775,-0.07533407564157978
40,4,0.03564235983619602,-0.02891610893000587,0.07769306690470053,-0.07497368786175035,0.0786637240310237,-0.09725964062453057
40,5,0.04257082195585423,-0.03290189695700763,0.05888658682351645,-0.07880486456692605,0.06249847337321833,-0.04657041570334629
40,Aggregated,0.03887777686993126,0.027775683679738608,-0.020149094718191533,-0.02178129800473663,-0.04578581601435497,-0.0013353352957697134
40,Centralized,0.06817091228228857,0.04363541435384726,-0.03776858425758432,-0.03506983487542033,-0.05366497316953014,-0.01903380412437525
41,0,0.1251155161709311,-0.04039469561638762,-0.056384869699578934,-0.06484024647208672,0.009772286548691275,0.005838904704767634
41,1,0.06205291867055981,0.002071363788633306,-0.06418908082233363,-0.04467641874318582,-0.08785519637178864,0.1249673729411189
41,2,0.02026077573024914,0.12296350144084217,-0.09364797062969171,-0.00038524920040562975,-0.0624905157049658,0.06440194398577058
41,3,0.003190439576898194,0.06059649434843031,0.02107442381518521,0.1449938842810615,-0.07383268176710654,-0.05576816995471916
41,4,0.04015525254554067,-0.047712854158361205,0.07136530645984243,-0.09117018233425382,0.10333002376178284,-0.0810819018293574
41,5,0.014999301648167412,-0.04964140222070198,0.064873624062316,-0.09115263450992524,0.09256030961801517,-0.09597232618012641
41,Aggregated,0.044342155407028364,0.00798305134158274,-0.009558306576567593,-0.024562985098933853,-0.0031314557166911335,-0.006186511655747769
41,Centralized,0.06819404449279041,0.02905445456385439,-0.018485758429223155,-0.04099970983674893,0.00604460744227451,-0.00972610233305937
42,0,0.09903232489927584,0.03964044722426216,-0.04261980581568015,-0.059776937965893624,-0.04685949958376421,0.02873422480922007
42,1,0.05901594805759067,0.049689440985248516,-0.07300225991954216,-0.05945942188376121,-0.11695282805452353,0.1307002492592339
42,2,-0.006647491202033715,0.09705640514585823,-0.10313558809620103,0.012983359518770369,-0.09710172538566764,0.05456211092361566
42,3,-0.0348958912965761,0.027174932950392913,-0.012949152578712663,0.1401970131618451,-0.15758361413755836,-0.050127815037715344
42,4,0.039096445604693136,-0.027434501372554227,0.07837925767081173,-0.06338652006049221,0.07624648918448947,-0.0918860918288687
42,5,0.05385126123524647,-0.022057107500940053,0.07179631153757299,-0.06999094399623058,0.08280013754674864,-0.046660578361819145
42,Aggregated,0.0349435142386286,0.027381089328231283,-0.013655497576817284,-0.016606518369565743,-0.043290393794329564,0.004302117563385265
42,Centralized,0.06046129281152141,0.04474731360236746,-0.032251724196184384,-0.026427600598230405,-0.054301588289947085,-0.006016984933468329
43,0,0.06728426631290234,-0.0038859044025220065,-0.04584544420857926,-0.06483525096987773,0.008343524295840324,0.021756245711242208
43,1,0.06847278209965409,-0.014255065983333445,-0.06902849331104345,-0.06769335392270204,-0.08234177340083691,0.13539844919981378
43,2,0.042245521324845284,0.13682328380724681,-0.08036140241587993,0.017502923368876766,-0.12670826274141195,0.0666176655108544
43,3,-0.03304161040623923,0.05577921263906606,0.03427883979374142,0.16316557728091552,-0.1140429235656514,-0.03101510002913122
43,4,0.03750260427501404,-0.017939964942197077,0.0715832434888232,-0.09176501862715251,0.09488336304412505,-0.0818711206802512
43,5,0.028554160593563242,-0.00045420540728644915,0.056279786098749895,-0.10608283700163328,0.07642569379290334,-0.06040482132168973
43,Aggregated,0.035203918517507274,0.026008572397662376,-0.005586508966748498,-0.024980014706229896,-0.0239423551592864,0.008491439316572303
43,Centralized,0.05068046818213423,0.04734335765389664,-0.014558563708735477,-0.04524541873027602,-0.008302397035730555,0.003156171376863438
44,0,0.1278189246712576,0.02912855276563573,-0.03615963467068403,-0.0764004087757986,-0.03144675610310761,0.001871354148247667
44,1,0.0709537602293705,0.045313111015883284,-0.07529713778811506,-0.055416974726075686,-0.08299654838125106,0.17500625506810844
44,2,0.014825817502951954,0.10443115378772852,-0.10633378763147518,-0.028831054616259393,-0.09440623208707123,0.03676200406682843
44,3,-0.0327653054070766,0.02999823319812868,-0.011747768522480892,0.1303920809390241,-0.1246894499310584,-0.03458873796710889
44,4,0.031613103931012854,-0.03150138525902147,0.06887378627676759,-0.08307006142238037,0.08237385144325747,-0.10562291016213302
44,5,0.0307255177807683,-0.03612700573113575,0.04370381351420855,-0.07896780343276036,0.06951522231085366,-0.12517774903897577
44,Aggregated,0.04058365425456514,0.023575721455165094,-0.019551120824571337,-0.032083130250717934,-0.030316155627007527,-0.008528279938163345
44,Centralized,0.05168485556907171,0.03326433310705487,-0.0392300482356505,-0.05232434350671245,-0.03746185559282301,-0.013275266777519399
45,0,0.12473229936964986,0.019676133926060775,-0.04862983711912319,-0.05697029338005248,-0.010522411358014915,0.007308118961819786
45,1,0.06822986308945643,0.016313552452506118,-0.07569590950463737,-0.06061702265357202,-0.093408711989341,0.12383563181777141
45,2,0.030215760955481806,0.10624851615789303,-0.0752129630183823,0.019291168027512927,-0.07597812908805626,0.04544126175518638
45,3,-0.02523210057729603,0.0396233372281488,0.011688988011762312,0.15771822307545297,-0.11983939714592493,-0.044341408761656764
45,4,0.03932569150246397,-0.016954543666919716,0.08523151985013953,-0.06958786663060373,0.07652073135808023,-0.0924442326810445
45,5,0.047485809487569655,0.0033881724897865486,0.08151275825581004,-0.0566620396376411,0.09376078765016861,-0.07068452738964347
45,Aggregated,0.0475072013086438,0.028061597461863423,-0.0035939951960518197,-0.011176284433112044,-0.02161746354463316,-0.005071447753843241
45,Centralized,0.06189014047582554,0.054313435431825645,-0.009382829720394326,-0.021028020214121743,-0.016339387007893936,-0.011151067567414843
46,0,0.073032151035878,0.05487884008942655,-0.06437808197854675,-0.03437701528029034,-0.04549965817096421,-0.007396678326430534
46,1,0.04105121250824742,0.0315881147972182,-0.08967247810069859,-0.02812945882370441,-0.08959600301383722,0.1352509001120205
46,2,0.02713865622670155,0.08452371022196169,-0.08893397831619809,0.012001551466665466,-0.10070052914326229,0.034026007209320905
46,3,-0.010148327484257548,0.03961984408423919,-0.005850719623401816,0.1452481498647985,-0.08190768030919703,-0.051025527283329035
46,4,0.043940475728382375,0.0022297477425991135,0.06265449810231415,-0.08739387722867333,0.07330631673525458,-0.10916117284860513
46,5,0.029381198494792607,-0.0036648298868581695,0.04655407321416248,-0.10094158333816267,0.05114283526517468,-0.08879503444238668
46,Aggregated,0.03408894158338153,0.03488655137340965,-0.02334111270931078,-0.015606838067471873,-0.03226035801662601,-0.014435617885096386
46,Centralized,0.057626005034605035,0.05127943621356797,-0.04298961646192051,-0.038146957526450954,-0.04181307259938447,-0.03758841948140962
47,0,0.13116456549274244,0.03590750793878638,0.005693256747538685,-0.022502959220538153,0.01484880371837773,0.014867792638718472
47,1,0.06018349544730315,0.023777319073673305,-0.05759623869422706,-0.07627580688115473,-0.1053499386004538,0.14067194010305706
47,2,0.03689606981088579,0.09972947507440232,-0.09751203983005272,0.01412768856251208,-0.0681617236325338,0.08602727786306091
47,3,-0.02629734945559192,0.02862903219257367,0.010442808102905661,0.13808757433814675,-0.10947323029543854,-0.02798969776210969
47,4,0.029261847258062197,-0.02620330690660126,0.08832505294150948,-0.07691684712043981,0.0927539230923485,-0.09298412997521918
47,5,0.03458619239388368,-0.020486940657401483,0.0758823537984683,-0.06280412853527072,0.08672788260102766,-0.05314541086223432
47,Aggregated,0.044352921106334244,0.023587470513815517,0.0041517158068302825,-0.014403537759127265,-0.014812483280514235,0.011319412982151998
47,Centralized,0.06305808165985999,0.044486383227024646,-0.007392173374432262,-0.04268314944417238,-0.012843462235959037,0.018329470699616147
48,0,0.09616019950677084,0.009527370296471539,-0.03739858579001298,-0.09166851997508287,-0.10421333158188642,-0.06542629129577428
48,1,0.05700069583565205,0.06283881177996002,-0.08584064194152229,-0.04968393093091345,-0.11431164667685553,0.1391199608624453
48,2,0.03984634489394908,0.08556830642049092,-0.11528038633954847,-0.019577974568340203,-0.10944254563306384,0.024345896534784986
48,3,0.0014992676751123704,0.023343156919758284,-0.03292803513784044,0.12467032710869906,-0.1404208788769564,-0.0516547338178508
48,4,0.0351522729167019,-0.011319967189342152,0.06534041184824843,-0.06668456431637898,0.07848703214757403,-0.11103820224837002
48,5,0.033542653471067524,-0.00945361012759912,0.05694814338819681,-0.05772020824372762,0.07349498125149727,-0.09775475000343439
48,Aggregated,0.04390092260579036,0.026772882291438285,-0.024918389286843645,-0.026821868887205558,-0.05280568429440678,-0.027004668461617403
48,Centralized,0.0619991426759395,0.0458006245400216,-0.046794106712556835,-0.041487681494672767,-0.0630832355446239,-0.030214975696613043
49,0,0.1060856985660081,0.05391521968703183,-0.00630574832228273,-0.025596747081876113,0.043965985884656535,0.02353877039766885
49,1,0.07037788646252993,0.0244763519664555,-0.05987117122693317,-0.0777773248536107,-0.09368962355351702,0.14225717497668505
49,2,-0.0029283195697448255,0.12533606217248208,-0.0570681235604089,0.011804173979727996,-0.060626670689740814,0.07589131741760628
49,3,-0.01871108752792051,0.04986980540981653,0.022495518121914693,0.14885500506160648,-0.0939877214559244,-0.03303062348041462
49,4,0.04335122558405408,-0.028133754217464415,0.0766454083048208,-0.08293822762864204,0.08618830827591879,-0.08641088380740107
49,5,0.047705615856379016,-0.03253459987907843,0.057833053649472624,-0.08347216452512747,0.07980715124015739,-0.06761739021274157
49,Aggregated,0.04101705269615882,0.03219025530588058,0.005569224445704685,-0.018208537847027705,-0.006414320960228613,0.009188275376797794
49,Centralized,0.06965835678829077,0.04869203464080011,-0.0042510863102718476,-0.04799913067738776,0.002372903775161379,0.009835224017157692
50,0,0.0648174533189154,-0.02076562831343227,-0.06531282327826231,-0.08575040248663658,-0.05874613420211999,-0.018683438164676006
50,1,0.05823903619302822,0.036580797641765216,-0.11765862083413531,-0.022850263411275714,-0.14266588560044183,0.13903310382942052
50,2,0.014894035921798124,0.0769566649269341,-0.10584041037195505,-0.023057315793427895,-0.13866212042538428,0.047412668574761674
50,3,-0.0295682026712512,0.012137194182815891,-0.020589347687761005,0.13205742970901874,-0.1514849390207497,-0.043407572893188376
50,4,0.0444271411534246,-0.01862019636833214,0.07164240955259876,-0.06166565763703228,0.07624494378977942,-0.0848769586263487
50,5,0.03189472860439622,-0.01610037112301882,0.039296496968917766,-0.049738284909674066,0.05601212632763204,-0.05641955995494748
50,Aggregated,0.030810438352440225,0.011708727442204636,-0.033151750807115285,-0.018541925766148062,-0.05994042867797797,-0.0027582035595517546
50,Centralized,0.05166996808973881,0.03693833758280924,-0.07199936357009899,-0.04013806778408705,-0.07714204430251084,-0.010919315552082403
