Round,Evaluator,4,3,2,1,5,0
0,0,,,,,,
0,1,,,,,,
0,2,,,,,,
0,3,,,,,,
0,4,,,,,,
0,5,,,,,,
0,Aggregated,,,,,,
0,Centralized,,,,,,
1,0,0.11366508688783525,0.0841232227488147,0.06228278041074252,0.05501579778830951,0.06200631911532375,0.0921011058451817
1,1,0.14398496240601427,0.10559732664995833,0.09097744360902285,0.08922305764411075,0.0984962406015036,0.0782372598162072
1,2,0.1408103592314125,0.1089390142021718,0.0910609857978278,0.07648287385129493,0.08939014202172085,0.07727652464494573
1,3,0.14114452798663218,0.10735171261487012,0.08759398496240658,0.07802840434419395,0.0903508771929824,0.08199665831244773
1,4,0.13997493734335792,0.1157477025898074,0.09448621553884677,0.08621553884711788,0.09954051796157053,0.08057644110275682
1,5,0.13024227234753544,0.10334168755221294,0.09741019214703413,0.08040935672514601,0.099624060150376,0.07293233082706768
1,Aggregated,0.13471494985855495,0.1039429622154202,0.08700200383422069,0.07729221467194963,0.08956695342862174,0.08065888722001753
1,Centralized,0.13476761825955053,0.10399255275134424,0.08706385326161892,0.07734795200661972,0.089635912287961,0.08063025789546267
2,0,0.0329778830963664,0.022156398104265396,0.014573459715639829,0.023341232227488302,0.010347551342811994,0.04826224328593994
2,1,0.04820384294068515,0.029030910609857956,0.03358395989974946,0.023809523809523586,0.014954051796156996,0.02084377610693397
2,2,0.042731829573934704,0.036090225563909756,0.02560568086883873,0.024352548036758417,0.019089390142021614,0.015037593984962412
2,3,0.04035087719298232,0.028738512949039268,0.031161236424394223,0.02305764411027567,0.01750208855472018,0.012071846282372609
2,4,0.037468671679197915,0.031829573934837097,0.020342522974101884,0.02802840434419408,0.009774436090225576,0.010401002506265649
2,5,0.03446115288220547,0.03617376775271509,0.02410192147034252,0.01729323308270681,0.020467836257309906,0.010359231411862993
2,Aggregated,0.039289132220661216,0.0305678382118,0.024771064578373126,0.023314093554712888,0.01529585231167383,0.01984079961131594
2,Centralized,0.039304923458833275,0.030588884291821987,0.024796579782098944,0.023314025651634256,0.01530823334712453,0.01976968693973245
3,0,0.011532385466034781,0.021879936808846694,-0.0013033175355450283,-0.020339652448657174,-0.028278041074249548,0.028357030015797778
3,1,0.006599832915622378,0.026566416040100252,0.0020467836257309674,-0.012614870509607358,-0.03663324979114443,-0.008521303258145372
3,2,0.015622389306599876,0.03283208020050133,0.006223893065998346,-0.01587301587301585,-0.029741019214703495,-0.001545530492898908
3,3,0.01641604010025057,0.03558897243107771,0.007351712614870524,-0.0070593149540517965,-0.02869674185463661,-0.0010442773600668408
3,4,0.022807017543859744,0.029657477025897987,-4.177109440268722e-05,-0.011361737677527163,-0.030409356725146358,-0.005639097744360898
3,5,0.01411862990810357,0.028111946532999064,0.0017961570593149684,-0.019799498746867206,-0.028738512949039386,0.00200501253132833
3,Aggregated,0.014480281010053322,0.02901951038465307,0.002631170635749619,-0.014577924774179633,-0.030390521882878403,0.002581386893470419
3,Centralized,0.014487656874913846,0.029037374155289033,0.0026410150324093426,-0.01456350848158877,-0.030395807474831057,0.0025168942214866675
4,0,-0.003593996840442354,-0.00051342812006319,-0.014968404423380738,-0.001895734597156401,-0.00722748815165876,0.035308056872037925
4,1,0.00543024227234754,0.012113617376775247,-0.009273182957393478,0.014536340852130432,0.0008354218880534738,0.003926482873851307
4,2,0.007727652464494543,0.010526315789473651,-0.020091896407685845,0.004093567251462021,-0.0020050125313283316,-0.007769423558897268
4,3,0.0032581453634085216,0.012364243943191274,-0.01336675020885543,0.005847953216374304,0.0022138680033417005,-0.000292397660818715
4,4,0.007769423558897245,0.013408521303258123,-0.01704260651629069,0.011528822055137816,-0.002380952380952382,-0.0032581453634085685
4,5,0.008228905597326643,0.010484544695070985,-0.022347535505430213,0.0019214703425229733,0.006558061821219702,-0.009857978279030868
4,Aggregated,0.0047027273637935295,0.009607829869829634,-0.016167183982902164,0.0059106842522728435,-0.0004169852453179252,0.0033966287770228897
4,Centralized,0.004723486415666787,0.009633154047717496,-0.016170183422976093,0.005930216521859058,-0.0003999448351951548,0.0033167838918769757
5,0,0.0005529225908372978,0.0016192733017377562,0.002211690363349127,-0.0007109004739336591,-0.015363349131121654,0.037756714060031664
5,1,0.0164160401002506,0.011612364243943187,0.00451127819548873,0.010776942355889722,-0.012698412698412707,-0.015580618212197157
5,2,0.025480367585630784,0.007644110275689228,0.009983291562238948,0.004427736006683363,-0.010275689223057617,-0.007184628237259803
5,3,0.01566416040100249,0.01152882205513785,0.007268170426065193,0.002046783625730994,-0.008395989974937327,-0.01558061821219718
5,4,0.02351712614870519,0.012656641604010027,0.010776942355889716,0.00822890559732663,-0.010902255639097736,-0.004177109440267338
5,5,0.015538847117794456,0.009106098579782793,0.011027568922305782,0.004511278195488702,-0.005346700083542212,-0.0022556390977443584
5,Aggregated,0.0160073943169122,0.008939070484076364,0.007564870990912407,0.004813098946833747,-0.010555403184042316,-0.0007036588139820038
5,Centralized,0.016046062612053533,0.00895738518824991,0.007578265066887345,0.0048269204247690075,-0.010543373327816885,-0.0007998896703902716
6,0,-0.007661927330173798,-0.000434439178514988,-0.013033175355450233,-0.002369668246445482,-0.021366508688783575,0.03301737756714052
6,1,0.0005012531328320728,0.0156641604010025,-0.004344193817878031,0.00889724310776937,-0.01215538847117795,-0.0035505430242272168
6,2,-8.354218880533128e-05,0.017335004177109415,-0.0012531328320801915,0.011319966583124433,-0.011528822055137868,-0.0007518796992481255
6,3,0.00012531328320802097,0.013492063492063455,-0.00133667502088556,0.0027151211361737472,-0.005388471177944878,0.0029239766081871226
6,4,0.002673350041771101,0.014076858813700908,-0.004636591478696746,0.005304928989139512,-0.018086883876357547,0.0006683375104427773
6,5,0.001921470342522977,0.014411027568922272,-0.0021720969089390027,0.008771929824561396,-0.00785296574770255,-4.177109440267982e-05
6,Aggregated,-0.0005074886074779181,0.012269964073495399,-0.004565387865462697,0.005675636121418807,-0.01283337649059418,0.005708929166863088
6,Centralized,-0.0004895876430837073,0.012301751482554144,-0.004544200799889674,0.005695766101227424,-0.012812025927458202,0.005640601296372908
7,0,-0.02093206951026855,-0.008609794628751997,-0.008846761453396523,-0.003278041074249616,-0.010860979462875217,0.06437598736176943
7,1,-0.008228905597326665,0.005346700083542171,-0.0016708437761069359,0.008228905597326613,0.004511278195488689,-0.005680868838763564
7,2,-0.019966583124477823,0.011988304093567246,-0.0036758563074352547,0.0020467836257309956,0.005597326649958202,-0.00852130325814529
7,3,-0.00902255639097744,-0.0008771929824561409,0.00012531328320802498,0.003884711779448614,0.0012531328320801887,-0.000375939849624066
7,4,-0.010776942355889704,0.004511278195488724,-0.005722639933166208,0.0049707602339181,0.007351712614870474,-0.01035923141186294
7,5,-0.014452798663324993,0.004051796157059336,-0.00480367585630741,0.0007518796992481202,0.004970760233918111,-0.008061821219715892
7,Aggregated,-0.013980983389100834,0.002599178106073302,-0.0041559926345943405,0.0026950259583085586,0.001981382783951979,0.005938519617563244
7,Centralized,-0.013963591228795992,0.0026272238311956875,-0.004144255964694526,0.0027099710384774493,0.002013515377189352,0.005792304509722807
8,0,-0.003593996840442295,-0.007266982622432843,-0.022274881516587675,-0.00726698262243287,-0.008688783570300175,0.041982622432859724
8,1,0.015956558061821172,0.006265664160401012,-0.009816207184628297,0.00045948203842941085,-0.004594820384294058,-0.010776942355889675
8,2,0.01248955722639933,0.006934001670843777,-0.009314954051796165,0.001754385964912276,-0.00856307435254801,-0.01833751044277362
8,3,0.015622389306599854,0.006474519632414349,-0.012406015037593988,-0.0031328320802004985,-0.0019214703425229828,-0.00463659147869675
8,4,0.018128654970760286,0.006558061821219676,-0.010526315789473698,0.0002923976608187051,-0.008061821219715923,-0.016416040100250627
8,5,0.01495405179615707,0.0076858813700918915,-0.014870509607351807,-0.0010025062656641632,-0.0027568922305764433,-0.01654135338345865
8,Aggregated,0.012069483414760128,0.004301491954273191,-0.01331025257102301,-0.0015520182225452544,-0.005799533638681264,-0.0035682788119269717
8,Centralized,0.012108674665563337,0.004330437181078473,-0.013287822369328357,-0.0015377189353192678,-0.00579230450972281,-0.003682250724038053
9,0,-0.012440758293838866,-0.005805687203791467,-0.009202211690363409,-0.014099526066350652,-0.018088467614533872,0.05015797788309633
9,1,-0.005680868838763579,-0.005764411027568922,0.0017543859649122645,-0.0007518796992481483,-0.01963241436925647,-0.00250626566416041
9,2,-0.004970760233918145,0.0012531328320802043,0.003592314118629926,0.00033416875522137505,-0.01649958228905607,-0.0012531328320802009
9,3,0.004093567251461964,-0.004970760233918126,0.0006265664160401196,-0.0043859649122806755,-0.012949039264828741,-0.004970760233918091
9,4,0.0005430242272347508,-0.0073099415204678315,0.00309106098579782,0.0035923141186299233,-0.0178780284043442,-0.002088554720133667
9,5,0.0017126148705096113,0.0004177109440267205,0.0037176274018379395,0.006349206349206349,-0.018086883876357537,0.0008771929824561266
9,Aggregated,-0.002906217219993374,-0.0037219424192484803,0.0004791553080224929,-0.0016447334058601456,-0.01719985130080273,0.007223684780432095
9,Centralized,-0.0028823610536477715,-0.0037167287270721766,0.0005033788442973475,-0.0016135705419942083,-0.017197627913391335,0.007116259826230826
10,0,-0.0010268562401263839,-0.019510268562401255,-0.004541864139020512,-0.0151658767772512,-0.015600315955766162,0.10086887835703046
10,1,0.015037593984962471,0.009231411862990776,0.01332497911445285,0.00802005012531328,0.004970760233918126,-0.0129908103592314
10,2,0.007184628237259805,0.016666666666666722,0.005137844611528817,0.009440267335004183,0.003467000835421911,-0.014327485380116935
10,3,0.011111111111111087,0.004678362573099383,0.010066833751044257,0.003675856307435256,0.00722639933166247,-0.01169590643274852
10,4,0.012113617376775245,0.009649122807017487,0.008646616541353375,0.008563074352548019,0.005513784461152884,-0.011904761904761899
10,5,0.012113617376775241,0.011194653299916407,0.004594820384294067,0.00726817042606516,0.008688387635756066,-0.013784461152882226
10,Aggregated,0.009297020873652022,0.005020679299979428,0.006076039712411455,0.0034082220582238344,0.002162149119441647,0.007164534196569344
10,Centralized,0.009322852020410966,0.0050820576472210745,0.006102606537029356,0.0034546959040132434,0.002206592194180076,0.006930078609846963
11,0,-0.01824644549763033,-0.020695102685624037,-0.013783570300157961,-0.00868878357030018,-0.015363349131121648,0.1004739336492892
11,1,0.0013784461152882305,0.003216374269005832,0.0039682539682539455,0.004302422723475342,-0.0014202172096909197,-0.008939014202172083
11,2,-0.004469507101086043,-0.00033416875522138123,0.010359231411862948,0.0053467000835421725,0.008813700918964057,-0.007184628237259818
11,3,0.002172096908939017,0.0016708437761069155,0.0050125313283207835,0.003383458646616528,-0.0012949039264828891,-0.0034252297410192188
11,4,0.0013784461152882158,0.0010860484544694979,0.014494569757727612,0.006850459482038423,-0.001211361737677528,-0.00756056808688387
11,5,-0.0031328320802004785,-0.005430242272347517,0.009231411862990778,0.004093567251461994,0.0058479532163742635,-0.0030910609857978284
11,Aggregated,-0.003663573403978914,-0.003621536111825825,0.0046566607157954975,0.00241326442374084,-0.0009462918832017055,0.012776314995429153
11,Centralized,-0.003627085919183584,-0.0035788167149358916,0.0047027996138463545,0.002441042614811743,-0.0009102192800992896,0.012556888705006262
12,0,-0.02815955766192728,-0.01323064770932061,-0.014889415481832518,-0.028909952606635005,-0.01836492890995253,0.04905213270142174
12,1,-0.00643274853801167,0.0029239766081871434,8.354218880533005e-05,-0.00020885547201337644,-0.010025062656641581,0.003634085213032577
12,2,0.0011278195488721617,0.0022974101921470363,0.0037593984962405996,-0.01044277360066829,-0.007351712614870499,0.0005847953216374306
12,3,-0.003467000835421886,0.003968253968253962,0.00313283208020049,0.0027151211361737464,-0.0033834586466165366,-0.002965747702589795
12,4,-0.0002506265664160586,0.004845446950710112,0.003842940685045953,-0.0038011695906432588,-0.006892230576441088,-0.0027568922305764377
12,5,0.005137844611528783,0.002715121136173767,0.0029239766081871313,-0.006850459482038441,-0.0060150375939849446,0.002088554720133676
12,Aggregated,-0.005614264174022576,0.00042095227080796854,-0.0003673242354958497,-0.00816801984977161,-0.00878826991992011,0.008761684210673979
12,Centralized,-0.005557854089091172,0.00045510964004965014,-0.0003309888291270244,-0.008116121914218734,-0.008764308371259199,0.008660874362156977
13,0,-0.015086887835702972,-0.015600315955766235,-0.013783570300158,-0.012598736176935259,-0.01133491311216425,0.07788309636650892
13,1,0.0035087719298245563,0.005346700083542167,0.0005847953216374457,0.00367585630743527,0.003926482873851289,-0.004511278195488679
13,2,0.00033416875522139543,0.01031746031746029,-0.0017961570593149389,0.0012949039264828859,-0.002548036758563089,-0.005096073517126127
13,3,0.0020885547201336735,0.0019632414369256533,-0.004511278195488711,0.0032581453634085255,0.0012949039264828859,-0.006599832915622357
13,4,0.008103592314118618,0.004260651629072692,-0.008020050125313266,0.004928989139515468,-0.0025898078529657353,-0.009189640768588088
13,5,0.004511278195488732,0.00430242272347535,-0.0084795321637427,0.004928989139515442,-0.004594820384294085,-0.0031746031746031707
13,Aggregated,0.0003888058434970799,0.0015568507697823744,-0.006094263380993233,0.0007526921528453792,-0.0027452542369871174,0.009053749981305904
13,Centralized,0.00042752723762238144,0.0015997793407806012,-0.006075024134602133,0.0007860984691766659,-0.00272376223969107,0.008881533581574945
14,0,-0.01255924170616115,-0.012559241706161153,-0.012440758293838837,-0.023696682464454978,-0.010505529225908422,0.06465244865718797
14,1,0.003049289891395155,-0.002715121136173752,-0.0021720969089390283,-0.009816207184628238,-0.002464494569757723,0.009106098579782756
14,2,0.004051796157059329,-0.003383458646616553,0.0003341687552213948,-0.00580618212197159,0.0017961570593149603,0.003007518796992476
14,3,0.002715121136173751,0.0014619883040935557,-0.0030910609857978284,-0.013784461152882227,-0.0011278195488721875,0.011319966583124424
14,4,0.008020050125313262,-0.0044695071010860616,-0.002673350041771098,-0.015914786967418538,-0.00137844611528821,0.011403508771929801
14,5,0.00898078529657476,-0.002380952380952391,-0.007811194653299907,-0.0096908939014202,0.0023391812865497194,0.008563074352548015
14,Aggregated,0.0021972526952393602,-0.004110231243823526,-0.004735869049645192,-0.013245017245836831,-0.0019934396863093055,0.018567934277676616
14,Centralized,0.0022341745966073783,-0.004089091159840014,-0.004716590815059977,-0.013218866363260235,-0.0019721417735484577,0.018452627223831272
15,0,-0.013823064770932045,-0.009834123222748799,-0.013428120063191178,-0.010939968404423378,-0.01461295418641391,0.09818325434439189
15,1,0.010776942355889699,0.0012113617376775258,-0.005346700083542179,0.002673350041771099,-0.008897243107769391,-0.0004177109440267483
15,2,0.004385964912280682,0.006766917293233065,-0.0011695906432748458,0.003926482873851278,-0.008939014202172076,-0.004970760233918108
15,3,0.010651629072681698,0.0010442773600668456,-0.002798663324979103,0.004218880534670001,-0.0029657477025898014,-0.007644110275689215
15,4,0.008270676691729286,0.006140350877192962,0.000793650793650789,0.0017543859649122781,-0.006808688387635731,-0.00012531328320802745
15,5,0.004761904761904749,0.007936507936507926,-0.005430242272347523,0.00037593984962407215,-0.006349206349206339,-0.0012949039264828635
15,Aggregated,0.00395496632980151,0.0020664863300183796,-0.004669549436680533,0.0001996825434269745,-0.00817360726671918,0.014964804359202697
15,Centralized,0.0039994483519514325,0.002096262584471092,-0.004647634808991884,0.00022755482002481304,-0.008157495517859579,0.014756585298579466
16,0,-0.01666666666666665,-0.012993680884676125,-0.022511848341232224,-0.0013428120063191215,-0.02709320695102685,0.07586887835702995
16,1,-0.001420217209690891,0.0013366750208855416,0.0006265664160401049,0.0059732664995822676,-0.014578111946533008,0.0030492898913951597
16,2,0.0025480367585630553,0.002464494569757723,0.0056390977443608915,0.004845446950710107,-0.015747702589807858,0.002756892230576426
16,3,0.0034252297410192053,0.002213868003341699,0.0023809523809523612,0.007936507936507898,-0.014578111946532957,0.0036340852130325673
16,4,0.004511278195488715,-0.001712614870509612,0.001670843776106925,0.006307435254803657,-0.02117794486215542,0.002882205513784457
16,5,0.006808688387635743,0.0030910609857978297,0.00020885547201337877,0.0016290726817042584,-0.015455304928989182,0.003717627401837932
16,Aggregated,-0.0003304896162039069,-0.0010779453929687303,-0.002243513948427895,0.004158074718955579,-0.018212813837836114,0.016044045801644757
16,Centralized,-0.0002896152254861358,-0.0010481312922355638,-0.002192800992966471,0.004171838367121813,-0.01819059440077232,0.01589435939870356
17,0,-0.009794628751974756,-0.017575039494470774,-0.012361769352290683,-0.005292259083728283,-0.04763033175355454,0.09265402843601948
17,1,0.0028404344193817925,-0.0013366750208855507,0.007727652464494543,0.0057644110275688895,-0.011069340016708437,0.006098579782790297
17,2,-0.0030075187969924723,8.354218880534115e-05,0.003926482873851299,0.0011278195488721942,-0.01349206349206349,0.003842940685045954
17,3,0.0004594820384293911,0.0005430242272347545,0.0002923976608186977,0.004761904761904748,-0.0056808688387635815,0.002130325814536335
17,4,-0.0015873015873015684,0.0007518796992481388,0.0027568922305764377,0.002589807852965753,-0.011194653299916412,-0.0008354218880534608
17,5,0.0007936507936507964,0.00037593984962406104,0.0012949039264828672,-0.0016290726817042587,-0.011695906432748506,0.0058479532163742635
17,Aggregated,-0.0018128272484542335,-0.0030359641658326744,0.000450634407713115,0.0011423609800476084,-0.01716352862434892,0.01918121439020853
17,Centralized,-0.0017928561577713405,-0.002999586263963604,0.0004826920424769047,0.001158460901944545,-0.017087298303682177,0.018997379671769465
18,0,0.006279620853080565,-0.003791469194312792,-0.00691153238546603,-0.010781990521327025,-0.028080568720379073,0.10963665086887839
18,1,0.0032999164578111817,0.0009607351712614861,0.005639097744360903,0.004928989139515459,0.0017543859649122838,-0.011570593149540535
18,2,0.005889724310776942,0.0006683375104427661,0.003049289891395155,0.00522138680033416,0.004260651629072679,-0.009064327485380124
18,3,0.0035505430242272337,-0.0034252297410191953,0.0061403508771929695,0.006265664160401,0.0004594820384294235,-0.010484544695071013
18,4,0.006098579782790307,0.00025062656641603267,0.006432748538011676,0.005889724310776948,0.00246449456975772,-0.008604845446950709
18,5,0.0075187969924811965,0.0035505430242272224,-0.0015873015873015934,0.003884711779448628,0.007184628237259805,-0.00551378446115288
18,Aggregated,0.005449601253239491,-0.000339625611335693,0.0020187535069229774,0.0024080401280807497,-0.002305561278675331,0.011918749647253372
18,Centralized,0.005447524479382166,-0.000330988829127025,0.0020410977796166277,0.0024410426148117484,-0.0022410701972141586,0.011674251827334165
19,0,-0.02515797788309636,-0.010110584518167483,-0.036532385466034704,-0.02942338072669832,-0.01994470774091632,0.07614533965244868
19,1,-0.0013784461152882232,-0.00062656641604009,8.354218880534485e-05,0.0025480367585630766,0.0001670843776106869,-0.0007936507936508037
19,2,0.0033834586466165353,0.0015037593984962288,0.0011695906432748482,-0.0022974101921470315,-0.0034670008354218923,-0.00029239766081869584
19,3,-0.006056808688387634,-0.00555555555555555,0.008479532163742646,0.0008771929824561175,0.0010442773600668328,-0.0012949039264828729
19,4,-0.002172096908939012,-0.0010860484544695016,0.004720133667502075,0.007226399331662482,0.00041771094402674643,-0.0015873015873015767
19,5,0.0019214703425229826,-0.0009607351712614749,0.0002506265664160586,-0.00045948203842940776,-0.001963241436925645,-0.0012949039264828655
19,Aggregated,-0.005152798968944782,-0.0028935231042988598,-0.004032496408133367,-0.0038978208814826575,-0.004149299307069333,0.012584905463428797
19,Centralized,-0.005102744449041531,-0.002875465453040965,-0.003951179147703769,-0.003833953937387968,-0.004109777961660462,0.012425872293476716
20,0,-0.007385466034755132,0.003949447077409154,-0.01030805687203792,-0.02037914691943141,-0.01457345971563982,0.09135071090047418
20,1,-0.014536340852130384,0.0038429406850459466,0.0008354218880534604,0.0027568922305764394,0.0031746031746031794,-0.011111111111111105
20,2,-0.011424394319131144,0.003237259816207178,-0.003028404344193813,0.00712197159565577,0.004385964912280697,-0.010317460317460302
20,3,-0.012656641604009991,0.0037593984962405996,0.0008771929824561576,0.005847953216374249,0.00877192982456137,-0.014118629908103562
20,4,-0.008646616541353404,0.002005012531328325,-0.004761904761904772,0.006182121971595634,0.006140350877192972,-0.008437761069340006
20,5,-0.006349206349206341,0.0038011695906432497,-0.009189640768588147,0.004344193817878022,0.004260651629072681,-0.0043859649122807015
20,Aggregated,-0.010133105882847538,0.0034387347446357464,-0.004335038737989244,0.0007229559589428082,0.0018276708549487563,0.008172536987613834
20,Centralized,-0.010143428492621686,0.003434009102192812,-0.004323541580471665,0.0007792028685698662,0.0018687077644462906,0.007971314301475648
21,0,-0.009360189573459708,0.0021721958925750256,-0.013704581358609778,-0.025513428120063204,-0.04514218009478656,0.08680884676145362
21,1,0.00029239766081871064,-0.0025898078529657496,0.006223893065998327,0.0025480367585630796,0.0035087719298245563,4.1771094402666874e-05
21,2,-0.0023809523809523786,-0.0009607351712614861,0.004177109440267315,0.0038429406850459358,0.0012949039264828414,0.0015455304928989062
21,3,-0.0001670843776106823,-0.004385964912280666,0.003801169590643266,8.354218880533559e-05,0.005555555555555537,0.00012531328320802837
21,4,-0.00121136173767753,-0.004010025062656615,0.0010860484544695256,-0.0022556390977443537,0.004218880534669994,-0.00033416875522138123
21,5,-0.0029657477025898027,0.0005847953216374509,-0.0037593984962406043,-0.0021303258145363197,0.003592314118629916,0.012197159565580564
21,Aggregated,-0.002712812094827557,-0.0014871892642444498,-0.0005225700647608495,-0.004163197904957518,-0.00498256771597111,0.01757083923281411
21,Centralized,-0.00269617983726384,-0.0014963453316784025,-0.0004895876430837146,-0.004109777961660467,-0.0048820852296234726,0.017397600330988784
22,0,-0.026540284360189542,-0.002330173775671426,-0.008886255924170628,-0.0073064770932069634,-0.031595576619273154,0.07428909952606647
22,1,-0.005513784461152875,0.00175438596491228,0.0022138680033416975,0.0031328320802004985,-0.0006265664160401039,-0.0009607351712614953
22,2,-0.008897243107769412,0.0017543859649122812,0.0043024227234753545,0.0010860484544694979,-0.0011695906432748371,0.0029239766081871404
22,3,0.0020467836257309757,0.000793650793650776,0.00012531328320800801,0.0034252297410192023,-0.007685881370091872,-0.0012113617376775237
22,4,-0.0050543024227234805,0.0011278195488721684,0.0057226399331662455,0.0035923141186299024,-0.0023809523809523916,0.002005012531328323
22,5,-0.012071846282372583,0.0008771929824561412,0.006182121971595653,0.002673350041771094,0.0030075187969924788,0.004344193817878013
22,Aggregated,-0.009544662010542344,0.0006269961856499206,0.0014841888701597182,0.000999766020879223,-0.007039788314064021,0.014292991791388276
22,Centralized,-0.009502137636188084,0.0006343952558267752,0.0015101365328920114,0.001020548889808287,-0.006978347814094645,0.014142876844573132
23,0,-0.04146919431279621,0.00513428120063194,-0.005766192733017358,-0.01947077409162715,-0.024407582938388694,0.0883491311216431
23,1,-0.009899749373433558,-0.0017961570593149608,0.008604845446950681,0.005806182121971564,-0.0001670843776107045,-4.177109440267612e-05
23,2,-0.011445279866332463,0.0021303258145363335,0.008145363408521279,0.004177109440267327,0.00016708437761070078,-0.0006683375104427588
23,3,-0.0060568086883876415,0.000626566416040103,0.003341687552213863,0.00647451963241436,0.00045948203842940776,0.0026733500417711006
23,4,-0.008395989974937358,0.0027568922305764485,0.005263157894736825,0.004469507101086028,-0.00012531328320800801,0.0010442773600668402
23,5,-0.011236424394319126,0.003467000835421854,0.0002088554720133541,0.0026733500417710954,8.35421888053578e-05,-0.00020885547201336056
23,Aggregated,-0.015070877570432139,0.00209008819189484,0.0031909384410898755,0.00044664829746609213,-0.004242978583747577,0.016068316042035916
23,Centralized,-0.015004826920424747,0.002082471383257499,0.0032133498827748,0.0004964832436905265,-0.004192525168942185,0.01588746379809688
24,0,-0.011374407582938341,-0.01579778830963664,-0.003791469194312796,-0.010426540284360207,-0.01868088467614535,0.07191943127962067
24,1,0.002715121136173776,-0.00025062656641603267,-0.0005847953216374198,0.0033416875522138717,0.00588972431077694,-0.018629908103592312
24,2,0.0026733500417710993,0.0012113617376775243,0.001420217209690889,0.0015455304928989049,0.006056808688387611,-0.01290726817042599
24,3,0.0012531328320801926,-0.0019632414369256473,0.0011695906432748592,0.0042188805346699935,0.00588972431077691,-0.020593149540518028
24,4,0.001963241436925665,0.00037593984962404993,-0.0003341687552213997,-0.00037593984962405735,0.00852130325814533,-0.015162907268170435
24,5,0.0007518796992481348,0.003341687552213874,-0.004427736006683369,-0.0005847953216374306,0.006599832915622398,-0.010693400167084373
24,Aggregated,-0.00046860560704410615,-0.002343689409398704,-0.0011237621097579047,-0.0005006318399398322,0.002126946972027668,-0.00013690704235196603
24,Centralized,-0.00044131843883602286,-0.0023100262032823195,-0.001117087298303704,-0.0004757964418700966,0.002179009791752842,-0.00031719762791338385
25,0,-0.02365718799368088,-0.0006714060031595788,-0.04352290679304901,-0.009755134281200619,-0.0060821484992101185,0.08605845181674547
25,1,0.004970760233918122,0.007101086048454441,0.0029657477025897914,0.0045112781954887255,-0.007309941520467853,-0.004720133667502087
25,2,0.001712614870509598,0.006015037593984944,-0.00505430242272347,0.0015037593984962457,-0.002673350041771106,-0.004010025062656663
25,3,0.0009607351712614786,0.004928989139515435,0.0070175438596491,0.003968253968253963,-0.004093567251462003,-0.005263157894736827
25,4,-8.354218880535965e-05,0.003842940685045927,-0.004218880534669984,0.0013784461152882067,-0.002088554720133665,-0.0013366750208855637
25,5,0.002673350041771094,0.008312447786131952,-0.009064327485380087,-0.001837928153717629,-0.00025062656641603885,0.005179615705931466
25,Aggregated,-0.0024939945774318482,0.0048544678604721826,-0.009064290139905722,-0.00015503660561209638,-0.0037776595432583828,0.013531351244265005
25,Centralized,-0.0024410426148117363,0.004868294028409848,-0.008978071990070367,-0.00013101641152943878,-0.0037718935319266214,0.01334988277478968
26,0,-0.00533175355450235,-0.03420221169036335,-0.005529225908372844,-0.011848341232227475,-0.021248025276461156,0.08289889415481834
26,1,0.0013366750208855527,0.0006265664160401049,0.002213868003341693,0.002548036758563074,-0.005012531328320761,-0.004218880534669981
26,2,0.00121136173767753,0.001712614870509614,-0.0011695906432748575,4.177109440268537e-05,-0.001587301587301567,0.002297410192147042
26,3,0.0031746031746031646,0.004636591478696726,0.0022974101921470354,0.0008354218880534892,-0.0048454469507101024,-0.003592314118629879
26,4,0.0010025062656641788,0.004135338345864639,-0.0006683375104427828,0.002172096908939002,-0.000918964076858817,-0.0007101086048454331
26,5,-0.0009189640768588155,0.0024644945697577265,-0.0030075187969924788,8.354218880534115e-05,-0.0011695906432748575,0.002548036758563075
26,Aggregated,1.4206393157330808e-05,-0.00380657219199072,-0.0010318017961534372,-0.0011576275001425505,-0.005982204000056654,0.014039344790244566
26,Centralized,2.7582402427258253e-05,-0.0037305199282857693,-0.0010205488898083147,-0.0011308784995172942,-0.005944007723072662,0.013867052820300669
27,0,-0.021090047393364966,0.00900473933649288,-0.03203001579778834,-0.0017377567140600262,-0.008056872037914714,0.07286729857819901
27,1,0.00497076023391811,0.0031746031746031646,-0.0005847953216374402,-0.001378446115288251,-0.0022138680033417027,-0.0014619883040935706
27,2,0.006056808688387605,0.004553049289891379,-0.006474519632414366,-0.004344193817878017,-0.007101086048454468,0.002297410192147024
27,3,0.004260651629072668,0.0005847953216374269,-0.006432748538011705,-0.0013366750208855598,-0.0035087719298245662,-0.0010860484544695107
27,4,0.0015037593984962541,-0.0022138680033416697,-0.007351712614870481,-0.0013366750208855477,-0.006975772765246433,0.003842940685045964
27,5,0.004344193817878006,0.003174603174603168,-0.005680868838763576,-0.010150375939849588,-0.0014202172096908865,0.009732664995822869
27,Aggregated,-0.0002452321725029752,0.0031177499801666813,-0.010026094008116604,-0.0033609916355880776,-0.004917522529680891,0.015066701321289204
27,Centralized,-0.00019307681699076552,0.0031030202730657893,-0.009971038477451373,-0.0033650530961246965,-0.004909667632050746,0.014922079713143015
28,0,-0.03807266982622421,-0.007543443917851521,-0.021879936808846808,-0.01220379146919431,-0.006832543443917838,0.07468404423380734
28,1,-0.0014202172096908774,-0.004887218045112744,0.0051378446115288206,0.0010860484544695033,-0.002548036758563074,0.0001253132832080148
28,2,0.0004594820384294022,-0.0018796992481202978,0.003884711779448613,0.002965747702589799,-0.004218880534670012,-0.0037176274018379295
28,3,0.00033416875522140346,0.00020885547201338433,0.0031746031746031768,-4.177109440267797e-05,-0.0005847953216374253,-0.0005847953216374194
28,4,0.0007518796992481055,-0.000710108604845458,0.005096073517126131,0.004344193817877996,0.002756892230576426,0.0002923976608186996
28,5,-0.00659983291562238,-0.0031746031746031477,0.0015873015873015953,0.0010025062656641437,0.001044277360066806,-0.0013784461152882258
28,Aggregated,-0.007791941825188425,-0.0030521973173328965,-0.0007562044897682683,-0.0006151218080627012,-0.0017916775965630377,0.012326757871157982
28,Centralized,-0.007716177079023591,-0.0030409598676044616,-0.0007033512618949025,-0.0005861260515790738,-0.0017790649565577203,0.0121707350710247
29,0,0.01441548183254345,-0.023183254344391748,-0.021090047393364925,-0.00781990521327014,-0.029976303317535737,0.07713270142180077
29,1,-0.003842940685045954,-0.00029239766081872175,-0.006015037593984947,-0.0033834586466165496,0.0022138680033416723,0.0038011695906432835
29,2,-0.0071010860484544466,0.0005012531328320802,-0.0027568922305764377,-0.002548036758563077,0.00016708437761069338,0.0067251461988303875
29,3,-0.0046365914786967435,-4.177109440268121e-05,-0.003968253968253978,-0.0012113617376775354,0.0017126148705095955,0.0056390977443608725
29,4,-0.0011278195488722005,-0.0007518796992481183,-0.0028404344193817643,-0.003926482873851291,0.00200501253132833,0.00413533834586467
29,5,-0.001712614870509599,0.005054302422723477,-0.005221386800334154,-0.006265664160400982,0.0020050125313283065,0.011152882205513734
29,Aggregated,-0.00048677902569147077,-0.003359488900503756,-0.0071511360708880495,-0.004235970456616858,-0.003961106397143211,0.018805434618515856
29,Centralized,-0.0005240656461177576,-0.003309888291270152,-0.007116259826230843,-0.004227003171976259,-0.0038960143428492635,0.01865949524203554
30,0,-0.0018957345971563893,0.006279620853080569,-0.010663507109004763,0.004186413902053693,-0.03376777251184837,0.05718799368088486
30,1,0.003049289891395159,0.001879699248120296,0.0012113617376775187,0.003842940685045954,-0.0024227234753550447,0.002464494569757722
30,2,0.0010860484544695033,0.001461988304093568,0.0025062656641604143,0.003007518796992491,-0.0005847953216374176,0.005054302422723455
30,3,0.004887218045112773,-0.001796157059314953,0.0008354218880534521,0.002589807852965752,-0.0010860484544695079,-0.0004177109440267353
30,4,0.0030075187969924645,-0.0018796992481203202,0.0016708437761069398,0.0012531328320801837,-0.006056808688387638,-0.000501253132832082
30,5,-0.0007101086048454275,0.0022974101921470285,0.0027568922305764385,0.001963241436925657,-0.005806182121971574,0.0020050125313283303
30,Aggregated,0.0015291496075802821,0.0014326212964099105,-0.0004049258049186835,0.002823710239168314,-0.008592847578789923,0.011519589317757754
30,Centralized,0.0015377189353192532,0.0014204937250034374,-0.00037925803337471125,0.0028203006481864567,-0.008529857950627497,0.011405323403668406
31,0,0.015797788309636667,-0.007543443917851492,0.010308056872037907,-0.010268562401263821,-0.1162717219589262,0.051105845181674533
31,1,0.0012113617376775226,0.004385964912280704,-0.0005430242272347637,0.010776942355889682,-0.02167919799498759,0.005847953216374246
31,2,0.0010442773600668255,0.004344193817878019,0.0022556390977443454,0.004887218045112759,-0.020258980785296647,0.002715121136173763
31,3,-0.0020885547201336444,0.0009189640768588093,0.0008354218880534633,0.00647451963241434,-0.019465329991645783,0.0032999164578111978
31,4,0.00029239766081871806,0.002213868003341689,0.003049289891395161,0.001963241436925651,-0.014954051796157105,0.002422723475355047
31,5,0.0010860484544695107,0.005597326649958197,0.0006683375104427628,0.0007518796992481147,-0.015622389306599933,0.005012531328320784
31,Aggregated,0.003045285223776482,0.0015425674278077746,0.0028527456203577715,0.0022786321426880017,-0.035686391512568465,0.01220600510323632
31,Centralized,0.003013377465177212,0.0015653013377465242,0.0028340918494000776,0.002310026203282298,-0.03548476072265896,0.0121086746655634
32,0,-0.005608214849921019,-0.018127962085307942,-0.0010268562401263962,-0.016192733017377527,-0.018048973143759934,0.08270142180094778
32,1,-0.000375939849624066,-0.002005012531328328,-0.001336675020885539,0.0063909774436090175,-0.0018796992481202935,-0.005806182121971585
32,2,0.0007936507936507985,-0.0030075187969924636,-0.001378446115288213,0.005931495405179584,0.0012113617376775263,-0.0035505430242272424
32,3,-0.0035923141186299046,-0.001587301587301576,-0.001587301587301589,0.006223893065998331,0.003759398496240597,-0.003216374269005858
32,4,-0.0006683375104427643,0.0020467836257310142,-0.0013784461152882164,0.005304928989139508,0.004051796157059306,-0.0018379281537176126
32,5,0.003216374269005857,-0.0019214703425229746,-0.006223893065998313,0.0005847953216374453,0.004260651629072678,0.002589807852965757
32,Aggregated,-0.001093904452419221,-0.004268576038789461,-0.002141742256840426,0.0011633039463278597,-0.0013106710506311531,0.012663173864756008
32,Centralized,-0.0010826092952696098,-0.004233898772583059,-0.0021445317887187885,0.0012067301061922532,-0.0012687905116535686,0.012487932698938067
33,0,0.012756714060031617,0.0035545023696682233,0.0010268562401263743,0.0033570300157977806,-0.024763033175355515,0.05620063191153256
33,1,-0.0008771929824561282,0.007852965747702556,0.0061403508771929755,-0.0009607351712614799,-0.006516290726816993,-0.008145363408521266
33,2,-0.0023809523809523742,0.006098579782790303,0.005639097744360873,-0.002715121136173768,-0.003007518796992481,-0.008646616541353357
33,3,-0.0009607351712614731,0.007393483709273148,0.005304928989139509,0.0005012531328320986,-0.001378446115288212,-0.008354218880534635
33,4,-0.0014202172096909012,0.003216374269005825,0.002965747702589783,-0.0017126148705096209,0.0013784461152882232,-0.006934001670843734
33,5,-0.0007518796992481239,0.002798663324979099,0.00037593984962404624,-0.005931495405179607,-0.0012531328320802165,-0.0027568922305764272
33,Aggregated,0.001201164989338036,0.005133272246553057,0.0035449338855959526,-0.0011884613312650209,-0.006149179851652863,0.004191639318407719
33,Centralized,0.0011722521031581705,0.005137222452075558,0.0035512343125086096,-0.0011998345055854176,-0.006102606537029402,0.004061508757412776
34,0,-0.03676935229067933,-0.015126382306477068,-0.0022116903633491343,-0.022116903633491312,-0.0015402843601895586,0.051698262243286004
34,1,0.003049289891395141,-0.014954051796157107,0.004761904761904752,0.0067669172932330645,0.003759398496240582,0.004135338345864659
34,2,0.006766917293233057,-0.017710944026733563,0.0039682539682539516,0.004135338345864662,0.00505430242272347,0.005304928989139513
34,3,0.003508771929824565,-0.016248955722639905,0.0022974101921470176,0.007518796992481188,0.004594820384294059,0.0033416875522138617
34,4,0.0028822055137844613,-0.017752715121136145,0.0016290726817042597,0.006223893065998308,0.0038011695906432644,0.003216374269005848
34,5,0.0019214703425229722,-0.01871345029239768,0.003675856307435268,0.0020885547201336726,0.007101086048454456,0.008939014202172092
34,Aggregated,-0.0035103301722159406,-0.01673160627700414,0.002298740752398588,0.0004950711218750902,0.003731121659978154,0.01323924222803531
34,Centralized,-0.0034271135015859766,-0.016735622672734637,0.0023100262032823174,0.0005516480485450312,0.003744311129499381,0.013143014756585308
35,0,0.00793838862559241,-0.022432859399684032,-0.01121642969984204,-0.004778830963665078,-0.02385466034755136,0.056714060031595556
35,1,0.0004177109440267455,-0.008187134502923958,-0.00012531328320800617,0.003216374269005848,0.0010442773600668382,0.0011278195488721905
35,2,-0.00037593984962404993,-0.008312447786131978,0.0033834586466165283,0.0012949039264828672,-0.0005430242272347415,0.004553049289891383
35,3,-0.0006265664160401082,-0.010526315789473663,0.002255639097744371,0.003592314118629901,0.0010860484544694996,0.004218880534669988
35,4,8.354218880534485e-05,-0.004385964912280684,-8.354218880535039e-05,0.0018379281537176167,0.004427736006683346,0.003132832080200509
35,5,-0.0012113617376775336,-0.008395989974937321,-0.0010442773600668291,0.0013366750208855527,-0.0014619883040935576,0.005764411027568916
35,Aggregated,0.001120355348787804,-0.010518020380650873,-0.0012592262093384587,0.0010129529946548781,-0.0034643404730352006,0.013114193016555552
35,Centralized,0.0011032960970900588,-0.01048820852296237,-0.0012343125086195044,0.0010274444904151013,-0.003413322300372332,0.013005102744449073
36,0,-0.012638230647709343,0.012677725118483425,-0.024447077409162764,-0.021840442338072683,-0.00019747235387045184,0.0440758293838863
36,1,0.0009607351712614861,0.0013784461152881974,0.005346700083542158,-0.008771929824561403,-0.0022974101921470324,0.005889724310776922
36,2,0.000584795321637427,0.0007518796992481184,0.004803675856307431,-0.014411027568922291,-0.00229741019214704,0.005555555555555537
36,3,-0.004344193817878042,0.001336675020885547,0.005555555555555535,-0.012489557226399326,-0.0005012531328320709,0.005430242272347517
36,4,-0.0028822055137844613,0.001587301587301591,0.002756892230576449,-0.009899749373433584,0.0006265664160400956,0.0027986633249791042
36,5,0.001169590643274863,0.004135338345864662,0.0019632414369256577,-0.00701754385964912,-0.0007936507936507788,0.008061821219715952
36,Aggregated,-0.002975493981444883,0.003752850661146281,-0.000955206574260147,-0.012518153394485216,-0.0009015619922329789,0.012353540723636576
36,Centralized,-0.0029513170597158848,0.003730519928285736,-0.0008964280788856718,-0.012494828299544888,-0.0009033236794924784,0.01227416908012687
37,0,0.006042654028436002,-0.021208530805687215,-0.017061611374407617,-0.008254344391785169,-0.04083728278041078,0.06710110584518168
37,1,0.0025898078529657496,-0.001336675020885536,0.003007518796992502,0.0007101086048454534,-0.008312447786131974,-0.004177109440267336
37,2,0.0014202172096908939,0.0022556390977443645,0.002715121136173774,0.0020885547201336687,-0.004511278195488715,-0.0014619883040935474
37,3,0.001837928153717623,0.0010860484544694996,0.0028822055137844504,0.0002506265664160253,-0.003926482873851311,-0.004636591478696725
37,4,0.001545530492898924,-0.00020885547201335286,-0.0008354218880534521,0.00020885547201336766,-0.0020467836257309874,-0.0011695906432748447
37,5,0.00041771094402671315,-4.177109440268537e-05,-0.002255639097744357,0.002255639097744343,-0.0043441938178780315,0.0014619883040935604
37,Aggregated,0.002353734171875492,-0.003457736174747899,-0.0021061000393217196,-0.0005502375237435713,-0.011024806906394766,0.010209923068045872
37,Centralized,0.0023445042063163658,-0.0034133223003723467,-0.0020686801820438364,-0.0005309612467245706,-0.010950213763618854,0.010067576885946752
38,0,-0.0033570300157977906,0.008530805687203796,-0.005845181674565579,-0.016113744075829398,-0.02361769352290682,0.056990521327013995
38,1,0.006641604010025019,-0.004385964912280692,-0.00025062656641604254,0.005973266499582285,-0.003299916457811225,-0.002172096908939019
38,2,0.0002506265664160364,-0.0057226399331662455,0.006390977443609002,0.0027151211361737663,-0.0055137844611528476,-0.003132832080200508
38,3,0.002192982456140357,-0.003717627401837905,0.004030910609857965,0.0059732664995823,-0.000501253132832082,-0.0054720133667501775
38,4,0.0014619883040935607,-0.0038011695906432713,0.003675856307435259,0.0037176274018379247,-0.000960735171261492,-0.004093567251461985
38,5,0.002631578947368413,-0.003299916457811188,0.0005847953216374065,8.354218880534669e-05,0.0004594820384294133,-0.0004594820384293948
38,Aggregated,0.001577090385307601,-0.0019390497769502066,0.0013438934923629955,0.0001936480520381008,-0.00578864497725632,0.00754338684486919
38,Centralized,0.001589435939870338,-0.00196869397324505,0.00136532892014896,0.00023272652047992743,-0.005745759205626802,0.007423114053234046
39,0,0.0019747235387045908,-0.03834913112164295,0.0030805687203791453,0.009202211690363343,-0.025987361769352315,0.06192733017377555
39,1,-0.000250626566416029,0.0024227234753550556,-0.0010442773600668328,0.0012113617376775373,0.00375939849624059,-0.00108604845446952
39,2,-0.0005012531328320913,-0.0013784461152882158,-0.0014202172096908867,0.0036340852130325747,0.0027151211361737737,0.0019632414369256364
39,3,-0.0011695906432748686,0.0038847117794486292,-0.004427736006683363,0.003216374269005857,0.0008354218880534633,0.0026733500417710906
39,4,-0.00054302422723476,0.001587301587301559,-0.0012949039264828822,0.0027986633249790956,0.0025062656641604026,0.0024644945697577187
39,5,-0.003007518796992459,-0.0014202172096908956,-0.0008771929824561264,-0.0006683375104427717,0.003383458646616529,0.005096073517126159
39,Aggregated,-0.0005522210364885755,-0.005935466435502069,-0.0009484076707823236,0.003303959377347823,-0.002417269618744879,0.012769528172371751
39,Centralized,-0.0005585436491518436,-0.005854364915184123,-0.0009584884843469773,0.0032892014894497132,-0.002358295407530023,0.012646531512894762
40,0,-0.012085308056872024,-0.011492890995260666,-0.05568720379146906,0.002290679304897318,0.0026461295418641504,0.060110584518167406
40,1,0.0035505430242272276,-0.0010860484544695016,-0.005555555555555538,-0.0007518796992481129,0.001086048454469533,0.00025062656641604747
40,2,0.0023809523809523708,0.0016290726817042634,-0.0035087719298245407,0.000710108604845446,-0.0026315789473684292,0.001420217209690892
40,3,0.0037593984962405935,-0.0015873015873015853,-0.003467000835421874,-0.0005847953216374269,0.0005430242272347582,0.0013366750208855416
40,4,0.0008771929824561523,-0.0022556390977443415,-0.004344193817878039,0.0022974101921470202,-0.0011278195488721777,0.004553049289891374
40,5,0.004135338345864638,0.001420217209690897,-0.005973266499582268,0.0012949039264828729,0.0030910609857978224,0.0010442773600668291
40,Aggregated,0.0002862430409378309,-0.0023398234935668523,-0.013599995868463213,0.0008930295072190086,0.0006256594286206283,0.012035884502299341
40,Centralized,0.00031719762791336813,-0.002316921803889105,-0.013494690387532798,0.0008895324782788686,0.0006206040546131534,0.011915597848572646
41,0,-0.007306477093206996,0.009241706161137455,-0.028870458135861,-0.012638230647709355,-0.000987361769352297,0.04530015797788303
41,1,0.008521303258145317,-0.00033416875522138866,0.005179615705931505,-0.004427736006683374,0.003216374269005838,-0.007142857142857129
41,2,0.0010025062656641604,0.00016708437761069894,-0.0020050125313283242,-0.0031746031746031586,8.354218880534485e-05,-0.006098579782790296
41,3,0.004385964912280695,-0.0037593984962405774,0.004427736006683363,-0.0026315789473684236,0.00171261487050961,-0.009147869674185438
41,4,0.0023391812865497202,-0.0015455304928989272,0.003007518796992462,-0.004260651629072667,0.002005012531328327,-0.006558061821219698
41,5,-0.00020885547201337137,8.35421888053541e-05,-0.005137844611528844,-0.003634085213032596,0.005806182121971568,0.0005847953216374198
41,Aggregated,0.0013505639280680997,0.0007452967435863124,-0.004199090053685084,-0.0052178492313189285,0.0019372417846387072,0.0033321483215471735
41,Centralized,0.001372224520755767,0.000724038063715345,-0.004137360364087714,-0.0051992828575368796,0.0019445593711212062,0.003227141083988406
42,0,0.0018957345971563847,0.013704581358609809,-0.012282780410742477,-0.02338072669826222,-0.023025276461295367,0.05019747235387037
42,1,-0.00041771094402672795,-4.1771094402668724e-05,-0.0010025062656641584,0.001211361737677528,0.004427736006683348,-0.004177109440267343
42,2,0.0010442773600668272,0.00125313283208018,0.002130325814536327,0.0014619883040935663,0.0012113617376775263,0.00543024227234752
42,3,-4.1771094402666874e-05,-0.0008354218880534688,-0.0003341687552213849,-8.35421888053541e-05,0.0034252297410192153,0.002882205513784454
42,4,0.0016290726817042682,-0.00025062656641603825,-0.00012531328320800801,-4.177109440267427e-05,0.0017126148705096224,-0.0004177109440267187
42,5,-0.002297410192147017,-0.00041771094402671683,0.0008354218880534799,-0.002589807852965743,0.0023391812865497107,-0.00037593984962406104
42,Aggregated,0.0003211373930826617,0.0023728570654237935,-0.0019222131153321634,-0.004137239866670074,-0.0019077542529240426,0.009417989869563098
42,Centralized,0.0003171976279133959,0.002344504206316392,-0.001896290166873548,-0.0040890911598400045,-0.001854916563232663,0.009315956419804155
43,0,0.011492890995260683,-0.009202211690363357,-0.030450236966824615,-0.014454976303317463,-0.022235387045813595,0.055371248025276563
43,1,0.0011278195488721664,-0.0032581453634085034,-0.002130325814536336,0.001461988304093575,-0.0036758563074352473,-0.003550543024227225
43,2,-0.00037593984962405367,-0.00020885547201336582,-0.0012113617376775317,0.0007936507936507982,0.0010025062656641437,9.25185853854297e-18
43,3,0.0027986633249791133,-0.001670843776106908,0.0012113617376775132,0.002046783625731001,-0.0028404344193817895,-0.0015455304928989166
43,4,8.354218880535039e-05,-8.354218880533745e-05,-0.0030492898913951558,-0.0005012531328320931,-0.0007101086048454583,-0.0007518796992481055
43,5,-0.0005430242272347545,0.00045948203842940407,-0.0023391812865497037,-8.354218880534115e-05,0.0023809523809523816,0.00012531328320801357
43,Aggregated,0.002539296813340931,-0.002409768633533014,-0.006617347926634172,-0.0019413913348987851,-0.004560841490695753,0.008839361182303872
43,Centralized,0.0025168942214866662,-0.0023927734105640653,-0.006557716177079049,-0.0019100813680871668,-0.0045166183974624146,0.00872293476761828
44,0,-0.026066350710900504,0.015560821484992153,-0.034992101105845136,0.0008293838862559337,-0.008372827804107454,0.053041074249605163
44,1,-0.0031328320802005167,0.005096073517126145,0.004385964912280691,0.003258145363408501,-0.0048454469507101085,0.0027568922305764272
44,2,-0.002255639097744378,4.177109440268414e-05,0.0006265664160400879,0.0013366750208855345,-0.007184628237259802,0.002422723475355063
44,3,-0.003425229741019208,0.001796157059314955,-0.00020885547201338986,-0.00037593984962406104,-0.0028822055137844712,-0.0024227234753550556
44,4,-0.0034252297410191984,0.0020467836257309926,0.0006683375104427693,0.000835421888053467,0.0005430242272347452,-0.0006683375104427792
44,5,0.0004177109440267191,0.0010025062656641695,0.0007101086048454436,0.0007518796992481296,-0.0015873015873015955,0.0037176274018379096
44,Aggregated,-0.006551379354536546,0.004392858300138361,-0.005163586520711562,0.0011026124578667048,-0.004106661042840361,0.01032615616008341
44,Centralized,-0.006502551372224512,0.004364915184112535,-0.005088953247827895,0.0011032960970900508,-0.004095986760446816,0.010219280099296617
45,0,0.0027646129541863858,0.0020932069510268617,-0.03100315955766204,0.006319115323854686,-0.006951026856240222,0.048104265402843516
45,1,-0.002213868003341687,0.0028822055137844565,0.0017126148705095946,0.004928989139515446,-0.002380952380952365,-0.004928989139515437
45,2,-0.003007518796992465,0.004051796157059322,0.00045948203842941144,-0.00033416875522137196,-0.0012531328320802041,-0.002422723475355039
45,3,-0.0027986633249791107,0.0036758563074352603,0.0026733500417710815,0.005889724310776937,-0.0003341687552213831,-0.004093567251461979
45,4,-0.0012531328320801967,0.004260651629072672,0.0007936507936508057,0.002422723475355037,0.0005012531328320839,-0.0017126148705096248
45,5,-0.00037593984962406847,0.0018796992481202963,-0.0030492898913951623,-4.177109440268352e-05,-0.00221386800334171,0.0012949039264828746
45,Aggregated,-0.0011005208311269696,0.0031280135086748776,-0.005050454932416969,0.0032348581363298256,-0.0021634063896117306,0.0065444768033585945
45,Centralized,-0.0011101916976968588,0.003130602675493056,-0.004985519238725684,0.003227141083988421,-0.0021514273893255996,0.006440490966763202
46,0,-0.02105055292259082,-0.027448657187993775,-0.01251974723538704,0.008412322274881534,-0.009320695102685654,0.047709320695102704
46,1,0.007351712614870501,-0.012280701754385899,0.003174603174603162,0.0016708437761069274,-0.0019214703425229716,-0.0005012531328320697
46,2,0.002589807852965753,-0.0022974101921470437,0.0015455304928989062,-0.0007936507936508037,-0.0017126148705096209,-0.001837928153717642
46,3,0.0027151211361737555,-0.006474519632414339,0.0006265664160400956,0.0015873015873015877,0.0016290726817042782,-0.005096073517126133
46,4,0.0028822055137844626,-0.004218880534670008,0.0005847953216374251,-0.00012531328320802837,-4.1771094402670574e-05,-0.004093567251461979
46,5,0.000417710944026739,-0.0069340016708437525,0.00208855472013368,-0.0008354218880534651,-0.004427736006683357,0.0071846282372598136
46,Aggregated,-0.0010911756123422717,-0.010152227507374854,-0.0008910459944739972,0.0017337149481788325,-0.002712713523211332,0.0077128174444926105
46,Centralized,-0.0010412356916287538,-0.01010895048958767,-0.0008619500758516215,0.001717004551096388,-0.0026961798372638216,0.007612743069921344
47,0,0.012914691943128009,-0.017693522906793078,-0.00031595576619274616,-0.005608214849921029,-0.02389415481832545,0.044075829383886315
47,1,0.002088554720133657,-0.0016708437761069487,-0.0015873015873015947,0.0005012531328320839,0.00016708437761066934,-0.0020050125313283203
47,2,0.003341687552213877,-0.0006265664160401012,0.001086048454469518,0.0012949039264828913,0.0015037593984962552,0.0009189640768588138
47,3,-0.0005012531328320839,-0.0018796992481203126,0.000793650793650789,0.002756892230576443,0.0028404344193817977,0.0010025062656641734
47,4,0.0034252297410191992,-0.0011278195488721868,-0.001336675020885538,0.0021303258145363205,0.003550543024227213,0.0008771929824561245
47,5,0.0015455304928989164,0.0010860484544695237,0.0018379281537176276,-0.0014619883040935665,0.0020885547201336565,-8.35421888053615e-05
47,Aggregated,0.003911645068595507,-0.003820396379103582,7.487372077757902e-05,-0.00013092980523405208,-0.002549613129825517,0.00790322217557368
47,Centralized,0.0038891187422424723,-0.0037856847331402604,7.585160667496297e-05,-0.0001172252103158226,-0.00249620741966625,0.007812715487519006
48,0,0.0005529225908372826,-0.0020142180094786842,-0.01220379146919437,-0.0225118483412323,-0.00880726698262244,0.04024486571879926
48,1,0.005054302422723437,-0.002548036758563073,0.0008354218880534688,-0.0008354218880534651,0.003007518796992475,-0.0005012531328320765
48,2,0.0026315789473684162,0.00029239766081871253,-0.006223893065998312,-0.0031746031746031906,-0.0015037593984962591,0.00045948203842940776
48,3,0.003299916457811183,-0.00041771094402672605,-0.0015037593984962541,-0.0023391812865496994,0.002213868003341677,-0.001253132832080193
48,4,0.003049289891395147,-0.0025480367585630657,-0.003174603174603184,-0.001420217209690886,0.0019632414369256503,-0.0003759398496240555
48,5,0.0016708437761069268,-1.8503717077085942e-18,-0.004887218045112756,-0.004135338345864667,-0.0012949039264828859,0.0011278195488721701
48,Aggregated,0.0026839522340715966,-0.0012156238517461477,-0.004618344984218204,-0.0059372095594167505,-0.0008336315301892838,0.007020105155995813
48,Centralized,0.0026892842366570135,-0.0012136257067990595,-0.004599365604744169,-0.005895738518825011,-0.0008136808716038932,0.006936974210453744
49,0,-0.0023696682464455043,0.011018957345971575,-0.010189573459715634,-0.0021327014218009586,-0.012361769352290754,0.03262243285939975
49,1,0.0022138680033416927,-0.003926482873851275,0.0008354218880534614,-0.0009189640768587933,0.0031746031746031607,0.0011278195488721868
49,2,0.00012531328320802653,-0.0010860484544695053,0.0012113617376775354,0.002172096908939023,-0.0015873015873015723,0.00167084377610695
49,3,-0.0008771929824561302,-0.0023809523809523647,0.0010442773600668346,0.0018796992481203154,-0.0022974101921470294,0.0001253132832080302
49,4,0.000501253132832082,-0.0015873015873016,-0.00041771094402674643,0.0005847953216374324,0.0019214703425229766,-0.0010025062656641493
49,5,0.0007518796992481314,0.0012949039264828655,-0.00091896407685881,0.0013784461152882288,0.0009607351712614972,-0.0009607351712614565
49,Aggregated,2.8477654711490282e-05,0.0006809485629462159,-0.0015111637897868876,0.00046240767564219136,-0.001826112793846118,0.005921173551148988
49,Centralized,3.447800303404784e-05,0.0006550820576472142,-0.001489449731071568,0.0004689008412632719,-0.0017997517583781474,0.005854364915184108
50,0,-0.02452606635071094,0.0027646129541864144,-0.0053317535545023675,-0.003988941548183259,-0.015481832543443898,0.034715639810426545
50,1,0.0006683375104427625,-0.0032999164578111696,0.0019214703425229737,-0.0010860484544695163,-0.0007518796992481221,-0.0024644945697577243
50,2,0.003550543024227209,0.0016290726817042613,0.0017961570593149412,8.354218880534115e-05,-0.003842940685045949,-0.0007101086048454553
50,3,0.0015037593984962296,0.0004177109440267242,0.0017126148705096035,-0.0008354218880534762,-0.0033834586466165426,-0.0019214703425229722
50,4,-0.0003759398496240592,-0.0015455304928989352,-0.003216374269005858,-0.0008771929824561598,-0.0010860484544695107,-0.000417710944026739
50,5,-0.0012113617376775336,-0.0025062656641604004,0.0001253132832080228,-0.0012949039264828746,-0.0009607351712614843,0.000835421888053467
50,Aggregated,-0.00365173272961109,-0.0003851682360751248,-0.000556700004816746,-0.001364998629635348,-0.004385782766568853,0.0053623698391720345
50,Centralized,-0.0035995035167562996,-0.0003930492345883311,-0.0005447524479382293,-0.0013584333195421313,-0.004358019583505717,0.005288925665425448
