Round,Evaluator,4,3,2,1,5,0
0,0,,,,,,
0,1,,,,,,
0,2,,,,,,
0,3,,,,,,
0,4,,,,,,
0,5,,,,,,
0,Aggregated,,,,,,
0,Centralized,,,,,,
1,0,0.12204165175321167,0.08495912704497613,0.06768873226784361,0.05198462260534205,0.06614174402503087,0.07978393819695352
1,1,0.13471959739234457,0.08969683336736207,0.08379645016637549,0.06779157959592158,0.09182158115908313,0.04800784456008535
1,2,0.13350089645805296,0.09319029178157376,0.08532481810777445,0.059645370856545386,0.0847323093479698,0.0492382492561026
1,3,0.13176270225162662,0.0932306929255662,0.08202591527322833,0.06074531080733663,0.08443453802506196,0.05297472780522677
1,4,0.12907554403365096,0.09669291117006652,0.0851084237254561,0.06509107014643466,0.09182604564269313,0.04873675377911528
1,5,0.125322276678448,0.09085076703090222,0.09202878074468364,0.06255502652317937,0.09292258384470654,0.04421569268643101
1,Aggregated,0.1293155208357185,0.09135911648537468,0.08248268476282175,0.06119046463144554,0.08508330682515114,0.05413738271145058
1,Centralized,0.1245887442458031,0.08659680699859601,0.07824295811343862,0.05695788801266439,0.08080371065830155,0.07671544212901266
2,0,0.038173561773720416,0.0244158782867776,0.018870281180875123,0.028821380887688472,0.013742695221896814,0.058448375744936
2,1,0.05145952888959031,0.0315810688000483,0.03536493464711591,0.02819952023235076,0.01991823578072331,0.024336890378628975
2,2,0.046552261401010826,0.039036072807713235,0.028910874231421226,0.029254800668094078,0.024344530287275998,0.020267668321795416
2,3,0.044621385538291494,0.031853961704556163,0.0337264126620305,0.028156879588585874,0.022399509619701243,0.017465333511557882
2,4,0.04253806779872142,0.03499314144082281,0.024692293043809623,0.03280184757294221,0.01615015423038306,0.016061074332113155
2,5,0.04064885185719333,0.03927001607366783,0.027468836114343458,0.022813825367099624,0.02592698394528875,0.01590296223433547
2,Aggregated,0.043929108137927386,0.03341582264735006,0.028060759602721162,0.028347130027171197,0.02033371294394069,0.025809737300573635
2,Centralized,0.03933972723478265,0.02877772230987767,0.02293062192160031,0.02354701471784253,0.015417896637708348,0.04766604464276389
3,0,0.011793095837420569,0.02015560715108093,-0.0017004647634351426,-0.020811781125013647,-0.03291379836931869,0.03339749455190136
3,1,0.006932288311888252,0.02464313991623296,0.0017023415225207693,-0.01208120595435418,-0.03184417479240771,-0.009133526999233369
3,2,0.01453672726229715,0.029881383960021463,0.005278194902716567,-0.014980253186468895,-0.02573773794030517,-0.0024681481497020813
3,3,0.015196971007278738,0.03223422996698402,0.005931417281015752,-0.007342007528153239,-0.024951728354270127,-0.0025396731967986
3,4,0.020775538160001564,0.027164488042099474,-0.0005440944838199461,-0.011535287595714865,-0.026108036645690044,-0.006511643906367924
3,5,0.013494616484491516,0.02677778727613282,0.0012884158476151905,-0.0201451800024307,-0.02502577162024116,-0.00019985306756904958
3,Aggregated,0.013764288770558596,0.026729673164833732,0.0019483621262526,-0.014558493300669835,-0.02782528263068253,0.0024660802028659175
3,Centralized,0.009439996717185987,0.022472424022696356,-0.0027525983994074765,-0.0191621241514896,-0.03223000033854588,0.024564383649067423
4,0,-0.00678305423857801,-0.00046517656638405986,-0.015771734096265484,-0.004578205444670773,-0.010365923317361612,0.043517958854055225
4,1,0.004702507476733627,0.011105046222397564,-0.008285124264992162,0.012556535120949043,0.0003965798731752788,0.0033980713484714543
4,2,0.0067765148068665345,0.009097637130100223,-0.017702461286546897,0.003293533197503919,-0.0017501100708079871,-0.006716751460464439
4,3,0.002396079323780286,0.01125740063879721,-0.012012837926305097,0.005316598099133712,0.0015310354032009147,0.00016451225176336446
4,4,0.006663430333411465,0.011867370295575361,-0.015702774883291616,0.009864173866151703,-0.002213492130492572,-0.003139167172115388
4,5,0.007539027695997899,0.010097717986150341,-0.02084528145016206,0.0014857072112212306,0.005856318380732382,-0.008752896841793336
4,Aggregated,0.0034252224331758003,0.008715275231615716,-0.015061980754164376,0.0045456858967231695,-0.0012021206843034538,0.005210095075029933
4,Centralized,-0.002958632139535889,0.004896573216268357,-0.018377626109649395,-0.002235802420970424,-0.007627763306622871,0.03227308055010683
5,0,-0.0008141295037652257,-0.00013932796617048117,0.0007824244796977594,-0.005119451768803028,-0.019468117818244784,0.04790367377869928
5,1,0.01479978842667476,0.01017271722984236,0.0033942866990974052,0.009426918055684994,-0.011207181637109737,-0.014407820475696538
5,2,0.0216580040542798,0.006803661684695418,0.00847076539409334,0.004208975644702505,-0.00820696670049021,-0.006132764435319933
5,3,0.014022667257810924,0.009883745033848824,0.00560912419626775,0.0019007564691105442,-0.007051674135841462,-0.014469990506812202
5,4,0.020741451334773946,0.0111631157284495,0.008978231304783332,0.007362947670813653,-0.009333519566471214,-0.003271861674202331
5,5,0.013919725027662078,0.008355689904605643,0.009834814915333081,0.004434295202390995,-0.004402767465132384,-0.0019847766546324044
5,Aggregated,0.013876338111986911,0.007612543187469032,0.006113588983504647,0.0035966503317570683,-0.010059200683590949,0.001831755491799838
5,Centralized,0.007996194645288128,0.003400171297310866,0.0018545506731216688,-0.005915256638355042,-0.019930368258474437,0.03549699787604166
6,0,-0.00800523010476069,0.00022276942565744554,-0.014742651353580577,-0.001378368957531562,-0.02617360694754378,0.04260537013922812
6,1,0.0005603713527484547,0.0142041544414854,-0.0038489912070542036,0.008400443118090132,-0.012458113465955736,-0.002908020556046536
6,2,-9.62615823868165e-08,0.014414492726391274,-0.0013098471706484724,0.009875950098563246,-0.01067689991345527,-0.0006631573259171945
6,3,0.0003840327848255017,0.01213638084479292,-0.0012709722675115739,0.0032239759577533025,-0.006370108304365449,0.002163869292405201
6,4,0.0023763330524941653,0.012570074297774948,-0.004157236112044821,0.005197593815892832,-0.016879065819821345,7.954151523487663e-05
6,5,0.0017678785213861739,0.012720142609744873,-0.001844354062039857,0.007966077804041823,-0.007998315044712292,-0.00023991341906096826
6,Aggregated,-0.0005762576432280678,0.01091493599511986,-0.0046514499661065,0.005464583230380053,-0.013578836495441664,0.007268375243050891
6,Centralized,-0.004782836823994399,0.005085845063435007,-0.01120437616498638,-0.00026258510652009463,-0.018546580618621335,0.03456765858996546
7,0,-0.02824793412872965,-0.012138691728434198,-0.01243722626312362,-0.007763353762463051,-0.014101701127669989,0.08378560985773816
7,1,-0.007012087965842286,0.00421672075595853,-0.0012954036499735618,0.007645109110772731,0.004605355998604622,-0.004701935785498428
7,2,-0.01669821474973397,0.010301347560508415,-0.002915646560122361,0.0018665328759222475,0.004803812449588069,-0.006972500433757165
7,3,-0.007770600443139091,-0.0010936234503587685,9.886763423387655e-05,0.003928494469321955,0.0019265866004427171,-0.0003599503264608021
7,4,-0.009338214351336853,0.0038914350429821165,-0.00471233142707701,0.004702059942409235,0.006906483744923978,-0.008731208514586622
7,5,-0.013119250363431593,0.0037743755786884318,-0.004196494769853858,0.0008289244513712787,0.004993489920987798,-0.007111830037143592
7,Aggregated,-0.013872145177731875,0.0013285232689884238,-0.004341271185725333,0.001752500862217179,0.001335036763607943,0.010210749023923658
7,Centralized,-0.03117450294735913,-0.008229560835490682,-0.013505134827509356,-0.008849882782293187,-0.00883902760113518,0.06680390377343859
8,0,-0.008481736184652124,-0.010725487993299986,-0.02349059492490708,-0.010249089100914058,-0.011988567741001087,0.05873420224103342
8,1,0.013968177187141523,0.005631717212769536,-0.008530090379358101,0.00026098240498664024,-0.0038389934930808983,-0.009230153090990541
8,2,0.010563074376701119,0.0060733791185257355,-0.00867689168121104,0.0017799097332883683,-0.006707098854469067,-0.015713769662519847
8,3,0.01375071218766354,0.005424683153804996,-0.010783116307010978,-0.0027703758819074,-0.0014574369411410842,-0.003972403055200216
8,4,0.016185575019446743,0.005760266107299699,-0.009851592703175979,0.0002150101558147599,-0.006723146550969176,-0.014563968592728961
8,5,0.013750721740361928,0.007142114150575594,-0.014130403861669345,-0.0009801928654040429,-0.002043412600507643,-0.015364773983775839
8,Aggregated,0.00973505453775799,0.0030506265775743498,-0.012707945904677852,-0.002056694748302706,-0.005538043263491205,0.0006858501406524198
8,Centralized,-0.002020743689475329,-0.004743814700294305,-0.019231495127267923,-0.010553774784282445,-0.013809657304509856,0.0435862728600131
9,0,-0.017067932305775156,-0.008319760876458797,-0.011020086984899572,-0.019397996617653516,-0.02184989000267909,0.06813387500059494
9,1,-0.004863640946474109,-0.005140805479784755,0.0016937379249788375,-0.0009678187297851927,-0.017286810495321936,-0.0025044127014730404
9,2,-0.004412447276052381,0.0012583084979597497,0.002967414625258078,0.0002815130224231182,-0.014017987542916265,-0.0012570432628619306
9,3,0.0036462897683759606,-0.0045225419690377395,0.000825054066288374,-0.0041918194724273935,-0.011061535203334314,-0.004160167225158014
9,4,0.00015575561717836583,-0.00641073056441028,0.0027763296697347166,0.003234973644417791,-0.015339959550575632,-0.0018769286899618434
9,5,0.000996502104871888,0.00068783531356863,0.003546342787981684,0.005856135817253624,-0.015682491030637076,0.0004085026638336252
9,Aggregated,-0.0037524748518938753,-0.0037961693665348704,-2.2195948307384035e-06,-0.0027330391203045515,-0.015944761986942575,0.01049005705983714
9,Centralized,-0.01649369342940852,-0.00865014606306817,-0.007506558870434437,-0.014333565496305269,-0.02534112146223198,0.05630709044704703
10,0,-0.002606318145741341,-0.0231589524278488,-0.005368560291220488,-0.018363300094333092,-0.018724929041718335,0.1366174339723654
10,1,0.012953605628702451,0.007872719073604335,0.011936048529505016,0.00711960374557737,0.0045908922032874165,-0.011443738598772967
10,2,0.006056544758134163,0.014060456166708238,0.003958076201959269,0.008038917201128632,0.0029123917528193987,-0.01183872306060583
10,3,0.009490543234566528,0.0037611190670554834,0.008996768424620733,0.003247773777158373,0.006296892170380013,-0.010708983746736884
10,4,0.010336084719100077,0.00817422319560958,0.007445677393589121,0.007448319505117423,0.004945553569970921,-0.01037151596310558
10,5,0.010360657979105481,0.009921311567743207,0.00407315868034056,0.0064066396263066355,0.007725643393431621,-0.012106485810656752
10,Aggregated,0.007640852641934971,0.0031196291083908315,0.005047149473776158,0.0020684180257730354,0.0010511219235160563,0.014835633397232824
10,Centralized,0.0018715937625282842,-0.013540048884744652,0.00065957241284995,-0.010919067368948475,-0.01052510860638772,0.10904807945296016
11,0,-0.02435478369243818,-0.02661111604227867,-0.018731287498718028,-0.010833562220688988,-0.020157822710952962,0.1340262756533031
11,1,0.0013842176144382497,0.0028109697884836464,0.003272128584839549,0.003842461071658,-0.0014538204865427876,-0.007624831559735385
11,2,-0.003759955953459958,-0.0010325463714066748,0.008790153975015045,0.00480373817325328,0.007487740729447819,-0.0057216064831896035
11,3,0.002128470965075948,0.0016846914089548007,0.004409658692223002,0.002999265851600075,-0.0008972706463348612,-0.0027943573960781606
11,4,0.0012677230309694218,0.0008420036976310934,0.012234057498445841,0.005801192801983145,-0.0008492060950368267,-0.006356716827660402
11,5,-0.002880987732795049,-0.004722444110793994,0.008182645136121531,0.0036160560822101925,0.005303399394853862,-0.002929932745419661
11,Aggregated,-0.004608806480288847,-0.004769751769319074,0.002765396731227447,0.0015545478872404134,-0.001981702675956402,0.019489533025508543
11,Centralized,-0.021020981880199012,-0.01945230659299362,-0.01391414332360548,-0.005502705751731407,-0.015345093161361461,0.10663726488303195
12,0,-0.03858790517780912,-0.01987040305398231,-0.021297837447198962,-0.042748680517754815,-0.024831325436318327,0.06572484494908407
12,1,-0.006631931863188462,0.0026164017847460294,0.0004694626088107889,-0.00017699176745979874,-0.008919786532873106,0.003314151180027436
12,2,0.0005554073155645668,0.001950538969800024,0.0034341125625013433,-0.008984176410266005,-0.006241588048016833,0.000517636451860389
12,3,-0.004107595734188694,0.0032872401035837972,0.00315067959385267,0.0021632239665324115,-0.0033155038344212617,-0.0025462446274292306
12,4,-0.0005724093768212967,0.004090670997844111,0.0033852285321936963,-0.0032259253334156975,-0.005768387289261133,-0.0020247780459787977
12,5,0.004305998012983074,0.0022717348294486257,0.003056049486340705,-0.006535439514935933,-0.005173704289529658,0.0021137360088879413
12,Aggregated,-0.007879011520347007,-0.001169213021710338,-0.001540113820912352,-0.01031157287532932,-0.009231001933416685,0.011837069921362787
12,Centralized,-0.030086599087821186,-0.01589164858487228,-0.018747477681883503,-0.03966682198215084,-0.02257259932719246,0.05410679337931818
13,0,-0.022103786346418856,-0.021123613231580775,-0.01778635453379219,-0.016595706841415675,-0.015990393284022235,0.10400670758851277
13,1,0.0032816606190306675,0.004136818106565022,0.00048143609822703844,0.0034543897807581764,0.003497975496431825,-0.003413364388881885
13,2,0.0004662594801925737,0.008751762955521764,-0.0021122051225968257,0.0012612838315931624,-0.0022704449848634702,-0.0037225916860525905
13,3,0.0019292220276143153,0.0015234464491186228,-0.0038349285856246825,0.0031251284730892917,0.0013532182226826247,-0.005285323361799059
13,4,0.006777533488272152,0.0033366025590602657,-0.007020315563433247,0.0042975563329130054,-0.0020573226703745322,-0.007572657926778104
13,5,0.0039070620589253206,0.003579719294585777,-0.007271016450240262,0.004119495455937659,-0.003842318954861359,-0.002956707836617988
13,Aggregated,-0.0012105159430452486,-0.0002195165029752115,-0.006395441967725798,-0.00025458332951514164,-0.0033713273965254196,0.014594227214199777
13,Centralized,-0.018686310486511624,-0.013704864990403104,-0.016446080120240236,-0.011891890053615019,-0.01452224066181856,0.0816048038742373
14,0,-0.02032811544348453,-0.01887816766463393,-0.01509157930118514,-0.026240295996993047,-0.014954618904497627,0.08519935057416533
14,1,0.0019659454394899308,-0.0025692667027478132,-0.0011864805832765427,-0.00756678468282708,-0.0025507715215071828,0.007714782173275419
14,2,0.0032722288890668773,-0.0026565393856499606,0.0003182329428909472,-0.005093654780889614,0.0017041458241409309,0.002572149334772081
14,3,0.001688122182421383,0.0008645121534321552,-0.0018661439758928928,-0.010897666214948653,-0.0010931392965993236,0.009156223638861118
14,4,0.00661967666733842,-0.003950478662853383,-0.0021797017327537774,-0.012829375710002498,-0.001048848488850405,0.009375414567693348
14,5,0.007691068715954799,-0.0018810494079676962,-0.0064277105544066244,-0.007897124081774232,0.0023125754171890757,0.006883620830435709
14,Aggregated,-9.402198669708007e-05,-0.00501339274990004,-0.004533667948561188,-0.011927810333512628,-0.002753155561867631,0.020930066168536744
14,Centralized,-0.017544197072692908,-0.017154992993168215,-0.013076128347203422,-0.02024272150682252,-0.013055592645585534,0.07112581259050801
15,0,-0.016810542267078638,-0.012999058223428908,-0.016089278922172656,-0.013485408721049868,-0.018067753331488363,0.13456082436007477
15,1,0.009496763358493632,0.0006213947968418907,-0.004595592508092773,0.0020680505919460686,-0.007777354715073432,-0.00029122278582025354
15,2,0.0036918376154909628,0.005551860835325261,-0.00119786936304933,0.003447788713647014,-0.007245023536380238,-0.004089036830732812
15,3,0.009336792738947441,0.0003342687599057629,-0.002600437920204511,0.0030011079752436274,-0.0028473305518096023,-0.006343113262806657
15,4,0.0071107216629785,0.0049671281874427205,0.0006614501317818988,0.0014759432766817695,-0.0058702665699690735,-0.00018575801277247482
15,5,0.004158199813852778,0.006703276024161746,-0.004943373716975228,0.00041801070210546835,-0.005283529382225248,-0.0015973962199207351
15,Aggregated,0.0025951702259915887,0.0006969648041922837,-0.0049295894531840145,-0.0006679382795980401,-0.007971051030279173,0.02171163492044938
15,Centralized,-0.009537520646912512,-0.00814313608532278,-0.013523681406445491,-0.010372872913501639,-0.017989012389225265,0.1096397820557169
16,0,-0.023482653222305618,-0.017855726575072693,-0.03152867800756563,-0.00323504804604017,-0.03447878910891029,0.10258392675413328
16,1,-0.001574151996092648,0.0007578479470548145,0.0007052680671271073,0.005144091971646996,-0.012467012009567248,0.0026082347782300096
16,2,0.002070240423119615,0.001981941464299079,0.004889831585678518,0.004305215167372037,-0.013815132283828227,0.002511495891311009
16,3,0.00267086580196288,0.0014764397218759938,0.0021484174908300755,0.007083565661426657,-0.012599883669772558,0.003234780345684158
16,4,0.004118762594712117,-0.0015297747408298554,0.0016071049978674922,0.005685640238536248,-0.018820474850590494,0.002772606596595184
16,5,0.006125783505346876,0.0028222312951387218,0.000737366744750904,0.0015484107861910383,-0.014237516443433042,0.003344608335673218
16,Aggregated,-0.0019399136269458806,-0.0022472253997962537,-0.003908575817103204,0.003342174772934974,-0.01793717520644627,0.020505175366001757
16,Centralized,-0.017034642464771287,-0.013113423216867112,-0.02672652374686969,-0.001959537501449268,-0.034318055539506113,0.08579369727521131
17,0,-0.014136348541906124,-0.0217084010928575,-0.016050374177004147,-0.006261715843613666,-0.059628972522960906,0.12279105131261417
17,1,0.002649976687265499,-0.0009064554825918669,0.006922803614955058,0.005123114651006024,-0.00965088603141858,0.005462405499015118
17,2,-0.0023955496987144507,-0.00014692889590753138,0.0032582056912099427,0.0010595648775495255,-0.011417603508501354,0.003203637786252851
17,3,0.000512739179847956,0.0008226279928241005,0.0007806544022173456,0.0042272622640919365,-0.004981424231500197,0.0019166478656361563
17,4,-0.0015332240647187834,0.0007841127244597198,0.0025296795449219933,0.002149864922638032,-0.00960275121124174,-0.0006057378809879554
17,5,0.0004412345860238531,0.00030712843238926794,0.00129997781072995,-0.0014902587060763503,-0.00971940868121607,0.005015721276110572
17,Aggregated,-0.0025507685742332782,-0.0036932391143574815,-0.0003997386729056756,0.0007166337780609003,-0.01800521490183763,0.024160682745371975
17,Centralized,-0.013108964797695874,-0.01482415602060436,-0.011534479792038779,-0.002672205273228299,-0.051695138646190894,0.1020265878510984
18,0,0.01002469782046884,-0.004176958456540214,-0.00898630916301129,-0.013857930070180553,-0.03565667579607379,0.13529355875255314
18,1,0.0028402102621242417,0.0008310388101940624,0.00483167317126027,0.004375439081964492,0.0010882266835251912,-0.009903300340777474
18,2,0.004923658403627062,0.0006072315729044042,0.0027499906585835565,0.004522894722692326,0.0036115658595346255,-0.00784884507993731
18,3,0.0030038408579197208,-0.0031729117224788255,0.005319576819196997,0.005690276767646455,8.483944140226981e-06,-0.00913315448454795
18,4,0.0052112334705601195,7.767265729845541e-05,0.005520844528745226,0.005243354909755495,0.0023080431948158506,-0.00777551091353669
18,5,0.006523474180589785,0.0029889154037155787,-0.0012778312796929482,0.003447620390582723,0.0063372936949952175,-0.005612534834468733
18,Aggregated,0.005476372789446444,-0.000518557711404173,0.001235629883992524,0.0013853224481486627,-0.004100068163464919,0.01726875241181763
18,Centralized,0.010903095498279274,-0.002591057145042027,-0.006175589349299903,-0.009609006095993224,-0.026646084339384396,0.1027713089903213
19,0,-0.03269819707233446,-0.009151332268456382,-0.04993531747706454,-0.0380602332866826,-0.02535890472677915,0.09946677594327562
19,1,-0.0010059787645757693,-0.0004712810887323208,6.429121486721072e-05,0.002225422970369106,-3.0804056929715587e-06,-0.0005575693044788092
19,2,0.0028214033529420177,0.001359380706633249,0.000916107777881577,-0.002094305283340725,-0.002844618537589771,-0.00021543966419215003
19,3,-0.004832566193631206,-0.004186046886130137,0.006711573071779401,0.0007632116397114141,0.0009558861577233217,-0.0008934089442154476
19,4,-0.0017067165620448428,-0.0006597630812996969,0.0036334406031628915,0.006236929913781743,0.00027140477315098127,-0.0012016138703054994
19,5,0.0018303301734344654,-0.0007698455882660141,0.00019092671178102353,-0.0005931678280398516,-0.0017106091768986527,-0.000988735902935491
19,Aggregated,-0.006252828218396532,-0.0023951242689496167,-0.006925027005805457,-0.005646975542828147,-0.005028333985237662,0.016936381291081493
19,Centralized,-0.028436531536777426,-0.00654947645283064,-0.04111672456703148,-0.028356210042183718,-0.021112058518299764,0.08031104736743333
20,0,-0.00924870526371615,0.007359519567621121,-0.010062297617916934,-0.027035060919759157,-0.01822651652510535,0.11021738703371614
20,1,-0.012459726112876835,0.0032285143548557234,0.0013264867302250041,0.0019890224263944324,0.002749891326695844,-0.009601256432079564
20,2,-0.009714315802801745,0.0027046761532099916,-0.002539894567377931,0.00589915203794549,0.0037670332653143832,-0.008699660519534838
20,3,-0.010898627496764792,0.0032089130147830687,0.001145614615813364,0.0043326827626213905,0.0071850962592392865,-0.012134227839043641
20,4,-0.007542800734282219,0.0015879506305212436,-0.004106665533796483,0.005125681828542485,0.005044973356514212,-0.007294841057082641
20,5,-0.00566603119868325,0.003233493156979441,-0.007721458506433024,0.0037963397170133984,0.0038561333944778973,-0.003998600748394406
20,Aggregated,-0.00925495856067469,0.0035994669582387006,-0.003736456867183097,-0.0012943544005735866,0.0005021910032434543,0.012599246669862677
20,Centralized,-0.013780892721023013,0.008928755333104695,-0.006344753631612865,-0.020970462375651956,-0.012037092080019235,0.08244936422645896
21,0,-0.01229604094673316,0.005037019494538637,-0.015860637613966687,-0.029496711539435037,-0.05745170501354145,0.10464249053976618
21,1,-0.00011084981329509228,-0.0025656435533148495,0.005450348352075372,0.0022121049571916704,0.003025667274717467,2.4596813333011003e-05
21,2,-0.0020760738921209686,-0.0009398706215109483,0.003722468560867857,0.00347139867870915,0.001208867522562194,0.0011400808519871483
21,3,0.00010266985325373586,-0.00414849827199951,0.003486702944975012,4.442717355457315e-06,0.0046305977101013494,-6.844898969846266e-05
21,4,-0.0008953264764310002,-0.003408403717860375,0.0009240956523574281,-0.001858999907067972,0.0035717056616326854,-9.881210880655448e-05
21,5,-0.002486045584211118,0.00046729238410477637,-0.0029930489744277233,-0.00164779601996481,0.0031403555149114885,0.010301684117017531
21,Aggregated,-0.0030721950503242554,-0.0008548617607873831,-0.0010579530809965102,-0.004851623904729527,-0.007584151592734845,0.020346402437396344
21,Centralized,-0.00958292812744073,0.0035293152267057465,-0.01188129935176492,-0.022070299763025394,-0.04544765588821988,0.08355399014152622
22,0,-0.03465274095441971,-0.0005365505571530778,-0.008453421227639951,-0.008000440000495752,-0.03952633777527656,0.08859662691163678
22,1,-0.004749010642654158,0.001591183550844083,0.0019079712407808317,0.0028339249991584936,-0.000670082285404611,-0.000571699797579474
22,2,-0.007504957327376604,0.001624965686153265,0.0037526165498397526,0.0010942518332282436,-0.0009522242730988105,0.0025448166870185762
22,3,0.001689473873268925,0.0008361592584243276,0.00020956960217934548,0.0031030028120003906,-0.006329330820558021,-0.0007250592171443594
22,4,-0.004857354563066073,0.000991246566230053,0.004941410941436665,0.0031129234900821147,-0.0016462585835715657,0.0018288720743661693
22,5,-0.011093351841978903,0.0010471550579827182,0.005340085877793032,0.0023007700449375374,0.00279210129614744,0.003914686651869244
22,Aggregated,-0.010487860714106935,0.0009081638639991763,0.0011663180308310538,0.0006359495061450738,-0.008103292591528914,0.016802485809422736
22,Centralized,-0.03159904987592036,0.0009733992997207193,-0.002962445831772167,-0.004862208632950498,-0.03236874462377282,0.07019809886742792
23,0,-0.051315829786201944,0.00887430511559912,-0.005135056807220239,-0.02380247089786979,-0.02964968872316768,0.10496230824434169
23,1,-0.008218902400075187,-0.0017022481972760958,0.007320716643022725,0.005036006759946689,-0.00021983167383515245,7.902782898765633e-05
23,2,-0.00990034139517155,0.0017522389544935247,0.006971881765683859,0.003558070585219787,0.0002388359896331053,-0.0006686401417668427
23,3,-0.005218675911356708,-2.317978477425579e-05,0.0030606332914324785,0.005490850500526661,0.00011540355750480254,0.002135498111941011
23,4,-0.007402046935297697,0.0021398367648482993,0.004635590999576712,0.003859245612993308,-3.3088837044825683e-05,0.0007299946370359207
23,5,-0.010107202206057481,0.0030362065614376443,0.0005509710275216295,0.002297427431609017,0.0003218812386788487,-0.00028473372787786227
23,Aggregated,-0.01579153269959896,0.0024244523191964307,0.002804455664964555,-0.0008717080156739319,-0.005168127649578494,0.01887017201827754
23,Centralized,-0.045812101472698014,0.009000196523431703,-0.0005226058999056081,-0.016155728039966837,-0.02245790060294534,0.0814816086719232
24,0,-0.013221115269915722,-0.017957505717095392,-0.0034563189184987995,-0.011336400218198418,-0.022566370998623735,0.08015546137820738
24,1,0.0023763869071882797,-0.0001644891845771564,-0.00046348287236609996,0.0028811102851781763,0.004920037228071433,-0.015865330242924316
24,2,0.0023583710401092117,0.0010410129724486516,0.0012616841186387563,0.001315976593067993,0.005131688437711737,-0.011113228516703074
24,3,0.0012843412818592803,-0.0018456904264786207,0.0011419519581269578,0.0037524092064068217,0.004738519415850748,-0.017128503355868234
24,4,0.0017381936485832787,0.0003094448793504937,-0.00024420855415537105,-0.000102739237822184,0.007289600281774009,-0.013149744383299512
24,5,0.0006749350364880736,0.002895694975905235,-0.0037992189238556457,-0.0005188297240949287,0.00593771151245826,-0.00993143784818484
24,Aggregated,-0.0009470745744603673,-0.0028041185572049193,-0.0009569251796751421,-0.0007959708137067498,0.0006271135732087698,0.0030961989449075668
24,Centralized,-0.009379238652951857,-0.013674105858479597,-0.0027046257199549472,-0.006120122818896532,-0.014630542622063746,0.05101129416318393
25,0,-0.029530311873297802,0.0022311042889835574,-0.054579154676459275,-0.00942971933410095,-0.005288145421223712,0.09952084026060086
25,1,0.004265932208345446,0.005989649329362483,0.002356535438144261,0.0038596481421823395,-0.006256186048678018,-0.003928594177475885
25,2,0.0015458849678818627,0.0051742425993384555,-0.0047538853826720176,0.001293007896801727,-0.0021255038064243947,-0.003312295326247341
25,3,0.0009057225447350085,0.003943574813855406,0.006074282455551996,0.003564234943713385,-0.0036371771691988907,-0.004450964364714506
25,4,3.7697036609679604e-05,0.0034493677998159696,-0.0038733587726910708,0.0013136282170236732,-0.0017880577373650538,-0.0011527386227936402
25,5,0.0024150889063240914,0.007535892369258872,-0.008095011918164422,-0.001575007638012941,5.5968768190741334e-05,0.00416726276116699
25,Aggregated,-0.003706661474521435,0.004690793967068731,-0.011007112133129604,-0.0002734650814105419,-0.0031985377571538036,0.016152136598978326
25,Centralized,-0.023982276823437874,0.006392313497205999,-0.04217801841753798,-0.005490714913137995,-0.006851820855611091,0.0747096141584418
26,0,-0.004118322431327846,-0.043096570778456564,-0.00425899640651711,-0.012275667812897729,-0.024906327921106784,0.09365148549774129
26,1,0.0011759569839614348,0.0003429908862669325,0.0019933049717206627,0.002097400219439451,-0.004173115810103068,-0.003530072970993246
26,2,0.0010674667819463004,0.001285189054237736,-0.000978088949290375,0.00011814752779611785,-0.0014037156580789098,0.0019364139977271154
26,3,0.0026763584569466908,0.0036935073030707685,0.0020812368880078935,0.0005513590806995243,-0.003760274639547706,-0.0031920164603162727
26,4,0.000997923845955817,0.0032856084814398305,-0.0005815066666139457,0.0017424957060037578,-0.0006453662633988707,-0.0005849704731141177
26,5,-0.0006281206861597444,0.002002045910877975,-0.002318707821449774,0.00011805957945047832,-0.0008884978502668358,0.0021374476055641876
26,Aggregated,0.00014349980749292344,-0.005866270848825175,-0.0007200658320989531,-0.0014065806725511896,-0.006189977268274116,0.016011753745135474
26,Centralized,-0.0016773437715316458,-0.03375078223401839,-0.001905911343522607,-0.008177169250897075,-0.021207297000183346,0.07025095278086481
27,0,-0.024521705536865376,0.011329243697199148,-0.03756618725053178,0.00045969403487600515,-0.007350428996198158,0.0774820057305097
27,1,0.00437615554525989,0.002594095015878221,-0.0004443980587753781,-0.000947412651709272,-0.001783468480289101,-0.0018582677543228824
27,2,0.005187564358007401,0.0038130668123414055,-0.00552170175126216,-0.0036874172708106397,-0.005769283753274576,0.0015296374582556152
27,3,0.0035572199508120987,0.00017465518152077754,-0.005201719665302476,-0.0008742192656481835,-0.0027292981412860833,-0.001693802395286446
27,4,0.0015936069494022393,-0.001940685216653184,-0.006301910152524099,-0.0010005228453624023,-0.005873720064274996,0.0030572105839247934
27,5,0.003957359406482761,0.0026779733921658442,-0.005315801787510165,-0.008585840067205454,-0.0014483194072574016,0.007967461870263098
27,Aggregated,-0.0012572451436828808,0.003206613818005924,-0.010388380826276952,-0.002404533332771298,-0.004197344326180187,0.015170100433818482
27,Centralized,-0.017793886029121672,0.01051039609145021,-0.03166065138169,0.0012517958965299015,-0.007272393893162629,0.05758857229175005
28,0,-0.04697913298665353,-0.004880593700022656,-0.0247879902922797,-0.012015275034909402,-0.0057339124352353025,0.08257181242867545
28,1,-0.0012644391166849616,-0.004047387847354932,0.004330830414645961,0.0009480470322128025,-0.0023948950472932754,0.00028482797165814145
28,2,0.0005182780308393624,-0.0014679177019197903,0.003346190694859711,0.00253481356139859,-0.0036226665972264377,-0.003135042168161882
28,3,0.00037908118398621295,0.0001833847375771765,0.002741797822554217,7.31727639568506e-05,-0.0006430937595875467,-0.00016626177782982536
28,4,0.0005774525011988459,-0.0005758473593609777,0.004299948624016696,0.003726042073791534,0.002125621080240066,9.096325582010345e-05
28,5,-0.005382652104703197,-0.002419258185337863,0.0015497796374527065,0.0012617045626792981,0.0008429318906919346,-0.0016011997844825943
28,Aggregated,-0.009150889865075612,-0.002233389773926085,-0.0017000440435744745,-0.0007156857139417635,-0.0016209074925399582,0.013841454265960965
28,Centralized,-0.038679657398988876,-0.0006088189566962745,-0.017135837740760117,-0.008433456329427583,-0.003946982057689697,0.06478973082186006
29,0,0.017291014159860067,-0.026695002273348152,-0.02264858507753109,-0.006698190610489158,-0.03427151003279911,0.08208418635824072
29,1,-0.003265659611330078,-0.00033658063650351586,-0.005049422858732374,-0.0027111780845652635,0.001681536686645531,0.0034286232416924868
29,2,-0.00604165896447709,8.782070952023657e-06,-0.0024261407300715447,-0.001885906704032144,2.1435564502527334e-05,0.005540557086280619
29,3,-0.0039394624049767695,-0.00012640533302424317,-0.0035647941884346082,-0.0010823426911370096,0.001246768430617374,0.004883902895543036
29,4,-0.0011741274058844234,-0.00043656846472371705,-0.00249186906958019,-0.0032494297654541058,0.0018885144159646614,0.0035681741602690783
29,5,-0.001738558349981767,0.00449080527571348,-0.004485154098821381,-0.00518161352847962,0.0018622971197067557,0.009480936255243615
29,Aggregated,0.00039361528822253605,-0.004123037772501652,-0.00696792183191784,-0.0035068324730081236,-0.004950920080212256,0.018930667871310845
29,Centralized,0.0120173966147909,-0.021119524595774205,-0.018068561763459227,-0.0033008703228632214,-0.0268766050028656,0.059637855216352974
30,0,-0.002089911008796448,0.007290173757419379,-0.010960031338207778,0.005194095552358134,-0.03525744116801504,0.05718392658335972
30,1,0.0025244064603454743,0.0015051178835679524,0.0010574461993421065,0.0032675938256745258,-0.0021564910491971415,0.0022811020151203105
30,2,0.0010403054117035793,0.001471721862408267,0.0023441166717727583,0.002715952125956589,-0.0007906932582289268,0.004435414591349992
30,3,0.003937404917892255,-0.0016493743571251718,0.0005864191679923137,0.0023233881324223604,-0.0003157409137818997,-5.059281315992943e-05
30,4,0.002325789376826694,-0.0015201325776007487,0.0014100763186852953,0.0012024630733741585,-0.004939297891887856,-0.0001448581637496782
30,5,-0.0006543065550486356,0.0021403795325999485,0.0025284937345118317,0.0015645701799476854,-0.005603491979480525,0.0018028621233170535
30,Aggregated,0.0011414076649446257,0.0016085850590559201,-0.0006309079637944548,0.0027411070725468153,-0.008501831053250412,0.011472612496260534
30,Centralized,-0.0008135021500798673,0.004786474976963035,-0.009191775252078354,0.006815537512127918,-0.024982914948147354,0.04101512288591358
31,0,0.019052941094852012,-0.006089226592632493,0.014095795009966505,-0.00954385629846191,-0.13773990702976865,0.0609065015895655
31,1,0.0011145950022989173,0.00351325397381777,-0.0006112463146778802,0.009417215959091669,-0.018568611619149532,0.004972356341208572
31,2,0.0009574378280402455,0.003671297895106155,0.0017949520791024202,0.004375813908529607,-0.0172722881673269,0.0021300448799546263
31,3,-0.0015648593214529097,0.0003625801195928036,0.0004208140120478506,0.005690064738656707,-0.0165553006567004,0.002780941109420686
31,4,8.47127590042925e-05,0.001932532236105905,0.0024859383491371424,0.0017317442997364287,-0.012978814961816696,0.0020176501442125605
31,5,0.0007790713269282397,0.005155359136389052,0.0006982978082868799,0.0009448026747639911,-0.013986240013965472,0.004383702199352014
31,Aggregated,0.0035915830108081523,0.0013342272209885915,0.003278674346353316,0.0019630126524678247,-0.037400986175147345,0.01344111908412618
31,Centralized,0.01493317455422018,-0.0018113101498329143,0.011583933975739284,-0.005963283308244212,-0.11499242696647885,0.04871429923941485
32,0,-0.0055233035793051674,-0.021108595232514477,0.00047678593897594634,-0.018973878125817713,-0.020565745979261127,0.09165477618099538
32,1,-0.00045909628028146057,-0.0019378336741295511,-0.0010324635127186646,0.005625783285692686,-0.0017507658864390346,-0.004989247299359984
32,2,0.0006434016364358272,-0.0028684633739171047,-0.0010448727512472444,0.005123326901131717,0.0008887742721925496,-0.0030616103687461324
32,3,-0.0030170155218780755,-0.0014935952053148744,-0.0013738385863313477,0.005495146768033877,0.0028707955763838566,-0.002830584773252525
32,4,-0.0006914091410628449,0.001525439179203718,-0.0010468104727258303,0.004514682687085029,0.003478526757005998,-0.0015313171653966913
32,5,0.0023477909876030525,-0.0016501039183694347,-0.005126256539042727,0.0004518531583601252,0.0039694620911697905,0.0019434901315534103
32,Aggregated,-0.0011694328680178596,-0.004786897503714171,-0.0015005836364185166,0.00014089067399392302,-0.0020758388935391845,0.014467467535308259
32,Centralized,-0.004193739398463383,-0.015160758129834832,-7.626306453950509e-05,-0.012553834374698461,-0.013932257571721661,0.06964212083193516
33,0,0.013774414784539953,0.004712864815667362,0.0019516906504796906,0.004541290844409542,-0.02873636485212689,0.05551406645983693
33,1,-0.0006403721217392059,0.006516495124611084,0.00515787524846262,-0.00036978459676623133,-0.005802594035698003,-0.006850259492264053
33,2,-0.0020145576888998466,0.005260033654864792,0.0049895511321151765,-0.0021959333913387975,-0.002667055514451489,-0.0075558097723425165
33,3,-0.0005233114064171503,0.005979179097187632,0.004348632102879542,0.000911406351274165,-0.001315542196540955,-0.006980282856015906
33,4,-0.001205579477940825,0.002852809614209648,0.0026790940958156427,-0.0015436919561075584,0.0010416552468541082,-0.005877582906211872
33,5,-0.000764153605397803,0.0027381717204350868,0.0006534810488329823,-0.005307312898216224,-0.001264832890084871,-0.002683752626509236
33,Aggregated,0.0015856322849328009,0.004677027172728426,0.0032805964765827093,-0.0005983097608780253,-0.006724535536919532,0.004875484752702329
33,Centralized,0.009012308560018988,0.006884228969638135,0.0038821626554537063,0.0013812451976427226,-0.022355443722132218,0.032823470241279955
34,0,-0.039727568868616954,-0.01417820846501086,-0.0004898419452919714,-0.023959933051326498,-7.598102045647876e-05,0.053330829849197244
34,1,0.002543190424871197,-0.013007386496178469,0.004137915572784146,0.006103476739297067,0.003190960244971502,0.0036430659330511607
34,2,0.005871160721027714,-0.0158214118748285,0.003651123552959408,0.0037581007983854184,0.004575676904112456,0.004710289552514755
34,3,0.002734024751536368,-0.013401319956746507,0.002042326385518332,0.006607668660979228,0.0037265925445185374,0.002603886981219391
34,4,0.002499134635322361,-0.01598871283035508,0.0016368768539142696,0.005477776321854624,0.0034890809013299003,0.002918815946714674
34,5,0.002075675768975624,-0.01759825454842199,0.0035681516132586725,0.0021139805600028008,0.006646964915913101,0.008080533543139085
34,Aggregated,-0.0044290241953360635,-0.014989373450738468,0.002389489067718492,-0.0002705888979060915,0.003548241361558753,0.013036809842676376
34,Centralized,-0.027836330434399578,-0.011537175075925894,0.0010540586268598376,-0.016393344445743824,0.002760440937769298,0.039476153634709146
35,0,0.00948258877171291,-0.023425320167134812,-0.011773694884480856,-0.004008763597530317,-0.025411013126360807,0.057474693564269756
35,1,0.000341727859547486,-0.007328811806115478,-3.8324954505634486e-05,0.0027651554416753678,0.0006648223025720509,0.0010554092499403312
35,2,-0.00038111570172592033,-0.007206951946813477,0.0029696251435490837,0.0011510593890285117,-0.0004955447863447611,0.003879124933431123
35,3,-0.00026709002329217504,-0.009271254211714769,0.0019230830091734174,0.0029540654360447074,0.0006909513417037309,0.0036357087093001716
35,4,3.8693422965829784e-05,-0.0038590926955999515,-8.101603506032544e-05,0.001627915350858621,0.0035703422171827494,0.002920697950672792
35,5,-0.0011760802367978532,-0.007452345553838493,-0.0006943352557664725,0.0013288168744991465,-0.0011184126838146033,0.005171086651668792
35,Aggregated,0.0014374033498097062,-0.009921148500342541,-0.001408213072931304,0.0009100261701154707,-0.0039436164299157415,0.01289700217520118
35,Centralized,0.0070490515458226785,-0.019499142747068827,-0.01012461583048658,-0.0015532248475211797,-0.017235660207063987,0.04124040645746111
36,0,-0.012344125801893235,0.013723551378934839,-0.02612588141831018,-0.023227549130774724,0.0006045974551021852,0.04492187133377928
36,1,0.0009176289339626423,0.0011044745458193986,0.0044306089944702405,-0.007495323105318676,-0.001988742311554067,0.005005738054050358
36,2,0.0005872075744776193,0.00042968889604144873,0.0040730181920953035,-0.012316493048213646,-0.0018784555616821374,0.004798262274034197
36,3,-0.003349966150049947,0.0010447383394932657,0.0045995707037616825,-0.010467746914651806,-0.0003348376435416744,0.004529598036748076
36,4,-0.0024814690810336243,0.0012926104092332135,0.002328232040783662,-0.008328545086825005,0.0004715571684157797,0.0024671025096254353
36,5,0.0006510492044868329,0.0034292910549268774,0.0018292586376279008,-0.006609386241174458,-0.0008393729090582314,0.0069314916385485245
36,Aggregated,-0.002785920071472774,0.0036265704999772583,-0.001773016848209197,-0.011549206058204722,-0.0006457051271603878,0.011843696949800754
36,Centralized,-0.009344837663567451,0.011500288453740574,-0.017980350326357728,-0.020511931799104925,0.0018155836783849387,0.03331371196631272
37,0,0.008441495273180211,-0.022197876545195408,-0.017614392667708704,-0.007327227906253193,-0.04781712966094297,0.0721777680325186
37,1,0.002389547041453812,-0.0011719706480239288,0.0027191149307795983,0.0007350466966351758,-0.007454450442032266,-0.003356214306810696
37,2,0.0012659199793598882,0.0019233172862191264,0.0024306129917178723,0.0017862963782480652,-0.003896374215729014,-0.0011736122431616552
37,3,0.001829772124811675,0.0008379933414019344,0.0027188539762372727,0.0001821819753527613,-0.0038299247218928282,-0.003809866045919092
37,4,0.0013950388592331793,-0.0002683835065577659,-0.0003594447374464238,0.00021452074225170593,-0.001862449222915461,-0.0011370861875935473
37,5,0.0005114271184253727,5.245308251069133e-05,-0.0015328950681382572,0.0018866562017446486,-0.003513017761882774,0.0007736998272124299
37,Aggregated,0.002708428713248753,-0.0036952455817537994,-0.0021276002647874666,-0.0005032198695036359,-0.011832179912538106,0.011317560238885896
37,Centralized,0.007215100642645596,-0.015452839616581884,-0.014208931221602779,-0.0052000689808498505,-0.0381625667216092,0.052847939608053805
38,0,-0.002514538194830357,0.0089965272813755,-0.005254007608604274,-0.017141532991162917,-0.025654242741335705,0.0577711889949745
38,1,0.00586122017763513,-0.004164840666839072,-0.00019713167597813682,0.0052680413188684674,-0.0029612008951007272,-0.0016463727647163238
38,2,0.00016800773244788532,-0.005131500794445863,0.005408280289724956,0.002266110489355267,-0.0046983776664851085,-0.0027276544762901756
38,3,0.002065850374823986,-0.003528997068385204,0.003274939246352786,0.00499770155967268,-0.0005887578936193572,-0.00451665203772365
38,4,0.0012794721268294263,-0.0034299486768717908,0.0032405442078386397,0.003205073465380643,-0.0009047416744640207,-0.0035388763395415505
38,5,0.0021687600864938165,-0.0029601463735123264,0.0011132917455147088,0.00021863351109189985,0.00026617520099874353,-0.0007686364984764548
38,Aggregated,0.0014566115647743425,-0.0015748831776780307,0.0011861775855437624,-0.00040078543507208753,-0.0059953877031322465,0.008032337582451553
38,Centralized,7.609798206939244e-05,0.007561673305884552,-0.002249739804345512,-0.011879371699934893,-0.01909477403739877,0.038214103298119265
39,0,0.003034647464623229,-0.04075658141873069,0.0041090055844835065,0.010633881692678378,-0.0279197354915003,0.0628084264028799
39,1,-0.00017913287062161775,0.002274810061466069,-0.0009347875885150939,0.0009985227133763894,0.0032115625014386214,-0.0007552590384414489
39,2,-0.0004153335720011531,-0.0012137140331362484,-0.001132720039865892,0.0031488647091896366,0.002430797987571276,0.0016441980522509598
39,3,-0.0009490490115540577,0.0037781175005931955,-0.003654018921109893,0.00267259883840748,0.0007948894937454043,0.002111415629555371
39,4,-0.0005551804172206964,0.0016364794790073745,-0.0011495627260629637,0.0023126153038473428,0.0021445106788308484,0.002108153096584912
39,5,-0.002372201944379565,-0.0012293505038576717,-0.0007306931545005353,-0.0004731598699640608,0.003136658528748542,0.004305756344979566
39,Aggregated,-0.00020012603726911365,-0.00633601401078011,-0.0005258920909401899,0.0033044849004570634,-0.00300255124496184,0.012645762170071713
39,Centralized,0.0015747920049680867,-0.02793693336271059,0.0015554679450612992,0.01005355764389461,-0.020324492578444528,0.0432026471614166
40,0,-0.011585817846725455,-0.010514178211264038,-0.062135823140539365,0.0039766042871144875,0.004417267125281131,0.06241080682514661
40,1,0.002976349105999163,-0.0009476456674935555,-0.004928608163366886,-0.0006847094998025752,0.0009024144953781732,0.0001526443887387837
40,2,0.002047323027406649,0.0013594195762970847,-0.002781328378863456,0.0006603566716043951,-0.0021637875575762117,0.0011648105239400316
40,3,0.003462745379681273,-0.0014717793223490594,-0.0032917253105846245,-0.0006369371421797869,0.000529964438785711,0.0009924621714854271
40,4,0.0008422900087546259,-0.0018263718315438234,-0.0035642173703121297,0.0018405314154219532,-0.0008374748238410224,0.003669319069261894
40,5,0.003461273500936219,0.0011917899134926801,-0.0049705056884143855,0.0011127136454324726,0.0025588720895354336,0.0007910332855161647
40,Aggregated,5.939701900627126e-05,-0.002136445213636406,-0.014193738433171293,0.0010799068819696454,0.0009433598380186915,0.012140136949149932
40,Centralized,-0.0063300202954632645,-0.006558550399353275,-0.047894673755587314,0.003161612255940236,0.0037361045977514465,0.044718626417438956
41,0,-0.007257342448232203,0.01007098021467494,-0.031060296349370103,-0.012435769564919768,-9.349052031645266e-05,0.04517823429541291
41,1,0.007338520757498702,-0.00038249924110127876,0.004529252941976547,-0.003600828596397017,0.0024542366545393167,-0.006074550097227048
41,2,0.0008326672837023559,0.0001887864067751155,-0.0018294449738110526,-0.002644724344799655,0.00011219212464081789,-0.005285486253586447
41,3,0.004121179555079064,-0.0032162943857853856,0.004026043348767079,-0.0019517239759380867,0.0009954392347078604,-0.007670445895857945
41,4,0.002158064702380068,-0.0013123918338767786,0.0025402018007190216,-0.003656909670896666,0.0016310585777493385,-0.005734612083616997
41,5,-0.00023814734209344582,0.00016532164784623937,-0.004767286246364598,-0.0033755060321694706,0.005291318007414143,-0.0002143826759113465
41,Aggregated,0.0010582599874242665,0.0010286980441384594,-0.004746202795700772,-0.004704714870089671,0.0017099108335674581,0.0038676996051118066
41,Centralized,-0.0031632484431099103,0.006699027236757711,-0.02069607142645125,-0.009907868546059722,0.0031445814801452686,0.028150025098668915
42,0,0.0027917924123006485,0.014385689416771428,-0.011613742964530088,-0.023949718224573417,-0.02438962642567926,0.04980229766414583
42,1,-0.00030068448498018856,-0.00018213578768658996,-0.0008969123456680717,0.0010952346806743282,0.0038353080390561697,-0.0035039277760323443
42,2,0.0009437109356926673,0.001056714547950897,0.0018654259172914227,0.0012031948229195345,0.0010644061030148828,0.0044294163856783385
42,3,-7.983658727472864e-06,-0.0007587414694196696,-0.0003292129938287702,1.7953007467319537e-07,0.0029101098414345446,0.002255559382175946
42,4,0.0013364964753279473,-0.00017240677167215483,3.146127172084142e-05,-7.956115056948857e-06,0.0013514264576726498,-0.0003161837014240609
42,5,-0.0017232530637496764,-8.598377344333404e-05,0.0011494349755595934,-0.002135555404198966,0.002087308014000414,-0.0002984448533881634
42,Aggregated,0.000534073727068776,0.0025178540297570123,-0.0017519158550394992,-0.004205337927825227,-0.0024563052489966703,0.00922051725688667
42,Centralized,0.001932873044585349,0.00926351058193874,-0.0077054460702309195,-0.016515537181375155,-0.015402235432860205,0.03452930343980705
43,0,0.012772770921511814,-0.008903899425758866,-0.03224878020588391,-0.014667774441392457,-0.022252579391445267,0.05622071655482719
43,1,0.0010701889751773646,-0.0028522078982183225,-0.0017185647360963656,0.0013287845436163238,-0.0030029136461646178,-0.003134680920915792
43,2,-0.0002237444341049129,-0.0002798621268989517,-0.00088230061689283,0.0005810284174606477,0.00091372526625913,-0.00014092021876808505
43,3,0.0026005216936083016,-0.001580759842844524,0.0009523451018569477,0.0018144568330007262,-0.0024743003451136005,-0.0015701174862211746
43,4,7.947422013428647e-05,-0.00020257998731898857,-0.0024110490983239715,-0.0005108103667891606,-0.0004343208937124495,-0.0007339244016996741
43,5,-0.000292778786849183,0.00013862640497728045,-0.0017313944171932828,-0.00022587215531764867,0.0022390872375656896,-3.084081210576832e-05
43,Aggregated,0.0027888780115454996,-0.002359519834012708,-0.006650552608001863,-0.0020991982801095888,-0.004385341853029713,0.009007894063802526
43,Centralized,0.0096237039898407,-0.005954724564326303,-0.026475164076472192,-0.010885293084507298,-0.015686160623656575,0.03856164767537911
44,0,-0.02699227059589842,0.01674908530555771,-0.037854599187367374,0.0018548369387008789,-0.00792455822284834,0.053796578924878616
44,1,-0.002634153545324052,0.004149015491032739,0.0035686138903635155,0.002694241839739647,-0.004194506848800632,0.0022896344290298056
44,2,-0.0019582267419774564,7.199057722271733e-05,0.0006673517568979233,0.0011004553356006098,-0.006329460495414368,0.002041262935029316
44,3,-0.0026313113139921113,0.0013724253855959116,-0.00038520991711187095,-0.00024757544101556655,-0.002612927611687873,-0.0019399657298435785
44,4,-0.003035344795896204,0.0017544184575980027,0.0006627412433701404,0.0006455732952167948,0.0004015327240240211,-0.0006973934982028103
44,5,-0.00023749161521706636,0.0010334685892680994,0.0008187392999494263,0.00042800089874354686,-0.0017382173225894656,0.0027782900789936906
44,Aggregated,-0.006496814070349424,0.004338978272794923,-0.005809215461760874,0.0010885531576815732,-0.0037832711378307116,0.010239894829160434
44,Centralized,-0.020534918083650298,0.01411997992963914,-0.02565096533145699,0.0024902091757900984,-0.0052228795771576365,0.038104913289272374
45,0,0.003445329124210349,0.002606823095017462,-0.03315430332209175,0.007046053875023016,-0.006431098521573136,0.04742646079379652
45,1,-0.0017504851504664088,0.0023815923754978356,0.0016609652746554368,0.004304171433191679,-0.002086420188974326,-0.004179632528574499
45,2,-0.0024955685582858478,0.00352336841950572,0.0005506964106692509,-0.00022486013965822282,-0.0010668080922302758,-0.0021024540115807517
45,3,-0.002040121206102245,0.0029762482322092405,0.0025188492878266467,0.005146614677352884,-0.0004239305559698573,-0.0034731293810044165
45,4,-0.0011369879065160904,0.0035854380716687415,0.0007882604883093947,0.0020394026209889673,0.00039563738034101845,-0.0015727877945262534
45,5,-0.0005410653086475592,0.0019843522873827547,-0.0022697956150461614,0.00031662597720202856,-0.0017645597304154468,0.0006586344675927724
45,Aggregated,-0.0007028184182152465,0.002840139476661491,-0.005321924527578311,0.003151917454248569,-0.0019505610765198547,0.006621290162479852
45,Centralized,0.0015832075531437013,0.0032087456959250115,-0.02488207959453493,0.005832454937143265,-0.004177530291413675,0.03061835611700066
46,0,-0.021275703850113514,-0.027690472657360538,-0.012214201442310757,0.009068536338569485,-0.008862189819306343,0.047208074797147545
46,1,0.006197989660532447,-0.01039019070218131,0.002534365234815628,0.0014020536965346812,-0.0015793884887075175,-0.0005706386858545838
46,2,0.0021585433924423652,-0.0018585069418879416,0.0013446783209409988,-0.0008287363565079809,-0.0014490272201857445,-0.0016755624031443836
46,3,0.0023965399320687473,-0.005568731272337217,0.0004112282951134675,0.0015636481139158958,0.0014321686257056225,-0.004382851165921414
46,4,0.002440961042372864,-0.0032463699164144554,0.0007046012751648641,-7.974075937648243e-06,8.878787190219617e-06,-0.0035462883837365337
46,5,0.0005243084002790888,-0.005746822715329161,0.0020265739186039974,-0.0009427085227132075,-0.0035036379043455568,0.005529469708811056
46,Aggregated,-0.0014995140066566067,-0.009306576123972688,-0.0010015079259313665,0.0017973611054122138,-0.0024038941942096624,0.007574592242783216
46,Centralized,-0.014900873276650338,-0.019796372958930514,-0.008339387253189286,0.006859455298969963,-0.004004679486293825,0.02995831586625371
47,0,0.01222970246723288,-0.017431239512719292,9.835639301960088e-05,-0.00522127522225465,-0.024131696372719474,0.04295044448981329
47,1,0.0017116836238782465,-0.001431125954698977,-0.0013044848508385425,0.0004243986622729808,0.00016054081570919808,-0.0015364420412297371
47,2,0.002754184410118115,-0.0005537302884271437,0.0010414980320931967,0.0011032012118003716,0.0012472553596255616,0.0008768059253179786
47,3,-0.0005853551176601709,-0.0016603866092492648,0.0007857640486619836,0.0021928363961454082,0.0021233663903442463,0.0006536162278443595
47,4,0.002670868954175955,-0.0010394525084416592,-0.0011140216940250228,0.0017595407880010314,0.002817400906174656,0.0008266220362314058
47,5,0.001094509935295011,0.0007598408708459754,0.001546431808472,-0.0009001449931841654,0.0017655766716241704,0.00026346402132834494
47,Aggregated,0.0034194973882246695,-0.003725645390205887,0.00017466473802354508,-0.0001682182981172076,-0.0029268806609316998,0.0077659945130402665
47,Centralized,0.012723701249200503,-0.012151950167239559,-0.0002461254598371709,-0.0028740138082043436,-0.014855980878054965,0.027507116574523628
48,0,0.0008972382451696391,-0.00136960954252961,-0.011572782931288482,-0.02285173040322677,-0.008610214675042853,0.039639645863149886
48,1,0.004437984279849508,-0.0020785215974718774,0.0008735739952361728,-0.0008408414185861672,0.0022542370746527042,-0.0005485021938793577
48,2,0.0021570561321168796,0.0003434418058623712,-0.005235076091667682,-0.002682260219068828,-0.001284668782590198,0.0003585553532550356
48,3,0.002872336520917672,-0.00035351785529954736,-0.0006910946254952385,-0.0019280269516967659,0.0018420611432782832,-0.001064390100602434
48,4,0.002462633863025932,-0.0019980407397177614,-0.002505846003805499,-0.001149543949982886,0.001617366175350813,-0.0003186163142920695
48,5,0.001493247515645683,0.0004054817862339447,-0.004492017712514709,-0.0034112264262871382,-0.0010008944273141695,0.0008566631265652862
48,Aggregated,0.002368893148227364,-0.0008481218119234874,-0.004028742601319234,-0.005685556782354903,-0.0009565510655777866,0.006884657562981515
48,Centralized,0.00185649306744047,-0.0018203430700576484,-0.009157378181172748,-0.01865801742132643,-0.0051069240880677975,0.025007322337107396
49,0,-0.002195361278268062,0.01066044760106813,-0.009685701401566877,-0.0020416079557879657,-0.011944365970195202,0.031234505657886016
49,1,0.0019549145248041653,-0.0033815138230952465,0.0007103851761378584,-0.0007037666959987217,0.002503102517057343,0.0012050133137603816
49,2,0.0001561118296412256,-0.0008481209937996614,0.001083712123060134,0.0019160634431497495,-0.0013441738660021332,0.0012187558238577368
49,3,-0.0006865005166391806,-0.002300887425617624,0.000856659416940353,0.0013846528076494743,-0.0018842264975549015,0.00025348041065966035
49,4,0.000328586220099956,-0.0012609559006438028,-0.00025022780800634987,0.0004707953422926884,0.0015133782530466298,-0.0008015761067891222
49,5,0.0005844396033384418,0.0011098238353827708,-0.0006743649521951611,0.00132470344079353,0.0006615357539568304,-0.0009482974701154649
49,Aggregated,-2.9037168284210595e-06,0.0007829801522386332,-0.0014267987070664216,0.00036263492592056854,-0.0018713456396335136,0.005670493729388137
49,Centralized,-0.0016744599865774516,0.005478157224353797,-0.006138275546819711,-0.00011490567915453294,-0.006788981962370492,0.020169938434576914
50,0,-0.024815082492421273,0.0027840836153013755,-0.004744668710047259,-0.0033892263270779857,-0.015097618663724399,0.033776416698118476
50,1,0.0005052044271819674,-0.0027547054363602215,0.0017214189376943399,-0.000912903402226406,-0.0007324764053304825,-0.002119499256324126
50,2,0.00298040787812736,0.0014416708041952609,0.0015774785038286973,0.0001867640673879345,-0.003351181490395765,-0.000780830942208995
50,3,0.001190563719447581,0.00011243229673890872,0.001706338671629108,-0.0006311913899348949,-0.002676332925450828,-0.0017067124566550887
50,4,-0.0005173100786093954,-0.0011615732840113042,-0.002694526328980484,-0.0006683723850241851,-0.0009293412201406892,-0.00036266010703459213
50,5,-0.0010422397339207635,-0.0016609605158877188,-5.2748790629701205e-05,-0.0010222235166441182,-0.0010385972273419233,0.0004936387541715011
50,Aggregated,-0.0038705393274336857,-0.00017065749617078583,-0.00046636198447338415,-0.0011006274669631295,-0.004104311596556114,0.005229762040083411
50,Centralized,-0.016863180963990997,0.001977721374502869,-0.0033670568855987083,-0.003258388341156393,-0.01081846753341488,0.02141945617406089
