Round,Evaluator,4,3,2,1,5,0
0,0,,,,,,
0,1,,,,,,
0,2,,,,,,
0,3,,,,,,
0,4,,,,,,
0,5,,,,,,
0,Aggregated,,,,,,
0,Centralized,,,,,,
1,0,0.14207622887223037,0.11523185788984927,0.08741521763203082,0.0829712486800205,0.07568417332852348,0.1348004409394466
1,1,0.1805382711851695,0.14029691806141006,0.12047337798377035,0.12566093775450637,0.12658474749945967,0.11491615990804188
1,2,0.1743008534856536,0.14159641764157055,0.11641080903257953,0.10601133580563413,0.11231961246446949,0.11059506665724778
1,3,0.17290836527353423,0.136557476592948,0.11125341485835283,0.10537813724178634,0.1113848955328181,0.115087238584223
1,4,0.17519680271503726,0.15296148082292854,0.12348324880631609,0.12052690601657769,0.12707998162597417,0.11772029541625263
1,5,0.16001726411536701,0.13282618783399158,0.12294105634756514,0.11060471786240605,0.12469942294797022,0.10564269838463412
1,Aggregated,0.1672014416389736,0.13632248732658966,0.11334819712934635,0.10821920198949755,0.11251195682841782,0.11668017827817148
1,Centralized,0.1663609739206252,0.1357192987556696,0.11284534980640848,0.10783214482050545,0.11187604441998916,0.11810649755027808
2,0,0.036938562103809115,0.02214278038830045,0.010761619034048863,0.026746991096505118,0.0066659710771162445,0.04530123498074489
2,1,0.052121372524416704,0.030932793684903336,0.037467427842366424,0.02512093784681272,0.013796014538984274,0.022263828240319326
2,2,0.04510453124723287,0.039435256244911336,0.02761864700680804,0.025260967215340813,0.01903878258409207,0.014554763350520375
2,3,0.042254360229563345,0.030610303189522674,0.034099139683903205,0.024189526403465333,0.015899364251520023,0.010354341622367405
2,4,0.03852658885422516,0.03442995834283179,0.021429960111080563,0.029827801173769725,0.007401258902210523,0.009253405052872934
2,5,0.03460751142337579,0.039102280444027984,0.026776777827072325,0.016941870780427436,0.019568969236911354,0.009169897238570075
2,Aggregated,0.041536367076904494,0.032648096135067556,0.026171947850345132,0.02470611202723776,0.013643729027953327,0.018804410127983565
2,Centralized,0.041142483480306496,0.032155624066822056,0.025304576916588464,0.0242874496892822,0.013212728113127957,0.019427701932528088
3,0,0.018551304773650634,0.029050003887838655,-0.001975519348520872,-0.027174274437313503,-0.03249035509066887,0.02904628488506132
3,1,0.00725606095260563,0.028809045950014184,0.0021827919837807226,-0.012221058304696133,-0.04293084066356941,-0.009651932095869223
3,2,0.018048939607362702,0.03677996054415593,0.007287500868845489,-0.017031048604834283,-0.034387912355782944,-0.0012687422178070335
3,3,0.019761010019375115,0.04007962582348089,0.008047544272558167,-0.0063747320905053655,-0.0332243894618301,-0.0005878714237042596
3,4,0.02637353478736622,0.03301195330256931,0.0005411955320153412,-0.010252136955701098,-0.03567930109089572,-0.005983215660273701
3,5,0.016194224513303355,0.03059006216765331,0.0025360902524135033,-0.019792014960442098,-0.03378085754212279,0.0035869264843771866
3,Aggregated,0.017707747714981053,0.03300544868251812,0.003042382705432373,-0.015614471394287486,-0.03538054138413993,0.0028415295594104366
3,Centralized,0.017655918763587207,0.03285577856566257,0.002559259714205606,-0.01612305597881753,-0.03554598935884807,0.0036406898751001103
4,0,-0.0028418159213120216,0.0031000865598825264,-0.019503503091116967,-0.0005680308566904589,-0.007878547570814725,0.03603347270018528
4,1,0.006006171905708521,0.013755287434401773,-0.008775020554884624,0.017746689037021344,0.0006249148792718316,0.006242385942696201
4,2,0.008970069987204381,0.012581932439254276,-0.022907920373052122,0.0050275462124728856,-0.0025532079073250858,-0.008853581724783132
4,3,0.0032941148002606883,0.014836622361867308,-0.01454956789053984,0.006731186484974084,0.002567913077467247,0.0006187983588263292
4,4,0.008899086538429026,0.015465351929791721,-0.01776550809941335,0.014058451585926418,-0.002944193513666904,-0.0022166190072867775
4,5,0.008889457250475696,0.011392762254836637,-0.02372080179901441,0.0020114885950154415,0.007337085000143994,-0.010693110234632562
4,Aggregated,0.005435745235475091,0.011750382407520046,-0.017889964783665252,0.007404487545020327,-0.0005631010761968272,0.003911640236935335
4,Centralized,0.005168685250795302,0.011880041461050461,-0.01842780800609231,0.007101055175111378,-0.0008059594679987856,0.004773709430768396
5,0,0.003245464573996415,0.002777117647635298,0.004059007842151641,0.001092337499264927,-0.01736214318559575,0.04033109411987494
5,1,0.01829496857684124,0.01282134320855585,0.004508811215649674,0.011638630651263412,-0.016232838650521577,-0.01690518315944208
5,2,0.030109954118795492,0.00835887120609492,0.011284532856861483,0.004420246452289251,-0.012726367633113364,-0.00745455687602449
5,3,0.01814918524623585,0.013046061550062915,0.00815416323747813,0.0011494085804606977,-0.01072661790995401,-0.016318759717351642
5,4,0.02682006695286459,0.013967688813718418,0.012085768457016616,0.008501669839921748,-0.013988313660618899,-0.004361281386417605
5,5,0.017066151109536323,0.009791353080986734,0.012169435266473707,0.0042261792143264395,-0.0070496763267781275,-0.0017885067784971463
5,Aggregated,0.018759393994544904,0.010038961236614434,0.008654526895210493,0.005122512045098362,-0.013066447909575795,-0.0005863945869881092
5,Centralized,0.018755071299172806,0.009874077391491673,0.008523484424474578,0.004794455741509287,-0.01339107238788876,0.0010923530899245356
6,0,-0.008454201960038075,0.0018584490026951259,-0.015108540899967826,0.0011889448939745998,-0.024415631450051,0.03351003249451377
6,1,0.00039091011842523957,0.01871432981445782,-0.004967601908991199,0.010860096918134087,-0.01442460077947658,-0.004629598333136114
6,2,-0.0002684579501232622,0.021186134960845312,-0.0013508489910212047,0.014041074799811442,-0.014035966215482145,-0.0011742258656994168
6,3,-0.00014288215043748259,0.01646480691986656,-0.001652624705802603,0.003747061685198141,-0.006180842706910021,0.003339695955118719
6,4,0.0031167694741585737,0.01700572300787968,-0.005319687547510017,0.0064349825284246145,-0.022108306626646968,0.0006600843816068292
6,5,0.002045794861114592,0.017145254604624464,-0.0023940202751384764,0.01046040755105275,-0.009627042804742306,-0.00031345246878264343
6,Aggregated,-0.0006467428245666421,0.01523349732886263,-0.005251816967302076,0.007709642716753122,-0.015243356601947434,0.005571085681889163
6,Centralized,-0.0008063558032257649,0.01501810992667182,-0.0056499364854618265,0.007681847295758146,-0.015420008243034801,0.006683139913741806
7,0,-0.02359991749000425,-0.0076718642270131995,-0.00923977354188058,-0.002191335716230628,-0.009470176496304179,0.06415171806192198
7,1,-0.008450222037756997,0.0062531991620203365,-0.0020137332860353544,0.009756583585276155,0.004554787196243918,-0.006835799089209616
7,2,-0.023543182574225725,0.01432560838469706,-0.004548956283538676,0.002227695516097722,0.006859211034126937,-0.010450438924697622
7,3,-0.0100085546709287,-0.0012370039186565794,1.0114024769780011e-05,0.004241750081630594,0.001263565232879343,-0.0006112295831761705
7,4,-0.010924613996505269,0.004800165580804766,-0.006835524307679162,0.0057976245615088086,0.007892384318855257,-0.012299672233090007
7,5,-0.014937768012515557,0.004011045361783503,-0.00550961796716289,0.0006599303237748498,0.005016850446009253,-0.009109644544897832
7,Aggregated,-0.015344213452316933,0.0032806332776408494,-0.0047441296456153,0.003348161413356021,0.0025403739901809375,0.00486023361917312
7,Centralized,-0.016536980008676275,0.002996192980616379,-0.005287019720902678,0.0028728649807118977,0.0023615523610948006,0.0071243705676154465
8,0,-0.0006459249394934415,-0.0071791671862149005,-0.027045486950327588,-0.007141427700495331,-0.009188527267017438,0.04125611667828709
8,1,0.017542143339718146,0.006855376272728438,-0.009767679141714886,0.0003463428034488455,-0.005843104640804639,-0.010713343683802818
8,2,0.013874874466865512,0.007984082204441755,-0.009629313707384641,0.0017150747801562562,-0.010485290900652243,-0.02098661056444364
8,3,0.017887915733510874,0.007263251810049271,-0.013425323171891932,-0.004077599887544969,-0.0025092723115346513,-0.004072374755125362
8,4,0.019909067864727355,0.007485158749204727,-0.010636624408873916,0.00021796078451797503,-0.00955364402016792,-0.017060507214911196
8,5,0.01574724511390395,0.008271028877934279,-0.015372469085866465,-0.00129542275136421,-0.0033565821529531986,-0.0163903683977529
8,Aggregated,0.013876348059643242,0.004965926349105314,-0.014465455488737324,-0.0017710071551836502,-0.006851098005682804,-0.0041107242040620915
8,Centralized,0.013611451646510203,0.0046894994798567105,-0.014903535352527524,-0.0022072110599392738,-0.007332602607371335,-0.0025754348251135982
9,0,-0.012999015376960344,-0.005993436538988536,-0.009304288386316294,-0.01416965088731795,-0.02068365184302829,0.05099017856670995
9,1,-0.005993582885810299,-0.007251765404088205,0.0014505153113364034,-0.0018445140001784883,-0.02314088982510224,-0.0025628207991756614
9,2,-0.0054535441056498945,0.001388221179430245,0.003983365324570006,-0.0002693081452810901,-0.01965041129578699,-0.0014210581990135086
9,3,0.005590623264980811,-0.006445405803275122,0.0003652542115891851,-0.00577909958319386,-0.01544891450414614,-0.005937137000794402
9,4,0.0020711282710469034,-0.009250647028110503,0.0032678755780189924,0.0032063099550472657,-0.02091294879283488,-0.0025539367861498875
9,5,0.0036441125281246596,-0.00010339776994229277,0.0036557498054174487,0.00622220743813407,-0.02085226042110392,0.0020209612581099244
9,Aggregated,-0.002319624433909817,-0.004625997011449695,0.0004513752731452206,-0.002250298947590119,-0.02012166496356951,0.007286310662512984
9,Centralized,-0.0030633208883832086,-0.004782321150142557,0.00024329085724917506,-0.002507828732003015,-0.020611048995259194,0.009230397098107444
10,0,0.0002134863216335319,-0.018763671106887102,-0.004026654172003097,-0.015057273643330005,-0.015847572190730557,0.10103071133048085
10,1,0.017961799531414864,0.010605382957289347,0.015836824375617703,0.009337218038100548,0.00544820301714063,-0.015439980918688328
10,2,0.008384399235552713,0.02011827594827568,0.006253327576933091,0.011350487756030009,0.004118778172694247,-0.01721161380157883
10,3,0.013323539238636828,0.005511417796733835,0.012086324004350087,0.004153217107016722,0.008597352438801513,-0.014167313334006799
10,4,0.014417808687055101,0.010834096755109018,0.010091709625339458,0.009760115959872135,0.0059677808197411385,-0.014712746815740353
10,5,0.014271515603960437,0.012075113393398179,0.0048837367670207694,0.007916040643950016,0.009611402049024893,-0.01665077283909693
10,Aggregated,0.011294309290477906,0.006424482958881116,0.007382446075078913,0.004341262786353917,0.002756920366561085,0.004973553732489037
10,Centralized,0.01103340547443127,0.00586914678243067,0.007246591035334897,0.003852576795510967,0.002377272346998433,0.009013543006309086
11,0,-0.018843163551718816,-0.021550753844723082,-0.012503625303154806,-0.009256716219071206,-0.015005435175622063,0.10165906621567172
11,1,0.0018598156635223257,0.003770507894677904,0.0046609122168159425,0.005113286141613936,-0.002167839420770014,-0.010336640028451995
11,2,-0.005369705212123188,-0.0003256428628491425,0.012366984403462762,0.006355678399079904,0.010596759623202374,-0.008592540175784863
11,3,0.002718652280415917,0.0020888999516829668,0.006014281667798678,0.003946149031417391,-0.0016776364874554806,-0.0038402709544026895
11,4,0.002168867349925625,0.001473599088300385,0.01748205422604965,0.008137040037483055,-0.0021941735404197096,-0.00870066324040222
11,5,-0.003310045983594596,-0.006607137145067022,0.0108395484822268,0.00478386703391426,0.006287649446664762,-0.0024192397366318264
11,Aggregated,-0.0036469789968876436,-0.0037411797200633196,0.006249156336787661,0.003030793957375192,-0.00086501822443332,0.012378238097676745
11,Centralized,-0.004509452691042003,-0.004282565197081271,0.005520512687447074,0.0027590952592444692,-0.00130759810069818,0.01596273208775796
12,0,-0.028419155085802315,-0.012699063929361556,-0.013375285218038185,-0.029563892024515825,-0.019006422031054623,0.05041159717022967
12,1,-0.007698401619720509,0.0033186796080290483,-0.00019487063840592883,0.0001749338385420191,-0.012411241835519508,0.00426534651688401
12,2,0.0011578075680162337,0.0027220329070136687,0.0046775376391034835,-0.012679289410506923,-0.009024460253181337,0.0006703276985132092
12,3,-0.004097199853102065,0.004652438294752244,0.0037024879199885666,0.0037770959228093344,-0.004331112578013747,-0.0037061353457051873
12,4,-0.00036307700453899007,0.005731743125990562,0.004496650231950097,-0.003858233099326372,-0.008675979779077553,-0.003722241459550382
12,5,0.005877067306299792,0.0031329539290706563,0.0031182169101448207,-0.00708692872113713,-0.007786682157499331,0.001955909103044799
12,Aggregated,-0.005864163388186529,0.000977190261287071,0.00023893509885979585,-0.008462090288289138,-0.010311482873060976,0.008817152154371477
12,Centralized,-0.006649701104855865,0.0003879382437049106,-0.00033881048573982384,-0.00990438058198672,-0.010800758261365624,0.010601078384305053
13,0,-0.01483644158912192,-0.015907003623268856,-0.014349114388212134,-0.012945068597695699,-0.011107881177748778,0.0787489049849875
13,1,0.0044134120596706575,0.006524505087029429,0.0011345133094201947,0.004602006641362555,0.004568586130673041,-0.0051292822002237505
13,2,0.00035205898688666054,0.01227665274596206,-0.001988218614371935,0.0016248715368790778,-0.0031563010817142684,-0.005950726661171141
13,3,0.0026373017779003404,0.0023166383197458524,-0.005170920358015934,0.004013949790128401,0.0014247689591497272,-0.007714413815108267
13,4,0.010268173048276461,0.005002888756471459,-0.009347143461356393,0.006107111650194467,-0.0034315602468807517,-0.01057296799184309
13,5,0.005969166354579286,0.005046160241136434,-0.010054828885447563,0.006290994521970386,-0.00584173449999049,-0.0026289031940885084
13,Aggregated,0.0012718292485438894,0.002322124377190007,-0.00672183080212408,0.0014410902568820958,-0.0030221285414964707,0.00864273286032697
13,Centralized,0.00043176407798028603,0.001717924795423211,-0.007150246331713481,0.0008832880860755528,-0.003455809873840935,0.011235893358069276
14,0,-0.011405296201980145,-0.012986148733912403,-0.012249145812884697,-0.025090077605906796,-0.010293991282518757,0.06646419591649322
14,1,0.0033842491280827677,-0.003530084847527081,-0.00276462362097489,-0.011883529166540025,-0.0033342649873082776,0.011262136524152276
14,2,0.004365185956548625,-0.004165918458642585,0.0008512020057791173,-0.006307483648579141,0.0019128522359904401,0.003341862713075725
14,3,0.0030065768776667496,0.001641436121195635,-0.003960564718302965,-0.0164431706635875,-0.001703941541759102,0.013780386819223955
14,4,0.00941783242959031,-0.00575634639490947,-0.003455467068672759,-0.019646644715138217,-0.0022382523167415883,0.014206986463123147
14,5,0.010417528261046772,-0.0031883184333427093,-0.010359425657688848,-0.012521561842033511,0.0020860684270378477,0.011215995663359688
14,Aggregated,0.00302261876181352,-0.004763993384575721,-0.0054060348147972935,-0.015432590090801007,-0.0023582101254616215,0.020601731435285018
14,Centralized,0.002329263777499028,-0.005205684605727934,-0.0055803570263567885,-0.01543214036776078,-0.0026858397832594276,0.022554498023811955
15,0,-0.01375794107090539,-0.010148652932190092,-0.014965916179992055,-0.010949397971909771,-0.016062057144885355,0.09872633144174017
15,1,0.012912155954808381,0.001562172849005471,-0.006268238382426541,0.003079184120991797,-0.010766707257900712,0.00012567477261915723
15,2,0.005227145264259498,0.008371703621707943,-0.001410969134203137,0.004644729260616839,-0.010875447561569787,-0.005934920505703166
15,3,0.012791295592686675,0.0014577603450211974,-0.003116687796806017,0.004918476600119103,-0.0036327568809713527,-0.009002587534518412
15,4,0.009903528576712242,0.00780670449196161,0.0015409223323453471,0.0016389590093109194,-0.008274426616729889,0.0007544229296784925
15,5,0.005576376937045039,0.010096519728444957,-0.005835164497931015,-0.00011523613923841528,-0.007589142965411004,5.298545358389929e-05
15,Aggregated,0.005211923297319445,0.0030311183489327236,-0.0051287018038168,0.0003984306297426194,-0.009611688414784832,0.015134575665846497
15,Centralized,0.0046342353732616946,0.0025034044133493047,-0.005695175394169341,2.565527519790186e-05,-0.010049865609309466,0.018667621147488184
16,0,-0.016336171098335094,-0.012777030300949127,-0.021116213077867155,-0.0004735775529582083,-0.030899332371775508,0.07734268370884315
16,1,-0.0022400491564548847,0.0013149191327173923,0.0002702504726986681,0.007099435563372059,-0.01647725609032038,0.0034044433183277587
16,2,0.002743442017797302,0.0026246283639393075,0.0065466209492619845,0.005691218900999626,-0.017634863582993418,0.0031111541394294334
16,3,0.0038590403010538054,0.002398616388236396,0.0025449061810951428,0.009578945008259192,-0.01640654255048411,0.004156721092664079
16,4,0.004848408361281442,-0.002824295468996393,0.0013481025934885538,0.007275565600847843,-0.023734565343915368,0.002985364114783616
16,5,0.007557041074981583,0.0028421858012535736,-0.0008907562339079658,0.0016687945456848033,-0.016359970336478492,0.0039517751047912315
16,Aggregated,-0.00012474885868457228,-0.0012105047500075594,-0.0021134179947668447,0.005072767279331346,-0.02037972766794863,0.01656282736423722
16,Centralized,-0.0006547758348434043,-0.001531093454830865,-0.00296631123771087,0.004859781773561222,-0.021245508679798616,0.019392928204906474
17,0,-0.009924902223431451,-0.01823302175903557,-0.0117659226218563,-0.006049803595066067,-0.04992301761295665,0.09465219137263386
17,1,0.0034855741853919327,-0.0018579032788284535,0.00928260332703618,0.007163631765655067,-0.01338241409779631,0.00734210325344694
17,2,-0.003705737064739619,0.00024439259157083373,0.004784041165616976,0.001398438356876572,-0.016307193265017835,0.004591917796266625
17,3,0.0006937378351484691,0.0004873592538498617,0.0001217845596969136,0.005934978292186994,-0.0068817694528350735,0.0025551788909485037
17,4,-0.001751202012357258,0.0007773437155062143,0.0031897912404142957,0.003384402099086869,-0.013641247591873322,-0.0011664279852470517
17,5,0.0015016265691793322,-3.602522602082677e-05,0.0009896723326978515,-0.0016344616085750858,-0.014433617549178355,0.007111601095780276
17,Aggregated,-0.0017164145423038237,-0.0032843549563563047,0.0009460875632355308,0.0016066317703809165,-0.019464444719035,0.020085842489842937
17,Centralized,-0.0022351235337244083,-0.003702925720844108,0.0005170203567084845,0.0013902615110843114,-0.020843382154920702,0.023317101827913994
18,0,0.006237286113217595,-0.004778853874245258,-0.006888848122236018,-0.010444242327142323,-0.028830524204615435,0.1129007889384619
18,1,0.0038498623458806972,0.0012834647169184215,0.006652443866130541,0.0057000630966242815,0.001642180989067325,-0.012814781458366033
18,2,0.006956976064259967,0.0007430942439864455,0.0035358030877297836,0.006101846045389246,0.0047365590983875095,-0.010033797096938414
18,3,0.004202972016437428,-0.004132042915222052,0.0074104339031296875,0.007466388583212848,0.00020505946537271755,-0.011922261300727268
18,4,0.007278428136361508,0.0006375268237713967,0.007612042228312322,0.006709978956694113,0.0020722491769871354,-0.008781239513760565
18,5,0.008921672636476804,0.004868007430464292,-0.0024760954222652677,0.004025530759591124,0.007403759991466151,-0.004046361787568797
18,Aggregated,0.006241152637753363,-0.000284334700958178,0.0025267197637447955,0.0030956417666595038,-0.002448557335289748,0.012106706420092902
18,Centralized,0.0064150711329177615,-0.0004949922033467984,0.0022181022305925837,0.002687954974125974,-0.003292393930070318,0.01590528778031018
19,0,-0.024455022326919398,-0.010131327203633926,-0.036119990243027617,-0.030196934233695325,-0.020557394562413015,0.07700881421356903
19,1,-0.0017817570097260504,-0.0007595201526119914,5.8408551902477956e-05,0.00313688811597213,0.00019937684877453863,-0.000984891737073908
19,2,0.003991441227220544,0.0019067547200976673,0.0012315312079337003,-0.0028618432715458923,-0.004101850310565008,-0.00021078530365079747
19,3,-0.007486115670523284,-0.006701235911781929,0.010356456244286223,0.0009395133434697614,0.001198456206787256,-0.001649078687200774
19,4,-0.002849803991912478,-0.0013824623163436116,0.005863780153883138,0.00898599795867172,0.0004937498219259336,-0.0019744260840422094
19,5,0.002099400826870086,-0.0013991135024611179,0.0003773067041690633,-0.0005645282766719662,-0.0023948971450378667,-0.0017480012937992602
19,Aggregated,-0.005312573780575073,-0.0031623749546058058,-0.00343532952000693,-0.0037477382048990747,-0.004389927305773575,0.012522711919579294
19,Centralized,-0.00618201305708163,-0.003311791090791304,-0.004997105166206739,-0.004746086589432321,-0.0051264046543225954,0.015215212085539692
20,0,-0.008633392020311563,0.00331908613642361,-0.012077641810384135,-0.020720917547514546,-0.015218100557997601,0.09472292398918436
20,1,-0.01717630851256827,0.004306547227974845,0.0011264125371443386,0.0032426882136376133,0.0035033750290596934,-0.0129876708050841
20,2,-0.013581329131148174,0.0036746462205185983,-0.003473783734615194,0.008468995141332192,0.005118122094801971,-0.012257918596786505
20,3,-0.01516335001796029,0.004482270150492356,0.00113708709336231,0.0071255316127287775,0.010519386101430437,-0.016990757007039167
20,4,-0.00972375198502961,0.0024248934757524847,-0.005653251307688682,0.007371105826610728,0.007132409990337102,-0.0097110993454171
20,5,-0.006659942863773916,0.004680714849300887,-0.010998220877676186,0.005411653002481186,0.004835437590769075,-0.004236728988913621
20,Aggregated,-0.011784775214188404,0.0038087516689344304,-0.005074867620896898,0.0015463304307547234,0.0024342540918235833,0.007481663924651975
20,Centralized,-0.012111266459695033,0.003972844614490495,-0.00525402598074571,0.0006511358846687213,0.0018930997872720636,0.01078275239887203
21,0,-0.009505599987663736,0.001606012593203878,-0.014267306822286104,-0.026800263351935163,-0.04594323692767354,0.09069331679611263
21,1,0.0003855402026097595,-0.0032543061140979527,0.007645505944613823,0.003264475719680913,0.004195825859482629,-0.00010516527845911838
21,2,-0.0030204342431632177,-0.0012279530460679237,0.005120867592613225,0.004830434838926916,0.0015792956501296377,0.00174266582387415
21,3,-0.00023927782371431042,-0.005375443415156195,0.004624063211915245,0.00020567821859983625,0.0068229656001452905,5.260759729449091e-05
21,4,-0.001627222645657426,-0.004985727131966173,0.0013652355976814172,-0.0027586404729870208,0.004948363533316602,-0.0008438595066632803
21,5,-0.0041529989280551655,0.0005390427830884429,-0.00472103337982821,-0.0027620770055076754,0.004035706386962764,0.014300266672416882
21,Aggregated,-0.0031043351143979023,-0.0020717714463277205,-0.0002093497502642373,-0.004276687762566781,-0.004562274571687498,0.018515736390400522
21,Centralized,-0.003322954628990752,-0.0018905553323553359,-0.0007391359170189163,-0.005085674859370805,-0.006186786101944193,0.02140885790196504
22,0,-0.028388524324731594,-0.002674905432622511,-0.00926762950067899,-0.007304734664916856,-0.031680143314168026,0.07727871284820818
22,1,-0.005881892089321669,0.0018868167535424226,0.002476078818829343,0.0036243520887056235,-0.0010254263853874224,-0.0015599250049057175
22,2,-0.010204173973517344,0.0019815782346100305,0.005008792746450214,0.0012028267672616962,-0.0016822728280498445,0.003457293207969995
22,3,0.003189714195901816,0.0007188737723809976,-9.313461944458478e-05,0.00396612922881086,-0.009572781638407891,-0.0017164226370233336
22,4,-0.005012667876794788,0.0010633582038116172,0.006747739153299731,0.0041772696518159996,-0.003339629802870599,0.0020340123496946955
22,5,-0.012956792175491266,0.0006572060403429355,0.007171213303312992,0.0029955698793190026,0.003154495262975553,0.004796198934103553
22,Aggregated,-0.010097654395046956,0.0005661625337369215,0.0018720141389943995,0.0013386940580521734,-0.007649205074719171,0.014806318424315658
22,Centralized,-0.011276988949293531,0.0006041365936011252,0.0016856518449860117,0.0010939409711335632,-0.008551017658596982,0.017252431604834965
23,0,-0.04454660835358248,0.004460684965600327,-0.005590350969413972,-0.01980664847112987,-0.025418898444587067,0.09247405750452761
23,1,-0.010997281649172137,-0.002309886055929836,0.010235774186275276,0.006914091337546627,-0.0003656006906223012,-5.322455170217825e-05
23,2,-0.013203756705280253,0.0024741053358544327,0.009869887765762093,0.004901351590606043,0.00016759984814266511,-0.0006958324835287595
23,3,-0.006701841235074898,0.0008100164286459784,0.003853260610302581,0.007802563790609016,0.00040250065692040704,0.0034870606679772006
23,4,-0.008777523198766906,0.0034777925756398205,0.005860622606916782,0.005128049728612233,-0.0005886630561323288,0.001447924723252976
23,5,-0.011588667123580334,0.00424277568371483,-0.0009727310048545668,0.0028789176116814637,-0.0005410516501443553,0.0003282340956457534
23,Aggregated,-0.016311865069263222,0.0022197715405894098,0.003762593544796123,0.0010499908951943026,-0.004642772024264502,0.017079500778718067
23,Centralized,-0.017866244265982503,0.0024690686136447297,0.003685601304368119,0.0003754920217087713,-0.005333552711888028,0.019888241840025436
24,0,-0.012098367719334304,-0.016941233778030796,-0.004592042823091839,-0.01171769050982124,-0.01891946676500909,0.07683948727926751
24,1,0.0031301009433334238,-0.0005087777327835444,-0.0008481075742230821,0.0039485215292747585,0.006616597863938896,-0.02135747116168561
24,2,0.003247604564997894,0.0013966449393478483,0.001669763479886677,0.0016985183695786465,0.0069692139303713764,-0.014765000776739047
24,3,0.0014683701515593528,-0.0024576490048338097,0.0013919802823807578,0.005021886206717954,0.006791573612837715,-0.024420558233320996
24,4,0.0022836982816700825,0.0005019224410431012,-0.000318668036531324,-0.0007111095430650378,0.009565100580625305,-0.01678316386847837
24,5,0.0009188239857999733,0.004327635136908063,-0.005261624661728871,-0.0008666082855545759,0.006984703415705424,-0.010086702793130451
24,Aggregated,-0.0003178995671085478,-0.0024559991329313213,-0.001365597856127857,-0.0005729711363661439,0.0027385008462147524,-0.0008199565376098474
24,Centralized,-0.0007600730770041308,-0.003053234441271228,-0.0015017321099422356,-0.0008435372214463517,0.002093558785248869,0.0014286839263795471
25,0,-0.02399196912097365,-0.0008833179670572545,-0.04553698576786522,-0.010763934682517793,-0.006804051463242466,0.0909816438862609
25,1,0.005889369872733308,0.00813756228575416,0.0036252520858723928,0.005408496870167313,-0.008598788768369283,-0.005550883312849692
25,2,0.0018717730199907538,0.006900145157732805,-0.006125013029142259,0.0016921372740412144,-0.003096909713853085,-0.004670662441099163
25,3,0.0010685234561069272,0.0056986055675358515,0.00865578404937592,0.004789628238160765,-0.004806234713825366,-0.006222376972275167
25,4,-0.00023191317562280359,0.003964675253284543,-0.005053729839013819,0.0015854554413150812,-0.002363583188184386,-0.0013162884179898618
25,5,0.003068572082792963,0.008512345262357397,-0.011540913760967051,-0.0025511023100120564,-9.828217687328562e-05,0.007254336660028052
25,Aggregated,-0.0023172633298647874,0.00531315126453941,-0.009763326268422778,-0.00010257908010813486,-0.004324724505400184,0.014342526523220621
25,Centralized,-0.0032441594337028535,0.005483830514570746,-0.011086959670652739,-0.0003580050061680347,-0.00456936357298889,0.017039969507626464
26,0,-0.005979621972471031,-0.03519740506305179,-0.006482154437201716,-0.012756158622404336,-0.021519464213627323,0.08767050878321482
26,1,0.0015805813845162849,0.0008268080777851665,0.0027556717477017724,0.003127671854541947,-0.00622250291256484,-0.005268886153775502
26,2,0.001509533934643755,0.002004411465489231,-0.0013816806339422686,-4.190206222192868e-05,-0.0019059583388334343,0.0028767072655308903
26,3,0.0038569964130197748,0.005810248211186828,0.0028856961143809224,0.0010346923216216608,-0.006184022561370807,-0.004573252054523146
26,4,0.001096858813477908,0.0053521372695055245,-0.000763716256336385,0.0025861145472085728,-0.0015156848262457198,-0.001085220882141528
26,5,-0.0015408496419483072,0.0033977096201979543,-0.0036337805462092376,-1.5789311376394426e-05,-0.0021358455787941714,0.0028350694427893837
26,Aggregated,1.4520090072735095e-05,-0.0033540520460904194,-0.0011678087790472462,-0.0011516975706701064,-0.006759667264747197,0.014628737736109614
26,Centralized,-5.670510016429857e-05,-0.004645876557390413,-0.0012781394962619508,-0.0014820161890162628,-0.007329790341233628,0.01715592794944855
27,0,-0.021489857174059178,0.008932200202236625,-0.03451811384283606,-0.0031573889774800315,-0.009381003682776983,0.07933810051165772
27,1,0.005595217893742715,0.0036210584336767043,-0.00025023570972310225,-0.0015758466986997954,-0.0023169935183897762,-0.0018751823513841574
27,2,0.007038908951897784,0.005447851204555128,-0.007712570576308569,-0.0051554477211201025,-0.008453317753128044,0.0024732778277016475
27,3,0.00494975861443862,0.0006647186133949619,-0.007610655179979281,-0.0016452046950495341,-0.00406683980731415,-0.001319126411312612
27,4,0.0010093738264713027,-0.0028993104035915113,-0.008260019888556923,-0.0014051574979777148,-0.008100251671589993,0.0046189004838027275
27,5,0.0040367570619296205,0.003899751770378594,-0.005703960240329468,-0.012250826290200245,-0.0006285304425373867,0.011899858182749915
27,Aggregated,-6.987217666167608e-05,0.0033454977134839137,-0.010961746341092662,-0.004185833382654044,-0.0055377876848590035,0.016616995898997542
27,Centralized,-0.0006894928698212837,0.0036894804323604775,-0.012076060812491247,-0.0039936367205582945,-0.005771272590446239,0.01858519245501337
28,0,-0.03949760790706163,-0.009506225389268265,-0.022663622160961974,-0.012658909296695671,-0.008187770386751498,0.0788214118973174
28,1,-0.0018285817908996508,-0.006073059712366338,0.0060670176558052435,0.0011294869602175097,-0.002853350268408846,0.0003915870679053681
28,2,0.0006187491670033296,-0.0021842752038465645,0.004550895159688192,0.003522375153672804,-0.005091356260281254,-0.004151368398666117
28,3,0.00038564264326232205,0.00011454836523527116,0.0036885925938273728,-0.00026975552422659014,-0.0005161831310733107,-0.0003267168149426958
28,4,0.0011075376141732485,-0.0011606080263217966,0.005785832338025399,0.004881886557584671,0.0036640329476997514,0.0010627236032212531
28,5,-0.008157092595584645,-0.004465568744970777,0.001131334983978527,0.000393040195220488,0.001804031385707752,-0.0006628315279001875
28,Aggregated,-0.008274075217591622,-0.003946654988967509,-0.0005088063239261564,-0.0006460700612874429,-0.00193924885582906,0.013317260176397868
28,Centralized,-0.009598444832026029,-0.003824510800132158,-0.0011794481196445686,-0.0009547363436337142,-0.002151112028639235,0.015598919380439148
29,0,0.014390999878513826,-0.02380403211100553,-0.023275014388016244,-0.009495175039952434,-0.031043756228508825,0.08426816627261872
29,1,-0.004289903420089341,-0.0006320412274773701,-0.007265742958810718,-0.0041029772232006895,0.0025958336969727305,0.0043928786995031015
29,2,-0.008487105093482801,0.00028787649273337435,-0.0031933158230107715,-0.0029097164141847634,3.697854253604434e-05,0.007994151780637587
29,3,-0.005272695886421984,-0.00029980866190997853,-0.004708308718998346,-0.0015851396428447665,0.0019049181079249472,0.006710865815674406
29,4,-0.000639758332701642,-0.0014075178673926476,-0.0031294730921513155,-0.004927139415626292,0.0021267472265854947,0.004593522016682538
29,5,-0.0009728898749333051,0.005414748979375314,-0.005962047422003133,-0.008013221358785207,0.0018846363671794597,0.013196970488463654
29,Aggregated,-0.000695507135837826,-0.003651318046839293,-0.00810636538669577,-0.005224051721183848,-0.004076315629470925,0.020960895927305892
29,Centralized,-0.0001941766028649622,-0.0043320824509948,-0.008669561426069693,-0.0051694407870188,-0.005051197980704146,0.022828859950260787
30,0,-0.00226659023775655,0.006645764182952676,-0.011177135637502339,0.0040243689603121045,-0.036814959338939954,0.06337028004152014
30,1,0.0037890313403935315,0.0023243318554592896,0.0014503009638012808,0.004671140962453155,-0.0029154252003655424,0.002995057000938381
30,2,0.0013407596355962204,0.0018153640934326773,0.0030683174797654484,0.003381021964704311,-0.0004214766562597764,0.006208738757095994
30,3,0.00607105803400975,-0.00228731499399686,0.0009820122624685345,0.0030786735952759393,-0.0012439911045769839,-0.0005494322954035455
30,4,0.003840428622116417,-0.0024350536703678315,0.0020166594457383504,0.0013486735454524815,-0.007356970177522764,-0.0007705479027802349
30,5,-0.0005955469164455421,0.0027383632345816212,0.003328692696362798,0.002300930774186763,-0.0069632969251946925,0.00233007390290774
30,Aggregated,0.0019783508883680157,0.0015289932936249564,-0.00018852212364020473,0.0031448071028473182,-0.009616037156482174,0.012876690609843632
30,Centralized,0.0018760093097562815,0.0016994303509077274,-0.0005510243237303702,0.003327792866721889,-0.010343268677518015,0.014085787753404687
31,0,0.016428546886151557,-0.008183781619537027,0.010420222096297985,-0.010381195529522734,-0.12416508647955629,0.05452142336315179
31,1,0.0015466406876219765,0.004964601075873436,-0.0008168805344519149,0.013005015795030644,-0.02546313918802695,0.006956167003054528
31,2,0.0013829674276583325,0.004931692252102397,0.002625170377260223,0.005915292749427063,-0.023691126586632895,0.003094352856138415
31,3,-0.0024196985699658337,0.0008616599901228317,0.0010587841223859474,0.007763546340038115,-0.023136899281284113,0.003866624034360581
31,4,0.0005943864032834793,0.0021641611495840304,0.003825453221233168,0.002012785886100113,-0.01677063516647216,0.0026586637864883522
31,5,0.0022402650161511667,0.005623459198948002,0.0010082556790600035,7.21795753167356e-05,-0.016867459421576397,0.005632959561004279
31,Aggregated,0.0034529568831741064,0.001608155187807022,0.0031088794369196187,0.002903415728485516,-0.03937782126918379,0.013288661503446339
31,Centralized,0.003922958554234748,0.0015662794688463368,0.003472878905843524,0.0025981169665786094,-0.043080318519546634,0.014872478293178193
32,0,-0.006510381044690676,-0.019629835007115716,-0.0016315279528788345,-0.016904897812917173,-0.018867610733963217,0.08773998818477625
32,1,-7.527879852819687e-05,-0.002537111328949356,-0.0015408135616610656,0.007768893951743667,-0.002560420939669959,-0.0071741229393830356
32,2,0.0009302848083193864,-0.0038476759330426163,-0.0015907192890741155,0.007298267210192344,0.0012146256598795462,-0.004363063509268612
32,3,-0.0041667409595360005,-0.0019840326163745566,-0.0019255333101751814,0.007609268882971291,0.004421192042701537,-0.003990963954563226
32,4,-0.0003158762585971845,0.0027619493112824188,-0.0015255257728076337,0.006397787867939016,0.004396468843476737,-0.002138864777372037
32,5,0.005151202717472427,-0.0025429733202309204,-0.0075168768164542805,0.0007421159456271618,0.003858071955318714,0.003639752758479543
32,Aggregated,-0.0008992144998146539,-0.0048097653258581995,-0.002609960997656481,0.0019234528149392526,-0.0014674037196482134,0.013190004150613293
32,Centralized,-0.0011639981179662729,-0.005268110279712682,-0.0025838029016430684,0.0013274726201479797,-0.001885254593159238,0.015794475194432493
33,0,0.013745920342577274,0.003608116036965614,0.0009036365596906737,0.003298442535967826,-0.026501790753065208,0.06391474799085463
33,1,-0.000855137934583953,0.009189832292082851,0.007221925627158052,-0.0009446756842149169,-0.007927138739753467,-0.009688254376313477
33,2,-0.0028778453328737945,0.007209663016759807,0.006826243275028568,-0.0030742909587887354,-0.0037315201154304533,-0.010334103502893143
33,3,-0.0011144656553747337,0.008829374724541669,0.006294293662783214,0.0007808018007866087,-0.0016707156149786196,-0.009972535111318633
33,4,-0.0016185921879139007,0.00333773819383264,0.0031871934167591338,-0.0017336208586144757,0.0017134159317837893,-0.00786396587790061
33,5,-0.0002590478423529811,0.0025286418319473442,-0.00034478611138698175,-0.006277785593728142,-0.0012883794197552628,-0.0021027391186343304
33,Aggregated,0.0013208971876222473,0.0057578110928628076,0.003977454993606399,-0.001269759986622984,-0.006806658379886235,0.004710543990858181
33,Centralized,0.0016552462223784817,0.005861057505543346,0.004016223060105572,-0.001204153505626903,-0.007531339001654748,0.005915569397895601
34,0,-0.039668692458231604,-0.01889170301170604,-0.00297508337926849,-0.02337246410669841,-0.0022099299986418587,0.057055590108182584
34,1,0.0033740005313375255,-0.016203255231062752,0.0055001396320456565,0.007830505092234177,0.004065199657393712,0.004517723509191715
34,2,0.007981068122191055,-0.019779833098981608,0.004467733724439023,0.00457351618558864,0.00571263349602647,0.0060308659685868625
34,3,0.004119112603761347,-0.018419105656156416,0.0024965519839286673,0.008892222193167367,0.005297337934137828,0.003707354949420557
34,4,0.0031862540182457364,-0.019161082689509522,0.0013743621857509067,0.007070613963975853,0.003934450693820664,0.003189591768711788
34,5,0.0016385771042999912,-0.019124751959837743,0.0035726374408997525,0.001407650574965654,0.007465415905835504,0.009666864520164433
34,Aggregated,-0.003665128114306739,-0.01860015937661957,0.0023415477567469926,0.0007740266407951094,0.003969210213802166,0.014543813755074967
34,Centralized,-0.004772238638013833,-0.01847005602923609,0.00234664159628134,8.514823272766955e-05,0.004010930577876953,0.01575827168571894
35,0,0.008069930427956446,-0.025420520960224124,-0.011653355150647323,-0.005314220242358865,-0.025950377519533156,0.06318304323421108
35,1,0.0005706893084154178,-0.00980678037771737,-0.00025101272112070775,0.003846193186984183,0.001304854065280366,0.00121192507114423
35,2,-0.000345929289247926,-0.010004036149605938,0.00421495699632122,0.0014001152835926905,-0.0006600363547535644,0.005404302769683327
35,3,-0.0006815057050082901,-0.012636704669722196,0.0027234078733685985,0.0042972062706709635,0.0013098436080753245,0.004965278851093385
35,4,0.00027411207842230795,-0.004892290487947714,-9.094241131458921e-05,0.0019014337865078414,0.005367470024685003,0.003346346830452197
35,5,-0.0009240415379992261,-0.009685001850561625,-0.0016110218145937067,0.000962427376820609,-0.0020216283583241682,0.006181591227913072
35,Aggregated,0.0012433723718354426,-0.012234218002907351,-0.0012377058207334775,0.0011043135352119867,-0.0037114807019807375,0.014637770517737434
35,Centralized,0.0014983903366597518,-0.012671928893283068,-0.00163199598003294,0.001048115628589327,-0.004326304677525192,0.01591126058617591
36,0,-0.014097696547121494,0.013530284285458334,-0.02598282694541795,-0.024726741368586103,-0.00090436790920284,0.04929559013766258
36,1,0.0012683842373366744,0.00147103333359667,0.006320482462529221,-0.010058963440953765,-0.0027046026318042872,0.006987743566422488
36,2,0.0009854233162663727,0.0007573847121489526,0.005698587439433168,-0.017142198454856625,-0.0027778622730551686,0.006734737691512374
36,3,-0.005300250815434876,0.0015484673674133439,0.0067518763138957215,-0.014957790653778944,-0.0006406507047296232,0.006527348255897139
36,4,-0.0032158601787193397,0.0018613609228377481,0.0031277863383242658,-0.011166863734759723,0.0008526238591620679,0.0030406330313544104
36,5,0.002387430043624355,0.004931873524997345,0.001998316951838685,-0.006908614369310231,-0.000544993485910536,0.00924331788432154
36,Aggregated,-0.00312852244856086,0.0041307825789867495,-0.0006549446266456232,-0.014286867217538945,-0.0011173908175827584,0.014065689307499726
36,Centralized,-0.0035052672434813395,0.004537031034015123,-0.0014300279286737598,-0.014764557367250812,-0.0009849977547638695,0.01504344814564777
37,0,0.0059064539253099535,-0.023214963420986997,-0.01796950475049114,-0.00919075803713129,-0.04309468354766801,0.07207537756463021
37,1,0.0030336819334612327,-0.001749165543859571,0.0035410830770947446,0.000822661285411208,-0.010308959031930114,-0.004695854996673501
37,2,0.001681525218194335,0.002797572731332633,0.003296712198712428,0.0024638732654908625,-0.005916875526977844,-0.0014329300645073903
37,3,0.002167817231662261,0.0013161490240069407,0.00334619517384114,0.0003032556920800696,-0.004922067905982055,-0.00532129310707172
37,4,0.0018130418127885331,-0.00026178075618740564,-0.0014894223483260403,0.0002778122625991401,-0.00302774115973337,-0.0007122030782831585
37,5,0.00029808477628810265,-0.00016377148058518236,-0.0037041855825654816,0.0029252469738168794,-0.006663761898847156,0.0033247818788430692
37,Aggregated,0.002524469351723608,-0.0037817850913555735,-0.0023526733648386,-0.0005050393177275256,-0.012691247303827525,0.011277337449454644
37,Centralized,0.0027256530912377072,-0.0043684864923117205,-0.0028472390401482165,-0.0007800407746175927,-0.013766859006107069,0.01318763142071656
38,0,-0.004107264494940141,0.008227244591056015,-0.00637004448518069,-0.016949272047384976,-0.02589614741668527,0.06327867559138642
38,1,0.008035258262834114,-0.005359197794849902,-0.0006594103767773292,0.007071204810285677,-0.003686276102952408,-0.002409424698957447
38,2,0.00020825236211963378,-0.007108447187497694,0.007581099979882383,0.0030761301758239048,-0.006616365623019579,-0.0034586289858841482
38,3,0.0026161365347337094,-0.004581989942122232,0.004770867761698621,0.007189226335377662,-0.0004426128429195742,-0.006483352965380004
38,4,0.0018436313396872005,-0.004613077391885245,0.0038471279097143356,0.0041109215133111965,-0.0009370854877667928,-0.004304360523764738
38,5,0.0036078207324330017,-0.004184100587294454,-0.0006832301918809957,-0.0005379694939796694,0.0012753177033524392,0.0006689066508340114
38,Aggregated,0.0019603512339537604,-0.002802762479287205,0.001321081731260622,0.00044893956906332064,-0.006288437814938833,0.008546065558618605
38,Centralized,0.001858575254246343,-0.0023284887931443793,0.0012638436184489433,-7.489201127504927e-05,-0.006962740095000279,0.009893491240676082
39,0,0.0016637323085642007,-0.04150924521010915,0.0029052307318094654,0.009400489537747575,-0.02747445529336562,0.06886832278471754
39,1,-0.0003422543514231676,0.002898233636036218,-0.001099383727217428,0.0015072766097825956,0.004608248894213049,-0.0014161468630805737
39,2,-0.0006117694382046049,-0.00175148123496267,-0.0015124711532424396,0.004388094358799171,0.0032922345163752505,0.002395266898641925
39,3,-0.0014003377410926091,0.004644709562130382,-0.005327477612650836,0.003958547907863239,0.0008568552543322505,0.003262680531513693
39,4,-0.0005156150287695375,0.0017433649204456675,-0.0013128377794177192,0.003371318611815302,0.002743309097705722,0.0028878535410870217
39,5,-0.003662998360220693,-0.002299812493636661,-0.00046944640894123574,-0.0009099245135292237,0.0034116835070440703,0.006112213515980289
39,Aggregated,-0.0007818668358653311,-0.006470842480220283,-0.0010876172313559192,0.0036886053832099934,-0.0023979522878050203,0.01434656968945423
39,Centralized,-0.0006884790204804907,-0.007419773651239387,-0.0010097267762289937,0.004002144052927391,-0.003145041727668696,0.015669773913886974
40,0,-0.013226033201226629,-0.01307791012254314,-0.059550401965314484,0.0019881489909559674,0.0022879345469123194,0.06576917897373893
40,1,0.004287812017103021,-0.001354662570845544,-0.006727011310247727,-0.0009772858304219108,0.0012907370028081863,0.00030864085622781906
40,2,0.0027503723480535288,0.0019188153853388179,-0.004155381566664196,0.0008635330756867825,-0.0032961924949207392,0.0018476761924595723
40,3,0.004546119938970648,-0.0020052026573845376,-0.0042077666934480324,-0.0007409825970036828,0.0006115665292979226,0.0017326132770675074
40,4,0.0009685097004636415,-0.002885380059440051,-0.005313082801967339,0.0028665985728046016,-0.0015446374970962704,0.0058707595349244265
40,5,0.004944329195491182,0.0015929012221026406,-0.007529956609216992,0.0015559564731718934,0.003687252745453916,0.0016529313262286338
40,Aggregated,0.0005447641355943496,-0.002760426657469935,-0.015119698680976684,0.0009387278982692892,0.0005274706711082273,0.013497865675156342
40,Centralized,0.0002591469341666942,-0.0029282914804650427,-0.01659409356990574,0.0010378983259785183,0.0006845955152779711,0.014874621782087101
41,0,-0.008111022726292116,0.009749560464165736,-0.031654262078265924,-0.014515104556780718,-0.001770031037425262,0.05088540158857003
41,1,0.010234866076492322,-0.00047870295791788885,0.006324366344076498,-0.005258804051280404,0.0038300761395171404,-0.008233509761584629
41,2,0.0010854564544473977,0.0002056904459307174,-0.0024129300752501357,-0.0037431967914744752,-0.00012746252072138865,-0.007220323235990727
41,3,0.0052390136423125025,-0.004649827708535745,0.0053985174315415605,-0.0030297194891041883,0.0019679738467040806,-0.010834894449324
41,4,0.0025218813557578708,-0.0017729358864904342,0.0035954297442501596,-0.004821075292389024,0.0021612982790008414,-0.0071467953898348285
41,5,-0.0010359869533200486,0.00020612957255735086,-0.006256102583172011,-0.003385228243394098,0.006607911625034654,0.0029019208320684516
41,Aggregated,0.0015386177034234963,0.0006536835214623481,-0.004497008540304693,-0.005896758498142269,0.0020650943502767624,0.003961318465344388
41,Centralized,0.0013757630883307424,0.0009197025543582001,-0.005270056318806326,-0.006185574282405468,0.0021495149726640243,0.0049686885547909915
42,0,0.0017093916363260105,0.014941880048464877,-0.013846700037221235,-0.02582134889566926,-0.024921956626772115,0.05614711964861984
42,1,-0.0005720123874775332,-4.052298505637745e-05,-0.0012888380568276403,0.0015300347777065574,0.005448692408918424,-0.005213112404789323
42,2,0.001280795585291026,0.0015967325340541182,0.002505046317311514,0.001908496602306242,0.0013657891648252499,0.006599217656791439
42,3,-5.471046375204643e-05,-0.0010454701126000998,-0.0005338663686050386,-7.666792915521081e-05,0.004059199103821266,0.0035972449016487256
42,4,0.0020264900190770543,-0.0003930853166743705,-0.0004755684736262718,6.789298453447335e-05,0.0017591733081632082,-0.0005308289953008768
42,5,-0.0030047392784808384,-0.0008842728680763153,0.00023996458943849978,-0.0030249392492260013,0.0021023747794868017,-0.0003704465761477168
42,Aggregated,0.0002485937300330211,0.002513344786763249,-0.002372548260054158,-0.004494852977220588,-0.0019761995891121593,0.010590953331499113
42,Centralized,0.00034011515434188936,0.002866625293307117,-0.0025655311975554857,-0.005067634410708052,-0.0025266255365030245,0.011663169215173345
43,0,0.012045802563840868,-0.010720092879765766,-0.032496932487162,-0.01582282471072261,-0.024109151620123292,0.060921543664232004
43,1,0.001324957825294008,-0.003996319632028155,-0.0027263058013869148,0.0018272999600479549,-0.0045876826113173935,-0.004383367872105638
43,2,-0.00039035108221883904,-0.0002130306652991539,-0.0014701651461539748,0.0009583587410345132,0.0011119940095981292,8.197050538564787e-05
43,3,0.003407837161615617,-0.001953932824755918,0.0014551548668808255,0.0025762817407258614,-0.003617540218788867,-0.0018044649034489066
43,4,8.230246311590379e-05,0.00012269790613079017,-0.0039564881114167545,-0.0005260067507562231,-0.0013081817002352947,-0.0008029742495468303
43,5,-0.0007825803260695097,0.0010967943809235584,-0.003276436319658139,0.0002290063376850874,0.0020089352472298836,0.0005081518450053724
43,Aggregated,0.0027277220671850203,-0.0027078634167957112,-0.0073832449608699224,-0.0019611707175583755,-0.005311682969439846,0.009708205242168103
43,Centralized,0.003065862831281123,-0.002903860272474538,-0.008254967011298861,-0.0023910294855939616,-0.0057336883927529845,0.01100946611852688
44,0,-0.02887431632978281,0.016654523404850973,-0.03789938786227675,0.0004156549280121028,-0.010088363645874975,0.05911193349039312
44,1,-0.003498623567964866,0.006090871229599291,0.0052802732465909875,0.0039919821324521645,-0.00562885838193863,0.003391624233866541
44,2,-0.002360317552089321,-0.00015234303445793264,0.000679680697883771,0.0015833103085438037,-0.008749672572774493,0.003031663950384802
44,3,-0.003931825982233399,0.0020402732247975027,-0.00042305066755358414,-0.0004920842131073041,-0.003339868897306545,-0.002912351238998771
44,4,-0.003563913347074104,0.002226839022783897,0.0006188068043588889,0.0010259668837293383,0.0010134013883282703,-0.0005438580559907535
44,5,0.0020561388236962977,0.0004386552656543863,0.0002659367754877443,0.0012069712055887804,-0.001078555441132659,0.005280466835608884
44,Aggregated,-0.006961356525754685,0.004694914716638675,-0.0056377358941945175,0.001278168262793598,-0.0047105708691549016,0.011800630062471567
44,Centralized,-0.007727193701666921,0.005196070574057078,-0.006527965446954851,0.0013370953652937759,-0.004779078731212703,0.013005721860656676
45,0,0.0026435050823317994,0.0022287306343034153,-0.033404927848029314,0.006906403709534249,-0.008239818213368387,0.05448172991353289
45,1,-0.0026092833406594785,0.003272463902852583,0.002029415444236098,0.005848352425464284,-0.002903733776810654,-0.005749993687280355
45,2,-0.0035254066203246567,0.00476767680282427,0.0005573454991008911,-0.00063398096268704,-0.0014978419384924435,-0.002795992781721366
45,3,-0.0032813065461328346,0.00436236385965178,0.0031536214578496776,0.007100064794789234,-0.000462446085390276,-0.004720393967691889
45,4,-0.001216823923436087,0.004834123971604068,0.0007880014611784614,0.002605438713906878,0.0005287164739709397,-0.0015701955403558978
45,5,0.0003338521687681173,0.0012933355564086662,-0.004443473595559866,-0.0009291349310686721,-0.0027618467374995164,0.0029084099650275104
45,Aggregated,-0.0012289245285633142,0.003445024590627795,-0.005557884148000117,0.003523898807155523,-0.0026242974551947,0.0076603661758855544
45,Centralized,-0.0011307218409236468,0.0034984775580971907,-0.006396350984126167,0.0036839241696685733,-0.002706103858248983,0.008613060444825108
46,0,-0.022948728597351708,-0.031248010362688792,-0.014055059089037229,0.008928389835678582,-0.01121999030911282,0.05412739951243007
46,1,0.00888909877674433,-0.015000550195853588,0.00376054970658373,0.002028045060685511,-0.002357779521826397,-0.00030964098835405406
46,2,0.0030028835883883017,-0.002521640708124247,0.0017915345621896017,-0.0009601672316159641,-0.002041874848894506,-0.002060656035995555
46,3,0.00320847927558993,-0.007923801359695634,0.0006267735984660942,0.001985959355166366,0.0019259449231385525,-0.006013496205346309
46,4,0.003343079994604482,-0.004808756179775804,0.0004904766322421039,-0.0001671697607237473,-0.0001425267365553947,-0.004410793768373027
46,5,2.5912955557583216e-05,-0.008503638316296833,0.001864448419678305,-0.0007446639513550827,-0.005862175471691454,0.010134298201172986
46,Aggregated,-0.0010127057028646805,-0.011902461455245041,-0.0010776733910122251,0.0019299805277419799,-0.0033782149260046255,0.009123900310116251
46,Centralized,-0.0016272027816221285,-0.012346363044087151,-0.0013641470316235586,0.0021740501128870516,-0.003376694841106095,0.01002853503614137
47,0,0.014231479231888635,-0.020064082396856437,-0.0006113022052521314,-0.0065144993922819075,-0.0266710441615754,0.05034670560955389
47,1,0.0027284031510953505,-0.0020698591618693034,-0.0019342604074763367,0.0005183573904532038,0.00015091438418779652,-0.002653256673910332
47,2,0.0039060316030039214,-0.0008142649323266135,0.0015005635921197505,0.0013571770694237768,0.0016891735175787845,0.001073914809801074
47,3,-0.00048811648658283655,-0.0022857620430373443,0.0010105190774352439,0.0033349261601643087,0.0034886564214202135,0.0011511570784846633
47,4,0.004265661719518181,-0.0013237176655979525,-0.001628877962823394,0.0022619145510000735,0.004089947968045529,0.0008330454596903532
47,5,0.0020954025055685056,0.0016637873444026823,0.0027080660009240957,-0.0026312744904145816,0.0024010418548325876,-0.0006936294718075238
47,Aggregated,0.004573659798571151,-0.00433977354319855,0.00016470238879535048,-0.00035365222811708586,-0.002765278185976241,0.008846530521273738
47,Centralized,0.0049203755560878705,-0.004706109288339677,0.00013548110902333505,-0.0003796269787840515,-0.0032956071365694457,0.00966400031453624
48,0,0.0004950817801145687,-0.0024396285489192582,-0.01405852204475864,-0.02472633638499505,-0.009925544792246261,0.045623359336924345
48,1,0.006191428648156722,-0.003339392767512977,0.001275087343516055,-0.0010384491628203244,0.0037526240332336758,-0.0006136116325233958
48,2,0.0031193484225629483,0.0001319769943454489,-0.007301563482269311,-0.0038311265276305202,-0.0019542287888666457,0.0006945862801364777
48,3,0.004028744811144262,-0.0007397276385814388,-0.0017481815526711392,-0.002882431313011967,0.0026677339142470277,-0.0015426975642232517
48,4,0.0037041833198313925,-0.0035303084137318233,-0.0035381973422098996,-0.0017098715742391558,0.002190995540597252,-0.0002769391917946451
48,5,0.0020205253276429367,-0.0009753272574835085,-0.00516308371185347,-0.005122897849435215,-0.0020584664926712325,0.0017748741012886596
48,Aggregated,0.003226740886150033,-0.0018228845160597775,-0.005196602615513873,-0.006769728070415988,-0.0009961588508666582,0.008065634018887588
48,Centralized,0.003206445710831551,-0.0017542262744557509,-0.0054304780443511814,-0.007335228567556573,-0.0011300146185889324,0.008799543837138941
49,0,-0.002728067214445025,0.01259167250505879,-0.01168168559529088,-0.0025837228546017623,-0.014183249219335827,0.037683085104146676
49,1,0.0027167367404520412,-0.004874369760275467,0.0010623775035014363,-0.0012440014263415341,0.004083984942550235,0.0013568658570211705
49,2,0.00012192834093314916,-0.001420538041615956,0.0015459950489216687,0.0023718960506509098,-0.0016709805156296161,0.0022700312329131246
49,3,-0.0011254553098176505,-0.0029508881310176963,0.0013502704592567767,0.0022308815505865253,-0.002758441988515036,0.00015256114855628314
49,4,0.000629357119618057,-0.0020056538773363885,-0.0004490153847547048,0.0005022946962608447,0.0024559647669585337,-0.0011329473207463544
49,5,0.0007904885193860012,0.0014830613876972635,-0.0010727991823534751,0.0011729631272744873,0.0015461052113824173,-0.0009344001780985582
49,Aggregated,3.398476299186463e-05,0.0006158555407870734,-0.0016623784690180173,0.0003725157635224807,-0.0019034328940314672,0.0069388995699316
49,Centralized,-1.1758475149103997e-05,0.0008258697202003655,-0.0018575085730117519,0.0003877693989289647,-0.0021155797202367928,0.007441036270429261
50,0,-0.02732437372012106,0.002829028759257598,-0.006206785569188859,-0.004682287651710926,-0.017714502513604527,0.0395421797532753
50,1,0.0008173389772022717,-0.004314309960240652,0.002447480226112999,-0.0013566610682224681,-0.0007790572372646363,-0.0029964044509557222
50,2,0.004154108569913043,0.00162338478357824,0.0024609813214460682,0.00010058354577065498,-0.004507429684016704,-0.0008025576906280067
50,3,0.0018660611465505545,0.00033508751394322557,0.0021791514198485117,-0.001061207791136228,-0.004083895315053496,-0.0022881141455029365
50,4,-0.0004946399916335571,-0.0025318097995256175,-0.003787394584079438,-0.001151555492801215,-0.0011301746178498625,-0.00011088863878310021
50,5,-0.001615147272044091,-0.004309111436996235,0.000651566016616223,-0.0017262050079216256,-0.0007260958098635473,0.0015683294265920245
50,Aggregated,-0.004048525478320029,-0.0010146511884410719,-0.0004457350511762243,-0.0016826186328369555,-0.004978063045567452,0.006223034167405829
50,Centralized,-0.004606350015541107,-0.0008157790785317439,-0.000603312568551249,-0.001732563353356211,-0.0052546923205310375,0.006851559588500264
