Round,Evaluator,2,4,3,1,0
0,0,,,,,
0,1,,,,,
0,2,,,,,
0,3,,,,,
0,4,,,,,
0,Aggregated,,,,,
0,Centralized,,,,,
1,0,0.16821190127247762,0.156757857026543,0.1558157117268011,0.18987542745481195,0.20759299323051153
1,1,0.19261436996196368,0.18085168254411366,0.17538763071268224,0.21204534087075874,0.21289446441241813
1,2,0.1321049936575546,0.10797169756426808,0.11056686334066496,0.11880913312153056,0.12060421976282745
1,3,0.18140730402419172,0.1908368225168648,0.19206966736450337,0.187760525703652,0.18885380321004883
1,4,0.14683771439224444,0.20284186241610713,0.17959661633109633,0.15625815622669642,0.13262840231170767
1,Aggregated,0.16423787014541055,0.16784676625709513,0.16268468711956646,0.17295246201385928,0.17252106921502933
1,Centralized,0.1642447367563617,0.16784627092846266,0.16268717504736097,0.17296114765010087,0.17253408366264972
2,0,-0.0017400609486588892,-0.01628224812152511,-0.025168655640077205,0.01723660641589318,0.025954358294368023
2,1,0.0015278407835200329,-0.011828407253608769,-0.024393690895767157,0.02181375114864311,0.013508625001453955
2,2,0.013466350126267006,-0.009619569644706675,-0.008246342911007934,0.007208276600449176,-0.001307474775686925
2,3,-0.0014026517794836029,0.0014991858571761034,0.004540590835077907,-0.0023389160269830325,-0.0007629681321237499
2,4,0.012946844705443696,0.03877877982848618,0.02800090883668905,0.015833566368381794,-0.0002021579045488553
2,Aggregated,0.004958454722684506,0.0005037707618628588,-0.005058599488631689,0.011950307009981115,0.007439480901852165
2,Centralized,0.004955920479987366,0.0004973491777563714,-0.005064373786882266,0.011949529647782765,0.007441502706678027
3,0,-0.005716844627445515,-0.01726103240514574,-0.019610579942773383,0.01837764905669159,0.024245702189033914
3,1,-0.0013574344837212593,-0.013393469891009752,-0.01918321294389969,0.02253434297611987,0.011364878854497447
3,2,0.014989118923762661,-0.011887721258248052,-0.008338279277077587,0.009173270956254606,-0.0029239255664560058
3,3,-0.0057658757850662734,0.002701209583624096,0.0057687834380088345,-0.0018550825773435771,-0.0006745754826704032
3,4,-0.00920022371364654,0.030919672818791943,0.012081702087994039,-0.004731776659209546,-0.028055672073079786
3,Aggregated,-0.0014091582238764963,-0.00178924707658429,-0.005859207728473492,0.008701871715190438,0.0007957776669442369
3,Centralized,-0.0014093111585885573,-0.0017944833107583047,-0.005862064150363761,0.008704076075572853,0.0008016468145913817
4,0,-0.008374624886593613,-0.01216646893246793,-0.01678414404354803,0.01652534487170539,0.020660315909460988
4,1,-0.0034988542648102267,-0.008003280175873225,-0.016314222237731334,0.019511812122692526,0.008269649067708882
4,2,0.01403775209766201,-0.009694049738737784,-0.0068923180765516215,0.007512015733919838,-0.004719012207752917
4,3,-0.006346243312398244,0.004464410327983221,0.005019772040009302,-0.0006879506862061088,-0.0004960455919981418
4,4,-0.009060402684563778,0.02494814970171515,0.0044439783743475325,0.007292831841909042,-0.01885078765846382
4,Aggregated,-0.002647605159064704,-9.406319639924108e-05,-0.006107157490315763,0.010031402655851963,0.0009759592806034508
4,Centralized,-0.002648029454614851,-9.78639818654814e-05,-0.006108760513686991,0.010031814521571984,0.0009802689455825169
5,0,-0.005838974573708361,-0.011974550445483545,-0.017112731756112307,0.014885314164747495,0.02007583688091746
5,1,-0.0010468646404019955,-0.0079009200777006,-0.016488118086331424,0.01778506705749612,0.007650835746937899
5,2,0.014650467246214889,-0.010015245144246974,-0.006075946420882339,0.0069435231411979935,-0.005328236101898052
5,3,-0.006089206792277289,0.003212374970923476,0.0060153524075366414,-0.0016230518725285025,-0.0004338218190276836
5,4,-0.009593470357941844,0.02740375652498134,0.008781343214019393,-0.004836642431021645,-0.018154595451155886
5,Aggregated,-0.0015824801207555454,0.00014095641947539932,-0.004978276045562827,0.006632704041116525,0.0007650004052623138
5,Centralized,-0.0015825804439603686,0.00013673029570979156,-0.004980473750110552,0.006634619412676457,0.0007691806422484108
6,0,-0.007904715379068072,-0.011606415893176998,-0.017358154790983304,0.01640495963896061,0.020220066531742138
6,1,-0.0029922880971490246,-0.007691547149620211,-0.016860336625141,0.01961998813553407,0.007819497272336001
6,2,0.014495106425071866,-0.009801114873907535,-0.005093740180846993,0.006281930430937153,-0.005288668551944037
6,3,-0.006422423819492893,0.004362060944405682,0.005621074668527578,-0.0013863689230053397,0.00033786927192372234
6,4,-0.010132363907531666,0.02598515566741239,0.006049007270693513,0.003045768083519736,-0.017047678970917187
6,Aggregated,-0.002590296903533685,0.00024571729041309907,-0.005530368938608079,0.008794297808038132,0.0012111115442472232
6,Centralized,-0.0025905445473121606,0.00024180898254040905,-0.005532282313732624,0.008795307183518819,0.0012152123217851454
7,0,-0.009487170539930678,-0.012851559773885102,-0.016782980901202692,0.018419522181124543,0.020492823411729155
7,1,-0.004616673064172814,-0.009138546719242517,-0.016661432343464642,0.022558188226262352,0.007858463900617644
7,2,0.014378731278148212,-0.010281162354967486,-0.005119924588904804,0.0076813415726937236,-0.005890909937273788
7,3,-0.006764363805536156,0.003235054663875318,0.004520237264480092,-0.002958246103745051,-0.0004751104908117939
7,4,-0.011824780947054461,0.021708962527964223,0.0021369313944817245,0.00019400167785235678,-0.019800405480984364
7,Aggregated,-0.003661735973574321,-0.0014689892160738018,-0.006382908593543608,0.009180515332404666,0.0004401689097862139
7,Centralized,-0.0036619282346315083,-0.0014724980101378238,-0.0063843156968707016,0.009181992096407084,0.00044463528502740785
8,0,-0.007926815083629938,-0.012442715239491023,-0.016077535068741693,0.014928932002698486,0.021483239118803336
8,1,-0.003184794872689628,-0.008660478533458974,-0.01581986949087484,0.01883425806376571,0.008830884833257729
8,2,0.014767424268873156,-0.01124533044722967,-0.004844697366430443,0.006789907947258791,-0.0053974793143176025
8,3,-0.005779832519190527,0.003547918120493145,0.0058129797627355095,-0.0013747383112351723,0.0005152361014189403
8,4,-0.008947963273676364,0.0239682373228934,0.007180975018642816,0.0024940576062639865,-0.0164808212155108
8,Aggregated,-0.00221348199371739,-0.0009702655627113073,-0.004751608076876224,0.008335522197766523,0.0017931216569261944
8,Centralized,-0.0022138671284077575,-0.0009739851702903035,-0.004753559642336815,0.008336475220979446,0.00179727609977706
9,0,-0.008540954241980129,-0.01292018517226136,-0.015418033358922466,0.015006862539837627,0.022081675855491235
9,1,-0.0038030266019936716,-0.008697118795873045,-0.014957950936943845,0.018105523955752493,0.009422363355084831
9,2,0.01539468631079144,-0.011272678606756745,-0.0041505196150310435,0.006640365883461907,-0.0063674661639260355
9,3,-0.0067852989067224865,0.0027372644801116545,0.0046621307280763,-0.002173761339846479,-0.0010572226099092566
9,4,-0.013063362229679345,0.022055019574944067,0.002247040454884397,0.001536283557046984,-0.02116424310216257
9,Aggregated,-0.00335824154609199,-0.0016231437812576559,-0.005524818475371813,0.007824165238877485,0.0005864650739810611
9,Centralized,-0.003358212428842074,-0.001626683237214832,-0.00552611490464955,0.007825162098129269,0.0005912567085119539
10,0,-0.008912578221322746,-0.014673040686719234,-0.016359597087491563,0.016976062530532476,0.022689999302114586
10,1,-0.003584348210443039,-0.009728862058135878,-0.015469169836340158,0.019440857963731947,0.009271731165160356
10,2,0.01678245993785566,-0.012631358447090017,-0.004767307893726217,0.007431716882542575,-0.006431472494734012
10,3,-0.005348918353105377,0.0037433123982321312,0.005575133752035342,-0.00102814608048384,-0.0001500348918353119
10,4,-0.009109922632363926,0.027989257084265456,0.0047585756897837415,0.003934214205816555,-0.01911295208799407
10,Aggregated,-0.002033717035947476,-0.0010645542804957164,-0.005254169851673598,0.009351932872752003,0.001256692398297186
10,Centralized,-0.0020341977015346196,-0.0010689399969279348,-0.005255796200876004,0.009352817691387514,0.001261293340594599
11,0,-0.007929722939493329,-0.014373531532789013,-0.015591923139553805,0.014585805010817228,0.02348384395282294
11,1,-0.0025979690825975992,-0.009545079154598651,-0.014602016959207188,0.016699235788812515,0.010080724895604319
11,2,0.01849317459763292,-0.013635094089306276,-0.004415273074282257,0.006852750526597549,-0.006911519975793954
11,3,-0.006236334031170045,0.003158292626192146,0.004693533379855771,-0.0015608280995580205,-0.0008571760874621877
11,4,-0.011951202460850071,0.026974389448172986,0.0025872716256524968,0.0003676127889634876,-0.021054134041759827
11,Aggregated,-0.0020430365347916405,-0.0014885223604040173,-0.005467074961942359,0.007390119096118544,0.0009518431657124112
11,Centralized,-0.0020431578996364776,-0.001492745730523772,-0.005468397264928622,0.007391232504340445,0.0009567629713413387
12,0,-0.007317910065833879,-0.014607904715379047,-0.015119687347337579,0.013490706492660558,0.023624584176611573
12,1,-0.001616824277954193,-0.010070256249200321,-0.014190831792115954,0.0155837433553175,0.010294168963952965
12,2,0.019287434975386646,-0.01477847990783088,-0.004549104493244453,0.006762559787731724,-0.006652585273888918
12,3,-0.006282856478250766,0.003521749244010247,0.0045888578739241665,-0.0015491974877878494,-0.001534659223075117
12,4,-0.014014727815063391,0.02977838366890378,0.002087994034302737,0.00030818885160325643,-0.022319514354958936
12,Aggregated,-0.0019872853271794915,-0.0012359969766223477,-0.005437863387428406,0.006920330931886378,0.0006860480231213328
12,Centralized,-0.001987069386843145,-0.0012405801553721748,-0.005439072980231724,0.00692134575193518,0.0006910989159324088
13,0,-0.0068759159745969654,-0.01462244399469609,-0.01415427920068857,0.012484588363923996,0.02316805080605765
13,1,-0.0008078305475102077,-0.010249968012469317,-0.013128845773574826,0.014511288690372317,0.009814937595235584
13,2,0.02324477184652446,-0.01683191937529821,-0.00426340350754693,0.007996718220856763,-0.005118760837435547
13,3,-0.006204349848802067,0.004321353803210041,0.00471970225633867,-0.0013543847406373563,-0.0009938357757618365
13,4,-0.015545768083519765,0.03525878542132736,0.0021386791573452858,0.0007666853094705458,-0.021744500372856104
13,Aggregated,-0.001235798652021993,-0.0004302208237227422,-0.004938862919334926,0.006882019387979966,0.001028778420730644
13,Centralized,-0.0012354600421711158,-0.00043544235450733345,-0.004939978309338625,0.006882828536718202,0.0010336810355661566
14,0,-0.007049805755228346,-0.01527031428106172,-0.012993463140019087,0.011647707446437314,0.023630981459510987
14,1,-3.838503681472168e-05,-0.010352909702108838,-0.012562957276290828,0.013402193763013123,0.009621849228228153
14,2,0.024656402378708038,-0.01754995403181695,-0.005167638399143446,0.006717173480431517,-0.0059677175342433405
14,3,-0.006089206792277285,0.00416899278902072,0.004698185624563876,-0.0015619911607350396,-0.0010764131193300626
14,4,-0.014211059843400447,0.03847233873974643,0.0006740538777031808,-0.0005726836316182075,-0.02369849925428785
14,Aggregated,-0.0005444899789892089,-0.00011217878215148301,-0.005071387070127731,0.005927571490447237,0.00050585694990959
14,Centralized,-0.0005443611262387053,-0.00011787896983324609,-0.005072170322892948,0.005928509255768258,0.000511080390431871
15,0,-0.006792169725731016,-0.01709761090562262,-0.012439225812454918,0.010721846139530554,0.025607160304278013
15,1,-0.0002465947819613734,-0.01068325365530238,-0.011634155703667552,0.012740342673692276,0.009998138907305965
15,2,0.025230713728776055,-0.018299409978005114,-0.005096649559520098,0.0066048714636502024,-0.006205122833967589
15,3,-0.006061293324028866,0.004185275645498919,0.005080832751802737,-0.0016532914631309718,-0.0011677134217259947
15,4,-0.015313315622669648,0.040632573639075326,0.0030702367636092484,-0.0013894714765100532,-0.025671723527218537
15,Aggregated,-0.0006344627916673586,-0.00025864799475397784,-0.00420503568815901,0.005405985120442059,0.0005162758771588972
15,Centralized,-0.0006341958396753019,-0.00026473312573600897,-0.004206056628451976,0.005406955906516033,0.0005219024478795612
16,0,-0.006022751064275241,-0.017389559634308032,-0.012443296810663697,0.009758182706399592,0.026097424802847366
16,1,8.258598829837815e-05,-0.00991206337020625,-0.011348594293424528,0.011833641576810789,0.009344430098521607
16,2,0.026016245970510547,-0.018727088642949433,-0.005317762338674923,0.00613937087595575,-0.006504788837295891
16,3,-0.006483484531286337,0.0047138869504536,0.005097697138869552,-0.0013805536171202374,-0.0010403582228425004
16,4,-0.016415571401938875,0.04342782904548845,0.002314620618941084,-0.0018712714392244403,-0.02528838087248321
16,Aggregated,-0.0005623443595050048,0.0004161232820434108,-0.004340618287421974,0.004896983268291492,0.0005257407723056236
16,Centralized,-0.0005619324238150481,0.00040972542229299284,-0.004341506895861541,0.004897970107848201,0.0005313281108178858
17,0,-0.006546165119687362,-0.018232837834694215,-0.012245562611952447,0.00884220810942843,0.028182357456905574
17,1,-0.0003315071361272959,-0.00961370694769167,-0.010939735492200852,0.011300322201672671,0.009584627374347158
17,2,0.02535407138451513,-0.018932490777269603,-0.005360239267302066,0.0060183407231551595,-0.006381431181556872
17,3,-0.006759711560828119,0.004795301232844827,0.004777855315189583,-0.0014532449406838863,-0.001325308211211936
17,4,-0.01646567393736017,0.04421956562266964,0.002197520507084257,-0.001455303877703203,-0.027936824198359418
17,Aggregated,-0.0009475972355443079,0.0004405693933011278,-0.004315156564642795,0.004651467914207919,0.00042915535278066283
17,Centralized,-0.0009472209421939141,0.00043404595999795476,-0.00431602269606544,0.004652321040407016,0.0004352096220891037
18,0,-0.007017819340730908,-0.01864051922674296,-0.012170539930676712,0.008396724591155461,0.029362365366273516
18,1,-0.00075025299228809,-0.009270567982226563,-0.010747810308127161,0.011032790126903232,0.00980563213176535
18,2,0.02536454514773824,-0.01871254174958398,-0.005629065856695625,0.005985173806281953,-0.005925822481350878
18,3,-0.006959758083275171,0.005165154687136551,0.004656315422191188,-0.0011153756687601658,-0.0013625261688764675
18,4,-0.01730518269947801,0.04524433724832214,0.0050661819537658435,-0.001187896159582382,-0.031048424683072354
18,Aggregated,-0.0013314304746590137,0.0007504643174322955,-0.003766444963479625,0.004623235736818169,0.00017114450090868066
18,Centralized,-0.00133099669985432,0.0007438128086613649,-0.003767705118716802,0.004624044051592089,0.00017769120131817714
19,0,-0.006772396305859907,-0.019034824481820065,-0.012253704608369944,0.008101286435433962,0.02992474469025521
19,1,-0.0006647590466552445,-0.009187981993928174,-0.010717567551848873,0.01075769736306429,0.009742820253341227
19,2,0.02506080601426762,-0.018524595887302316,-0.006407033713880076,0.005425409349579307,-0.005833886115281225
19,3,-0.007002791346824829,0.005157013258897418,0.004348685740869975,-0.001047918120493154,-0.0014549895324494097
19,4,-0.01733664243102157,0.04461572520507085,0.007901053318419098,-0.0014378262490678325,-0.033497623042505566
19,Aggregated,-0.0013408865249078068,0.0005984250271245189,-0.003427536060976792,0.004360677896574599,-0.00021857974528714254
19,Centralized,-0.0013404223627925742,0.0005918385395575469,-0.0034291958164020457,0.004361521883829311,-0.0002116701343797008
20,0,-0.0005862237420615479,-0.020641705631935243,-0.013910019308162934,0.006439156023914224,0.02876858119896712
20,1,0.004147328750392569,-0.010261599841807094,-0.0117446580823766,0.009451442928429329,0.008407486245361797
20,2,0.023752749362846055,-0.017938647022541863,-0.006257491650083236,0.0055691326560299535,-0.005160655890328079
20,3,-0.0018754361479413765,0.004041637590137217,0.0027942544777855333,-0.00222144684810421,-0.0026692254012561146
20,4,-0.012956166107382568,0.04289068325876212,0.008436451342281891,-0.0025278476882923282,-0.03598294183445192
20,Aggregated,0.0024986690359597268,-0.00038846968597762454,-0.004138302466168286,0.003343037442789097,-0.0013219470246025134
20,Centralized,0.0024995461717844374,-0.0003950632799445242,-0.004140309720302189,0.0033437830189118408,-0.0013149381629964578
21,0,-1.4539279317031065e-05,-0.020456765999022967,-0.013387768395096204,0.00585932956475214,0.028313792541931282
21,1,0.004693443137802287,-0.009802724174430922,-0.011076409486920007,0.008552302520617405,0.007668283490944624
21,2,0.023625900452699338,-0.017373063808493037,-0.00644834689103793,0.005148436499901091,-0.005057663885300636
21,3,-0.0023540358222842598,0.004255059316120028,0.002353454291695741,-0.0018393812514538367,-0.0024150965340776725
21,4,-0.013807909209545112,0.0422778010812826,0.009609200223713654,-0.0023454977628635503,-0.036327833706189416
21,Aggregated,0.0024309168430326363,-0.00022636903486003904,-0.0037920938311464224,0.0030759119839490964,-0.0015582924764402848
21,Centralized,0.0024319374042887734,-0.00023284878443862364,-0.0037942366143949766,0.0030766062027844008,-0.0015512779337085076
22,0,-0.0003466164189173356,-0.016278758694489012,-0.014051341103124207,0.004550212855049191,0.026405657524367854
22,1,0.003933884682043925,-0.005479173209570674,-0.01156552791057447,0.0068941852485140545,0.006146840213560393
22,2,0.02282174818745707,-0.015180556040452048,-0.006830639248682047,0.003666399003828739,-0.005070465151462265
22,3,-0.002573272854152127,0.004274249825540836,0.002186555012793697,-0.0016660851360781345,-0.00225633868341474
22,4,-0.013086083146905295,0.03959440249813571,0.010514541387024625,-0.0017605797912006004,-0.036066251864280384
22,Aggregated,0.002152129506509537,0.0013802751871033968,-0.003951563032198789,0.002337492670557248,-0.002162850492553383
22,Centralized,0.002153007601040761,0.001374517662063233,-0.003953891053300376,0.0023380298735332134,-0.0021560331224777666
23,0,4.478098029635132e-05,-0.014584641868471894,-0.011918138041733538,0.0028043361946635203,0.023863028357410342
23,1,0.00377162066278162,-0.004359028044340509,-0.009572995545009372,0.005347733538053558,0.004742878412487929
23,2,0.021918677047329763,-0.013406998801335982,-0.005967717534243385,0.002134902070313858,-0.005272376031374724
23,3,-0.0025808327518027714,0.003929402186554994,0.0022342405210513876,-0.001606769016050269,-0.0021505001163061293
23,4,-0.01193838553318418,0.035906622856077534,0.01177875652498137,-0.001011954697986552,-0.035189457494407154
23,Aggregated,0.002245220688341416,0.0014918869184542731,-0.002691429974732764,0.0015340720730970606,-0.0027962730423471867
23,Centralized,0.0022459842021234576,0.001486694687649831,-0.0026937613747969285,0.0015344048333868709,-0.002789763497316592
24,0,-0.0019366320050247761,-0.007415032451671437,-0.011826249796450108,0.001125340219136021,0.020227045385814355
24,1,0.001974503030091533,0.0008636633283316393,-0.009558455758337086,0.0035564318200323407,0.003128962091868187
24,2,0.020414528273341934,-0.010488891992226143,-0.005935714368839373,0.0008984161342503849,-0.005202550943220565
24,3,-0.0023080949057920556,0.0027715747848336765,0.002663991625959546,-0.001310769946499176,-0.0017818097231914114
24,4,-0.008477815063385541,0.02856019295302014,0.013019668158090998,-0.0004002376957494465,-0.032911539895600285
24,Aggregated,0.0019347725282308772,0.0028544753687729857,-0.0023297431678763973,0.0007740380744572262,-0.003303415559868539
24,Centralized,0.0019349373251597727,0.002850739390892722,-0.0023322115630774595,0.0007741843892403048,-0.003297469267684163
25,0,-0.0031387396189545614,-0.006317026077651376,-0.008070463163281931,0.00027217530881428755,0.017323842091795175
25,1,0.0007031440834699865,0.00025531865396471824,-0.005042979609403181,0.0022327296413907145,0.001816891742564375
25,2,0.018239476777339447,-0.00919305473123159,-0.004462405008786345,0.000186782110812402,-0.005154837132981899
25,3,-0.0019475459409165007,0.002065015119795275,0.0026116538729937114,-0.0010810653640381382,-0.0016829495231449275
25,4,-0.003263655853840412,0.022326505406413122,0.013060449291573469,-0.0008226137211036507,-0.03154537192393733
25,Aggregated,0.0021192618739065824,0.0018242990597858186,-0.00038281733826408745,0.00015776358703022022,-0.0038442324720679754
25,Centralized,0.0021186795693519,0.0018213639050637922,-0.000384939419751551,0.00015790894576867738,-0.0038386885062767885
26,0,-0.004204178007304534,-0.006257124246865312,-0.0024681880568543867,-0.0005984367366878518,0.013632609858794543
26,1,-0.0004053692524223625,-0.0008386548952553955,-0.00010003373230509002,0.0008625001453978542,0.0004466622465714961
26,2,0.015767086780947053,-0.00806363393033781,-0.00306241199129515,-0.0005399806817256122,-0.004275622897973893
26,3,-0.0018353105373342727,0.001735287276110751,0.0021976040939753693,-0.0007711095603628556,-0.001361363107699461
26,4,-0.0008156226696495257,0.01738732755406409,0.011453672632363911,-0.0013457774049216978,-0.026749510626398226
26,Aggregated,0.0017016206461168666,0.0007901570652535164,0.0016026514020105807,-0.0004784279472808962,-0.003657910939960905
26,Centralized,0.0017006921462118425,0.0007877992357067376,0.001601199037418723,-0.00047826511946152023,-0.0036533171351570324
27,0,-0.0034533696233745117,-0.005189359573824649,-0.0020808616558494475,-0.0006414730034661753,0.01143485239723638
27,1,-0.0002163520256830864,-0.0007310604738807254,-6.513824429167e-05,0.0006473113026485493,0.00036523944120693265
27,2,0.014023787080031203,-0.006373866797006847,-0.0034295755798391782,-0.0013930105086757886,-0.003211372179357373
27,3,-0.001641079320772291,0.0008827634333566055,0.0014497557571528244,-3.605489648758065e-05,-0.0006902768085601381
27,4,0.0002790594705443609,0.012012374161073813,0.008021648956002972,0.0006985225577926893,-0.02111647091722596
27,Aggregated,0.0017985730078237195,0.00011838885852871847,0.0007780823073199707,-0.00014506391008475193,-0.002640777522819556
27,Centralized,0.001797625198404364,0.00011671530774209904,0.00077709354446819,-0.00014510866276606915,-0.0026370910309580866
28,0,-0.00246004606043686,-0.003887803289366552,-0.0020674855188777892,-0.0008287389210691868,0.009244073789750389
28,1,-0.00019541473287503405,-0.0005908969303602315,2.5590024543155804e-05,0.00045887566737620733,0.00026695048330251564
28,2,0.012172258492476338,-0.004966891270700223,-0.003090342026556827,-0.0016298339326653404,-0.0027295790710935852
28,3,-0.0012630844382414408,0.0005687369155617794,0.0009438241451500406,5.698999767388598e-05,-0.00034135845545473403
28,4,-0.00018526286353469276,0.008804064131245355,0.006205723340790472,0.0012304250559284136,-0.01626468120805368
28,Aggregated,0.0016139060940804362,-1.5878010909350354e-05,0.0004025935411275567,-0.00014265942325009096,-0.00196272720797433
28,Centralized,0.001613184756957529,-1.7105832739879497e-05,0.0004018125200731859,-0.00014278133858379357,-0.0019598396939103312
29,0,-0.0013823946774606374,-0.0024088677972410174,-0.0011584897759787697,-0.0005681950357084612,0.005552841556749738
29,1,-8.258598829834485e-05,-0.0004111851670912085,6.281187842412754e-05,0.0003216200811901715,0.00017913017180213876
29,2,0.009573019585937242,-0.003600647045816907,-0.00227978912823375,-0.0016542727135193094,-0.002492173771369379
29,3,-0.0005245405908350986,0.0003157711095603662,0.0006617818097231905,-0.0001203768318213357,-0.0003326354966271224
29,4,0.0003909162938106022,0.005491470917225957,0.0039330490305742,0.0002627470171513676,-0.010357825316927667
29,Aggregated,0.0015950228601678438,-0.00012352967554967928,0.00024332251513670006,-0.00035178369534096616,-0.0014887715391711397
29,Centralized,0.001594449797290065,-0.0001242791113345391,0.0002428562784224745,-0.00035177505015382415,-0.001486927420068035
30,0,-0.000700211691906838,-0.0013719263963523852,-0.0005490031870100146,-0.00019424477167515424,0.0028502803173052443
30,1,-3.198753067895817e-05,-0.0002093729280804239,-2.9079573344877503e-06,0.00015121378139138682,5.8159146688985255e-05
30,2,0.007317669238557419,-0.0025043931617963608,-0.0016141232878306563,-0.0014046480233681066,-0.0019690674859477028
30,3,-0.00018085601302629076,4.5940916492191265e-05,0.00026692254012561367,-9.30448941616202e-06,-0.00015759478948593197
30,4,0.0005726836316181872,0.0028243847874720395,0.001775727069351237,0.0001619593586875264,-0.00533475484712899
30,Aggregated,0.0013955535099794642,-0.00024352897623555866,-2.4943447956365125e-05,-0.0002590635563829248,-0.0009099137818807741
30,Centralized,0.0013951144810765129,-0.0002439035743044567,-2.5135101168797615e-05,-0.00025903118148942007,-0.0009089364593951987
31,0,-0.0003227720008374772,-0.0007676739479377248,-0.0002995091539302515,-4.3617837951028436e-05,0.0015033614813780756
31,1,-4.245617708295568e-05,-9.47994091030635e-05,-1.919251840736454e-05,9.130986030171188e-05,3.0242756278285137e-05
31,2,0.004366977388308938,-0.0015768832408150875,-0.0010590138370049685,-0.0007826228630613423,-0.001227757800044236
31,3,-0.00019655733891604427,6.978367062106713e-06,9.130030239590618e-05,7.385438474061627e-05,-1.0467550593164694e-05
31,4,4.8937360178991086e-05,0.0015024934750186422,0.0007713460104400012,0.0002674077181208323,-0.0026950503355704794
31,Aggregated,0.0007709173642295466,-0.00018622703845239664,-0.0001031424371381644,-7.878293924694754e-05,-0.00047959214951532735
31,Centralized,0.0007706934029668711,-0.0001864186670017994,-0.00010321682748476446,-7.877992357067469e-05,-0.0004790796829253485
32,0,-0.0002000604834019796,-0.0004763067904250425,-0.00022623118617255412,-7.211482541234493e-05,0.0010096075557726625
32,1,-3.664026241405975e-05,-7.153575042747422e-05,-7.56068906956157e-06,8.840190296727038e-05,2.7334798943825143e-05
32,2,0.0031048889199222457,-0.001093344505347458,-0.0007296721712111099,-0.0005871126162296551,-0.0008344098034423708
32,3,-0.00013026285182600553,6.396836473598899e-06,4.7103977669229095e-05,6.454989532449126e-05,1.2212142358686284e-05
32,4,2.3303504847142312e-05,0.0009583566368381813,0.0005447194258016559,0.00017186334824755844,-0.001698242915734538
32,Aggregated,0.0005523132934220075,-0.00013544834318626438,-7.441918797321639e-05,-6.691667006810805e-05,-0.00029648261418572955
32,Centralized,0.0005521576622494158,-0.00013556663361864637,-7.447437383342192e-05,-6.691057024092636e-05,-0.00029615200219699025
33,0,-0.00010410123990973,-0.0003076511503477856,-0.000162258357177734,-4.012841091492654e-05,0.0006490334287110285
33,1,5.5832780821465e-05,-6.339346989101361e-05,-1.9774109874289477e-05,4.1292994149183525e-05,2.0937292808041278e-05
33,2,0.002291426642926144,-0.0008797961107426052,-0.0005248519126255495,-0.000495758125894639,-0.000635408302202987
33,3,-2.6750407071407523e-05,-6.396836473597049e-06,2.3261223540571587e-06,2.2679692951876883e-05,-2.675040707139827e-05
33,4,4.777218493662675e-05,0.0006274468680089591,0.00033032718120806217,4.485924683069742e-05,-0.0010853607382550535
33,Aggregated,0.0004528879999656071,-0.00012606886760386198,-7.490558897062126e-05,-8.542897794812534e-05,-0.00021537417483733642
33,Centralized,0.00045278091966540016,-0.00012614097068037918,-7.493983866989259e-05,-8.541279749024188e-05,-0.00021516112065314008
34,0,-7.327796775769928e-05,-0.0002390257519715259,-0.00012271151743551792,-2.966012980668009e-05,0.0004646753669714232
34,1,1.0468646404028965e-05,-4.7690500284985895e-05,-1.8610926940487715e-05,3.664026241407825e-05,1.919251840736639e-05
34,2,0.0016461264532346364,-0.0005911857463720101,-0.0004398980553712628,-0.00027697284967819944,-0.0004078948899672826
34,3,4.070714119558394e-06,-1.628285647826133e-05,-4.65224470807731e-06,1.570132588976092e-05,1.1630611770193274e-06
34,4,-6.408463832944614e-06,0.0004654875093213995,0.00023536539895600747,-1.2234340044766274e-05,-0.000717165361670404
34,Aggregated,0.0003162375888339714,-8.582066480682746e-05,-7.014605667770335e-05,-5.331063693988027e-05,-0.00012791403795753254
34,Centralized,0.0003161669901647161,-8.587826232666258e-05,-7.016882409618026e-05,-5.329572377457681e-05,-0.00012777009760797653
35,0,-3.780212622421971e-05,-0.00017156349594063536,-6.688068485820782e-05,-2.9078558634043628e-06,0.00027915416288646727
35,1,1.7447744006637845e-06,-4.478254295052775e-05,-1.2795012271580679e-05,3.373230507962936e-05,2.2100475741815285e-05
35,2,0.0011410583155861075,-0.00036599983707480963,-0.0003049028849399097,-0.00020307463138175553,-0.00030199350626680297
35,3,-2.907652942537216e-06,-1.744591765528806e-05,-8.722958827633853e-06,2.0353570597821576e-05,8.722958827637554e-06
35,4,-6.524981357196961e-05,0.0003542132736763681,0.00012700410141685918,-3.903337061894792e-05,-0.00037693419090230974
35,Aggregated,0.00020740494910976445,-4.917526350837414e-05,-5.328556663903427e-05,-3.818537241097526e-05,-7.374217469255335e-05
35,Centralized,0.00020736458464244435,-4.9222906455526075e-05,-5.32957237745102e-05,-3.816811658960232e-05,-7.365981036958809e-05
36,0,-3.4894270361000382e-06,-0.00013434294088909282,-2.9660129806693044e-05,1.1049852280931028e-05,0.00015644264545095488
36,1,2.9079573344544437e-06,-2.9079573344501877e-05,-2.907957334461845e-06,2.0355701341166303e-05,8.723872003342976e-06
36,2,0.0008070616439153096,-0.00023158654237797986,-0.00021413027033944098,-0.00022867716370490084,-0.0002024927556471064
36,3,-5.815305885100338e-06,-1.4538264712736042e-05,2.907652942526114e-06,2.326122354034584e-05,2.9076529425433226e-05
36,4,-0.00010078765846385599,0.0002545907904548783,8.272744220732357e-05,-6.2919463087265e-05,-0.00024352162565249673
36,Aggregated,0.00014000835792780377,-3.103364851642203e-05,-3.2229165614840383e-05,-4.738305680166479e-05,-5.032416877973048e-05
36,Centralized,0.00013998854956501032,-3.106977783364588e-05,-3.2233439924804025e-05,-4.7361047109693394e-05,-5.0270202337547126e-05
37,0,-1.744713518044468e-06,-9.77039570102404e-05,-1.628399283505703e-05,9.88670993556373e-06,0.00010584595342777817
37,1,-1.0468646404025266e-05,-1.9192518407371943e-05,-4.652731735118228e-06,2.151888427494956e-05,1.2795012271565876e-05
37,2,0.0005853669890258244,-0.00013034016455444516,-0.00017979960199700126,-0.00015943395128536486,-0.0001507058152660723
37,3,-2.3842754128872155e-05,-1.2212142358688134e-05,-3.489183531052431e-06,1.6864387066767296e-05,2.2679692951845428e-05
37,4,-5.068512304251353e-05,0.00020565343027592793,4.5441834451923996e-05,-3.6120432513061146e-05,-0.00016428970917227724
37,Aggregated,9.974561940534151e-05,-1.0791236269204687e-05,-3.1767644960666176e-05,-2.945542464858785e-05,-3.471474166803316e-05
37,Centralized,9.972584121131038e-05,-1.0822057447686569e-05,-3.176797508832041e-05,-2.9440650906041126e-05,-3.467713031615564e-05
38,0,-3.489427036083385e-06,-6.455440016748249e-05,-3.489427036083385e-06,5.234140554120451e-06,6.62991136855288e-05
38,1,5.815914668892234e-06,-2.03557013411478e-05,-5.815914668903336e-06,1.1631829337817775e-05,8.723872003341126e-06
38,2,0.00038752923925566656,-9.251824180428655e-05,-0.00011288389251590444,-0.00010124637782355136,-8.088072711192422e-05
38,3,-2.3261223540368043e-05,-1.7445917655252902e-05,-2.9076529425483186e-06,1.453826471273234e-05,2.9076529425436926e-05
38,4,-3.786819537658174e-05,0.00014855984340047165,4.9519947800141795e-05,-2.3303504847138612e-05,-0.00013690809097689308
38,Aggregated,6.575948897163277e-05,-9.28623087036808e-06,-1.5124549725589153e-05,-1.8628190000164787e-05,-2.2720518375510745e-05
38,Centralized,6.574690814982742e-05,-9.309296729165251e-06,-1.5127607184918974e-05,-1.8618593458365658e-05,-2.2691410777377537e-05
39,0,-2.9078558634099138e-06,-4.652569381439209e-05,2.9078558633988117e-06,2.9078558633988117e-06,4.361783795100438e-05
39,1,6.397506135787564e-06,-8.1422805364569e-06,-8.1422805364569e-06,3.489548801338671e-06,6.397506135787564e-06
39,2,0.00029908412759370174,-5.876944919644226e-05,-6.749758521568857e-05,-9.368199327352e-05,-7.91350999080509e-05
39,3,-1.919050942080965e-05,-1.9190509420781895e-05,-1.744591765528991e-06,1.8608978832290736e-05,2.15166317748298e-05
39,4,-2.6216442953016136e-05,0.0001048657718120923,4.369407158839045e-05,-1.4564690529465334e-05,-0.00010777870991800128
39,Aggregated,5.144402068742153e-05,-5.568715944350148e-06,-6.163595867945453e-06,-1.664821571150483e-05,-2.3063493163621078e-05
39,Centralized,5.143386442873488e-05,-5.585578037514694e-06,-6.167409083079889e-06,-1.6640367903410688e-05,-2.3040509404729607e-05
40,0,-6.3972828994858975e-06,-1.2212994626276119e-05,-5.8157117266792e-07,2.326284690727191e-06,1.6865564007702746e-05
40,1,2.9079573344488927e-06,-8.723872003346678e-06,0.0,2.9079573344488927e-06,2.9079573344488927e-06
40,2,0.00021936715195102022,-3.956754995403007e-05,-5.702382199256895e-05,-6.284257933874548e-05,-5.9933200665675716e-05
40,3,-2.733193765992274e-05,-1.2793672947190396e-05,1.74459176552344e-06,1.9190509420794848e-05,1.9190509420794848e-05
40,4,-4.5441834451920296e-05,6.816275167788044e-05,3.320749440717252e-05,-4.6607009694277226e-06,-5.126771066370495e-05
40,Aggregated,2.8631210340121467e-05,-1.037114865194342e-06,-4.536044919612282e-06,-8.616240309195977e-06,-1.4441810246118867e-05
40,Centralized,2.862608744223505e-05,-1.047295882034005e-06,-4.5382821554714365e-06,-8.611099474492567e-06,-1.442940993023704e-05
41,0,-2.907855863395111e-06,-2.907855863395111e-06,-2.907855863395111e-06,0.0,8.723567590185333e-06
41,1,1.7447744006693355e-06,-6.979097602677342e-06,1.7447744006693355e-06,1.7447744006693355e-06,1.7447744006693355e-06
41,2,0.00017572647185466473,-3.956754995403378e-05,-3.374879260785724e-05,-4.538630730021032e-05,-5.70238219925634e-05
41,3,-2.442428471738367e-05,-1.2793672947190396e-05,4.652244708062507e-06,1.628285647825578e-05,1.628285647825578e-05
41,4,-1.747762863535396e-05,4.951994780016955e-05,2.0390566741246285e-05,-1.1651752423569306e-05,-4.078113348249257e-05
41,Aggregated,2.6538420808785315e-05,-2.553093454922233e-06,-1.9770533096701174e-06,-7.801526459539046e-06,-1.4206747584653913e-05
41,Centralized,2.6531495678167037e-05,-2.560056600518316e-06,-1.9782255549531206e-06,-7.796536010688342e-06,-1.419667751200726e-05
42,0,-1.7447135180370665e-06,-1.7447135180370665e-06,-1.7447135180370665e-06,-1.7447135180370665e-06,6.978854072148266e-06
42,1,0.0,0.0,0.0,0.0,0.0
42,2,0.00014081392777758327,-3.083941393476341e-05,-3.374879260785168e-05,-4.538630730020476e-05,-3.083941393476341e-05
42,3,-1.7445917655267705e-05,-5.815305885102188e-06,-5.551115123125783e-18,1.1630611770187723e-05,1.1630611770187723e-05
42,4,-2.097315436242475e-05,4.3111483967206433e-05,1.106916480239084e-05,-6.408463832963119e-06,-2.6799030574209402e-05
42,Aggregated,2.0135774700191905e-05,9.363560028377214e-07,-4.887122164321669e-06,-8.382048167936865e-06,-7.802960370771092e-06
42,Centralized,2.013135417685367e-05,9.309296729246667e-07,-4.887380782819806e-06,-8.378367056266488e-06,-7.796536010692042e-06
43,0,0.0,0.0,0.0,0.0,0.0
43,1,0.0,0.0,0.0,0.0,0.0
43,2,9.717324768125924e-05,-1.9201899242410337e-05,-2.2111277915498607e-05,-3.083941393476341e-05,-2.5020656588586877e-05
43,3,-7.559897650625628e-06,-7.559897650625628e-06,-1.744591765528991e-06,6.978367062115964e-06,9.886020004664283e-06
43,4,-8.73881431767698e-06,2.621644295303094e-05,8.73881431767698e-06,-5.825876211784653e-06,-2.0390566741246285e-05
43,Aggregated,1.617833715356357e-05,-1.1280538462723515e-07,-3.0250538577568403e-06,-5.9373713298712155e-06,-7.103106581308276e-06
43,Centralized,1.6174903066969635e-05,-1.1636620911488945e-07,-3.0255214369871258e-06,-5.934676664859362e-06,-7.098338756008257e-06
44,0,0.0,0.0,0.0,0.0,0.0
44,1,0.0,0.0,0.0,0.0,0.0
44,2,7.622572123501814e-05,-2.327502938476167e-06,-3.142128966938662e-05,-2.560253232321008e-05,-1.6874396303945272e-05
44,3,-6.396836473606301e-06,-6.396836473606301e-06,-3.489183531057982e-06,8.141428239135292e-06,8.141428239135292e-06
44,4,-5.243288590606187e-06,2.3886092468317076e-05,6.408463832963119e-06,-5.243288590606187e-06,-1.980797912006782e-05
44,Aggregated,1.291961129639979e-05,3.0293573668488468e-06,-5.702051964550077e-06,-4.540772019978182e-06,-5.706144678720377e-06
44,Centralized,1.291664921175273e-05,3.0255214369871258e-06,-5.701944246629583e-06,-4.538282155480689e-06,-5.701944246629583e-06
45,0,0.0,0.0,0.0,0.0,0.0
45,1,0.0,0.0,0.0,0.0,0.0
45,2,1.0473763223134425e-05,7.564384550036903e-06,-1.5710644834715515e-05,-1.1637514692279065e-06,-1.1637514692279065e-06
45,3,-1.1630611770193274e-06,-1.1630611770193274e-06,-1.1630611770193274e-06,1.744591765528991e-06,1.744591765528991e-06
45,4,-6.991051454141583e-06,7.573639075320049e-06,1.7477628635353959e-06,-9.90398956003391e-06,-2.738161819538787e-05
45,Aggregated,4.650022882537423e-07,2.7942796371858126e-06,-3.025831001202259e-06,-1.8634632785365185e-06,-5.35693891137226e-06
45,Centralized,4.654648364595578e-07,2.792789018757347e-06,-3.0255214369871258e-06,-1.8618593458382311e-06,-5.352845619284915e-06
46,0,0.0,0.0,0.0,0.0,0.0
46,1,0.0,0.0,0.0,0.0,0.0
46,2,0.0,0.0,0.0,0.0,0.0
46,3,0.0,0.0,0.0,0.0,0.0
46,4,-2.3303504847138613e-06,1.5147278150640098e-05,9.321401938855445e-06,-2.3303504847138613e-06,-1.980797912006782e-05
46,Aggregated,-4.657967510447655e-07,3.0276788817909757e-06,1.863187004179062e-06,-4.657967510447655e-07,-3.959272383880507e-06
46,Centralized,-4.654648364595578e-07,3.0255214369871258e-06,1.8618593458382311e-06,-4.654648364595578e-07,-3.956451109906241e-06
47,0,0.0,0.0,0.0,0.0,0.0
47,1,0.0,0.0,0.0,0.0,0.0
47,2,0.0,0.0,0.0,0.0,0.0
47,3,0.0,0.0,0.0,0.0,0.0
47,4,3.4955257270707917e-06,1.8060216256532423e-05,1.5147278150640098e-05,9.321401938855445e-06,-1.106916480239084e-05
47,Aggregated,6.986951265671481e-07,3.6099248205969323e-06,3.0276788817909757e-06,1.863187004179062e-06,-2.212534567462636e-06
47,Centralized,6.981972546893367e-07,3.607352482561573e-06,3.0255214369871258e-06,1.8618593458382311e-06,-2.2109579731828994e-06
48,0,0.0,0.0,0.0,0.0,0.0
48,1,0.0,0.0,0.0,0.0,0.0
48,2,0.0,0.0,0.0,0.0,0.0
48,3,0.0,0.0,0.0,0.0,0.0
48,4,-5.825876211784653e-06,2.9129381058923265e-06,2.9129381058923265e-06,-1.1651752423569306e-05,-2.3303504847138612e-05
48,Aggregated,-1.1644918776119136e-06,5.822459388059568e-07,5.822459388059568e-07,-2.3289837552238273e-06,-4.657967510447655e-06
48,Centralized,-1.1636620911488944e-06,5.818310455744472e-07,5.818310455744472e-07,-2.327324182297789e-06,-4.654648364595578e-06
49,0,0.0,0.0,0.0,0.0,0.0
49,1,0.0,0.0,0.0,0.0,0.0
49,2,0.0,0.0,0.0,0.0,0.0
49,3,0.0,0.0,0.0,0.0,0.0
49,4,0.0,0.0,0.0,0.0,0.0
49,Aggregated,0.0,0.0,0.0,0.0,0.0
49,Centralized,0.0,0.0,0.0,0.0,0.0
50,0,0.0,0.0,0.0,0.0,0.0
50,1,0.0,0.0,0.0,0.0,0.0
50,2,0.0,0.0,0.0,0.0,0.0
50,3,0.0,0.0,0.0,0.0,0.0
50,4,0.0,0.0,0.0,0.0,0.0
50,Aggregated,0.0,0.0,0.0,0.0,0.0
50,Centralized,0.0,0.0,0.0,0.0,0.0
