Round,Evaluator,2,4,3,1,0
0,0,,,,,
0,1,,,,,
0,2,,,,,
0,3,,,,,
0,4,,,,,
0,Aggregated,,,,,
0,Centralized,,,,,
1,0,,,,,
1,1,,,,,
1,2,,,,,
1,3,,,,,
1,4,,,,,
1,Aggregated,,,,,
1,Centralized,0.9790759682655334,0.9810938239097595,0.9895338416099548,0.9817491173744202,0.9827364683151245
2,0,,,,,
2,1,,,,,
2,2,,,,,
2,3,,,,,
2,4,,,,,
2,Aggregated,,,,,
2,Centralized,0.7274713516235352,0.7422369122505188,0.6339238286018372,0.37704798579216003,0.767947793006897
3,0,,,,,
3,1,,,,,
3,2,,,,,
3,3,,,,,
3,4,,,,,
3,Aggregated,,,,,
3,Centralized,0.8516538143157959,0.8562952876091003,0.81863933801651,0.7248170375823975,0.7915213108062744
4,0,,,,,
4,1,,,,,
4,2,,,,,
4,3,,,,,
4,4,,,,,
4,Aggregated,,,,,
4,Centralized,0.7943866848945618,0.8077556490898132,0.7525713443756104,0.6319071054458618,0.7349147200584412
5,0,,,,,
5,1,,,,,
5,2,,,,,
5,3,,,,,
5,4,,,,,
5,Aggregated,,,,,
5,Centralized,0.7160453796386719,0.7212605476379395,0.6495143175125122,0.4594855308532715,0.6702760457992554
6,0,,,,,
6,1,,,,,
6,2,,,,,
6,3,,,,,
6,4,,,,,
6,Aggregated,,,,,
6,Centralized,0.6907968521118164,0.6881411075592041,0.6180065274238586,0.4180128872394562,0.6589890718460083
7,0,,,,,
7,1,,,,,
7,2,,,,,
7,3,,,,,
7,4,,,,,
7,Aggregated,,,,,
7,Centralized,0.3578319251537323,0.42828500270843506,0.1809760481119156,-0.20712342858314514,0.4613454341888428
8,0,,,,,
8,1,,,,,
8,2,,,,,
8,3,,,,,
8,4,,,,,
8,Aggregated,,,,,
8,Centralized,0.16641990840435028,0.27213460206985474,0.09899042546749115,-0.1570376753807068,0.3314739167690277
9,0,,,,,
9,1,,,,,
9,2,,,,,
9,3,,,,,
9,4,,,,,
9,Aggregated,,,,,
9,Centralized,0.15341879427433014,0.2516282796859741,0.06560614705085754,-0.17294007539749146,0.31702715158462524
10,0,,,,,
10,1,,,,,
10,2,,,,,
10,3,,,,,
10,4,,,,,
10,Aggregated,,,,,
10,Centralized,0.17715387046337128,0.2934837341308594,0.11054331809282303,-0.2392921894788742,0.34507250785827637
11,0,,,,,
11,1,,,,,
11,2,,,,,
11,3,,,,,
11,4,,,,,
11,Aggregated,,,,,
11,Centralized,0.13336455821990967,0.25288447737693787,0.2904275357723236,0.05399305373430252,0.29916295409202576
12,0,,,,,
12,1,,,,,
12,2,,,,,
12,3,,,,,
12,4,,,,,
12,Aggregated,,,,,
12,Centralized,0.20378287136554718,0.301270455121994,0.2847904860973358,0.0034517482854425907,0.33035770058631897
13,0,,,,,
13,1,,,,,
13,2,,,,,
13,3,,,,,
13,4,,,,,
13,Aggregated,,,,,
13,Centralized,0.2658105194568634,0.36926746368408203,0.29915326833724976,-0.019097505137324333,0.37217873334884644
14,0,,,,,
14,1,,,,,
14,2,,,,,
14,3,,,,,
14,4,,,,,
14,Aggregated,,,,,
14,Centralized,0.22016148269176483,0.31789520382881165,0.32444581389427185,0.028468728065490723,0.3353317081928253
15,0,,,,,
15,1,,,,,
15,2,,,,,
15,3,,,,,
15,4,,,,,
15,Aggregated,,,,,
15,Centralized,0.2393631488084793,0.34194836020469666,0.3448927700519562,0.05033577233552933,0.3501071035861969
16,0,,,,,
16,1,,,,,
16,2,,,,,
16,3,,,,,
16,4,,,,,
16,Aggregated,,,,,
16,Centralized,0.2527330219745636,0.3491804897785187,0.400705486536026,0.12103372067213058,0.35373395681381226
17,0,,,,,
17,1,,,,,
17,2,,,,,
17,3,,,,,
17,4,,,,,
17,Aggregated,,,,,
17,Centralized,0.2402375191450119,0.3376816213130951,0.3892126977443695,0.10275224596261978,0.3485540747642517
18,0,,,,,
18,1,,,,,
18,2,,,,,
18,3,,,,,
18,4,,,,,
18,Aggregated,,,,,
18,Centralized,0.24484409391880035,0.3403853476047516,0.41570770740509033,0.13946129381656647,0.35019651055336
19,0,,,,,
19,1,,,,,
19,2,,,,,
19,3,,,,,
19,4,,,,,
19,Aggregated,,,,,
19,Centralized,0.2456762045621872,0.3365795910358429,0.4624633193016052,0.21030907332897186,0.34977373480796814
20,0,,,,,
20,1,,,,,
20,2,,,,,
20,3,,,,,
20,4,,,,,
20,Aggregated,,,,,
20,Centralized,0.23591838777065277,0.3278149962425232,0.47515466809272766,0.23271487653255463,0.34205764532089233
21,0,,,,,
21,1,,,,,
21,2,,,,,
21,3,,,,,
21,4,,,,,
21,Aggregated,,,,,
21,Centralized,0.24178142845630646,0.33035045862197876,0.5166890025138855,0.30284345149993896,0.3404926657676697
22,0,,,,,
22,1,,,,,
22,2,,,,,
22,3,,,,,
22,4,,,,,
22,Aggregated,,,,,
22,Centralized,0.24139900505542755,0.32561975717544556,0.5432856678962708,0.34076476097106934,0.3315229117870331
23,0,,,,,
23,1,,,,,
23,2,,,,,
23,3,,,,,
23,4,,,,,
23,Aggregated,,,,,
23,Centralized,0.23906922340393066,0.31541258096694946,0.5503068566322327,0.3447435796260834,0.31665173172950745
24,0,,,,,
24,1,,,,,
24,2,,,,,
24,3,,,,,
24,4,,,,,
24,Aggregated,,,,,
24,Centralized,0.237452432513237,0.304574579000473,0.5639408826828003,0.3573604226112366,0.30252671241760254
25,0,,,,,
25,1,,,,,
25,2,,,,,
25,3,,,,,
25,4,,,,,
25,Aggregated,,,,,
25,Centralized,0.23614810407161713,0.2958139181137085,0.5931559205055237,0.40112847089767456,0.29187285900115967
26,0,,,,,
26,1,,,,,
26,2,,,,,
26,3,,,,,
26,4,,,,,
26,Aggregated,,,,,
26,Centralized,0.2323790043592453,0.28458401560783386,0.5997475385665894,0.40643322467803955,0.2791878581047058
27,0,,,,,
27,1,,,,,
27,2,,,,,
27,3,,,,,
27,4,,,,,
27,Aggregated,,,,,
27,Centralized,0.23185761272907257,0.2786198556423187,0.609452486038208,0.41850870847702026,0.27300509810447693
28,0,,,,,
28,1,,,,,
28,2,,,,,
28,3,,,,,
28,4,,,,,
28,Aggregated,,,,,
28,Centralized,0.23042626678943634,0.2733394503593445,0.6087435483932495,0.41507816314697266,0.26596885919570923
29,0,,,,,
29,1,,,,,
29,2,,,,,
29,3,,,,,
29,4,,,,,
29,Aggregated,,,,,
29,Centralized,0.22948230803012848,0.2694838047027588,0.603781521320343,0.40454962849617004,0.2603050172328949
30,0,,,,,
30,1,,,,,
30,2,,,,,
30,3,,,,,
30,4,,,,,
30,Aggregated,,,,,
30,Centralized,0.22718964517116547,0.26583871245384216,0.5916234850883484,0.3842775523662567,0.2557124197483063
31,0,,,,,
31,1,,,,,
31,2,,,,,
31,3,,,,,
31,4,,,,,
31,Aggregated,,,,,
31,Centralized,0.2248414307832718,0.26253610849380493,0.5785708427429199,0.36082130670547485,0.25037533044815063
32,0,,,,,
32,1,,,,,
32,2,,,,,
32,3,,,,,
32,4,,,,,
32,Aggregated,,,,,
32,Centralized,0.22294402122497559,0.2603684961795807,0.5696758031845093,0.3458164632320404,0.2473692148923874
33,0,,,,,
33,1,,,,,
33,2,,,,,
33,3,,,,,
33,4,,,,,
33,Aggregated,,,,,
33,Centralized,0.22169840335845947,0.2589244842529297,0.5632491111755371,0.33487236499786377,0.24505631625652313
34,0,,,,,
34,1,,,,,
34,2,,,,,
34,3,,,,,
34,4,,,,,
34,Aggregated,,,,,
34,Centralized,0.2215874195098877,0.2584657371044159,0.5608370304107666,0.3306354880332947,0.24348899722099304
35,0,,,,,
35,1,,,,,
35,2,,,,,
35,3,,,,,
35,4,,,,,
35,Aggregated,,,,,
35,Centralized,0.22092407941818237,0.2575191855430603,0.5573967695236206,0.32482320070266724,0.2421768605709076
36,0,,,,,
36,1,,,,,
36,2,,,,,
36,3,,,,,
36,4,,,,,
36,Aggregated,,,,,
36,Centralized,0.22065794467926025,0.2571941018104553,0.554953396320343,0.32103100419044495,0.24144728481769562
37,0,,,,,
37,1,,,,,
37,2,,,,,
37,3,,,,,
37,4,,,,,
37,Aggregated,,,,,
37,Centralized,0.2201937437057495,0.25668999552726746,0.552215039730072,0.31632983684539795,0.24066385626792908
38,0,,,,,
38,1,,,,,
38,2,,,,,
38,3,,,,,
38,4,,,,,
38,Aggregated,,,,,
38,Centralized,0.21994298696517944,0.2565506100654602,0.5507076978683472,0.31400179862976074,0.24042415618896484
39,0,,,,,
39,1,,,,,
39,2,,,,,
39,3,,,,,
39,4,,,,,
39,Aggregated,,,,,
39,Centralized,0.2196616530418396,0.256205677986145,0.5497738122940063,0.3125467598438263,0.2400134801864624
40,0,,,,,
40,1,,,,,
40,2,,,,,
40,3,,,,,
40,4,,,,,
40,Aggregated,,,,,
40,Centralized,0.21949279308319092,0.2561342716217041,0.5485401749610901,0.31052374839782715,0.23977120220661163
41,0,,,,,
41,1,,,,,
41,2,,,,,
41,3,,,,,
41,4,,,,,
41,Aggregated,,,,,
41,Centralized,0.2194957584142685,0.2561289668083191,0.5480679273605347,0.30972689390182495,0.23968181014060974
42,0,,,,,
42,1,,,,,
42,2,,,,,
42,3,,,,,
42,4,,,,,
42,Aggregated,,,,,
42,Centralized,0.21940231323242188,0.25589242577552795,0.5479832291603088,0.3096785843372345,0.23948881030082703
43,0,,,,,
43,1,,,,,
43,2,,,,,
43,3,,,,,
43,4,,,,,
43,Aggregated,,,,,
43,Centralized,0.2194073349237442,0.2558014392852783,0.5479773283004761,0.3096425235271454,0.23940205574035645
44,0,,,,,
44,1,,,,,
44,2,,,,,
44,3,,,,,
44,4,,,,,
44,Aggregated,,,,,
44,Centralized,0.21939890086650848,0.25578573346138,0.5479092001914978,0.309482604265213,0.23936434090137482
45,0,,,,,
45,1,,,,,
45,2,,,,,
45,3,,,,,
45,4,,,,,
45,Aggregated,,,,,
45,Centralized,0.21936428546905518,0.25575143098831177,0.5478600859642029,0.30945539474487305,0.23932209610939026
46,0,,,,,
46,1,,,,,
46,2,,,,,
46,3,,,,,
46,4,,,,,
46,Aggregated,,,,,
46,Centralized,0.21937716007232666,0.25569891929626465,0.547885000705719,0.3094528615474701,0.23928490281105042
47,0,,,,,
47,1,,,,,
47,2,,,,,
47,3,,,,,
47,4,,,,,
47,Aggregated,,,,,
47,Centralized,0.219396710395813,0.2557152509689331,0.5478386282920837,0.3093482553958893,0.23928825557231903
48,0,,,,,
48,1,,,,,
48,2,,,,,
48,3,,,,,
48,4,,,,,
48,Aggregated,,,,,
48,Centralized,0.2194375991821289,0.25578248500823975,0.5479198098182678,0.3094167709350586,0.23932361602783203
49,0,,,,,
49,1,,,,,
49,2,,,,,
49,3,,,,,
49,4,,,,,
49,Aggregated,,,,,
49,Centralized,0.2195201963186264,0.25585106015205383,0.5480648279190063,0.3095895051956177,0.2393685281276703
50,0,,,,,
50,1,,,,,
50,2,,,,,
50,3,,,,,
50,4,,,,,
50,Aggregated,,,,,
50,Centralized,0.21951109170913696,0.2558484971523285,0.5480133295059204,0.3095078468322754,0.23936370015144348
