Round,Evaluator,2,4,3,1,0
0,0,,,,,
0,1,,,,,
0,2,,,,,
0,3,,,,,
0,4,,,,,
0,Aggregated,,,,,
0,Centralized,,,,,
1,0,0.36780676973013815,-0.11052601299386153,0.23778163959534904,0.32469230508663194,0.9368453156530642
1,1,0.5372060154375283,0.338130829113106,0.3256806841760892,0.7027762292084702,0.6499242982969322
1,2,1.359271699478579,-0.5157009616747957,0.3425080021350918,-0.255583625738334,-0.19117190992927974
1,3,0.4721370366973304,0.42979918047776666,0.5805997690268793,0.3594680879320389,0.4755684423731638
1,4,0.30588466806082754,0.8757896042707557,0.6226631458894253,0.2662313111430451,-0.11451557725073279
1,Aggregated,0.6085022060560746,0.203397659154115,0.42181407610219906,0.2795213650123266,0.3514050750504786
1,Centralized,0.6084868287539567,0.20334137346386577,0.4217877407525735,0.2795757015967017,0.35154920601428685
2,0,0.03519589504766819,-0.49073117274267186,-0.21258972648335744,-0.025480104990247568,0.5949680573754956
2,1,0.05717080867783564,-0.1672164529706426,-0.21642039138057295,0.20115894987238203,0.13609202166768572
2,2,1.224717470074198,-0.8782542839245859,0.061123352534294136,-0.24319334402591936,-0.30400961126287707
2,3,0.040142170124606615,-0.046518966743186466,0.11867280700065654,-0.10716895590778387,0.01426468410215621
2,4,0.03591827051656178,0.3969423371993526,0.21971509555423838,-0.009037772538305403,-0.3455502127410999
2,Aggregated,0.2786609717359275,-0.23725054103949653,-0.005936657030836951,-0.036746244968377015,0.01921299144470897
2,Centralized,0.27861278537836065,-0.2373077548765711,-0.005982344326162018,-0.036734940920956964,0.01931326517577571
3,0,0.03186005636744437,-0.47049623535764235,-0.12831510875869587,-0.004373353870320138,0.5860464654349749
3,1,0.03178096591297744,-0.16861776052397698,-0.1508208783700035,0.17395018063859394,0.11437143594716573
3,2,1.2018370142670856,-0.9645385789642942,0.05158585801211612,-0.18631578299505105,-0.12523622255693
3,3,0.029223873085095206,-0.05246982330370194,0.10249739991403375,-0.09376871465075785,0.019518905807341665
3,4,-0.023909486212239057,0.31913149710494093,0.14940977529272903,-0.029743373603960135,-0.3827066848882908
3,Aggregated,0.25419577827688467,-0.2674855497449371,0.004847538963600396,-0.02804808012228464,0.042466912717581545
3,Centralized,0.25415471950803387,-0.26752761412170345,0.004818508971106872,-0.0280353707772017,0.04256391802346988
4,0,0.03550481138300525,-0.40162105907400963,-0.08451547403928415,-0.03984518277078922,0.506098141540426
4,1,0.025559902938983674,-0.13733019612610284,-0.12402232881242711,0.1541390806378092,0.08755966384076683
4,2,1.2306773009228607,-0.8933447288969185,0.11678279171064475,-0.20332731349443361,-0.2502932067922752
4,3,0.028118771298950816,-0.045167749394484105,0.09853279909043729,-0.09095972671966164,0.01490793482502664
4,4,-0.002591128680081418,0.279544932168444,0.11033189034525138,-0.03208100691096482,-0.3439642140765203
4,Aggregated,0.26348940005835436,-0.23966081395943392,0.023406828915416854,-0.042414816527784546,0.0029179367518833463
4,Centralized,0.26344388539523755,-0.23969451837860592,0.02338389616481185,-0.04240363528914468,0.003008829965113898
5,0,0.013336132047574592,-0.3316012083878564,-0.11702292251681151,-0.040557687523239426,0.4918626871835113
5,1,0.014655830700665241,-0.1007420097987537,-0.13602254704654052,0.145062766661109,0.0770930475082073
5,2,1.2232915436526257,-0.8057955962058816,0.10808180371915944,-0.14624333248965074,-0.33155546785640994
5,3,0.026199453462006427,-0.042018121112592476,0.09979382901997139,-0.08372426962943018,0.007393703086025516
5,4,0.006295575028489786,0.27015597662369145,0.12993921653542656,-0.026109745783683334,-0.3672757738747722
5,Aggregated,0.25678869805459803,-0.2020699104339534,0.016934632945588134,-0.030313811081108737,-0.02444052970394748
5,Centralized,0.25674038822620665,-0.2021002586034902,0.01690711397432209,-0.030305750717702966,-0.024344802777619797
6,0,-0.02379393508355133,-0.32119676151845905,-0.10128751205650298,-0.0019159328760159086,0.467798221329747
6,1,0.004556010047554466,-0.10057721283512115,-0.11887146442987503,0.1385295873404717,0.07214560152916163
6,2,1.155920986385887,-0.7341378294394402,0.12405702814734224,-0.009173421608727476,-0.3221767914505468
6,3,0.00769847106168979,-0.03568360258413332,0.09572030957304949,-0.06303991150258693,0.004628634283306562
6,4,-0.016337197978757163,0.2637835168940055,0.12302121341008414,-0.013031590498162684,-0.34828315187142395
6,Aggregated,0.22564061374684394,-0.1856289294426166,0.024510978136437215,0.010278153939133172,-0.025124784840251473
6,Centralized,0.22559439921669952,-0.1856602923156652,0.024485102747695282,0.010281999499257625,-0.02503386017767079
7,0,-0.05417190564446462,-0.33236736003200734,-0.0955934515562261,0.04270331981272561,0.4514414663475348
7,1,-0.0031979946961842626,-0.10863368562824476,-0.1051060804717642,0.14069970005912555,0.07360805406891044
7,2,1.070514992561658,-0.7646848699433092,0.11295794459150557,-0.013034574394381703,-0.2775287584200543
7,3,-0.005887482311014673,-0.03476155072656603,0.09210397374405159,-0.0513319609130725,0.00294576651506717
7,4,-0.03374772356930455,0.26226871910635097,0.1150214512784842,0.011143192713929936,-0.3565036507250478
7,Aggregated,0.19473182687235763,-0.19570359712827337,0.023861066179336768,0.02603942323514171,-0.021153185582306323
7,Centralized,0.19468858592065416,-0.19573436799366692,0.023837472873893144,0.026043345389807945,-0.021063853287849484
8,0,-0.05773097023610079,-0.31024389993993484,-0.09099619750296747,0.040640828792736255,0.43410121528436535
8,1,-0.007867552188963674,-0.09519815017121967,-0.09168409643378847,0.13066584991240227,0.06765806282304937
8,2,0.9980630049655054,-0.7342253172027371,0.07937079212653506,-0.020723073225840313,-0.2729461213321727
8,3,-0.0072511276335173154,-0.03321184488814393,0.08653561855871067,-0.046391588611406416,0.0029846232591995295
8,4,-0.04215652036569805,0.2533792483972445,0.1196365467413115,0.011523286250240017,-0.333927722090125
8,Aggregated,0.17663998005579085,-0.18396468256952542,0.02055590212734385,0.0231459986294962,-0.02037513264628816
8,Centralized,0.17660042876658646,-0.18399352611201267,0.020533496546753485,0.02314998945385728,-0.020290387152636934
9,0,-0.06796621643445191,-0.3152205719455767,-0.07040657144686523,0.046248266211151544,0.42770736314197155
9,1,-0.011579167490669982,-0.09970363728808886,-0.07723133513468523,0.12608943880436044,0.0661892443314415
9,2,0.9599763893200135,-0.6951415346486282,0.10341338321904024,-0.08290042221030831,-0.23815654187335913
9,3,3.9390216989927675e-05,-0.026541128865772052,0.08569943846329425,-0.057216932308511645,-0.0017161214133879453
9,4,-0.01595424674863246,0.2595882010330531,0.11803950947352249,-0.02115893885878807,-0.34543030559172305
9,Aggregated,0.17292740290709324,-0.17546832377020227,0.03188831343522404,0.0022172632375834674,-0.01822853920659562
9,Centralized,0.1728856040004506,-0.17549960733149841,0.031866838656672516,0.0022276602341175585,-0.01814439601207615
10,0,-0.08536058497438287,-0.296664514470175,-0.0598021402239192,0.045137658316428124,0.4127147290761562
10,1,-0.02254183511815232,-0.09044031252363267,-0.06961699041087697,0.1206520727482745,0.05834123935774281
10,2,0.8858755232797588,-0.5744054040274267,0.12994713570920538,-0.11901122547492998,-0.2282443826185029
10,3,-0.008162326832824732,-0.019055517284137492,0.08105808261955853,-0.05302862369183218,-0.003389354579296233
10,4,-0.022426641034485717,0.25022636916942775,0.11859990677856364,-0.006139882044229653,-0.34440441212456163
10,Aggregated,0.14949862076220913,-0.14612702547486003,0.04002381817066581,-0.00247586474026747,-0.020944424338072684
10,Centralized,0.14945871536161062,-0.1461599767877201,0.040001694946272946,-0.002466082771481215,-0.020862137974282335
11,0,-0.09601888920565613,-0.2632828254837792,-0.059936600550932854,0.05088599395872885,0.3981724507710061
11,1,-0.026740807811318053,-0.07590992039488421,-0.06349042529668787,0.11294330322435629,0.052676447966149245
11,2,0.8211823691885842,-0.4984184400132312,0.09492404238123434,-0.12586438785095327,-0.24737950514618853
11,3,-0.011154723672461297,-0.011083961457470237,0.07842748998499026,-0.05131715769388929,-0.005846213912348057
11,4,-0.01911468650027802,0.24875462703201487,0.11972037306824014,-0.014895002285199792,-0.34336038935308844
11,Aggregated,0.13364974928129553,-0.12004316982495414,0.033914680842996134,-0.005646462469036533,-0.029096846477892846
11,Centralized,0.13361106651384033,-0.12007598581269154,0.03389393982458424,-0.005635098171610605,-0.02901514118722779
12,0,-0.10099733300437412,-0.26645582918761496,-0.07082025849767144,0.05575783945520603,0.40359092471089664
12,1,-0.025858675866431948,-0.0761485489637682,-0.06081456112176538,0.10996108234613049,0.05365771702457711
12,2,0.7831678026735057,-0.4670024978443106,0.11094489308236911,-0.12230584776155931,-0.2837743948271305
12,3,-0.009713459285574648,-0.00514950811881306,0.07350413437022188,-0.04688902879298753,-0.012299714130351578
12,4,-0.008234478445540032,0.250595243661422,0.11572972589984808,-0.014147655384205541,-0.355896702023611
12,Aggregated,0.1276894580105911,-0.11288669099096489,0.0336949510698428,-0.0035215480004467496,-0.038893218331144855
12,Centralized,0.12765072002247463,-0.11292076046449087,0.03367328010318667,-0.0035099715692148464,-0.038808419786649215
13,0,-0.09624706505030305,-0.24728934723698545,-0.07688320570162359,0.04419450741117688,0.4056146847024557
13,1,-0.029405759722827617,-0.0673185959660277,-0.062102879287355375,0.10726907153320137,0.05278560088717539
13,2,0.740831645320723,-0.41947575053808367,0.0991997970126271,-0.14078801880141675,-0.23590887393612336
13,3,-0.015294141423601327,-0.0017619885138518332,0.07107078632602407,-0.04943415386773146,-0.007165199673928508
13,4,-0.01875681866440647,0.24383361315810598,0.11673790849417404,-0.023404491810043514,-0.32754741802384935
13,Aggregated,0.11624233209135176,-0.09845374371826915,0.02958989479228596,-0.012429425623844899,-0.02239493679972307
13,Centralized,0.11620645978230935,-0.09848712961304666,0.029567993851695826,-0.012416696673532863,-0.022315685942543073
14,0,-0.09863631244136092,-0.24874109805396885,-0.0714596659404094,0.03741198704430195,0.40590432092564827
14,1,-0.03492775874431464,-0.06318978238013229,-0.05472398321997656,0.10367747326749423,0.05094844365911465
14,2,0.73030582358253,-0.39846763123373197,0.08948999847665687,-0.14975175497534324,-0.2655500030393736
14,3,-0.01716619211404965,-0.0008704727288908772,0.06854528723973022,-0.04577790397391754,-0.005411437713395213
14,4,-0.01786844774295472,0.2405024872861236,0.11180367170465595,-0.02819227479932729,-0.3136261425797084
14,Aggregated,0.11235749307749161,-0.09420358942866072,0.028717192976033583,-0.016523279094697946,-0.02550008539110325
14,Centralized,0.11232137922985323,-0.0942371701733936,0.028696836504051124,-0.01650971727876364,-0.025421513201628856
15,0,-0.08596880760936049,-0.24958919269956023,-0.06925313980662802,0.027170958915597596,0.4081091581341577
15,1,-0.034959057467313114,-0.05797028820505354,-0.05368522843922209,0.09937895951521572,0.04783084085441727
15,2,0.6903059479256005,-0.37185501029258555,0.10472114841747646,-0.17295066816400093,-0.23005727871541262
15,3,-0.018469808050476454,0.00167997939158158,0.06537890719738625,-0.04613179590174669,-0.0044164654679123205
15,4,-0.02228968672245873,0.23108798033474656,0.11187202790503793,-0.03777230350365681,-0.2883914976770093
15,Aggregated,0.10573971114826322,-0.08937760313591743,0.031793321085111556,-0.02605777975604588,-0.01334019164823354
15,Centralized,0.105706431874383,-0.08941052282761222,0.031772221780577925,-0.02604265380564575,-0.013266654377878965
16,0,-0.08755198296628318,-0.2482369685803,-0.0748067237611521,0.017324651038443793,0.4221068699107108
16,1,-0.03980393643756122,-0.0508722893761592,-0.04841390330352266,0.09446913482772978,0.047227912725396295
16,2,0.6667552358194668,-0.35662107144363375,0.09041855390376696,-0.1786819839962136,-0.22057170129310363
16,3,-0.02145738162652111,0.003193995944171329,0.0637275774635148,-0.0435285352698439,-0.0011263552398945499
16,4,-0.027079774401375656,0.22615061968313663,0.10885529159028576,-0.0405895309354482,-0.268000485003735
16,Aggregated,0.09818808933684053,-0.08532414732520957,0.027942638488766283,-0.030198366085845207,-0.004029453312430332
16,Centralized,0.09815590285107037,-0.08535644882864642,0.027922408465423088,-0.03018313255428898,-0.003958258161421465
17,0,-0.07697619535577734,-0.22779172176573592,-0.06254562079631794,0.026463750391998848,0.44496154484772193
17,1,-0.04130411753136535,-0.04386247207526644,-0.0473200855442811,0.08827674723144714,0.045083256138670036
17,2,0.6502901387074121,-0.3470893601668292,0.08443420338350736,-0.1650818441497028,-0.21941401851880632
17,3,-0.022522600977067486,0.0038192923451054444,0.059641880047541534,-0.037508703655439124,-0.003280867776673664
17,4,-0.026083518348284797,0.21849851435181397,0.10488974483437566,-0.03723549331574075,-0.2613376470063284
17,Aggregated,0.09669618304841218,-0.07932998312221853,0.027807233097666882,-0.0250139848068639,0.0012457631695493993
17,Centralized,0.09666491770686689,-0.07936014516005799,0.02778815925652338,-0.02499913980266182,0.0013168420184966076
18,0,-0.07232189181411058,-0.23165463946305778,-0.06458653599445266,0.026915491689014116,0.42330333140903653
18,1,-0.04774370363081467,-0.036766578915771286,-0.043063257812104634,0.0841697603423698,0.0429905015312821
18,2,0.6314752299002928,-0.31447130956756963,0.07515058949313275,-0.18185810478817263,-0.19979513839903382
18,3,-0.028773381449036246,0.00729945194625807,0.056935872689230754,-0.03392322371359734,-0.0013417547108566389
18,4,-0.03479686543899505,0.21328453305799036,0.10247872713985101,-0.03317827768510445,-0.24649066539255066
18,Aggregated,0.0895836888547064,-0.07250491957670996,0.0253703305018012,-0.02757270706562512,0.00377448188947567
18,Centralized,0.08955384553550969,-0.07253525208525488,0.025351871479281005,-0.027557625515896144,0.0038415781993168235
19,0,-0.05912173388092947,-0.22951078308140493,-0.05095456653538404,0.03178746901867971,0.36160908106594253
19,1,-0.04839386393872292,-0.029208254587463397,-0.03938360601902172,0.0772053749839288,0.04012059343675422
19,2,0.5945375747064126,-0.2809815509208056,0.0553035074614213,-0.17887216974193207,-0.1910615315094426
19,3,-0.029281263634805106,0.009318975653756983,0.05167918750166039,-0.027990609555831252,-0.0020815608039640296
19,4,-0.034593670955293865,0.2033645975881748,0.09591666726159638,-0.027550527577366358,-0.2346639011100434
19,Aggregated,0.08464469755461589,-0.06544420114014908,0.022500270509998633,-0.025082428056023516,-0.005177864843785653
19,Centralized,0.08461696472289633,-0.06547386149334138,0.022484017773146545,-0.025067880152135857,-0.005116172840949525
20,0,-0.052369667424535055,-0.2085527273002195,-0.043754332891141924,0.036205013210840346,0.3021281681230405
20,1,-0.05079093060877267,-0.021523285844214566,-0.035832988943103675,0.07136139166750352,0.036520490447314743
20,2,0.5581531192641069,-0.2398451502693933,0.03947428546533303,-0.1845304807367666,-0.17122650503278633
20,3,-0.03326170821344741,0.0123445021636029,0.04683093214079538,-0.023472152526077802,-0.0013108394197278396
20,4,-0.03959002368490828,0.1900543866039618,0.08825792049893799,-0.02455927181604937,-0.2123194693599656
20,Aggregated,0.07644317509606256,-0.05354149588205825,0.01898396924183439,-0.02499786310737799,-0.009208509635534162
20,Centralized,0.0764175653344968,-0.05356926938264412,0.018969610456449796,-0.024983197391829914,-0.009153981009415897
21,0,-0.051101598059380776,-0.18125790113050036,-0.03611720982550463,0.0386759823852093,0.25384638293896267
21,1,-0.053305258931377435,-0.01447521465561945,-0.030321377189614276,0.06491452220538178,0.03328328776552558
21,2,0.5154147007776786,-0.201980317914541,0.02754306662996314,-0.18887404039165562,-0.15262597301326888
21,3,-0.03656544471812918,0.014532319195833648,0.04183797409019203,-0.017851660885874095,-0.0005919073017007781
21,4,-0.041522814455615537,0.1755724458531355,0.08019345820748054,-0.02144606183811186,-0.1892614140989678
21,Aggregated,0.06659793555694246,-0.04155476119175204,0.016616989177087926,-0.024915493658895956,-0.011040957453393157
21,Centralized,0.06657404766191191,-0.041580122351326264,0.016604528102470675,-0.024900820458276404,-0.010993056589359628
22,0,-0.05072864492342955,-0.14882124213216563,-0.028490830257362754,0.03319862456380111,0.21053385270042088
22,1,-0.05458367385760496,-0.008358840072816637,-0.02448006954873443,0.058476687521892536,0.029571368311350092
22,2,0.47113674120675303,-0.16368079147243098,0.011800719714967302,-0.19127015532392833,-0.13190220019197632
22,3,-0.03907854524962202,0.016363945950961332,0.03696405345568538,-0.013083839487867555,0.00043654374151379515
22,4,-0.04266029800799238,0.1564945933374076,0.06950725986905097,-0.017664711120611208,-0.16300715250811704
22,Aggregated,0.05683002378914372,-0.029628770726695862,0.013051254082923056,-0.02606874819125946,-0.01084884213847765
22,Centralized,0.05680789045400407,-0.02965089669462279,0.013041248869590539,-0.026054720074146654,-0.010807857114156513
23,0,-0.05150484918560618,-0.11845580351651538,-0.021172793819537142,0.029862464822881036,0.17209814331407478
23,1,-0.0560381699970388,-0.003618138417291791,-0.01749391675716394,0.05157092224698386,0.026012837577368452
23,2,0.4234095845938358,-0.12177202980742789,0.003913173264328882,-0.1897343975225982,-0.11930890186833598
23,3,-0.0417807323303973,0.017762891861424046,0.03215729665796158,-0.008518277573237856,0.0015528676604091023
23,4,-0.041910962657468485,0.13646060861593207,0.05812408279683779,-0.015836829659841335,-0.13496021032172886
23,Aggregated,0.046446405663598034,-0.017947999889478487,0.011098131649620946,-0.02653172498020864,-0.010900899951869018
23,Centralized,0.046425818759589385,-0.01796711552051855,0.01109040123224096,-0.026518158509429766,-0.010866483099451603
24,0,-0.05259845233715599,-0.0929786452363436,-0.014381815557926092,0.026984735031820042,0.13950240772944383
24,1,-0.05601207275267547,-0.0003101294882090604,-0.0114359523202864,0.04541197029381032,0.02291526843805226
24,2,0.3762379271576225,-0.0897121127551425,-0.004513755826878659,-0.1825981894277454,-0.1034457999731301
24,3,-0.043348349869599685,0.01823691027166905,0.02773815028474582,-0.004336898193968801,0.0027545039128764326
24,4,-0.04043906362381165,0.11527889399677056,0.04772034435985882,-0.013289173830430715,-0.10699132830255961
24,Aggregated,0.03677794156644072,-0.009916101130775842,0.009019321808178386,-0.02556634776929407,-0.009037023968610395
24,Centralized,0.036758927095718714,-0.009932030453455754,0.009013707947976488,-0.02555355003775439,-0.009008972101624569
25,0,-0.04960667072794803,-0.0701450479874258,-0.009763604985305239,0.024303303005130505,0.11011949098263817
25,1,-0.052963362184740785,0.001238053292596411,-0.006275782331392921,0.039070084634614914,0.019669965737431596
25,2,0.32895698439772775,-0.0592062168271887,-0.012595150341042527,-0.17146744789272328,-0.09059948825448817
25,3,-0.04191056679018608,0.01723832850231701,0.023218275249912556,-0.0011826588157379638,0.0034408830040424574
25,4,-0.037423868621889955,0.09373892858925495,0.03761607849695842,-0.011685812355460238,-0.08072253616874171
25,Aggregated,0.029419090745560185,-0.0034420412133381387,0.006435114924720101,-0.02419348127394189,-0.007606330599017997
25,Centralized,0.029402042830999297,-0.0034550137310339246,0.006431396290794994,-0.02418156869995769,-0.007584161878253918
26,0,-0.04412771598751404,-0.053393493754227875,-0.005743766116475753,0.020010536754425174,0.08608879357553532
26,1,-0.04645736680870755,0.0013054579777303202,-0.0028564365445447057,0.03237697828914357,0.01616755786573892
26,2,0.281122145654407,-0.03611153297738837,-0.01586094991476594,-0.1531208691416438,-0.07936716471238799
26,3,-0.036773401617790684,0.014602042514509866,0.01843181001202242,0.0009225721843999746,0.0032838133765839524
26,4,-0.03150310787192552,0.07304208009307023,0.02842046506330208,-0.008939491063673862,-0.05978423215413458
26,Aggregated,0.024459268745733988,-0.0001223135737666893,0.004474535914629676,-0.021751206499237143,-0.006713437115153875
26,Centralized,0.024444403754946317,-0.00013266102553850245,0.004472242467456261,-0.021740829648447042,-0.006696134562882085
27,0,-0.034763878070944186,-0.04080702582659607,-0.003495490592039204,0.016908187836952013,0.06476759449713831
27,1,-0.036350508133122454,0.0004550558960414485,-0.0012935837501142722,0.02565757061525926,0.01223133811975442
27,2,0.2321155386257974,-0.020604628578737707,-0.018076789497262154,-0.13201663456758617,-0.06679765531501794
27,3,-0.02781180571520049,0.010775724123190571,0.013658132019738513,0.0015116573044841731,0.0023092919425263645
27,4,-0.02242199501955363,0.054977756235520356,0.01995028080754895,-0.008494688603849953,-0.04339060951603895
27,Aggregated,0.022159140375004552,0.0009510560106317026,0.00214579588714118,-0.019287753827368827,-0.0061697543868956956
27,Centralized,0.022146753091014677,0.0009429176130723286,0.0021445981633523544,-0.019278766208641832,-0.006156677639208656
28,0,-0.02532719115926294,-0.03176071517920779,-0.0026698183746771704,0.013462249914941032,0.048359854635517154
28,1,-0.02652717280104303,-0.00038114340246165566,-0.0008266979560576267,0.019579006458626872,0.008882291294427722
28,2,0.1857378427765104,-0.011363049999592407,-0.016770285865011593,-0.10838371294013337,-0.05493606999520279
28,3,-0.019150667890302075,0.007295440033979045,0.009585605312345454,0.001414016292169797,0.001203876945993015
28,4,-0.014153631225430096,0.04086635901164488,0.01359676527883353,-0.007452379043765926,-0.03247225684570339
28,Aggregated,0.02012017001643321,0.0009252049744339694,0.0005811432741039195,-0.016276966572370457,-0.005787934649857126
28,Centralized,0.02011023118437141,0.0009188224676424818,0.0005805235991294742,-0.01626960116422624,-0.005778004885099416
29,0,-0.01790287444279977,-0.024226073432118193,-0.002567808414294042,0.010130384692448804,0.035959323650933926
29,1,-0.018882853726639122,-0.0009193484186764907,-0.0007015375473365712,0.014680061400197893,0.006421159131026763
29,2,0.14450472675589687,-0.005139242924770178,-0.014964541060961201,-0.08584120282588513,-0.0443827229819007
29,3,-0.012729446030651624,0.004793161077315938,0.006696607693271977,0.0011159289613815973,0.0004892205975479916
29,4,-0.008424523215076552,0.030038671590658785,0.00938339432697109,-0.006259483766821324,-0.024266450336055324
29,Aggregated,0.017316244229021505,0.0009049146941564858,-0.00043225646772007513,-0.013235503345097759,-0.005152621513408765
29,Centralized,0.017308503275017893,0.0008999650775389223,-0.0004325795822323203,-0.013229687878235691,-0.005145116311650276
30,0,-0.01246733611655686,-0.018799272835226623,-0.002017466672700609,0.007350350321685681,0.02667418376157937
30,1,-0.013449480424457138,-0.0010064544375786096,-0.0005681916804854002,0.01096731774235955,0.0046678766184859435
30,2,0.11113729272675785,-0.002055520937707404,-0.012108651834770423,-0.06771139878858107,-0.034654066843590035
30,3,-0.008428529451073707,0.003149582031296704,0.004615208963751418,0.0009026081055097839,6.158873335176349e-05
30,4,-0.004957223956717456,0.022292280075901942,0.006146629024827332,-0.004856280931876298,-0.01830879778233019
30,Aggregated,0.014369368861044472,0.0007127653304363308,-0.0007875360017863169,-0.01067003974631836,-0.004309434268905895
30,Centralized,0.014363431776346665,0.0007089268532249097,-0.0007876551139728581,-0.010665525589172874,-0.004303780682031846
31,0,-0.008756868260659214,-0.013983726340513756,-0.001635729157100981,0.005655370724498779,0.019781548775034612
31,1,-0.009628349293868733,-0.0009640575468112864,-0.0005563149655082781,0.008186253598855804,0.0033406370144563155
31,2,0.08428434237091083,-0.0006090956323353806,-0.009346996614259147,-0.05221688948688838,-0.02629944422055244
31,3,-0.005612354522348358,0.00205730418976918,0.003223188400925529,0.0006537065848874983,-0.00012209672790495184
31,4,-0.0027997029342235165,0.016346190657811493,0.0041961396997480145,-0.003893792928968855,-0.013717340433035519
31,Aggregated,0.011499200511322995,0.0005668647571151671,-0.0008246958991135822,-0.008323494090481293,-0.0034015594861477004
31,Centralized,0.011494690210219271,0.0005639702821768603,-0.000824747769762992,-0.008320009490992635,-0.00339734188220783
32,0,-0.006234248108193962,-0.010783657203193842,-0.0014405898490627604,0.004149811936236153,0.01491424974808758
32,1,-0.006947794166745212,-0.0008724487225739212,-0.0004274566739310532,0.0061201425818070195,0.0024240838688275768
32,2,0.06364535133464116,0.0005987128689546576,-0.007445389358091,-0.03981912803085363,-0.019836685365847977
32,3,-0.0038535243943928275,0.0013765151593297053,0.002280955953864717,0.0005228802389203858,-0.00017712035798058413
32,4,-0.0016668963774342572,0.012116868721547895,0.0029507279411078854,-0.0029389724643377525,-0.010427437658376766
32,Aggregated,0.00898990738491974,0.0004853794278153168,-0.0008169151447569445,-0.006393389571689832,-0.0026192352058113594
32,Centralized,0.008986505228437228,0.0004831484952869456,-0.0008169306872084068,-0.0063907490564880836,-0.0026160546563813057
33,0,-0.0046405627717896,-0.008213142921393597,-0.0009616554009316038,0.0030306593215453973,0.01104932784638302
33,1,-0.005058378895621805,-0.0007204653964479515,-0.00032541472390768634,0.004562252676233706,0.0017787614742979477
33,2,0.04796035097348945,0.0006263120012507617,-0.005758240587087049,-0.030184825167752817,-0.015129120084641916
33,3,-0.0026900700305228166,0.0009380259259339329,0.001612096211781539,0.0004108906165472404,-0.00013962597488192767
33,4,-0.0010689428660194493,0.009098532765008483,0.001974007327423926,-0.0021441922339094414,-0.007669160465063472
33,Aggregated,0.006901471623044875,0.0003444829537935872,-0.0006922391562611313,-0.004865314404937328,-0.002020984397667564
33,Centralized,0.006898910787301271,0.0003427832678644216,-0.0006922118631131652,-0.004863333220628222,-0.00201861955663394
34,0,-0.0033298572118685005,-0.006059998074465706,-0.0007934037875412248,0.002328761155538525,0.008323385144206035
34,1,-0.0037147761458686556,-0.0005796516981871174,-0.0002826235232461713,0.00341309112547418,0.0013130939071450062
34,2,0.036104477054397115,0.0006622919568159228,-0.004388357841546471,-0.02285721778870495,-0.01133187942973927
34,3,-0.0019298270117699254,0.0006488918218175404,0.001169491713654315,0.0003258257357765452,-0.00014022206971183864
34,4,-0.0007403285560398719,0.006712177491085247,0.0013938169752251363,-0.001625700661761225,-0.0057427203239634435
34,Aggregated,0.005278688321327687,0.0002757347769552546,-0.0005805100658395113,-0.003683253151828851,-0.0015149349579613117
34,Centralized,0.005276772281504047,0.00027446649535937115,-0.0005804832444100303,-0.003681751766355623,-0.0015131653924022178
35,0,-0.002447254797382926,-0.0046845993322278045,-0.0006003562539324242,0.0017039256492004365,0.006201359109642445
35,1,-0.0027225316210437033,-0.0004527415902554765,-0.0002107536624422923,0.002543335704315204,0.0009778971368864932
35,2,0.02703232700859337,0.0006339131655239028,-0.0033551143919020882,-0.01711375085656288,-0.008616521836077261
35,3,-0.0013869457271977127,0.00045615721261033033,0.0008464199894801604,0.0002511939102352816,-0.00010892359690804349
35,4,-0.0005023563006497969,0.0050091647705720515,0.0010028982726962565,-0.0012089719864353116,-0.004282648011024126
35,Aggregated,0.003995208521734001,0.0001916231952278997,-0.00046359977783088616,-0.002765009782514815,-0.0011652250777475853
35,Centralized,0.0039937766346125345,0.00019065925778213494,-0.00046357370919570076,-0.002763888863556764,-0.0011638992356250192
36,0,-0.0017503366671259171,-0.003475330108579928,-0.00045084769070662757,0.0013193959363865461,0.004578257016513454
36,1,-0.0020127947038670545,-0.0003661877618873895,-0.00013687350243911516,0.0018927129790006847,0.0007192594516329957
36,2,0.02015195072163667,0.0007495172343634394,-0.0026504901926740782,-0.01291167774049898,-0.006344778478987004
36,3,-0.0010019805952844944,0.0003203752870864778,0.0006101407234099826,0.00020966677966710172,-8.848442946849481e-05
36,4,-0.0003498170477125131,0.0036871317332378734,0.0007499387677771659,-0.0009105735561982391,-0.0031875853507759484
36,Aggregated,0.0030078235450220463,0.00018255009409666424,-0.0003757934152642593,-0.002080212337663732,-0.0008642627348611825
36,Centralized,0.003006759865686485,0.00018182445611937732,-0.00037576896839212247,-0.0020793647754414825,-0.0008632817208642581
37,0,-0.0013172312755638765,-0.0025871157952558456,-0.0003117998018658178,0.0009511472241079612,0.003390080413616999
37,1,-0.001489382412309019,-0.00026905975341355256,-0.00010876562442602757,0.0014080070077101094,0.0005340783562545133
37,2,0.01498008379761618,0.0006249305483582416,-0.0020041522586144184,-0.009550716775276923,-0.00472561512902863
37,3,-0.0007331366844199013,0.00022924542128413458,0.0004497736947428069,0.00015501492827981744,-6.646061519624408e-05
37,4,-0.0001955178039113899,0.002679994384574348,0.0005392511942003621,-0.0006613682118135039,-0.0023743157839314975
37,Aggregated,0.002249267015815977,0.00013519793759386739,-0.00028726089172632544,-0.0015396719930810465,-0.0006481467323651501
37,Centralized,0.0022484676233414315,0.0001346636016540929,-0.0002872381837761626,-0.0015390476630283117,-0.000647417182427711
38,0,-0.0009511184103034263,-0.001988714280999842,-0.00024687238985704463,0.0007095955173978494,0.002579988584888842
38,1,-0.0010998653899152938,-0.0002017677596934095,-9.065282756144516e-05,0.0010584723951042332,0.0003889785979669417
38,2,0.011063898962326447,0.0004956563651772401,-0.001405280034201754,-0.007126282923304464,-0.00348516861170618
38,3,-0.000528656288074542,0.00016601358377621816,0.00032688082350333333,0.00011323731411671071,-5.487816575929043e-05
38,4,-0.000133848228411008,0.002008853746302234,0.00039409936306561514,-0.00047612352788531744,-0.0017843687486578746
38,Aggregated,0.0016703064362924931,9.570643459249977e-05,-0.00020445397826324662,-0.0011442883583858538,-0.0004708618665212531
38,Centralized,0.0016697167048025105,9.530176084370049e-05,-0.00020444154041444803,-0.0011438247976713603,-0.0004703157345013235
39,0,-0.0006959020866193062,-0.0014838545706048099,-0.00019053629102488422,0.0005272310870949231,0.001919702720202926
39,1,-0.0008001624754577945,-0.00015789938788213543,-5.494237808370874e-05,0.0007645277562245876,0.0002848638901168159
39,2,0.008125248705094157,0.0003907586961123773,-0.0010619828823795789,-0.005274315780739303,-0.002545037504451068
39,3,-0.00038503546736326223,0.00012023720690159574,0.0002333297037712012,8.7947381271145e-05,-4.394597820592215e-05
39,4,-9.224480871739364e-05,0.0014837940474082092,0.00029429078497784087,-0.0003569356409159887,-0.001313956526995271
39,Aggregated,0.0012305452022392982,7.038395153414425e-05,-0.00015603502239117556,-0.0008503593657289319,-0.0003395057325938392
39,Centralized,0.0012301120230967947,7.008261592076349e-05,-0.00015602578002741157,-0.0008500161239699118,-0.0003391038236424152
40,0,-0.000515438938022821,-0.0010356475546980447,-0.00011176621912478424,0.00040606303821361843,0.0013281813667879846
40,1,-0.0005939042705239562,-0.00012116857185387186,-3.529592633433054e-05,0.0005634921827320278,0.00021764372216659665
40,2,0.006105528277968257,0.0002835814307923864,-0.0008138191043002396,-0.0039104632744515035,-0.001953933861629298
40,3,-0.0002894764121620555,9.063060839604823e-05,0.0001685292133270978,7.064332740833457e-05,-2.8716148466933118e-05
40,4,-6.878713219237535e-05,0.0010810532147859033,0.0001944856524600691,-0.00027576446199037153,-0.0009360535442753319
40,Aggregated,0.0009277083205622934,5.952874876318511e-05,-0.00011961951158428182,-0.0006292412617098379,-0.0002744600266386448
40,Centralized,0.0009273834809969212,5.9311515655408044e-05,-0.00011960677163071754,-0.0006289841335060303,-0.00027416889707736756
41,0,-0.0003981523443325715,-0.0006607000893723208,-9.623692442590666e-05,0.00029678774314929326,0.0008981042931352388
41,1,-0.0004528950073790778,-8.595565178196226e-05,-2.674995987621461e-05,0.00041831156058367707,0.00016322237693237225
41,2,0.004657276709916406,0.00019965146709403082,-0.0005723284373115534,-0.00296362824574609,-0.0014701930412137298
41,3,-0.00022089356647921472,6.45964399280205e-05,0.00012214630437802447,6.015529315789349e-05,-2.0359418315495093e-05
41,4,-4.586427415836277e-05,0.0007496417429588814,0.0001493666805915043,-0.00019512909142070008,-0.000660810226622971
41,Aggregated,0.0007079879392554369,5.3337338214171304e-05,-8.479512356271063e-05,-0.0004767295888259385,-0.00021792914559507978
41,Centralized,0.0007077389574614706,5.318955810067194e-05,-8.478865379503431e-05,-0.00047653714167500877,-0.00021772138217372264
42,0,-0.00028877559035296596,-0.0004632624280219387,-6.847361632902893e-05,0.00021209922570577613,0.0006457580371770771
42,1,-0.00032925062160389976,-6.107541174887274e-05,-1.558239525493397e-05,0.0003021904837796805,0.00011590522481455672
42,2,0.003394007004503141,0.00013051222966931804,-0.00043802238862370075,-0.002141359506271841,-0.0010644443809338859
42,3,-0.0001607319100724596,4.645307446224563e-05,8.70112189149369e-05,4.289316215719448e-05,-1.1438426515464802e-05
42,4,-3.250889253976393e-05,0.0005327152905774642,0.00010584815998986586,-0.00013980576160951274,-0.00047204833326420506
42,Aggregated,0.0005166162116699103,3.699072895057835e-05,-6.586910991141449e-05,-0.00034481770476543425,-0.00015719798812498324
42,Centralized,0.0005164347657400915,3.688655135666297e-05,-6.586298004434277e-05,-0.0003446789914882268,-0.0001570485426397187
43,0,-0.00019534798722817455,-0.0003251342353480855,-4.9877775221485174e-05,0.0001433606978511359,0.00045494570447507653
43,1,-0.00022381664184056756,-4.125743602504441e-05,-1.1808413574615484e-05,0.00020542177130067202,8.157945310416451e-05
43,2,0.002334806466704527,8.217692750013642e-05,-0.00028933303110884414,-0.001464678223444634,-0.0007676717021345647
43,3,-0.0001105732974632225,3.326879500437178e-05,5.9110218150365544e-05,2.9581999334137946e-05,-6.63584353979979e-06
43,4,-2.5901474964393213e-05,0.0003756955148022175,7.476077405902578e-05,-9.579425842135189e-05,-0.00033135231957971874
43,Aggregated,0.00035588096687263007,2.489489920389575e-05,-4.3447122879682076e-05,-0.00023643620302065579,-0.00011378836258064753
43,Centralized,0.0003557569533571642,2.4822053439306027e-05,-4.344394120961992e-05,-0.00023634143115735252,-0.00011368239434306296
44,0,-0.00013418311148585086,-0.00020846916098574326,-2.4016853097332443e-05,9.979716255480442e-05,0.00028959746637519844
44,1,-0.00016257076626383926,-2.5274773400831932e-05,-6.083448139759806e-06,0.00014410454790921568,5.5354061879072754e-05
44,2,0.0016954196729715616,3.140795127964946e-05,-0.00020884410818015434,-0.0010258083865220164,-0.0005365635097782836
44,3,-8.003418141195965e-05,2.373699717194283e-05,3.970374221994449e-05,2.1370264491513598e-05,-3.701921371617826e-06
44,4,-1.8237770073027218e-05,0.00025117460192582245,4.639805485120163e-05,-6.451667670380838e-05,-0.0002196131489040067
44,Aggregated,0.00026011353052484174,1.4478169433234657e-05,-3.0579772812331103e-05,-0.00016502114758896953,-8.296097351116857e-05
44,Centralized,0.0002600238076161017,1.4431143105730904e-05,-3.057591034309748e-05,-0.0001649551045762356,-8.289006952855171e-05
45,0,-8.497847010017213e-05,-0.00013002566446987477,-1.6576580324053256e-05,6.122572569607447e-05,0.00018241550317209162
45,1,-9.87268928936654e-05,-1.5130692561330742e-05,-3.964716856734441e-06,9.164209301961943e-05,3.440403002523314e-05
45,2,0.0010292101549854826,2.0023306561101074e-05,-0.00012878351246624619,-0.0006524615844764677,-0.0003397502275329904
45,3,-5.0380420022555496e-05,1.4191984064494215e-05,2.5584415102497075e-05,1.4015442710484105e-05,-1.598511598587445e-06
45,4,-1.095771771425132e-05,0.00015174541869165392,2.951257197875053e-05,-3.6952509534760035e-05,-0.00013580921282208558
45,Aggregated,0.00015685424712394205,8.138417878269713e-06,-1.8852659895375135e-05,-0.00010451342103513186,-5.205263388090516e-05
45,Centralized,0.00015679943360319878,8.109749779675046e-06,-1.8850415996025476e-05,-0.00010447207673317897,-5.200821981841963e-05
46,0,-5.467483973165636e-05,-8.231417756509411e-05,-1.1906062540249322e-05,3.781989791199203e-05,0.0001225771298612066
46,1,-6.460425448154469e-05,-9.928447862352548e-06,-3.2684410607090413e-06,5.642581330229518e-05,2.203604801347172e-05
46,2,0.000678785682944183,1.598386930096544e-05,-8.029982792269555e-05,-0.0003988037123816161,-0.00021857037761768467
46,3,-3.401545193083555e-05,8.869887294698138e-06,1.6527148636133935e-05,7.868651321313313e-06,-3.913176329218652e-07
46,4,-8.86328328949526e-06,9.624197938734683e-05,1.9321151367551746e-05,-2.46303688217292e-05,-8.749670790756207e-05
46,Aggregated,0.00010333961023564479,5.75646086494431e-06,-1.1929812471642007e-05,-6.426812386378952e-05,-3.235913824518068e-05
46,Centralized,0.00010330372263534041,5.7381219437111865e-06,-1.1928616652768602e-05,-6.424257894495263e-05,-3.233023259602193e-05
47,0,-3.77758812797178e-05,-4.791288652310488e-05,-9.492809596845879e-06,2.0390347120801307e-05,8.298550125368231e-05
47,1,-4.128423620715684e-05,-5.898179600920262e-06,-2.3179346717476975e-06,3.581532159300978e-05,1.4818046042300766e-05
47,2,0.00043614402824277234,9.301608591512819e-06,-4.6636480932482625e-05,-0.0002565869172040158,-0.00015096859241706673
47,3,-2.187119921801539e-05,5.320793245635706e-06,9.810306710370439e-06,5.411054714099528e-06,-1.68861868710124e-08
47,4,-4.4700238966975205e-06,5.6195341499882626e-05,1.271375164259662e-05,-1.386862329283515e-05,-5.714630268736087e-05
47,Aggregated,6.615732043142462e-05,3.393071284906036e-06,-7.187591593117554e-06,-4.177084463904521e-05,-2.2059261989360555e-05
47,Centralized,6.61339618856449e-05,3.3823789265705987e-06,-7.187244755449407e-06,-4.175488792430015e-05,-2.2039849871106446e-05
48,0,-1.8616442101138107e-05,-2.7348303760736196e-05,-3.89906307201778e-06,1.3130528116827208e-05,5.6971285018321086e-05
48,1,-2.1539627614214815e-05,-3.6741160452736604e-06,-1.5596156574870789e-06,2.064963679914942e-05,8.012892437326188e-06
48,2,0.00022548635627782642,8.254019319742233e-06,-2.4056301196036707e-05,-0.0001461436933300401,-8.255697906557335e-05
48,3,-1.134184031091982e-05,3.2485086180626216e-06,5.523211678858571e-06,3.3264594713440973e-06,1.5825904683593647e-07
48,4,-3.426418816875517e-06,3.2746275753346245e-05,6.797422339152592e-06,-7.25064461660115e-06,-3.6217611279490414e-05
48,Aggregated,3.411710505275764e-05,2.6405529289224037e-06,-3.4403873206038615e-06,-2.3259302581132288e-05,-1.0721912164500877e-05
48,Centralized,3.410522156425862e-05,2.63423370363558e-06,-3.44017137653696e-06,-2.3250196223249345e-05,-1.0709987892877174e-05
49,0,-1.1656937284072282e-05,-1.6593470038928083e-05,-1.2201368290803983e-06,5.110957812300606e-06,2.5738239999847e-05
49,1,-1.5029037217017167e-05,-2.191223188494999e-06,-5.869065009346067e-07,1.3233633819645374e-05,5.083194341001333e-06
49,2,0.00015644565354079322,3.4026025060048444e-06,-1.5652529787568702e-05,-9.369686985485718e-05,-5.223121417849234e-05
49,3,-7.778450577725083e-06,2.01066634999784e-06,3.2156380938545374e-06,2.0963864357565846e-06,1.309327975443364e-07
49,4,-2.1137069457277668e-06,2.1145947917512267e-05,3.305774122690693e-06,-3.953159504397711e-06,-1.928259380617655e-05
49,Aggregated,2.3976781360981615e-05,1.5518484708634577e-06,-2.188432377131982e-06,-1.5443147726013477e-05,-8.110248972190287e-06
49,Centralized,2.3968566491446483e-05,1.5479045139229116e-06,-2.1880754728957156e-06,-1.5437580619109827e-05,-8.103745096571524e-06
50,0,-6.0091234535523485e-06,-9.237412055485005e-06,-8.308968429571184e-07,1.3989416971107079e-06,1.4978431841937885e-05
50,1,-8.642756207150973e-06,-1.4149066908294057e-06,-6.858617357409039e-07,7.918848437353057e-06,3.0054938839688128e-06
50,2,8.722843583587325e-05,3.828890661095041e-06,-7.141713462469982e-06,-5.744239887142492e-05,-3.001955921380454e-05
50,3,-4.336766507879545e-06,9.54765734069903e-07,1.9204088182331326e-06,1.3669707275625516e-06,1.5802513821938647e-07
50,4,-1.2275228699148989e-06,1.175212048871166e-05,2.373603050735233e-06,-1.86692386761426e-06,-1.1309908980525196e-05
50,Aggregated,1.3404296558640725e-05,1.1750338439547747e-06,-8.733734247958332e-07,-9.725868667692505e-06,-4.6362932774257815e-06
50,Centralized,1.3399735108842365e-05,1.1727369916244198e-06,-8.733311506599802e-07,-9.722626457495109e-06,-4.632502284897718e-06
