Round,Evaluator,2,4,3,1,0
0,0,,,,,
0,1,,,,,
0,2,,,,,
0,3,,,,,
0,4,,,,,
0,Aggregated,,,,,
0,Centralized,,,,,
1,0,0.04524369869150356,0.04079484490226557,0.024677647451152848,0.05698220495652271,0.08050823078340198
1,1,0.04974486066725425,0.059111636199057384,0.02826607489424237,0.06250690013294868,0.052324511594518244
1,2,0.06500251659703632,0.028991074204549907,0.03275617752640483,0.033054143893297715,0.038312405957645325
1,3,0.03090303551445197,0.07759030928697047,0.05775263048010335,0.016728089026579487,0.012810989942410644
1,4,0.02188800703209809,0.09558551481786416,0.05241927125025569,0.0186676295594888,0.0029321436403047557
1,Aggregated,0.04255953723958375,0.060409278857867926,0.03917210796867106,0.037591017128819314,0.03738335651906553
1,Centralized,0.04541222376907384,0.06794754192107523,0.03968250021574992,0.040334667185397556,0.04446063892440667
2,0,-0.004507618317679405,-0.0007154465063768489,-0.03145743003896395,0.011076122630156808,0.027608184417911335
2,1,0.013120519509672614,0.009689343445977197,-0.028248062237970214,0.04047471596295799,0.008386565672458017
2,2,0.031216857282105423,-0.01373718650450453,-0.006020481338918884,0.0059448559896771135,-0.008674275954916206
2,3,-0.00010036314652547678,0.039141571765039164,0.03981388749802122,-0.023550351166363555,-0.015079865504796484
2,4,-4.789077274822325e-05,0.05585985033121036,0.03592951907129556,-0.009076029471482597,-0.014348290382653676
2,Aggregated,0.007937377861838039,0.01804179468107843,0.001997805955591683,0.004976336984889477,-0.00041906011393888823
2,Centralized,0.011113663200030155,0.02191626994332425,0.007808695299102436,0.007242139816750728,0.0021433405860860084
3,0,-0.0049874169191744915,-0.0014859871504650961,-0.028496157988945066,0.009942493601517943,0.025061801100142504
3,1,-0.006507467898393922,0.010862837256821677,-0.028167200525931024,0.02978126392432563,-0.003424267234560044
3,2,0.030095877672635676,-0.015993806650240625,-0.008079030092992589,0.014212454125501555,-0.014569264027796893
3,3,-0.020497839945106913,0.04812483675302332,0.03297037185867786,-0.04266167333182021,-0.01765907115899518
3,4,-0.02318711997203192,0.06146385688188138,0.026540603576662544,-0.032034078627797384,-0.030393383111224925
3,Aggregated,-0.005014099522019515,0.020587990030388408,-0.0010509393882312881,-0.004147301092381412,-0.008193165517782834
3,Centralized,-0.007826332051558478,0.027844552609494776,0.004272345167388549,-0.010172869385475188,-0.010241269350193483
4,0,-0.013630877347865354,0.006971558354908255,-0.019632218382880318,0.004058189187618444,0.02222763490908267
4,1,-0.012632729746565851,0.007684160126725232,-0.021962290096847227,0.014313067410203236,0.01501239333030509
4,2,0.02811361816318903,-0.014195158248065875,0.002943605018760175,0.0028773604919986383,-0.015500381533837681
4,3,-0.012961391623300216,0.060604950656432025,0.03762703274436753,-0.02591164187641209,0.002489231702314064
4,4,-0.019506220829652744,0.06211617507095526,0.030173305140098163,-0.016303469521381505,-0.003250944551209667
4,Aggregated,-0.006121686003857395,0.024630425803450443,0.005825729049380904,-0.004191219979870014,0.0041969470952752524
4,Centralized,-0.008168048367561707,0.03506932466320474,0.012026762002677726,0.0013346516155003255,0.010052349137364096
5,0,-0.01266386103227654,0.0022525794944990526,-0.02687422259610288,2.8718000364925018e-05,0.03728390859629202
5,1,-0.0035208840728789036,0.010066862180985207,-0.021465228365123754,-0.004784022085227923,0.01971118532559756
5,2,0.025575205043325503,-0.015900263348978847,0.0014560755249186607,0.008173348652904179,-0.018005622327722313
5,3,-0.032528149405305226,0.045088543417092966,0.03900599536751969,-0.0412871941531721,-0.0026994975236373877
5,4,-0.028028565859011857,0.0583504444489729,0.022848502960587148,-0.03674392318935672,-0.006268766101014698
5,Aggregated,-0.010230550611893142,0.01996569919925063,0.0029906535019438626,-0.01491908293828065,0.006006512883085162
5,Centralized,-0.014198309451289085,0.030275819320162527,0.005443310963450263,-0.018443745881889632,0.006142997419952989
6,0,-0.007096703969985387,0.0031486653243271495,-0.02569738413066791,0.007924327264814656,0.02164849449407377
6,1,-0.009094670168477887,0.011008895709710352,-0.0085383220273447,-0.0035013711179970068,0.010138042875387917
6,2,0.027624873005854374,-0.014549150693192217,0.00373213806676287,0.0001264358628728944,-0.015998970442687895
6,3,-0.023122873234790238,0.05416843630394887,0.031626044160425686,-0.03859844082733225,-0.00980065622478307
6,4,-0.02374060170648914,0.06242891575308389,0.018632522787331126,-0.03466208119843651,-0.009523144671936329
6,Aggregated,-0.007083519281306335,0.023235025140218964,0.003948295822443566,-0.013738751901872813,-0.0007055936571257896
6,Centralized,-0.011328873973925464,0.03454584156299208,0.002392142881466806,-0.015880217695971057,0.001747988033411907
7,0,-0.015471819455580552,0.0009689968985124419,-0.0259413306929994,0.0021515775930405334,0.03828021954416067
7,1,-0.022211286335603427,0.006000283607588765,-0.008279627848531982,0.007968840864037438,0.0165241815751049
7,2,0.02714785259576582,-0.016328617186305742,0.004677000881987523,0.001495326016723941,-0.016615461028260968
7,3,-0.018936633274372935,0.030572195094033108,0.025642905000023787,-0.03802833760367074,-0.012250300460036377
7,4,-0.024372380631256622,0.050240570335535056,0.012514416838248332,-0.03177206972774036,-0.016117868125122784
7,Aggregated,-0.01076697542787622,0.014285215749069323,0.0017205886838925738,-0.011633600240665854,0.0019673583081636025
7,Centralized,-0.012475751055632074,0.019008499375524613,-0.0006270747719926667,-0.010532286239997276,-0.00263569296414842
8,0,-0.009865708059490217,0.005286290521062326,-0.02058223413439638,0.003625984680973482,0.021532956859960557
8,1,-0.010446181864700008,0.03595955656570105,-0.009462953741975923,0.024316692433011895,0.026302691141302084
8,2,0.028516406441013383,-0.01775400038231184,0.005740822511674739,-4.834870311868818e-05,-0.015084067860994376
8,3,-0.015542337221781515,0.03257565270397077,0.036806204222918616,-0.02972998242476982,-0.009446139083410946
8,4,-0.01940074120200764,0.053940111699581524,0.022430545629021872,-0.021919438930086358,-0.012372133325153353
8,Aggregated,-0.005345717517044993,0.021996755051287915,0.006983651781095444,-0.0047481289671768,0.002189198134685588
8,Centralized,-0.006671842355525938,0.02366038750824721,0.007741892348951233,-0.004049052330236521,0.0011550448527858739
9,0,-0.011807250242965315,-0.002875055440547113,-0.026790696578128968,0.020225479637476222,0.021232981339392047
9,1,-0.020218261924614542,0.022334656709984524,-0.02268433548775104,0.013874553962977683,0.006688695113237195
9,2,0.029336918294416266,-0.019692696546913014,0.006468043030512181,0.0005481583702383806,-0.017119317692029463
9,3,-0.018975918050695467,0.02707083033868305,0.02824632924692053,-0.0332763507317925,-0.017404463151403878
9,4,-0.02405264519825571,0.04727815214313088,0.012229789254917167,-0.02634945935345404,-0.021864835280662243
9,Aggregated,-0.009141329326227245,0.014818275740748597,-0.000508622783243433,-0.004991872493055476,-0.0056905987470732364
9,Centralized,-0.011195193326681644,0.015304036904528185,-0.0014743983310617484,-0.0038169197166875333,-0.009268462964720368
10,0,-0.015484849873359453,-0.002154584570519541,-0.025511901239925402,0.018355595622197927,0.024720221348734913
10,1,-0.011116516221817613,0.001187692770761342,-0.021720757667499386,0.02052291750966835,0.008668692756020568
10,2,0.03343803073536414,-0.02321917141430271,0.007652447626417132,0.0026132505986483784,-0.01836639537862418
10,3,-0.009002450188670245,0.02908507085930114,0.03256786032243436,-0.020488780903968308,-0.016054038645591028
10,4,-0.015614935931701808,0.04797884252874054,0.014956947381573731,-0.014215547307398846,-0.019583216006337178
10,Aggregated,-0.0035545677154464462,0.010569878461850422,0.0015863499578775446,0.0013601727580890089,-0.004120233434518715
10,Centralized,-0.001800664130890508,0.012285638420296088,9.414688361783034e-05,0.008080050842515982,-0.006545563852635702
11,0,-0.013455343298430929,0.004466684657613076,-0.018158506901991146,0.0007294448578662867,0.02641589116593519
11,1,-0.006778498708367545,-0.00200338124819003,-0.012003196538744574,0.01508967692389901,0.00569542946550017
11,2,0.035443278536197685,-0.026590776348595236,0.0065305159300706305,0.003478145831778474,-0.018134013269151296
11,3,-0.005811286237522083,0.024539554841894642,0.026847070790643503,-0.027746948965447618,-0.019731693603057477
11,4,-0.01686147921948115,0.04243617078344022,0.010888850781138338,-0.015141573603448715,-0.025204978066532106
11,Aggregated,-0.0014906073282019748,0.008564578315935382,0.002819304404917278,-0.004716432319949601,-0.006188599540659257
11,Centralized,0.0011947467672727198,0.007505125241652265,-0.0022019644180242674,0.002078852839172965,-0.011348917270846881
12,0,-0.010126565472959594,0.002618086723341852,-0.02006961412506875,0.0033934945791114844,0.024164355638933224
12,1,0.010784049676225215,-0.00795234558118164,-0.01884503166687809,0.015143003011970947,0.0008478132609880969
12,2,0.03720902201381325,-0.028777412570674846,0.005614576935078103,0.0035182559619231493,-0.018103415598214434
12,3,-0.007484551117219337,0.027202151115460642,0.024013869362646243,-0.026747714862816654,-0.02351150389394528
12,4,-0.012310629891713791,0.04155363113710665,0.009223751250650381,-0.015923314746398864,-0.028871476948303408
12,Aggregated,0.0036164972047823436,0.006923587006575182,-1.4312815296207548e-05,-0.00412121969474813,-0.009091461114907983
12,Centralized,0.006976507608132351,0.0053526674050006495,-0.00425996896169355,0.0009657242265868911,-0.014563505924730954
13,0,-0.00905990228269961,0.0024047290238913455,-0.018390861783494288,0.0018807794826511271,0.023169156396611365
13,1,0.012509392406100292,-0.013419076633906877,-0.020997752262462515,0.026150214213376245,-0.0010806247001523199
13,2,0.04567437696642329,-0.03230629895260576,0.006876294566594321,0.004702447737326863,-0.015596672965864044
13,3,-0.004140105581584387,0.03428672720343547,0.02482633682011831,-0.02408344457539787,-0.02609394380137715
13,4,-0.010656007880988898,0.04258908009122019,0.008601475661878617,-0.01247183025709416,-0.02649266993288907
13,Aggregated,0.006867976380231542,0.006705541923386159,0.00018139291091033355,-0.0007623528429679892,-0.0092159326143129
13,Centralized,0.014848382682703247,0.005767092879258309,-0.002391321578049071,0.0033891521594068743,-0.011765662644623984
14,0,-0.010163941072356901,0.000551304495155792,-0.01617397566752936,0.00122438357897722,0.024540252105774745
14,1,0.014601233332697795,-0.015131525582821947,-0.02134697808745614,0.02408038596128749,-0.0014357522891845322
14,2,0.048434238109251064,-0.03477248802005231,0.004790205330004483,0.003425088007725755,-0.017297055632196145
14,3,-0.00043699022036393966,0.0318413405908323,0.023132460028481103,-0.02738258543130156,-0.02503296938964188
14,4,-0.008424591646512452,0.042668659809922745,0.008353705858437784,-0.014109887005278725,-0.027534594200653306
14,Aggregated,0.008804326952679386,0.005025717673068315,-0.0002506089080254884,-0.0025505097965062176,-0.009348865427142014
14,Centralized,0.01736875178152875,0.0030566347873694027,-0.0026538937101841394,0.00013261933165422586,-0.013061923196871935
15,0,-0.008981027736162089,-0.002381715879151399,-0.01610855966878072,-0.00014114236781842166,0.02761372648544315
15,1,0.014585837292087338,-0.015859336868930134,-0.017969458093913475,0.023092197332222446,-0.00014859297151381448
15,2,0.05102726020562791,-0.03709498190245572,0.005900674787060809,0.0020901874408672384,-0.017290276262432517
15,3,0.0005181482672938988,0.031745945430765,0.026279936239343625,-0.02710821768160783,-0.02583763090432812
15,4,-0.00743943387380516,0.0432019080439699,0.011252588858364556,-0.014769274445817094,-0.028789366149552686
15,Aggregated,0.009944511050582253,0.003916361673195608,0.001869208931484661,-0.003365273223225192,-0.00888697920294974
15,Centralized,0.020175358838097995,0.0009264806160980559,3.249714938164255e-05,-0.00195894923845063,-0.012547352538276638
16,0,-0.005550254672232103,-0.006397269501219425,-0.013922759748003532,0.0009542742253881423,0.024917290663435444
16,1,0.015054759548065602,-0.014328167432337302,-0.019487695249090435,0.021189735698948744,-0.0017143761378030234
16,2,0.053532167605373784,-0.040381201576635904,0.005089308127525203,0.002218254279368905,-0.01691014839071525
16,3,0.006628710506428867,0.04213299883135847,0.02667688925564376,-0.017293580570757028,-0.030566606191596426
16,4,-0.008281645944210938,0.04409266310870282,0.010508092020925992,-0.014457142574107693,-0.02863935194843316
16,Aggregated,0.012279537271280682,0.00501771860994665,0.0017710480832212384,-0.0014755681280065975,-0.010579447332362225
16,Centralized,0.02111654376514769,0.0020511383607536024,-0.0005718450555348985,-0.002518096374375839,-0.013179422349859093
17,0,-0.0038550800317925646,-0.010636220670732428,-0.017101722966289697,0.0022990622064347163,0.029293961462379982
17,1,0.015196867876100466,-0.015417654753212197,-0.01907774399725053,0.022579135533884968,-0.003280604659522732
17,2,0.051299279111899784,-0.04009045254090267,0.005157619732444593,0.0026874910968390426,-0.017631266023913957
17,3,-0.0034937086211844445,0.03481153475502767,0.015832633020380224,-0.026867605125432955,-0.04216283439483816
17,4,-0.008723903664889657,0.04468732425228969,0.009561996158312998,-0.013850965041335378,-0.030881139679528474
17,Aggregated,0.010087337428426263,0.002664411494535122,-0.0011273788001784709,-0.0026286097536686657,-0.01292906056009655
17,Centralized,0.018840267153106417,0.0016257557578850696,-0.0022372331807725214,-0.003433647056124394,-0.014627254072628524
18,0,-0.004037926734233232,-0.01111607662630467,-0.01709746137445185,0.0018445448880441437,0.030406685916958557
18,1,0.015919307251757622,-0.013447421383932427,-0.018212922865035498,0.021787564794052174,-0.004660526002492391
18,2,0.050183402348958836,-0.03593710128301666,-0.002259154912276376,0.006433622000110978,-0.016091680208899287
18,3,0.00448149010819777,0.045728453583447654,0.02365254334418573,-0.015808044256689746,-0.03412444956333825
18,4,-0.009510250639691438,0.04531896221111139,0.009476899244807942,-0.011475657580982783,-0.032641004924416746
18,Aggregated,0.011410092435119744,0.006103171289532578,-0.0008899525925987126,0.0005583745522146216,-0.011418470301228244
18,Centralized,0.018103669663431344,0.003626955970904793,-0.00237269921447667,-0.0005488069893561168,-0.014741229149466932
19,0,-0.003660188645455212,-0.011585007003304316,-0.017351274269991702,0.0015641483238063789,0.031032175322456952
19,1,0.016092236955848962,-0.01309267883567585,-0.01648696618652899,0.02050546464101925,-0.00769628885540521
19,2,0.0501775801771783,-0.03431716124913555,-0.00729458323033203,0.006598271454896974,-0.015782337243297518
19,3,-0.0004317277538328649,0.0427458901861286,0.01696114593261492,-0.019611484832317304,-0.039571298416661266
19,4,-0.009629012823236608,0.04528943527203166,0.009284431086995625,-0.01065980069143147,-0.03405041920739582
19,Aggregated,0.01051259941154525,0.005801882598703295,-0.0029795827295727036,-0.0003189325645376658,-0.013209920537096086
19,Centralized,0.01753568279951289,0.0032830099716399564,-0.004521382969770719,-0.0009241154338270173,-0.015728725134478014
20,0,-0.002988719245907758,-0.011780516555429225,-0.017525626639086442,0.0008548484839663376,0.03169911112538935
20,1,0.020164089974220457,-0.012325941430065945,-0.01678245933561148,0.018615741243757408,-0.008994840716792941
20,2,0.04896865254854867,-0.03358438343405592,-0.008087400978240974,0.006685778694820502,-0.014335595277510717
20,3,-0.006320236988479196,0.039857939808215406,0.010792808554438349,-0.022280713135096723,-0.043784966265172524
20,4,-0.010114949006752166,0.04525271998392077,0.008912385765403168,-0.009724266188772979,-0.03411706308435701
20,Aggregated,0.009944651941836816,0.00547773272878165,-0.0045403108976715,-0.0011682245058698402,-0.013903013946266262
20,Centralized,0.01784202693852684,0.0029923511901579075,-0.006088585090529556,-0.0008543185247347387,-0.01496511177748529
21,0,0.0009351112962290496,-0.02498129770644877,-0.013753778830498446,0.0037929154134503243,0.03494876822817356
21,1,0.020434277224473087,-0.010674817451401761,-0.01639085022883934,0.016582114676599882,-0.01115130303156708
21,2,0.048704675578893374,-0.030474784521781807,-0.010663010117206257,0.005622556397769082,-0.013604453271344947
21,3,-0.004298701649278645,0.04562437536141674,0.012951554655756294,-0.015349720857030315,-0.03883777457921463
21,4,-0.011685642943190825,0.045718321199344304,0.008234510510354747,-0.009994687444035321,-0.03241047375930713
21,Aggregated,0.01082120582887349,0.0050358207824830435,-0.003926354432959005,0.0001323248758343461,-0.012207415872242975
21,Centralized,0.016993826075110338,0.004057748290349507,-0.006734108443983883,-0.0009501227753943843,-0.012693456892231355
22,0,0.0001385007792347052,-0.018877909003023725,-0.015218438649193745,0.0023433862876464967,0.03245650360403541
22,1,0.018358603170751574,-0.004481116562789466,-0.015853418235491443,0.0137798629825718,-0.013175630333885505
22,2,0.04460923699824431,-0.022765166260907008,-0.01222747042993666,0.002274324158707696,-0.01332041210683349
22,3,-0.0064748349150988566,0.04396288761296741,0.009624049112006601,-0.015511313128350955,-0.032508855266729454
22,4,-0.010866136175119698,0.041691831363752846,0.009070616063827922,-0.009105487160456638,-0.031067554510620456
22,Aggregated,0.009155990060516964,0.007900642269978038,-0.004923217765445126,-0.001242497968591108,-0.011519740453577463
22,Centralized,0.01570379551551724,0.007675371536297697,-0.008167709114584708,-0.0028915402076692,-0.01292335413334166
23,0,0.0006251531722543442,-0.016893718083291105,-0.012831768183232704,0.00033275809850787607,0.02935118964115406
23,1,0.01863779300795332,-0.00450013393403887,-0.013685921149743322,0.01127204204338929,-0.01312668985666664
23,2,0.0412268702465497,-0.019184679908333564,-0.00854693733802591,-0.0010177727015250081,-0.013833307775131691
23,3,-0.00721873586151305,0.03832530220969615,0.013889382341244203,-0.018234078222904158,-0.03001107048064207
23,4,-0.009769082267690831,0.036788527081063546,0.010206406873788236,-0.008243826377783316,-0.029125397942397175
23,Aggregated,0.00870311052606394,0.006902226415193918,-0.0021958408892784353,-0.0031772292449423764,-0.011345913863043754
23,Centralized,0.015784577309716937,0.006150496358970536,-0.004018079297640177,-0.0052488790052645,-0.013498336204302379
24,0,-0.0006182634282505988,-0.011192079873310355,-0.012743640805496103,-0.0007176236462943228,0.025767519823098595
24,1,0.017517112348828325,0.0003402060462997828,-0.013947155684816939,0.008150206168478837,-0.012060397797214536
24,2,0.03750482443763401,-0.0202624709814729,-0.004874362042047623,6.5775524027431954e-06,-0.013169619389260997
24,3,-0.001497975973745171,0.02711489899404409,0.01438080304575992,-0.01803974746647989,-0.02291858979926925
24,4,-0.0068373176720167616,0.02618611432019641,0.012824917418750463,-0.006320688488164239,-0.025878327161733515
24,Aggregated,0.009215977470995092,0.004433862606747583,-0.0008741665186625946,-0.003383644760912308,-0.00964906332957725
24,Centralized,0.01671091489008001,0.0020087045374968444,-0.0014701334162486113,-0.005230940561494126,-0.01210893167891476
25,0,-0.0025634651133807826,-0.010659938440707688,-0.006789594513475132,-0.001801147567483651,0.021980366214526103
25,1,0.017276633845758557,-0.0019760755389493993,-0.006858891192238707,0.0053100228713421965,-0.013753303550666847
25,2,0.02742989883410993,-0.0157268998527389,-0.00040498051915034,-0.000118781551532413,-0.012122193842825727
25,3,0.0016784965210267992,0.02243017796536879,0.017429196271729706,-0.01774703375731451,-0.024659619170584936
25,4,-0.0037016363263691083,0.020255712729650797,0.013698084799205848,-0.005840421483565886,-0.024503795218983944
25,Aggregated,0.008025636333734744,0.00286178953910789,0.003413018478630452,-0.004039048848326819,-0.010609258416155055
25,Centralized,0.01615404164833094,-0.0023125189355028184,0.005511954745858055,-0.006175636043405323,-0.013782243229652269
26,0,-0.004099677625879491,-0.010015238888828366,-0.0020844971150034306,-0.002127451030787757,0.018655350949457968
26,1,0.014342195977202358,-0.002325847476700425,-0.0026814755915549318,0.003902177056822559,-0.013238663607933453
26,2,0.0211706668855437,-0.01406514317444328,-0.0016060442663316998,-0.0020436880432426097,-0.003811174847878938
26,3,0.004550111140532952,0.016018974943508475,0.0103863345099989,-0.018420149211950752,-0.013362092086586097
26,4,-0.0028811870150192514,0.015816812322570133,0.011848689399275398,-0.005430157247280587,-0.01931287427769699
26,Aggregated,0.0066177163567628225,0.001083553081097829,0.003171214108029985,-0.004823600747621103,-0.006211710957699103
26,Centralized,0.013320249613330882,-0.004550584785762979,0.006277293228505228,-0.006525135073139834,-0.008505649792168227
27,0,-0.003529564602268187,-0.008771769840482953,-0.0021023936102569445,-0.0017751642966402996,0.016262220499342128
27,1,0.012667707254961658,-0.0034718627529968247,-0.0029537490802979643,0.00121867111064174,-0.007460766532308604
27,2,0.021302798185324403,-0.013582561524905716,-0.005288370155414289,-0.0013064361665167659,-0.0019242925228955788
27,3,0.005090577885117161,0.008735218651565695,0.002819413915897077,-0.011191714503340026,-0.0063142449149439
27,4,-0.0029856781308000594,0.009099907467732789,0.006626945032586435,-0.0005764833486660829,-0.012237616451343388
27,Aggregated,0.0065104570578693784,-0.0015999090919132817,-0.00018066597498802542,-0.0027264485546464956,-0.002333301926944443
27,Centralized,0.011955428919567915,-0.00806713148072525,8.012029251718381e-05,-0.0025733419920882573,-0.0019917137078886296
28,0,-0.0022943988010579574,-0.006646997613467683,-0.0035576914667619112,-0.001512474697913896,0.014011562579201449
28,1,0.010481126648782946,-0.0033349594636219487,-0.003805143576633612,-8.511517900747223e-06,-0.004046797804912363
28,2,0.017914306857056812,-0.00872510562469696,-0.004446581645883056,-0.0013344889917236008,-0.0039297269208634035
28,3,0.005181516565996567,0.007465533640112478,-0.00026470430309197176,-0.010162578822717228,-0.0026542398776381723
28,4,-0.0029104407290095296,0.006202008407946106,0.005178310981756094,3.285268266672858e-05,-0.008664899883675433
28,Aggregated,0.005675591491588868,-0.0010090718257523357,-0.0013801511182260533,-0.0025973442527632844,-0.00105555560714593
28,Centralized,0.010739332395439206,-0.007247114233260164,-0.0022187395354939087,-0.002242651929444083,0.00041179880434702627
29,0,-0.0012227394159698914,-0.004517168005365071,-0.0023866413036691477,-0.0013169175605363106,0.009525263275983844
29,1,0.008911766971184691,-0.003026407641891162,-0.0024826065214117055,-0.0001500294411363336,-0.0032494961598273477
29,2,0.01813026725133108,-0.007203019767232296,-0.003979162874168023,-0.002747162517853215,-0.00508105684070696
29,3,0.0071227227083665535,0.004878457874246182,-0.003569133781520873,-0.007367273383658357,-0.0010647734174335048
29,4,-7.506323385579791e-05,0.003466019806337056,0.0032308383511640724,-0.0010802491306306247,-0.005688437335298556
29,Aggregated,0.006574263169839642,-0.001281191329246224,-0.001838069243029588,-0.002532477229454137,-0.001110928495396918
29,Centralized,0.01172824829200476,-0.00637502849404201,-0.0024709099678703133,-0.003462542404827591,-0.00011863375881999427
30,0,-0.0004758109875564983,-0.0029076012740990457,-0.0013258088911551576,-0.0007189156319605548,0.005509830853632745
30,1,0.006965249992459912,-0.0023045022846640783,-0.0026219166954233636,-0.0007410322513504236,-0.0020218792241638067
30,2,0.012923973979312919,-0.005016993846572287,-0.0025043722970884883,-0.0020032358315628016,-0.0037013738588207814
30,3,0.008009733299883883,-0.0007275265444907299,-0.004263436606663302,-0.005424112620223628,0.0022452109743979504
30,4,0.0005772386991946414,0.0011606783319147865,0.001153498196387831,-0.0003066833042907835,-0.0025780421111107473
30,Aggregated,0.005600719454773423,-0.001959658020823508,-0.0019128307711767873,-0.0018389745554409503,-0.00010885436052129562
30,Centralized,0.010648031769114597,-0.005909862951774219,-0.002776637943773455,-0.002541254145406637,0.00033119181157094944
31,0,-0.00014997421023442333,-0.0016740712193522708,-0.0007445361469343335,-0.00031373753351581304,0.0030453992615966986
31,1,0.00495958974051887,-0.0018002750792304476,-0.0015633593455941389,-0.0005850290799746453,-0.0010458743769394328
31,2,0.006953359908438969,-0.0033320215626400714,-0.0016053594540048463,-0.0006728222188189276,-0.0019278072891622422
31,3,0.007447755819562768,-0.0023038623079810546,-0.004245441464637225,-0.004394874488690445,0.00264492008177296
31,4,-4.7860385680517646e-05,0.000423901644635589,0.0004190577807182812,0.00018061868495415078,-0.001060397680795347
31,Aggregated,0.0038330689644262847,-0.0017375723441719754,-0.0015481845779319807,-0.001157328178622225,0.0003314582802679109
31,Centralized,0.006491121392235886,-0.004140217579368693,-0.0022152646230278452,-0.0010930419096679726,0.0005725006988167451
32,0,-0.00014674613117141206,-0.001026618500686538,-0.0005424239673841979,-0.00029555028950035235,0.0020927253595101085
32,1,0.003362120540737983,-0.0011348002409147008,-0.0011837085943948815,-0.00026613780683646765,-0.0007774738985919331
32,2,0.004979554081616626,-0.002430909807482905,-0.0010566964539275266,-0.0005196313991560397,-0.001301599758056369
32,3,0.00709618863404803,-0.0020124406481988035,-0.004528892188712464,-0.004302462454617641,0.0033808886161661037
32,4,-4.0844913269300066e-05,0.0003885404127941398,0.00023421986124229447,8.39011791524504e-05,-0.0006658165399195846
32,Aggregated,0.003050437779557632,-0.0012434722858776137,-0.0014157067490427882,-0.0010601071444314616,0.0005459124028845148
32,Centralized,0.0046830972974316815,-0.0027882324652650733,-0.0016977953102987563,-0.0009943020123017639,0.0006423662424125584
33,0,-0.00010605463168258018,-0.0006753594553409042,-0.0003830724556911959,-0.0001910676383983928,0.0013569821642258294
33,1,0.002557191542954675,-0.0008855560391511613,-0.0011142821648910599,-0.0004389556510031469,-0.00011678420125274721
33,2,0.0036582613826730125,-0.0019255586296676056,-0.0007565848969964095,-0.0005172784174140364,-0.0010005575039597546
33,3,0.00829528938482329,-0.0007469796556834607,-0.003546388612755464,-0.003430655709133363,-0.0007319433364556585
33,4,7.2360625434754e-05,0.00023173721419995536,0.00011800709870591804,-2.37121419081332e-06,-0.00044363715429211655
33,Aggregated,0.002895744871246792,-0.0008004908846749891,-0.0011366208139025765,-0.0009161703785892146,-0.00018712900847425354
33,Centralized,0.003717396232905909,-0.002059329631188897,-0.0012807441696185426,-0.0009010715903580861,0.00010721682267414342
34,0,-8.661400280789155e-05,-0.0005208998034562651,-0.00027632926374932437,-0.0001050712277599249,0.000988914297773406
34,1,0.0014442893617780774,-0.0005150335290713949,-0.000807632653262122,-0.0001367802912757186,1.5157111831158124e-05
34,2,0.0026262947005997535,-0.0013251882053186162,-0.0006349796495217562,-0.00021555460895107865,-0.0006269337213472253
34,3,0.006235658230887806,-0.0023237466056020024,-0.0018331299233489576,-0.0016831576774038015,-0.0003956240245330459
34,4,4.5393685865603255e-05,0.00015629301569228076,8.05842837856452e-05,-1.0483093275334699e-05,-0.0002956913222103304
34,Aggregated,0.0020532384653106036,-0.0009058521318734471,-0.0006943975978828584,-0.0004302565191066731,-6.278703954889939e-05
34,Centralized,0.002648478942999487,-0.0015796012242417473,-0.0009752591554940284,-0.00045939699706495175,0.00020971011806274014
35,0,-2.6120538182951753e-05,-0.00036531267852415544,-0.00015393827172916855,-3.133873937885556e-05,0.0005767102278151313
35,1,0.0010991284288224526,-0.0004477191974338666,-0.0005601127458508844,-6.7430454795502e-05,-2.386603074219969e-05
35,2,0.0018319340843374026,-0.0007971010944620189,-0.0004388578778757942,-0.00017956963596207725,-0.00046661521091480583
35,3,0.004945486856938767,-0.0016281591437029555,-0.0010355387500679306,-0.0009391617458061736,-0.0013426272173616962
35,4,1.704623167223899e-06,0.00011787316801932698,4.367089646486281e-05,-1.4505908012605688e-05,-0.000148742779638808
35,Aggregated,0.0015706098789345173,-0.0006241801950773015,-0.0004290170963564252,-0.0002464268129355521,-0.00028102904367584205
35,Centralized,0.0018866713125633473,-0.001009079529783477,-0.000637414749015186,-0.0002847111905902681,-1.3290999435570476e-06
36,0,1.740269682869907e-05,-0.00028822522357156434,-7.69113560973561e-05,4.7476277334831025e-06,0.0003429862551067383
36,1,0.0007778425134084767,-0.00036574204620236546,-0.0003562944860191828,-4.9685202591221816e-05,-6.120778595706626e-06
36,2,0.0012818422519932195,-0.0004915152159833809,-0.0003170129890231688,-0.00027156104397018657,-0.00028957979873809605
36,3,0.0003857409678919186,-0.00044360982042590167,4.348252333795284e-05,0.0002493269270830332,-0.00016346556908910698
36,4,-2.7705194231402348e-05,9.033934761617605e-05,2.6546621519999796e-05,-2.3431780803236563e-05,-9.075842944043326e-05
36,Aggregated,0.00048709530362218376,-0.0002998060165455147,-0.00013606297415595436,-1.812144742884942e-05,-4.13750307111867e-05
36,Centralized,0.0011398726566223354,-0.000648578596049873,-0.0003641318654723456,-0.00025117201031028824,2.602562797578145e-05
37,0,1.876096862094556e-05,-0.00021201444180955208,-4.184583769957413e-05,5.9189639714666655e-06,0.000229180346916714
37,1,0.00033590533694137135,-0.00027050178158119406,-0.00020628202743140552,4.581190754690175e-05,9.50665645243265e-05
37,2,0.0008758557902409027,-0.00027938461078246175,-0.00025819595754165704,-0.00017601319849390635,-0.00019980925026966782
37,3,0.00021491233254822644,-0.00027538585777267164,1.8054597739633472e-05,0.00022389900148471383,-0.0001814800739999021
37,4,-1.3819428411620167e-05,7.15703425160169e-05,1.363852129404967e-05,-1.3318184439310247e-05,-5.807125095913616e-05
37,Aggregated,0.0002863636311672803,-0.00019318148746194137,-9.494244115423928e-05,1.72628884087884e-05,-2.3013025032102386e-05
37,Centralized,0.0007923472060317062,-0.00039790060424808686,-0.00028641690624502857,-0.000158383031442035,1.4584945452447707e-05
38,0,1.1978693280229047e-05,-0.00015067664072899168,-1.4682728601718893e-05,5.68948992556532e-06,0.0001476911861249162
38,1,0.0003010964854344526,-0.00024534785465499714,-0.00018390598838547342,7.543159071472331e-06,0.00012061419853454565
38,2,0.0005644425301221759,-0.00019375796486962213,-0.0001577175323929092,-0.00011569148004519451,-9.727555281445015e-05
38,3,0.00011111883434338036,-0.0004359398144199713,4.263973298932836e-06,0.00015901735886924285,-0.000198471847148185
38,4,-8.37990483918231e-06,5.043027189088982e-05,1.727156881506468e-05,-6.5591389287134035e-06,-4.610096513585719e-05
38,Aggregated,0.00019607962395364368,-0.00019509198837104765,-6.696673930404516e-05,1.0001298052661849e-05,-1.4700233789196852e-05
38,Centralized,0.0005225363532103076,-0.0002941946952780781,-0.00016251948894239107,-0.0001027868793845819,2.897749628752444e-05
39,0,1.3268761514615795e-05,-0.00010858211452818474,1.8034409093314885e-07,1.8034409093314885e-07,9.495266483170265e-05
39,1,0.0002784822775418379,-0.00020665465349946807,-0.00020665465349946807,3.696149603654719e-05,9.7865533420551e-05
39,2,0.00043316845336966077,-0.00012384658221762564,-9.544568541516677e-05,-0.00011226312722145507,-0.00010161305851541328
39,3,0.00018700780343265666,-0.00031198158863395,-8.372608741855081e-06,0.0002423399029924389,-0.0001089935090492905
39,4,-1.2708372834914032e-05,3.528885329450541e-05,1.5639085122413445e-05,-2.9874864153465556e-06,-3.523207916665827e-05
39,Aggregated,0.00017986999462363178,-0.0001431798029648553,-5.894189330702452e-05,3.284975261592428e-05,-1.0598050967676249e-05
39,Centralized,0.0004081450187406808,-0.000199109000390064,-9.382687997175621e-05,-9.564720005762102e-05,-1.9561938321239573e-05
40,0,1.074249404914296e-06,-3.246276006337312e-05,-5.342448594183869e-06,1.4312451831033357e-06,3.5299714069539354e-05
40,1,6.0904037384003816e-05,-0.00018271211215201144,0.0,6.0904037384003816e-05,6.0904037384003816e-05
40,2,0.00031352942940503226,-9.092179713971378e-05,-7.890762182292492e-05,-6.71611861498463e-05,-7.653882429254726e-05
40,3,0.0001224806969718652,-0.00023440367988341037,3.2471317660931474e-06,0.00021798227883281136,-0.00010930642768735935
40,4,-1.9592732636069163e-05,2.216819307476007e-05,1.1885575977502173e-05,5.562300464223569e-07,-1.5017266462615438e-05
40,Aggregated,9.569419179815415e-05,-0.00010368334331041376,-1.3827083058314507e-05,4.274714578103653e-05,-2.0930911210462415e-05
40,Centralized,0.00026469604070095224,-0.00010566651142812077,-6.873816764543702e-05,-4.987677212496914e-05,-4.0414589502425305e-05
41,0,-6.773693777287204e-06,-6.773693777287204e-06,-6.773693777287204e-06,0.0,2.0321081331861612e-05
41,1,3.654242243040229e-05,-0.00014616968972160915,3.654242243040229e-05,3.654242243040229e-05,3.654242243040229e-05
41,2,0.00024166821654191632,-8.43654576372301e-05,-4.364205660665384e-05,-4.201267231037087e-05,-7.164802998766151e-05
41,3,0.00011021862816965137,-0.00016261912732129884,-3.847152883449667e-05,0.0001938077052309713,-0.00010293567724482718
41,4,-8.141223603997753e-06,1.5833818591925082e-05,7.63382912389865e-06,-2.7261888960905535e-06,-1.2600235215735427e-05
41,Aggregated,7.471335275336234e-05,-7.68312008858749e-05,-8.94411147198781e-06,3.7126591246361884e-05,-2.606463164186154e-05
41,Centralized,0.00020245392097931468,-7.68268891166037e-05,-3.978751879252877e-05,-3.549588367394718e-05,-5.034362939623504e-05
42,0,-4.064216266372322e-06,-4.064216266372322e-06,-4.064216266372322e-06,-4.064216266372322e-06,1.625686506548929e-05
42,1,0.0,0.0,0.0,0.0,0.0
42,2,0.000193615348798389,-6.635259646364152e-05,-4.5277633419695446e-05,-5.1491797023691294e-05,-3.0493321891360745e-05
42,3,5.845102370892567e-05,-0.00012389995493407673,3.533581755022497e-05,8.869803633341685e-05,-5.858492265849076e-05
42,4,-9.393041451960516e-06,1.4095280236661733e-05,4.2971434616206896e-06,-8.49770976291131e-07,-8.149611270030777e-06
42,Aggregated,4.772905674711851e-05,-3.605037478707653e-05,-1.942910708523118e-06,6.45884332611001e-06,-1.6194614577628868e-05
42,Centralized,0.00016030615374156194,-4.6365206532518004e-05,-4.329541860098411e-05,-5.0150374020006365e-05,-2.0495154588053475e-05
43,0,0.0,0.0,0.0,0.0,0.0
43,1,0.0,0.0,0.0,0.0,0.0
43,2,0.00013439537396497576,-4.2759220847921055e-05,-2.704384398019936e-05,-3.6494290967409305e-05,-2.809801816944605e-05
43,3,3.1591889337270754e-05,-8.623447785623314e-05,4.354470282968333e-05,6.14739230683022e-05,-5.037603737902315e-05
43,4,-4.4600783862776735e-06,8.053612887516197e-06,4.016629648605682e-06,-1.197969534202925e-06,-6.412194615641279e-06
43,Aggregated,3.2310141895088846e-05,-2.4191842452512752e-05,4.103200463217162e-06,4.756762905904195e-06,-1.6978262811697456e-05
43,Centralized,0.0001164478792843889,-2.8300402921004517e-05,-2.2899419226510286e-05,-3.320988969927237e-05,-3.203816743760172e-05
44,0,0.0,0.0,0.0,0.0,0.0
44,1,0.0,0.0,0.0,0.0,0.0
44,2,0.00010546125518575515,-7.762374064656149e-06,-4.486318024050269e-05,-3.218218419006047e-05,-2.0653516690535833e-05
44,3,4.525860237371745e-06,-8.384391515775617e-05,1.0502266983578034e-05,3.4407893968403194e-05,3.4407893968403194e-05
44,4,-3.208634438622848e-06,8.884525472049875e-06,2.627679835146002e-06,-1.5442987921970851e-06,-6.759272076375944e-06
44,Aggregated,2.135894168635218e-05,-1.6547305315860755e-05,-6.3479225583923335e-06,1.3631603108690992e-07,1.3999701568139952e-06
44,Centralized,9.232075265184491e-05,-1.7790956480995267e-06,-3.8621102754803535e-05,-2.8460438360976745e-05,-2.3460115887965113e-05
45,0,0.0,0.0,0.0,0.0,0.0
45,1,0.0,0.0,0.0,0.0,0.0
45,2,1.3160286732998479e-05,1.0109512896147588e-05,-2.4599548045732093e-05,6.64874208293013e-07,6.64874208293013e-07
45,3,2.7066029099893456e-05,-9.076033809361043e-05,2.7066029099893456e-05,3.3042435846099744e-05,3.5858440477237742e-06
45,4,-2.503187176405852e-06,2.7117861077730066e-06,6.25796794101463e-07,-3.546181833241624e-06,-9.804149774256255e-06
45,Aggregated,7.545816620514595e-06,-1.558970645853863e-05,6.182851334072685e-07,6.033331448350175e-06,-1.109445823492209e-06
45,Centralized,9.9375033644461e-06,9.2913483075228e-06,-2.115657393301403e-05,-2.2117329158161116e-06,-9.434853560912522e-06
46,0,0.0,0.0,0.0,0.0,0.0
46,1,0.0,0.0,0.0,0.0,0.0
46,2,-4.281541052623498e-07,-4.281541052623498e-07,-4.281541052623498e-07,6.422311578935247e-07,6.422311578935247e-07
46,3,4.7130546877401556e-05,-7.069582031610233e-05,4.7130546877401556e-05,4.7130546877401556e-05,-7.069582031610233e-05
46,4,-8.343957254686174e-07,5.423572215546013e-06,3.3375829018744698e-06,-8.343957254686174e-07,-7.092363666483248e-06
46,Aggregated,9.174645003844677e-06,-1.3142166384127862e-05,1.0008551363764278e-05,9.388750242125124e-06,-1.5429780225606214e-05
46,Centralized,-5.476005528350554e-07,4.495526684946312e-06,3.977169026422867e-06,3.029621575954359e-07,-8.22805731612956e-06
47,0,0.0,0.0,0.0,0.0,0.0
47,1,0.0,0.0,0.0,0.0,0.0
47,2,0.0,0.0,0.0,0.0,0.0
47,3,4.7130546877401556e-05,-7.069582031610233e-05,4.7130546877401556e-05,4.7130546877401556e-05,-7.069582031610233e-05
47,4,1.251593588202926e-06,6.466566872381785e-06,5.423572215546013e-06,3.3375829018744698e-06,-3.9633796959759325e-06
47,Aggregated,9.677240279116657e-06,-1.2848047698835783e-05,1.0511146639036256e-05,1.0094193459076457e-05,-1.4932813598634782e-05
47,Centralized,2.0550093209661022e-06,5.96694416393299e-06,6.579778900224024e-06,4.317394110595063e-06,-5.344817757944413e-06
48,0,0.0,0.0,0.0,0.0,0.0
48,1,0.0,0.0,0.0,0.0,0.0
48,2,0.0,0.0,0.0,0.0,0.0
48,3,5.891318359675194e-05,0.0,0.0,5.891318359675194e-05,-0.00011782636719350388
48,4,-2.0859893136715435e-06,1.0429946568357717e-06,1.0429946568357717e-06,-4.171978627343087e-06,-8.343957254686174e-06
48,Aggregated,1.136688228396617e-05,2.0847658997989987e-07,2.0847658997989987e-07,1.094992910400637e-05,-2.5235483647691135e-05
48,Centralized,-1.3904522372099049e-06,1.1311923948144804e-06,1.1311923948144804e-06,-3.6528370268388657e-06,-1.0793404263353956e-05
49,0,0.0,0.0,0.0,0.0,0.0
49,1,0.0,0.0,0.0,0.0,0.0
49,2,0.0,0.0,0.0,0.0,0.0
49,3,4.7130546877401556e-05,1.7673955079025583e-05,-1.1782636719350389e-05,4.7130546877401556e-05,-0.0001001524121144783
49,4,0.0,0.0,0.0,0.0,0.0
49,Aggregated,9.427068371140777e-06,3.5351506391777908e-06,-2.356767092785194e-06,9.427068371140777e-06,-2.0032520288674148e-05
49,Centralized,6.975460419352449e-07,2.6157976572571685e-07,-1.7438651048381122e-07,6.975460419352449e-07,-1.4822853391123954e-06
50,0,0.0,0.0,0.0,0.0,0.0
50,1,0.0,0.0,0.0,0.0,0.0
50,2,0.0,0.0,0.0,0.0,0.0
50,3,0.0,0.0,0.0,0.0,0.0
50,4,0.0,0.0,0.0,0.0,0.0
50,Aggregated,0.0,0.0,0.0,0.0,0.0
50,Centralized,0.0,0.0,0.0,0.0,0.0
