Round,Evaluator,2,4,3,1,0
0,0,,,,,
0,1,,,,,
0,2,,,,,
0,3,,,,,
0,4,,,,,
0,Aggregated,,,,,
0,Centralized,,,,,
1,0,0.09913421278477881,0.060559030861298775,0.04754399166446484,0.16235940949481986,0.2279568553865217
1,1,0.18664055060329343,0.16056749430947834,0.14839983376317264,0.22849650885337425,0.2301076581499471
1,2,0.13306460895950398,0.09718133175410396,0.10034596191229046,0.11747456008828991,0.11978862422084177
1,3,0.14865573474850804,0.17474186162160077,0.17867937526664213,0.16447866631693414,0.16808077611909958
1,4,0.07214274160900455,0.20855539287221728,0.14956710637445234,0.08518081624402059,0.029826731877885863
1,Aggregated,0.12793546483081436,0.14031018223571773,0.12490260470315503,0.15160804365449437,0.15517137231341627
1,Centralized,0.13259099850299366,0.13931088525400917,0.12550210618355287,0.15054684059790177,0.14965751439219419
2,0,0.00010609666075363048,-0.04591346242510111,-0.08286229928347094,0.06332267998333947,0.0908757117270796
2,1,0.003106369589094943,-0.025468034191888287,-0.05320110424109849,0.04739302408217005,0.029610606733015313
2,2,0.019245282252773672,-0.015490279841718075,-0.015373100947039097,0.012790059209961803,-0.0003017941101369992
2,3,-0.004008718560497154,0.00493092598059506,0.01473855533064259,-0.0077980417121177705,-0.0026702346416845805
2,4,0.03901160983896335,0.09893208674353393,0.07281873597763658,0.042480858817039,0.0064284967697771644
2,Aggregated,0.011488081620202494,0.0033837535382487778,-0.012789382090398248,0.0316368682110422,0.024792178557719837
2,Centralized,0.012103387674896502,0.0023042895340991743,-0.01195586654066577,0.028113728518429512,0.01746931517988535
3,0,-0.012275479541710894,-0.05263106922087524,-0.0709562292696326,0.06113653096571016,0.0751186085139161
3,1,-0.002717492840694512,-0.02893545564997529,-0.041993878762463084,0.04899054650252903,0.024575398924591534
3,2,0.020712620299281493,-0.018880593875957488,-0.014156775099476857,0.01646210045214775,-0.002393924613059247
3,3,-0.015501999077637796,0.008642752900185643,0.017847898566557628,-0.007038983832035234,-0.0033626014412820758
3,4,-0.01775809076373479,0.0739469994891115,0.027846140031169107,-0.012392684344696977,-0.06905938595877516
3,Aggregated,-0.00550633340178476,-0.003583419378648707,-0.01628991966195147,0.02143717068343302,0.0049872595188438056
3,Centralized,-0.0013271317397367589,-0.0032799802498310287,-0.01463802739456216,0.019828082345875294,0.00048510673865483913
4,0,-0.020109082607708485,-0.04017614006846873,-0.06061168966277162,0.054282057728912286,0.06663587116142647
4,1,-0.007020789493305078,-0.017476846817919802,-0.035634073772572675,0.04226529503338993,0.01778202153142226
4,2,0.01893234260236066,-0.015255594124465506,-0.01187055958786622,0.013363465062192586,-0.005597308895968256
4,3,-0.016709993799531475,0.013730002703929607,0.015423476316022712,-0.0032172142406133994,-0.0027284812970415017
4,4,-0.017024810492138758,0.05819407417527942,0.00932818333168182,0.01603750187760518,-0.0451601044547302
4,Aggregated,-0.00838530835330672,-0.0002059528278972331,-0.016677498697814114,0.024548071312343336,0.0061946208091346435
4,Centralized,-0.00370976882908081,-0.0001602619823811565,-0.015125548968294166,0.02282052084919895,0.0013488145862713926
5,0,-0.01323392917421191,-0.03767199176025127,-0.061643530012020976,0.04821864057106649,0.06455410201898396
5,1,-0.00197982377106866,-0.017122046184958117,-0.03597347740340755,0.038628944612010406,0.01644593349940138
5,2,0.020368395563565584,-0.01576805654305102,-0.010767425916798695,0.012674315491670609,-0.006553067216041466
5,3,-0.016735452230408582,0.010101214832611545,0.018823655704632278,-0.006190598730724319,-0.002409096257342974
5,4,-0.018818575010386876,0.0641183625331422,0.01965955277092766,-0.01322009643007664,-0.04371297693850118
5,Aggregated,-0.0060780445814526286,0.0007217697125928902,-0.01398597510080435,0.016027094784923583,0.005672888894508898
5,Centralized,-0.0018061762596233784,0.0007372571011631172,-0.012238275455457404,0.01477873102760061,0.0008791345668138513
6,0,-0.019178739918982984,-0.038004188649062146,-0.06225253492012572,0.05371114404034194,0.06492307972322943
6,1,-0.006029256800410854,-0.016854653518546304,-0.03674181785329748,0.04262718715666482,0.01675803061292495
6,2,0.019847942604106043,-0.015436761196203692,-0.009175896101162123,0.011838948086203402,-0.006524193330418195
6,3,-0.017194092959753264,0.013487202663258821,0.017419798695794568,-0.005467541430828782,6.897721692189496e-05
6,4,-0.019628585285768604,0.06058352094149918,0.013728636770895352,0.005528938356761861,-0.04111320903376795
6,Aggregated,-0.008435000713115206,0.00074578535410695,-0.015409431938069443,0.021650721992946577,0.006830217364564108
6,Centralized,-0.003736864644996468,0.0006340416896780869,-0.013467224004728006,0.019764906804802196,0.0019154102381011117
7,0,-0.024375283818648973,-0.04224023030480421,-0.061162538043964446,0.06122530456602372,0.06586055788475682
7,1,-0.009465244705271027,-0.02003095234128988,-0.03641974608828041,0.04910397108261719,0.01681170839980637
7,2,0.019516640467168923,-0.016147866534039067,-0.008613563239207403,0.013999323486935713,-0.0076028512028172585
7,3,-0.018250160232854237,0.009691109460496101,0.013750756702293076,-0.010631274296031484,-0.002651345637779083
7,4,-0.023651701325760856,0.05026373239872617,0.0041850140994003325,-0.0014294184531322325,-0.04776118303988873
7,Aggregated,-0.011243472547671735,-0.003701230526797227,-0.017655972812832176,0.022457833161297926,0.004939791288750861
7,Centralized,-0.006182881665453632,-0.003409571572758759,-0.01579427040069218,0.020757729204002765,7.810375133009418e-05
8,0,-0.019684637203326954,-0.04048744544850439,-0.05795869984066753,0.04864338687799861,0.0693589109364658
8,1,-0.006521189560344951,-0.018862198756038655,-0.034538569648305914,0.04094625431108283,0.01897601906759972
8,2,0.02034827380639621,-0.01750626926008746,-0.00835997459428386,0.012233397323568786,-0.006667655504804361
8,3,-0.01546192580778956,0.010874601131751564,0.018137916526118927,-0.005293809934222192,0.0007546687558659485
8,4,-0.016967662522382375,0.05592978121608113,0.016645813834786603,0.004115006662082173,-0.039822178732723014
8,Aggregated,-0.007656181473819628,-0.0020192666871475438,-0.013219842421351352,0.020131765147710763,0.008527733547440495
8,Centralized,-0.003008830559302676,-0.002122963890036548,-0.011699017211704884,0.0187545603752469,0.0033394200185954052
9,0,-0.021782166373528544,-0.04203724444757839,-0.056152942853565854,0.04911838112954657,0.07138577921683543
9,1,-0.007782430026988682,-0.018918974557537178,-0.032670820167175756,0.03931717034804277,0.02021472187813655
9,2,0.021379921388917835,-0.017647691482893357,-0.007119574435279108,0.012043752140706234,-0.008084411440231217
9,3,-0.018691878817317747,0.008158282116049326,0.014323187832949334,-0.00799051720836593,-0.00446010651750392
9,4,-0.02702159337534371,0.051344136137786864,0.004569107658066259,0.0019963470607972525,-0.05123110831532491
9,Aggregated,-0.010777363003339771,-0.003828841211772597,-0.015413846929419703,0.018900098989375516,0.005574068102352072
9,Centralized,-0.005701977937286952,-0.003647510357318606,-0.013674633369573485,0.01754120718002555,0.0004336023230583223
10,0,-0.023276080993704425,-0.0477654700277302,-0.05929061850907087,0.05607394300881851,0.07333343009386448
10,1,-0.007356498116863957,-0.021183973204688747,-0.03381848316355014,0.0423520528267922,0.019847351099326047
10,2,0.023436746277104237,-0.019950552708208773,-0.008061780903140489,0.013302723454823001,-0.008226439416808803
10,3,-0.013999908226478387,0.01150541534414304,0.017337548771524405,-0.004160335109739934,-0.0014480424716244611
10,4,-0.017250301927352166,0.06549866467146875,0.010848220990025314,0.00801767749182789,-0.04663004085561383
10,Aggregated,-0.00768798213770847,-0.0023896713807402895,-0.014601518369546287,0.023120053911240446,0.007383925404988397
10,Centralized,-0.0025797462363762883,-0.0022208631742094104,-0.013018047860637202,0.021224809571314635,0.001989516307140434
11,0,-0.019946591900881456,-0.047015355874453456,-0.05645767043869636,0.047562662804383524,0.07616576015557892
11,1,-0.005191021467048274,-0.020791824554813466,-0.03190119549926007,0.03632181582478403,0.021642272458707337
11,2,0.026165593190471584,-0.021508405426476578,-0.007421829028625511,0.012240294174249098,-0.00882675070399459
11,3,-0.016826718729318256,0.009541676061865826,0.014413173114743482,-0.005980773490737075,-0.003803399059364415
11,4,-0.024086045778004984,0.06300076676853636,0.005702350939294113,-0.0006551818847138273,-0.05142108099674793
11,Aggregated,-0.007974716813436974,-0.003364863377663105,-0.015136798574033772,0.01790103648263281,0.006760698821386057
11,Centralized,-0.002643293831672209,-0.003290432303526238,-0.013501949574610294,0.016554667496625593,0.0012794182741867647
12,0,-0.018157980320348845,-0.04780708384058037,-0.054843091770001746,0.043904122106880474,0.07702963237405497
12,1,-0.0030799771614162808,-0.02198041054435292,-0.0309852572598096,0.03388337155279954,0.02216291392190486
12,2,0.027471287328946697,-0.02343906242636343,-0.007533878282056326,0.011885778001612916,-0.008280028818881235
12,3,-0.017109290969725313,0.010763395824959372,0.014106217308907954,-0.005908380248299236,-0.006007943684481283
12,4,-0.02895903870484704,0.06957056217951307,0.00425758052064982,-0.0005478600922163697,-0.05441803897743452
12,Aggregated,-0.007964022887801956,-0.0025896198741812305,-0.015003198574423542,0.016646439880117832,0.006107016403508209
12,Centralized,-0.0026103852172588444,-0.0026681309496506935,-0.013454383876455027,0.015507516913304134,0.0006905373706567631
13,0,-0.01670881406789576,-0.047730445184923975,-0.05167286644875573,0.04057223870111401,0.07561840158058211
13,1,-0.0013430356045363338,-0.022372262706794786,-0.028749619149169858,0.03161636935349151,0.02116713306675453
13,2,0.03346999061206743,-0.02644291419921559,-0.006933265053436202,0.01372583195323899,-0.005995570901834296
13,3,-0.016786180378067207,0.013373932829130764,0.014524498923301469,-0.005263584108240458,-0.004230137438866936
13,4,-0.03250757008307868,0.08285088468136333,0.004379601884358432,0.000701616833081394,-0.05327609368695687
13,Aggregated,-0.006771452418787917,-7.685449466085861e-05,-0.013693638960038808,0.016273242295620063,0.006666332112689924
13,Centralized,-0.0008817707109920969,-0.0007108234470760181,-0.012318565929633355,0.015456086562006673,0.0015307744270393665
14,0,-0.01723535919148591,-0.04983436480968886,-0.0478349265096244,0.03764417194680322,0.07713850523020072
14,1,0.00033313579084194486,-0.022564406306792344,-0.02754938292935995,0.02920575570227738,0.020734627920859318
14,2,0.03561922557145274,-0.02752458474146573,-0.008337502227494123,0.01178147263215606,-0.007341756754304596
14,3,-0.01636490891209778,0.012862679914427548,0.014448395472401976,-0.005973809869155311,-0.00451134947491976
14,4,-0.029092342577954042,0.09081690831330176,0.0006327523887708242,-0.0026605272449,-0.05807128457374989
14,Aggregated,-0.005344681811141108,0.0007374928169583345,-0.013730854992416826,0.014002299052527615,0.005599899600461239
14,Centralized,0.0007485526795834048,7.876898694054723e-05,-0.012650584259884311,0.013190049429335991,0.0002894687990316354
15,0,-0.016557924364361553,-0.055967406047974504,-0.04580182395756629,0.03450425663254061,0.08385067096074893
15,1,-0.00014753709198252844,-0.023305156279410856,-0.025506040915333806,0.02776894719667052,0.02158795029988954
15,2,0.03645632393863906,-0.028614320281830054,-0.008227077457363601,0.011483337799684227,-0.0076975858365575635
15,3,-0.01628017904536396,0.012900788328309298,0.015724558762870586,-0.0062692691959074865,-0.0048087875629682034
15,4,-0.03164778064734921,0.09568732904880001,0.006482236359433959,-0.004601127995440855,-0.06267622709154418
15,Aggregated,-0.005631717461473535,0.00012563524218681555,-0.011468865027038085,0.012580162376664247,0.006062164676616993
15,Centralized,0.0004963810538883562,-0.0003013404260141424,-0.010543182088059103,0.011945569499863343,0.00034576356399017755
16,0,-0.01371732166646429,-0.057109273021861896,-0.04605039385621383,0.031259776027356544,0.085644994098496
16,1,0.0006031940079205563,-0.021644718091305293,-0.024933990533530424,0.02579842052460115,0.020176605127283306
16,2,0.037619494427779836,-0.029182296953126317,-0.008496857557337397,0.010720714669792512,-0.008199847746537842
16,3,-0.01758276080785369,0.014596574291822617,0.0157452830064684,-0.005375531719834529,-0.004388514038663643
16,4,-0.03378372238825268,0.10177168132843636,0.00445536154033705,-0.005754716962551891,-0.06144446481039974
16,Aggregated,-0.005368133577772575,0.0016710975899988673,-0.011859115032698977,0.011332611465274804,0.00636858900609274
16,Centralized,0.0007296514341000611,0.001224069110881143,-0.01092586343542054,0.010750862160680389,0.0004352923039947887
17,0,-0.015561049116601559,-0.06009004474159037,-0.0453943158363812,0.028162414325384754,0.09288299536918841
17,1,-0.0003212069624317619,-0.0209949987083153,-0.024023482647838934,0.024620813757834356,0.02071887456075167
17,2,0.036505864680402775,-0.029438471028601945,-0.008494785298468697,0.010482664803638153,-0.007973842931720652
17,3,-0.018526345241573948,0.014852066634497733,0.014696998087648686,-0.005593124267049745,-0.005315396308338675
17,4,-0.03381087111443383,0.10334803872296301,0.0040568037855816756,-0.004698719663482235,-0.06753944925395285
17,Aggregated,-0.006338777674086744,0.0015197426331559696,-0.011834671906508836,0.010597397496224239,0.006566467539625176
17,Centralized,-0.0001991923140511609,0.0012284329592406865,-0.01086686576163766,0.010188840057428568,0.00025640981629106624
18,0,-0.017018996543736207,-0.0615817059464031,-0.045051610914123484,0.02654263289634906,0.09695874038059096
18,1,-0.0012259083278391017,-0.020243708157175303,-0.023591587338951524,0.024010555389657857,0.02121024576596877
18,2,0.036423448081575556,-0.029031559753770787,-0.008938512482466373,0.01042695327946279,-0.0072849668306195214
18,3,-0.01911323277009922,0.016029195214958367,0.01429197549227409,-0.004512505567882496,-0.005430285839567705
18,4,-0.035291475505043496,0.10533377809110847,0.010507655746775488,-0.004231794631968043,-0.07446138871038117
18,Aggregated,-0.007241214654561694,0.0020853932367105223,-0.01056008093918493,0.01044963996805234,0.006211299925057987
18,Centralized,-0.0010488227118001755,0.0019052225636627784,-0.00956869973624243,0.010094990454185548,-0.0003276074720588958
19,0,-0.01621542821341658,-0.06299189827542793,-0.045240578750561276,0.025527010630237514,0.09884791810369162
19,1,-0.0010461652730346567,-0.020059649269536104,-0.023527551392297716,0.023395114813825273,0.021078221099816098
19,2,0.036005950169121295,-0.028767341856786983,-0.010136173163801632,0.009587441350075594,-0.007144854984765778
19,3,-0.019279020575352537,0.01601077399086652,0.013282423324796639,-0.004284874534973873,-0.0057303928444871
19,4,-0.035295115996473406,0.1037364966667511,0.017056071493497364,-0.00479759519938248,-0.08010657306563192
19,Aggregated,-0.0071619149728293745,0.0015700154747772597,-0.009717652102294699,0.009887881210882512,0.005402422478115719
19,Centralized,-0.0010838170169026828,0.001528498825391794,-0.008757137008804637,0.009481163409492994,-0.001231824714984838
20,0,-0.0022526575195426788,-0.06674827788711697,-0.04899993738495135,0.02168189245161518,0.09658382060010863
20,1,0.008870032357194864,-0.022239786249933554,-0.02562652566772382,0.020689532457465642,0.018306666138289716
20,2,0.035677341902907486,-0.028281476764136646,-0.010335137566681212,0.009392772335898398,-0.006563500810765923
20,3,-0.0059053556821654475,0.013209296123401841,0.009038431155771989,-0.007265976489165985,-0.008847118519079596
20,4,-0.02788234127676014,0.10026752336505391,0.018927355596020278,-0.006525948075986887,-0.08514105828878768
20,Aggregated,0.0017056941804841506,-0.0007740566941499753,-0.011404176091926035,0.007596818573581272,0.002881686780549196
20,Centralized,0.0057263973004231675,-0.00025761041036627316,-0.0098666884053191,0.007658717673029545,-0.003278039999035128
21,0,-0.0001905022430585564,-0.06618038121568492,-0.04704812048320494,0.01962548798213159,0.09488589511288484
21,1,0.010071082525842275,-0.02121986731833029,-0.02414409578863951,0.01869502291773498,0.016677055355138814
21,2,0.03554382906172046,-0.027386336889121576,-0.010601045688960522,0.008732850479856552,-0.006513537170079986
21,3,-0.007477666990734501,0.013909006557995814,0.007584262313518734,-0.006008557128218021,-0.008008035830948385
21,4,-0.0299672941238733,0.0987698827944787,0.021584319585480963,-0.0060409630146376035,-0.08580848922326094
21,Aggregated,0.0016005067205038144,-0.0004367834348690154,-0.010530174913835911,0.007002940385879944,0.00226048158590282
21,Centralized,0.005554604230843792,0.00010234330553944478,-0.009027847788203152,0.007030367824026758,-0.003830919515077669
22,0,-0.000988696839216415,-0.053075893884070816,-0.04893542538348401,0.015349637108213068,0.08857460421754162
22,1,0.00850268028018511,-0.012152572965809957,-0.025117477624194234,0.015157411392451473,0.013450848234795358
22,2,0.03435659300309742,-0.023952611139802002,-0.011169622965025224,0.0064415501032601425,-0.006614587652923404
22,3,-0.008193694011305395,0.013976527118973996,0.007041117834368465,-0.005456267334016812,-0.007482122468313971
22,4,-0.02841683692850292,0.09260140498627475,0.023750399932175703,-0.0047927598107327645,-0.08511306268394378
22,Aggregated,0.00105631721966455,0.003465736892520122,-0.010891824386791761,0.005341612825325276,0.0005766203420814135
22,Centralized,0.004970023665086491,0.0036002904054065255,-0.009330553468827999,0.00535898346234974,-0.005179219173720249
23,0,0.0006527684244321745,-0.047698131621428004,-0.041587796634504064,0.009426410843642192,0.07989412975236466
23,1,0.008209505282649776,-0.009783196064193892,-0.020766941862698673,0.011781608853235115,0.0103998999619738
23,2,0.03299502074007976,-0.021239297921370456,-0.009684111890280095,0.004032819971512136,-0.007057128771101045
23,3,-0.008225543559775344,0.012857543702628645,0.007201063772157793,-0.005276729615655817,-0.007130341828503432
23,4,-0.026049697669868376,0.08424784101942875,0.026868389106706667,-0.0031005858988920293,-0.0830807222957522
23,Aggregated,0.0015204579958495643,0.0036646289762136074,-0.0075994035899636485,0.0033738091377544825,-0.0013820221803960537
23,Centralized,0.005223503162381097,0.0037999044858776903,-0.006382067171717761,0.003496964668161155,-0.006647133676274038
24,0,-0.00594497193317393,-0.02368991019745865,-0.0410741012345656,0.003723663881992235,0.06756015795477507
24,1,0.004241557373151711,0.0017284003644906325,-0.020725979214713797,0.007826536697632233,0.006849639178020395
24,2,0.03057488182736472,-0.016409476435740256,-0.00964538429685557,0.0020570761422294653,-0.007118798296486617
24,3,-0.007350537500074944,0.009087237454791711,0.008610397914704073,-0.004318575761591059,-0.0059114048590112045
24,4,-0.018505570055891225,0.067336327454546,0.030127731261115665,-0.001642582927195413,-0.07783035778955642
24,Aggregated,0.0006058075241136668,0.007601518602707334,-0.006547322821765376,0.0015297781239393413,-0.003278522128556038
24,Centralized,0.0045005432441239165,0.006916804546086449,-0.0054828882743716695,0.0017373293653991152,-0.007834167340759196
25,0,-0.00987783658046379,-0.0201944775233824,-0.028250671917678383,0.0007921283416692108,0.057783549974189906
25,1,0.0015326852942526097,0.0005130707378607399,-0.011170963561141748,0.004997703366287455,0.004047573691647831
25,2,0.02718698124756002,-0.014403170717473627,-0.007188483782966128,0.0009446746336441843,-0.0071643313109150545
25,3,-0.006187309607152397,0.006776447010113917,0.008467294181484527,-0.0035776746742732994,-0.005593093515797067
25,4,-0.006763159628723657,0.05283416059692992,0.030510031406033065,-0.002462408968766696,-0.07471709236172061
25,Aggregated,0.0011793266447071857,0.0050980103892505875,-0.001531597557847108,0.00013931730366959633,-0.005117872985320472
25,Centralized,0.0049697574873223,0.004500584155845399,-0.0009977506468823393,0.0003240247498851656,-0.009089546212202818
26,0,-0.013567700451928033,-0.02038749054218967,-0.008314482678817839,-0.002346087144461817,0.04499272513093898
26,1,-0.0009174784365618342,-0.0019018391132674599,-0.0002301107559138112,0.0019598942328124423,0.0010096221004293174
26,2,0.023364755422296834,-0.01269898919850953,-0.00457440063620026,-0.0002929805292975799,-0.0060785391707070206
26,3,-0.005838161800438133,0.005694020173030064,0.007140562080523141,-0.002570969066814053,-0.004541087594564399
26,4,-0.001166262502076032,0.04133440333030758,0.026978539868194075,-0.003475333106523537,-0.0638438064349457
26,Aggregated,0.0003751143877909636,0.0024021116141844205,0.00419655598779217,-0.0013447740215054996,-0.00568322497832331
26,Centralized,0.004001634942054053,0.002030154704015495,0.003744095016304011,-0.0011733506786697082,-0.00870015364431913
27,0,-0.0110084829341751,-0.016913159373168743,-0.007024192892846768,-0.002448631413828021,0.03760803387491603
27,1,-0.0004911324095724978,-0.0016592987874690158,-0.00014964376938032912,0.0014724114985067093,0.0008276634679151333
27,2,0.02083733412987498,-0.010023412526197484,-0.00513147475358013,-0.0017054447525484313,-0.004575575303640962
27,3,-0.005257574686333593,0.0029015003420164573,0.004700615645262875,-0.00014563633122008924,-0.0023132378010192337
27,4,0.0009733288254359633,0.02846273816997398,0.01881954956361281,0.0013074905618437752,-0.04981842523152436
27,Aggregated,0.0010105846171860687,0.0005494286151938235,0.002240449909889235,-0.00030420952771185203,-0.003647164951879446
27,Centralized,0.00423355580165974,0.0004179013654448042,0.0018155137612807719,-0.00038659780131884057,-0.0062921329496988055
28,0,-0.007765379183392421,-0.01260125643091761,-0.006991881435125665,-0.002975618521090843,0.030334135570526544
28,1,-0.0004456920244602314,-0.0013425644277549184,5.713414614647583e-05,0.00104521459652042,0.0006063772173148389
28,2,0.01812820477213488,-0.007807363872746742,-0.004583654518117462,-0.002163263715778032,-0.003935509263724688
28,3,-0.0040579378288221855,0.0018639125532696975,0.0030853405436805778,0.00015711667044298605,-0.0011632675922483905
28,4,-0.00015104602799626923,0.020877797594229513,0.014629349434796074,0.002531870570754898,-0.03839808540886666
28,Aggregated,0.0011417306171591988,0.0001949624622580718,0.0012372177667287067,-0.000281367022773344,-0.0025057117323847218
28,Centralized,0.00379595992037452,7.378009444925505e-05,0.0009650827485620757,-0.0003746836836507191,-0.004705732299897842
29,0,-0.004263843848881016,-0.007781226092584679,-0.0038987191759416785,-0.001994697998392623,0.01805112189843423
29,1,-0.000189606027250853,-0.0009352721952877489,0.00014333464269344526,0.0007335559721914594,0.00040781506266766946
29,2,0.014291914133634204,-0.005670397452467381,-0.0033816462385914403,-0.0022934450655797225,-0.003643368341891967
29,3,-0.0016889881874138275,0.0010384993229495543,0.0021757725307595863,-0.0004114735590344902,-0.0011138101072608226
29,4,0.0010119566892749787,0.013186146441310054,0.009448663632242255,0.0004968084169383602,-0.024825484246954976
29,Aggregated,0.0018323403835920494,-3.4453146935802545e-05,0.0008961832981025516,-0.0006940301791936979,-0.0022212472006312256
29,Centralized,0.0037442148070746103,-0.00020215816104593998,0.0006003561571850613,-0.0008412682247566324,-0.0035974938342425767
30,0,-0.0020759955043591683,-0.004435096665819368,-0.0018578356406150779,-0.0007179338868510558,0.009199501189420206
30,1,-7.458032128361085e-05,-0.00047699293235145546,-6.150785834685424e-06,0.00034535514464225275,0.00013269679337029236
30,2,0.010928075825477945,-0.0039590643838016215,-0.002387447422076581,-0.0019625820175164584,-0.0028830436673612124
30,3,-0.0005897622726946512,0.00015129834527039532,0.000878683455706127,-3.3470209273341504e-05,-0.0005219612156429668
30,4,0.0013666053748800477,0.006809311856632233,0.004298474728400357,0.00037920666743092947,-0.012851082246654507
30,Aggregated,0.0019109021567446755,-0.0003831939340217536,0.00018452431951344243,-0.0003979980379237338,-0.0013830003157837367
30,Centralized,0.003269626226960794,-0.0005143991777874187,-4.298577188229976e-05,-0.0006121462982546751,-0.0021991057357438853
31,0,-0.0009282038744987471,-0.0024780165538264083,-0.0010161184700089938,-0.0001897254179118346,0.004837357439911133
31,1,-9.925747779311322e-05,-0.00021577168713988738,-4.3238273855505935e-05,0.00020902743143038082,6.95205616169814e-05
31,2,0.00645091697396914,-0.0025030737491084807,-0.0015563415080261545,-0.0010482196438862002,-0.001771410073556401
31,3,-0.0006467431674472371,2.396674468468918e-05,0.0002998946410265509,0.00024249169722807365,-3.394110152617665e-05
31,4,0.00010167510325319226,0.0036272274199456484,0.001873490956194059,0.0006532827734496001,-0.006511973406988712
31,Aggregated,0.0009757835333866172,-0.00030972634088506494,-8.875748399069861e-05,-2.672844032043033e-05,-0.0006811852847412056
31,Centralized,0.0018058813351545244,-0.00040449531436382674,-0.0002364809274093179,-0.00018585749389035677,-0.00115918890973582
32,0,-0.0005720368933929891,-0.0015369583257493233,-0.0007623457329907879,-0.0002674661333058992,0.003251460723674093
32,1,-8.563737541379587e-05,-0.0001629573489800899,-1.668440039888271e-05,0.0002024490173259082,6.283010746686025e-05
32,2,0.004594575630716528,-0.0017555379779026733,-0.0010710831412889402,-0.0007917574319854108,-0.001198009415381346
32,3,-0.0004300065386416585,2.2618641472841685e-05,0.00015451899760303146,0.00021226232449355435,4.1802273901845693e-05
32,4,4.359690550404712e-05,0.002323920806321182,0.0013248802541589424,0.00042110692090405004,-0.004113504886888221
32,Aggregated,0.0007101807904237977,-0.00022216533370077982,-7.43530087041124e-05,-4.4750687134304964e-05,-0.0003905058623298811
32,Centralized,0.0012935127572657986,-0.0002968397848456946,-0.00017005989624126102,-0.00015734556318350673,-0.0007172951490251822
33,0,-0.0002987775283978533,-0.0009808541801133996,-0.0005577377790379848,-0.00014884032623820506,0.0020872646479092594
33,1,0.0001269890391784249,-0.00014465106133479215,-4.4884082365700034e-05,9.449746529918887e-05,4.7990060737673754e-05
33,2,0.0033994792889757153,-0.0014075698247997075,-0.0007710473691575995,-0.0006829718090560488,-0.0009184975557436451
33,3,-9.095065256017887e-05,-1.9127169194989763e-05,7.2289764084058445e-06,7.474100179215755e-05,-8.712334417566396e-05
33,4,0.00011255633710671361,0.0015221482726237264,0.000803403836226944,0.00011102284901493565,-0.002635239479223463
33,Aggregated,0.0006499264197757555,-0.00020626903427729425,-0.00011274449039760958,-0.00011034229693615029,-0.00030075648798211555
33,Centralized,0.0010602040307773786,-0.00028060109112240845,-0.00017300222430894908,-0.00020114195572172312,-0.0005192765879301823
34,0,-0.00022106869604271068,-0.0007629238393066933,-0.0004080113137002887,-0.0001018156571249207,0.0014938195061746133
34,1,2.355982680951607e-05,-0.00010888472183372595,-4.2369525662860896e-05,8.377500106572049e-05,4.39194196213503e-05
34,2,0.0024388677635005574,-0.0009478562217391646,-0.0006449230116213751,-0.00036426212874409727,-0.0005778067247954451
34,3,1.1349178889637676e-05,-5.271652022530623e-05,-1.5679826787675284e-05,5.1854982516835735e-05,5.1921856065081e-06
34,4,-1.7303771568090896e-05,0.001129898470784607,0.0005732445973315014,-2.8334988050214098e-05,-0.0017436069442281932
34,Aggregated,0.0004471396359442977,-0.0001486878732535348,-0.00010764935463715014,-7.176296348136474e-05,-0.00015544846409234973
34,Centralized,0.0007400004354039054,-0.00019005499344291744,-0.0001624373631174884,-0.00012668349125388907,-0.00030957377769716594
35,0,-0.00011320210964549382,-0.0005489176317476363,-0.00021581282784044475,-1.3137675753958447e-05,0.0008910702449875333
35,1,3.6663008627924043e-06,-0.00010226883602765247,-2.911976865592007e-05,7.714857651807312e-05,5.0573727302707004e-05
35,2,0.0016869193652451024,-0.0005921869950469097,-0.0004466520319227063,-0.00026985542311744326,-0.0004294562608058161
35,3,-1.1347309976356135e-05,-5.6851802792146075e-05,-2.92322367144456e-05,6.74056179968204e-05,3.0025731486127415e-05
35,4,-0.0001608722971754813,0.0008601756979299861,0.00030962334368403823,-9.298004831533128e-05,-0.0009159466961232118
35,Aggregated,0.0002810916320565508,-8.815189035339197e-05,-8.229658571058276e-05,-4.627662849005895e-05,-7.461414566852604e-05
35,Centralized,0.00048471323674272683,-0.0001074603080550185,-0.00012425327128377147,-9.12263707767961e-05,-0.00017821241904991496
36,0,-7.5996695930632035e-06,-0.0004300545792490044,-9.694172405441681e-05,3.255707546793533e-05,0.0005020388974285491
36,1,6.393513553060171e-06,-6.636581588655987e-05,-6.541771070413723e-06,4.654361432518961e-05,1.997045907872382e-05
36,2,0.0011914224284262235,-0.0003774649536997835,-0.00031275010257206617,-0.00031937184618437977,-0.0002806343286016329
36,3,-2.0667105202448743e-05,-4.72153025045922e-05,9.589260078797975e-06,7.668597089945754e-05,9.745688543360368e-05
36,4,-0.0002472146702556706,0.0006186136336472359,0.0002016202663561543,-0.00015185032035045878,-0.0005913330580726942
36,Aggregated,0.00018452676506214766,-6.0599482467998896e-05,-4.104042865723736e-05,-6.307338767373075e-05,-5.041639916237264e-05
36,Centralized,0.0003267768872432297,-6.743542222324613e-05,-7.510375217201585e-05,-0.0001128284209762113,-0.00012167796093796776
37,0,-2.3519105343872137e-06,-0.00031312243440648755,-5.3167990120548776e-05,2.9392063391886493e-05,0.00033925027166953705
37,1,-2.4093888310276294e-05,-4.379904613810992e-05,-1.0542699674085757e-05,4.919158503313148e-05,2.9244049089340492e-05
37,2,0.0008586274703319167,-0.0002160542944789401,-0.0002626412386690979,-0.00021863076875101953,-0.00020886214551466554
37,3,-8.016312561001474e-05,-3.977552127264472e-05,-1.1656848306736596e-05,5.543984218443487e-05,7.615565300496119e-05
37,4,-0.0001251686435828255,0.0005000303433982852,0.00011068348657551168,-8.700577604249064e-05,-0.00039853941034848073
37,Aggregated,0.00012540477225418716,-2.2622750258493476e-05,-4.548757125320897e-05,-3.431431871011601e-05,-3.249357983613214e-05
37,Centralized,0.00023358452286712333,-2.144398250719289e-05,-7.441150250429019e-05,-7.038006295028894e-05,-8.393868590750864e-05
38,0,-8.369015423252228e-06,-0.00020842709432163374,-1.2240206981907938e-05,1.59252121829212e-05,0.00021311110454387273
38,1,1.3195925664964229e-05,-4.6495690341310146e-05,-1.3221368854288151e-05,2.6597226803981577e-05,1.992390672665249e-05
38,2,0.0005617246385594243,-0.00015368546856693864,-0.00016341374403912589,-0.0001372263746785544,-0.00010739905127480538
38,3,-7.78720880867149e-05,-5.658575438507452e-05,-9.66670266925133e-06,4.78733385237277e-05,9.745487899863551e-05
38,4,-9.293972077624724e-05,0.00036132683362936625,0.00012102484030455662,-5.5396676309861964e-05,-0.00033148829902093595
38,Aggregated,7.917216251248598e-05,-2.0830501706144682e-05,-1.5523028279317256e-05,-2.044012663740612e-05,-2.1632647766008658e-05
38,Centralized,0.00015419088510855715,-1.8834458855201038e-05,-3.536203460663597e-05,-4.462087056102774e-05,-5.5416113535592765e-05
39,0,-6.488809177610891e-06,-0.00015021879818682786,8.418402816005403e-06,8.418402816005403e-06,0.00013987080173242795
39,1,1.453096450724963e-05,-1.8548115138235696e-05,-1.8548115138235696e-05,7.968105326516816e-06,1.4597160442704945e-05
39,2,0.00043466534779692346,-9.90447171167086e-05,-9.627413427928758e-05,-0.00012991456914153708,-0.00010943192725939022
39,3,-6.456467661253851e-05,-6.279080005766232e-05,-5.764069037411668e-06,6.112921253076757e-05,7.199033317684493e-05
39,4,-6.508094902779407e-05,0.0002544182792820223,0.000106348305611322,-3.461130868949725e-05,-0.00026107432717605293
39,Aggregated,6.26303624152681e-05,-1.5276911776974235e-05,-1.1793258485888677e-06,-1.7399568753526576e-05,-2.8774556036178404e-05
39,Centralized,0.00012071941335507485,-1.0932722222206647e-05,-1.4254059490772149e-05,-3.981632009625128e-05,-5.571631154584478e-05
40,0,-1.833335101483017e-05,-4.0014761577678024e-05,-2.4589024957851387e-06,6.930357515623949e-06,5.387665757266939e-05
40,1,6.629055116188128e-06,-1.9887165348564384e-05,0.0,6.629055116188128e-06,6.629055116188128e-06
40,2,0.00031619564326982507,-6.508560151968028e-05,-8.22114855561699e-05,-8.569114119302094e-05,-8.320741500095394e-05
40,3,-9.137368919667765e-05,-4.178108873784114e-05,5.792111953895063e-06,6.312799687919572e-05,6.423466910142801e-05
40,4,-0.00011186521088223562,0.00016506557490584642,8.082467554343387e-05,-1.0505725330363832e-05,-0.00012351931423668083
40,Aggregated,2.0269589984030897e-05,-3.6470965988598764e-07,3.776581639389811e-07,-3.901151361179594e-06,-1.63813871269043e-05
40,Centralized,6.702844690894735e-05,-1.0058780075483665e-06,-1.0459732374673569e-05,-2.0848535891750582e-05,-3.471430063497483e-05
41,0,-9.389260011409087e-06,-9.389260011409087e-06,-9.389260011409087e-06,0.0,2.8167780034227263e-05
41,1,3.977433069712877e-06,-1.590973227885151e-05,3.977433069712877e-06,3.977433069712877e-06,3.977433069712877e-06
41,2,0.00025390850736239923,-6.441186810395479e-05,-4.874461065130601e-05,-6.1015832887793366e-05,-7.973619571934505e-05
41,3,-8.165962512175311e-05,-4.202208515031539e-05,1.560715297141413e-05,5.353377617815328e-05,5.454078112250108e-05
41,4,-4.32554896615626e-05,0.00011981183624744836,4.9751818098538646e-05,-2.7812269484367436e-05,-9.849589520005697e-05
41,Aggregated,2.472618023448424e-05,-2.401700505567921e-06,2.2334738265995625e-06,-6.260505155526905e-06,-1.829744839998898e-05
41,Centralized,6.23692588027543e-05,-4.947966701455512e-06,-4.518272226907334e-06,-1.894993316055767e-05,-3.395308671383379e-05
42,0,-5.633556006845453e-06,-5.633556006845453e-06,-5.633556006845453e-06,-5.633556006845453e-06,2.253422402738181e-05
42,1,0.0,0.0,0.0,0.0,0.0
42,2,0.00020376045262501067,-5.014981479419256e-05,-4.872343912562342e-05,-6.311722866894446e-05,-4.176997003625023e-05
42,3,-5.826069347477277e-05,-1.893390345790909e-05,-1.2326979334509325e-07,3.840654750415321e-05,3.891131922187374e-05
42,4,-5.17624183207129e-05,0.00010442501907205932,2.7065731792406494e-05,-1.5050718699014901e-05,-6.467761384473802e-05
42,Aggregated,1.7630792831895464e-05,5.92737850567353e-06,-5.487582667335044e-06,-9.07832206105769e-06,-8.992266609176257e-06
42,Centralized,4.7317423924849354e-05,3.0594734580132363e-06,-1.1525374681881084e-05,-2.0060691779492473e-05,-1.8790830921489032e-05
43,0,0.0,0.0,0.0,0.0,0.0
43,1,0.0,0.0,0.0,0.0,0.0
43,2,0.00014080295654223898,-3.107457473213356e-05,-3.1369507275956034e-05,-4.344889261885069e-05,-3.4909981915298705e-05
43,3,-2.527150569429093e-05,-2.486772744364115e-05,-5.95613291494527e-06,2.301692625407322e-05,3.307843979880413e-05
43,4,-2.177384675994265e-05,6.329949715860872e-05,2.1605417892830065e-05,-1.3841685453560201e-05,-4.9289382837935936e-05
43,Aggregated,1.8757268293062243e-05,1.4626898169273824e-06,-3.1475259589641677e-06,-6.853782525714805e-06,-1.0218649625310657e-05
43,Centralized,3.805889588994009e-05,2.735121604813262e-07,-7.191226417322764e-06,-1.4187619083296429e-05,-1.6953562549802217e-05
44,0,0.0,0.0,0.0,0.0,0.0
44,1,0.0,0.0,0.0,0.0,0.0
44,2,0.00011072135116332315,-4.548937643739093e-06,-4.606826159810155e-05,-3.63029905811015e-05,-2.3801161340381015e-05
44,3,-2.1307476794877693e-05,-2.1004643106890357e-05,-1.1649790405204862e-05,2.6980955153486454e-05,2.6980955153486454e-05
44,4,-1.326644691073131e-05,5.826003774117757e-05,1.5722444457135405e-05,-1.2634762989588432e-05,-4.808127229799323e-05
44,Aggregated,1.5233523606773141e-05,6.533910422248976e-06,-8.402415850193529e-06,-4.390284588997333e-06,-8.974733589831258e-06
44,Centralized,3.0444170497253196e-05,7.446369470159864e-06,-1.3367286446539876e-05,-1.0822271676806198e-05,-1.3700981844066985e-05
45,0,0.0,0.0,0.0,0.0,0.0
45,1,0.0,0.0,0.0,0.0,0.0
45,2,1.4780233580931797e-05,1.100746311909484e-05,-2.3644588010067005e-05,-1.0715543449798155e-06,-1.0715543449798155e-06
45,3,-3.964019118531577e-06,-3.560240867881796e-06,-3.964019118531577e-06,5.693667271141253e-06,5.7946118338036975e-06
45,4,-1.7014324468034302e-05,1.8432184840370493e-05,4.253581117008576e-06,-2.4103626329715264e-05,-6.663943749980102e-05
45,Aggregated,-1.2373177133253697e-06,5.1739367650848845e-06,-4.672207413282035e-06,-3.893387732638158e-06,-1.2375369626403662e-05
45,Centralized,1.027485996416925e-06,6.717277078527317e-06,-7.101724527982152e-06,-4.538565779688142e-06,-1.2906976936074195e-05
46,0,0.0,0.0,0.0,0.0,0.0
46,1,0.0,0.0,0.0,0.0,0.0
46,2,-1.2257940921559887e-07,-1.2257940921559887e-07,-1.2257940921559887e-07,1.8386911382339832e-07,1.8386911382339832e-07
46,3,-1.615113002599126e-07,2.422669503898689e-07,-1.615113002599126e-07,-1.615113002599126e-07,2.422669503898689e-07
46,4,-5.6714414893447675e-06,3.686436968074099e-05,2.268576595737907e-05,-5.6714414893447675e-06,-4.820725265943053e-05
46,Aggregated,-1.1904477040987046e-06,7.392489022250129e-06,4.477667536089409e-06,-1.1291499300126644e-06,-9.55055892422817e-06
46,Centralized,-1.1677334748901498e-06,7.364910277370592e-06,4.433101248043266e-06,-1.180194839089932e-06,-9.450083211433775e-06
47,0,0.0,0.0,0.0,0.0,0.0
47,1,0.0,0.0,0.0,0.0,0.0
47,2,0.0,0.0,0.0,0.0,0.0
47,3,-1.615113002599126e-07,2.422669503898689e-07,-1.615113002599126e-07,-1.615113002599126e-07,2.422669503898689e-07
47,4,8.507162234017151e-06,4.395367154242195e-05,3.686436968074099e-05,2.268576595737907e-05,-2.6939347074387646e-05
47,Aggregated,1.668129025629768e-06,8.834036941931573e-06,7.336244265817881e-06,4.502186645723825e-06,-5.336251158538709e-06
47,Centralized,1.6276993408966452e-06,8.760134412424032e-06,7.228534063830061e-06,4.428116702363353e-06,-5.241980350713845e-06
48,0,0.0,0.0,0.0,0.0,0.0
48,1,0.0,0.0,0.0,0.0,0.0
48,2,0.0,0.0,0.0,0.0,0.0
48,3,-2.0188912532489076e-07,0.0,0.0,-2.0188912532489076e-07,4.037782506497815e-07
48,4,-1.4178603723361919e-05,7.089301861680959e-06,7.089301861680959e-06,-2.8357207446723837e-05,-5.6714414893447675e-05
48,Aggregated,-2.8744395531273884e-06,1.4170288100470282e-06,1.4170288100470282e-06,-5.708497173221445e-06,-1.125546661430956e-05
48,Centralized,-2.8660992174948476e-06,1.400208680733354e-06,1.400208680733354e-06,-5.666516578961556e-06,-1.1070305733810551e-05
49,0,0.0,0.0,0.0,0.0,0.0
49,1,0.0,0.0,0.0,0.0,0.0
49,2,0.0,0.0,0.0,0.0,0.0
49,3,-1.615113002599126e-07,-6.056673759746722e-08,4.037782506497815e-08,-1.615113002599126e-07,3.432115130523143e-07
49,4,0.0,0.0,0.0,0.0,0.0
49,Aggregated,-3.230554642666576e-08,-1.211457990999966e-08,8.07638660666644e-09,-3.230554642666576e-08,6.864928615666475e-08
49,Centralized,-5.2545484822511906e-08,-1.9704556808441965e-08,1.3136371205627977e-08,-5.2545484822511906e-08,1.1165915524783779e-07
50,0,0.0,0.0,0.0,0.0,0.0
50,1,0.0,0.0,0.0,0.0,0.0
50,2,0.0,0.0,0.0,0.0,0.0
50,3,0.0,0.0,0.0,0.0,0.0
50,4,0.0,0.0,0.0,0.0,0.0
50,Aggregated,0.0,0.0,0.0,0.0,0.0
50,Centralized,0.0,0.0,0.0,0.0,0.0
