Round,Evaluator,5,0,2,1,4,3
0,0,,,,,,
0,1,,,,,,
0,2,,,,,,
0,3,,,,,,
0,4,,,,,,
0,5,,,,,,
0,Aggregated,,,,,,
0,Centralized,,,,,,
1,0,0.36017118644771073,0.4825054557362735,0.4154865913938744,0.44204618109264254,0.4293966728924451,0.44044647738910875
1,1,0.35180736932992085,0.4781751999865623,0.4214408450923146,0.4312365743264432,0.4330744421596622,0.43488530802136816
1,2,0.35173654936554993,0.4686169423293747,0.4091832814348278,0.4278253643211099,0.4250963683622088,0.42780181387101934
1,3,0.3483898196059963,0.46036137644040986,0.4103930249401292,0.4187151539387309,0.4213161054965823,0.42127731361312504
1,4,0.3249214536983802,0.4484049120783298,0.37737321894578135,0.3920223922013229,0.3955146653547268,0.3998340901625824
1,5,0.793979789947441,0.2326686207988377,0.0711084210304218,0.1386971226789107,0.16389720925694876,0.12204651667922216
1,Aggregated,0.42207162338740256,0.42833059366984755,0.3506525595711112,0.3749397517588521,0.37791271090502354,0.3742210430652346
1,Centralized,0.42364087169222187,0.42750499141237064,0.3494730236920914,0.37394295906828573,0.37700965163558525,0.37315696495236156
2,0,0.012101718424445856,0.008171135135996167,0.042667561121129786,0.00801964905916691,0.010225884278793078,0.04263050872805638
2,1,-6.830932423943134e-05,0.02043242419156264,0.042197756070250586,0.013246323111851897,0.006194176506757407,0.039694329729181216
2,2,-0.002550329773683122,0.025689001320032784,0.04282609898667285,0.015051906988873471,0.009849339127555314,0.04150088727911136
2,3,-0.0004349676637549754,0.0258874703663398,0.04412337073232435,0.016270722290934382,0.00567011220121209,0.03266615251386597
2,4,0.003138106137181524,0.026858264367669724,0.04935353438175746,0.015469438900691756,-0.007317250236922482,0.04187662587890236
2,5,0.8469020957413805,-0.02184991499609249,-0.07341364009119127,-0.11111117804532798,-0.18761860036499237,-0.16876043742006336
2,Aggregated,0.14363004399643858,0.014175080944034451,0.024563274991173327,-0.007241787313071772,-0.02726835322298355,0.004823938151303973
2,Centralized,0.14659757600356865,0.014023079779535179,0.024149806784809283,-0.007680035519373509,-0.027944931982154624,0.004091424762341519
3,0,0.027947158394944705,-0.02121705439478054,0.010324740767741553,-0.0281497504577818,-0.031189859999352976,0.024915225211902606
3,1,0.010187238613204282,-0.015508189513726853,0.018478088277909716,-0.024386838895152065,-0.022948648252103934,0.02453785428921223
3,2,0.013692631608846973,-0.013378036762493103,0.008539751199032712,-0.020841005185170534,-0.017458987875711932,0.02206390907887864
3,3,0.0058980862291535185,-0.009138689570972964,0.020397702235020975,-0.017098601254194,-0.018151908770269846,0.020322650186930476
3,4,0.012045203461680778,-0.01566236889218999,0.022760769658602402,-0.024291055121011512,-0.020779714905621142,0.024034357469725303
3,5,0.7739362031070701,-0.17992534722914005,-0.10522881183756948,-0.1518564411387446,-0.11861987866368211,-0.1246211816527503
3,Aggregated,0.14102152688731256,-0.04255924826881873,-0.0041857545637678,-0.04450576728705004,-0.03824277700229519,-0.0015363872308633395
3,Centralized,0.14369211294770373,-0.04313893287209215,-0.004612116058628835,-0.0449587809917573,-0.03858179349250325,-0.002055753985727033
4,0,-0.032025898484687655,0.007065110140938521,0.016086713995752615,0.022174817372805414,0.011252444360122715,0.014548545394187795
4,1,-0.03990853569712966,0.011588742161655226,0.015270395519350092,0.01650648433973416,0.011902497146434448,0.01592019002537635
4,2,-0.036092079185916934,0.011889864175027985,0.014915977548629418,0.02023811445496617,0.013781966009282474,0.009954799463038382
4,3,-0.045883916415047646,0.0122733591840202,0.015495746190729557,0.017650587785010767,0.01437387785739571,0.008365239656627457
4,4,-0.051189384390269654,0.012481925332386462,0.017328243299885766,0.018840094498335357,0.017766804259520718,0.018843779204757886
4,5,0.7223384794735725,-0.15629575221099998,-0.08470458085796093,-0.09545428070748484,-0.09516722713121203,-0.14796444582656676
4,Aggregated,0.08661201134155859,-0.016921706731045472,-0.0009879917629435635,-6.821606327883211e-05,-0.004406174704241523,-0.013474447722282623
4,Centralized,0.08929455409585131,-0.017509780805668566,-0.0013413048276072063,-0.0004707547959603842,-0.0047890911823490374,-0.014041905099284146
5,0,-0.04137844159953544,0.02089329382552846,0.024259719080955738,-0.009726413465539952,0.010463109497705798,0.008001534687759873
5,1,-0.05622765854477152,0.02144986218228892,0.0322587041708903,-0.007509247572103742,0.006737373107598258,0.005592076535488677
5,2,-0.04789019927693004,0.011375541858914298,0.025157010225684603,0.0027270765167541258,0.014720940867809734,0.00020277287626007062
5,3,-0.05779406668238023,0.01898034931232823,0.03321894828876959,-0.008654405585101228,0.01211219675119038,0.001990339413228591
5,4,-0.06039856296242357,0.027307464289553402,0.032793265623421525,-0.011986282169266027,0.015016391507056803,0.0012586642961577928
5,5,0.7742655039999655,-0.10114076852494326,-0.03501209786860253,-0.24046569354632202,-0.21477733520118913,-0.07648474154241304
5,Aggregated,0.08553547701975632,-0.0002534047972528792,0.01874496347754147,-0.04605985050330493,-0.02607493821593484,-0.00994900599580746
5,Centralized,0.08844151428694921,-0.0006790173379996292,0.01851807970978313,-0.04688019087827152,-0.026871162414660445,-0.010229672784522189
6,0,-0.01655996624071465,0.012124989815113884,-0.035197250375220285,-0.0029359094565351573,0.015856181554869876,-0.0037010932041806307
6,1,-0.01011481178978978,0.017487456253371787,-0.02645303629390082,-0.011558150987441885,0.021552788075223355,-0.004223301190853951
6,2,-0.015321810328667779,0.018694764453459915,-0.0358961291175133,-0.0074148729218777975,0.01260798218421884,-0.006607354852215661
6,3,-0.007490607560010639,0.018836589388390643,-0.022638387872520434,-0.008016330256746489,0.01860276899538988,-0.005951932873411243
6,4,-0.020192045012811456,0.015624746609197005,-0.02672519148874051,-0.007773797631535874,0.020281020357180803,-0.0010463589752840125
6,5,0.7715587416336008,-0.2324353287261759,-0.11456237888974395,-0.09538419032414222,-0.17366313546206116,-0.07413932599585535
6,Aggregated,0.11739724469233552,-0.025076749875812286,-0.04362398476010393,-0.022227213047593012,-0.014228778224467591,-0.01598199647990362
6,Centralized,0.12015749001557509,-0.025951693057366318,-0.04392340988538664,-0.022535900054236984,-0.014901504866108372,-0.016227487904863357
7,0,-0.012983103795418508,0.02248907070494438,-0.014031643158743431,-0.012821495543589512,0.015516852483020826,0.026551511081232822
7,1,-0.014271307988489862,0.020029559705330297,-0.00011195238975574268,-0.01118334558414677,0.015261781444478248,0.02151356292423774
7,2,-0.008747922688549669,0.024917627045684714,-0.008774038331469764,-0.010362944308624694,0.01922102727921262,0.014804789225725477
7,3,-0.020545738255767037,0.02034952319301796,-0.002338215691357658,-0.002889235205106838,0.01286236243690667,0.017069493639944266
7,4,-0.03285328809564925,0.022499557949385404,0.0009721582696429486,-0.01429560947069594,0.02312219489141584,0.02729009061893806
7,5,0.7258399099276117,-0.18117729884887332,-0.1405601451215044,-0.1889490351058126,-0.12585153203922678,-0.11744262519211032
7,Aggregated,0.10646822496861906,-0.011923303738791685,-0.0275460710300793,-0.040178520289003594,-0.006720552875364702,-0.0017759868025807816
7,Centralized,0.10908167341524974,-0.012637457351412898,-0.028022953231293293,-0.04080620327376743,-0.007223222454668475,-0.0022641555842883186
8,0,-0.022825056331755873,0.03661758237528154,-0.005644843428562471,0.007628337474850577,0.003769383370975659,-9.602011935682128e-05
8,1,-0.01665018022407898,0.03321402662277474,-0.010137308561880231,-0.0008078856901899009,0.004884830299232947,-0.003871505599624017
8,2,-0.021851298665302617,0.03217772025104395,-0.013966451173965054,0.007922990178092126,-0.0026660014988925188,-0.0021411109672718827
8,3,-0.018342702278970162,0.030535574133780097,-0.00821114375550769,0.004803661738134611,-0.0011335865480953662,-0.004479403156195981
8,4,-0.03241805696573541,0.03520899207607712,-0.0008757452613325183,-0.0013496170551637909,0.011467436245140098,0.0009330572222881352
8,5,0.7311575790464898,-0.266734814619349,-0.026102832480903664,-0.20266655803161843,-0.23084847471019262,-0.12715378787767015
8,Aggregated,0.10357875003234966,-0.016656359544323648,-0.010832795760578908,-0.030854454228623925,-0.03587878471765302,-0.022867991763108664
8,Centralized,0.10622687840279148,-0.01771151355079536,-0.010897252710962103,-0.0315793490690169,-0.036701357442988934,-0.02330791744137946
9,0,-0.06799380195709023,-0.004470987894050855,-0.007001845006632636,0.0314331102584483,0.027014139973987918,0.014335839160760613
9,1,-0.04906342650561391,0.0023784400111029726,-0.002359477675789772,0.016902593581860727,0.023927541855967124,0.0015568413845260757
9,2,-0.041620559522127,0.0005419710584891761,-0.005814809625588537,0.022790291040253704,0.03167905699463638,-0.003116005434869337
9,3,-0.039639354046329706,0.004236684928999581,-0.00378800882886746,0.019668971871216617,0.022986349849359274,-0.005717664648911524
9,4,-0.06410873700651314,0.004689503964169293,-0.005884830830169083,0.018963053231275197,0.0286142611939652,0.008131172395953418
9,5,0.7590338044755071,-0.14362456388485403,-0.11616458679785874,-0.047813052251170204,-0.15845388175148992,-0.18109632520646923
9,Aggregated,0.08319914206254983,-0.022785249107970952,-0.02356133682762487,0.010287095803445083,-0.004137202955903854,-0.02774885305316246
9,Centralized,0.08605082878649614,-0.023295215025808245,-0.023952053564663345,0.010041975861570584,-0.004788308012060213,-0.028395871652553265
10,0,-0.01500398698227245,-0.007219397356351836,0.01838643975177035,-0.003737416589256331,0.011589908253059122,0.008090939724389703
10,1,-0.01242752698040119,-0.0003141651990530871,0.006665397334571876,-0.010112875337601966,0.010645516401769167,0.013766250337236545
10,2,-0.009232897720215133,-0.003068196958198462,0.008870928079606943,0.004112859815337698,0.011087794765252207,-0.007102235807588365
10,3,-0.017224357454663955,0.003432515057665558,0.00350297828762727,-0.002752446852061483,0.0024699063098446825,0.008324176680591107
10,4,-0.020122982553035223,-0.002048399465968097,0.015017304972911837,-0.00849161899871441,0.014984968033389476,0.008195800070803451
10,5,0.8873784271263313,-0.18730856216479408,-0.13666863221178419,-0.3116975088094652,-0.0836037898028465,-0.2907062190051356
10,Aggregated,0.1360404350556036,-0.03285290398617479,-0.01411578093472766,-0.0556098744201034,-0.005520763073082906,-0.0433963214593099
10,Centralized,0.13921078507784815,-0.03350463474588325,-0.014632898467272152,-0.05669045547950493,-0.005850255995820223,-0.04443987348005464
11,0,0.0050791077119560855,0.006935707801349232,0.026387986324834807,-0.009909170763894285,-0.014395868945901514,-0.042644357343877184
11,1,-0.002909448517191486,0.00971162945066029,0.02027373741064998,-0.010975053513052278,-0.00505700525816653,-0.03384943332095359
11,2,0.011029476200217306,0.004308253799387205,0.02583400118068407,0.00349270431278076,-0.023077685776088534,-0.03825085722482721
11,3,0.0034258831247289297,0.006504890925913761,0.017669707024788543,-0.0073328769291997765,-0.010214892375563205,-0.033411204404347215
11,4,0.006973973481157128,0.00740368094367678,0.029729941392536395,-0.015908339221415494,-0.007484574675798293,-0.04950736128877406
11,5,1.0314899278026992,-0.21350715458500374,-0.21757412611491425,-0.2290551071977777,-0.12048955082446684,-0.27004697355356494
11,Aggregated,0.1763936692550109,-0.029890971454771622,-0.016408127695416642,-0.04506535171986214,-0.030177544957411873,-0.078074168545058
11,Centralized,0.1800016639133658,-0.03066567005179867,-0.017256972021565807,-0.04584164161321565,-0.03055848128636057,-0.07888434945515554
12,0,0.032541332074189556,-0.0544776384876254,0.023394746247050114,0.010398259798275468,-0.022092643767841636,-0.01123122112060036
12,1,0.028806075576275732,-0.05233471323505702,0.025564919669775258,-0.007427306233663129,-0.01236530143435672,-0.0072784080563690545
12,2,0.019866982072243376,-0.035479104682033726,0.023269363474064525,0.006986790189547457,-0.013061472432724429,-0.008706853499048388
12,3,0.03709416941183473,-0.058140268466851226,0.025180103976292202,-0.005034191765028574,-0.011305643127406444,-0.015055058105205419
12,4,0.0275773445034699,-0.0550056188673356,0.02724271142997078,-0.01764625094435973,-0.009826630349742222,-0.010163760106803766
12,5,1.0480570306571249,-0.4174283397577449,-0.061027193089258615,-0.20017113164102066,-0.0943027255147888,-0.2608478696710882
12,Aggregated,0.19953181295203185,-0.11233891498454382,0.010558439952564943,-0.035587302757354874,-0.02720187699667327,-0.05234687674736368
12,Centralized,0.20311195967345247,-0.11362617765522519,0.010256436057416376,-0.03628173431478453,-0.027484956727968086,-0.053226637047574736
13,0,-0.019225480933477916,0.03224807797998927,0.015602993208691032,0.01911286005247342,-0.09953333253956229,0.009347618189375314
13,1,-0.024996057057106755,0.036416104552620045,0.014417377904303579,0.009589824207260898,-0.09032550808704204,0.008726598684174263
13,2,-0.011297722801263645,0.03516083433286796,0.016955874051331643,0.028472459963687784,-0.10682057082840238,0.007352488547506966
13,3,-0.03248609797952096,0.033345766949387824,0.012738443262065056,0.025279740597010006,-0.09108894054394923,0.01039536220673344
13,4,-0.034057382898814624,0.041109434507184704,0.016796321753843706,0.0176856670730796,-0.1053890715572423,0.013026525552469925
13,5,0.7641351140394183,-0.1833698483731439,-0.14053661485411356,-0.0778975855040795,-0.09708865094324508,-0.047747380580745694
13,Aggregated,0.10743101204686127,-0.0009646386351427928,-0.010753730210969004,0.003655133811753323,-0.09837352605286759,0.0001529769914200463
13,Centralized,0.11020195903636612,-0.0017341757309230778,-0.011301342807756428,0.003311025335048695,-0.09836815219965575,-4.910817238656261e-05
14,0,-0.038583715433167534,0.014370337228792614,0.02660146759376444,0.007354188553110874,0.02234820139325128,0.012175726587139273
14,1,-0.04461812873298197,0.019164275514084242,0.03221057872783643,0.009676604153561214,0.02066117183613413,0.01183772132001182
14,2,-0.027568517532456708,0.005594270127323783,0.026499217731822247,0.00602818243807367,0.015678187695694158,0.006863506331962796
14,3,-0.046054705234750526,0.013322828363614803,0.029758868666038774,0.020815333339397127,0.01914436399401071,0.009991968276336369
14,4,-0.058986936272261474,0.012470945488467916,0.03823017290960662,0.017592174281637583,0.02361352915738852,0.020245368068189714
14,5,0.8174561834767058,-0.1443628031571716,-0.24291037147632244,-0.27314072204568635,-0.02381481689729118,-0.2403671792142361
14,Aggregated,0.1007312708188067,-0.013323621969570749,-0.015080357076232967,-0.03543068902385789,0.012915007425033775,-0.030009680799462844
14,Centralized,0.10375562990365936,-0.013876662013233412,-0.016042011286066176,-0.03643368297819782,0.012760146901218404,-0.030897342075912656
15,0,0.002556126727719971,0.027286030455103985,0.03846482736902439,0.004844673709896903,-0.04494746006470208,0.0027878978176433516
15,1,-0.0036574429960276656,0.02541519263327503,0.03385306695968424,0.014087828123693474,-0.0459494012865581,-0.01078524197312662
15,2,0.007355208148845507,0.023107714803091758,0.02764038147093169,-0.0039630113477981494,-0.04019726950105583,-0.011484637167811809
15,3,-0.0058037844477718354,0.025004568387193175,0.043540847111484794,0.02655357687926428,-0.06255795459184123,-0.005387581794311237
15,4,-0.00935596771320117,0.028781129875317127,0.04662471698332071,0.018777215612292786,-0.05207609268812747,0.003132670920543314
15,5,0.746717344484716,-0.1358269344171503,0.007988380112130726,-0.22553482717962423,-0.35258817065463643,-0.1532801183003218
15,Aggregated,0.12336625284848778,-0.0011246508483711212,0.03300274520677734,-0.027665323238778416,-0.09988060841009741,-0.02924862869667969
15,Centralized,0.12599650126532552,-0.0016930284817909412,0.03289721980042062,-0.028500211829617234,-0.10094686924118668,-0.02977208055466452
16,0,0.0006745108785113941,-0.12391031837492046,0.06644038585074657,0.012015041074833846,-0.04281109893850173,0.035244530702897556
16,1,-0.014442212134383412,-0.12126964998798066,0.05496697704464713,0.01371952888086369,0.004078705633827548,0.01997047817057194
16,2,-0.011392946440261186,-0.12262364880834918,0.06491180241393407,0.01878285465076671,-0.016957945902793835,0.02049974554435253
16,3,-0.016919838660903106,-0.1364581107687208,0.05953202842741206,0.02180155913218472,0.006070907621124859,0.02783442036400208
16,4,-0.018479824748700937,-0.1500917871426043,0.06981544218728258,0.014227588500581496,0.003129866888880913,0.04684692029322583
16,5,0.9420510654696042,-0.30284567376026406,-0.1523573292821719,-0.2357062952000991,-0.14186192264482347,-0.07517589142644329
16,Aggregated,0.14742206607780034,-0.1596245672674224,0.027103729060185704,-0.025993741739704833,-0.031462344909669725,0.012480779287071753
16,Centralized,0.15077505987257794,-0.16022883861182827,0.026346544133406574,-0.0268786087377486,-0.03192839392214992,0.01211095715117879
17,0,0.028702376862310718,0.0074138873688443935,0.018173492873766305,-0.012853864296725866,-0.0685278728541622,0.052775226560886464
17,1,0.030835547525111293,0.0036736883571956047,0.02010018067507191,-0.010816323119606928,-0.06664206871036837,0.03523870821523614
17,2,0.026173789389928526,0.006537394011900408,0.015065547976201403,-0.004536212517195357,-0.05632329715221191,0.033306980324775075
17,3,0.02449286918237624,0.0016243849898199979,0.022442998079701976,-0.007188677464811953,-0.0765053662967355,0.039787336468789965
17,4,0.012713372667806058,0.004538816637411911,0.022027543206647644,-0.015855344903021467,-0.08014178537939164,0.058141917228805635
17,5,0.8749420935571248,-0.1338401756037554,-0.06453253004281388,-0.0943523795495676,-0.2844823962914482,-0.2102007937476451
17,Aggregated,0.1667617978597698,-0.0184156367758582,0.005501526637390819,-0.024311816616579416,-0.10555128174534237,0.001373253706271239
17,Centralized,0.16975000298019238,-0.018902576567713266,0.005205853737687132,-0.02460735123775981,-0.10630626768170244,0.0004805316970243349
18,0,-0.01091130072090743,0.0119331045902294,0.017888848321426502,0.02974562067197872,0.009776651224052387,-0.02737241251712263
18,1,-0.018516874798880437,0.012417444419112184,0.02792267980995993,0.01694072063499602,0.015746759185843257,-0.024477559938817152
18,2,-0.010333012579854781,0.0009213252660085856,0.004976710432378179,0.02054591470825311,0.016604335377498544,-0.01972773315821583
18,3,-0.0169051439544697,0.012857774913312216,0.02281306559161023,0.02360189800276957,0.011436647779247064,-0.029974877283760564
18,4,-0.030411700332237453,0.004720440523324224,0.03604547544506742,0.029987181545584225,0.01816440155071204,-0.02517063880154656
18,5,0.9264007486726256,-0.1113788330468672,-0.36510982657228763,-0.210264457245657,-0.26806056157827896,-0.2035210378484426
18,Aggregated,0.14038856256197776,-0.011485185227468551,-0.04278280576854758,-0.015031737326546283,-0.032872001625435195,-0.055135373825144225
18,Centralized,0.14370513483712583,-0.011906552830790295,-0.04414260631434273,-0.015855489176686593,-0.0338643010858518,-0.05576140240586549
19,0,-0.05784714577038693,0.02384333204630997,-0.03438578120834837,-0.00912435755868561,0.015030054622779359,-0.0088098340128222
19,1,-0.04765163600373989,0.02151111087445022,-0.04109223845373654,-0.023591499280381602,0.024633503625098772,0.0037037460108476855
19,2,-0.034819900170034335,0.019560097393401418,-0.010717084428344828,-0.014117514322750309,0.00830076033644453,-0.013699380206748539
19,3,-0.04504502754135077,0.026058876302625024,-0.04610362076100352,-0.020012929224952444,0.022276696185002897,0.006136215528387235
19,4,-0.05912258012837946,0.025862015842507583,-0.040539270075834355,-0.03602192086762165,0.026643468953103724,0.01090157968621194
19,5,0.9287778659582786,0.055274034643084696,-0.09509755120591509,-0.4170150377034443,-0.12258935881454887,-0.16140857992842508
19,Aggregated,0.11456802817081889,0.02870186312728057,-0.04468808350557851,-0.0868578364299892,-0.004359571550290589,-0.027281609598944427
19,Centralized,0.11800356166941006,0.02881395785698885,-0.0449006727482798,-0.08825083571468466,-0.0048585651849186685,-0.027847592274906855
20,0,0.03214373587115118,0.035258932995409296,0.041173840441070364,-0.06967597075944815,-0.00021323034734507202,0.008986818407121625
20,1,0.025725514541579612,0.027819990784604565,0.02584057780512453,-0.03954455163601607,0.0003978889201597753,0.01738978771577995
20,2,0.029851702686207925,0.0297037400491166,0.026684308088456517,-0.05807844731973634,0.005169175102911631,-0.011670605272479406
20,3,0.0224092935768101,0.01355923497048379,0.025321537023928233,-0.029575802703735797,-0.006326187535380314,0.018079989972154036
20,4,0.025714664170112443,0.012855170163984941,0.04185725573738644,-0.049501888395988784,0.004765411392647945,0.020407639885928263
20,5,0.9134849406052115,-0.35282974380113097,-0.03524725055180099,-0.31611976765473276,-0.30062263360880304,-0.3591121275969984
20,Aggregated,0.175359202188204,-0.03913890088945253,0.02090255684195813,-0.0938911773703238,-0.04963171780899836,-0.051182862250376805
20,Centralized,0.17847379641703454,-0.040462545947994005,0.02066562032502028,-0.09482891543113249,-0.05069080703403332,-0.05248213409950145
21,0,-0.02072226999041791,-0.005175976053326349,-0.004303375519722791,0.028964732013986704,0.00028911603521020564,-0.01564334829424342
21,1,-0.014974369521581201,-0.004466648535552815,-0.00184960223388925,0.007934336115949183,-0.012225056717011754,-0.0031356639700547435
21,2,-0.011676476492105738,-0.003607112920168148,-0.0041093515389210395,0.029602564530778766,-0.006617891978260288,-0.011625596881940743
21,3,-0.020457210337354703,-0.0010472676153633757,0.005302712961853305,0.016663255798873018,-0.007608123466906086,-0.0040474055446994206
21,4,-0.03040065266925494,-0.012014905003304495,0.008259674465121079,0.016238836671028618,-0.00012515012613665592,-0.008429363621240447
21,5,1.0429618224703205,-0.11487222502060253,-0.43596610960390314,-0.14738958207159303,0.014945860019127304,-0.07732894983120102
21,Aggregated,0.1580196969565141,-0.023588924152067967,-0.07234298505323608,-0.008086512405420312,-0.0018794738403617697,-0.020071582516601322
21,Centralized,0.1617537677257561,-0.023974092092054294,-0.0738772440110006,-0.008674210439774203,-0.0018084066721787441,-0.02031313846159546
22,0,0.002072429065550949,-0.04129978164890832,0.0255938202220139,0.020215840178358813,0.004326197184358836,0.012526382966371239
22,1,-0.0010908648718229582,-0.019197915511027706,0.013174331691720805,0.011614915277409115,0.009105187857980283,0.011033706820420493
22,2,0.017081043457023323,-0.05055348030164612,0.02351511940216217,0.006340651197335267,-0.004234597845630748,0.014869577012177539
22,3,8.966055730623269e-05,-0.02759558453269882,0.01547362499406199,0.01691026353267628,0.0067155833789050235,0.0014140988625998931
22,4,-0.004795430392388762,-0.04123053443700437,0.023919487873919475,0.026443731741244612,0.010007332793686733,0.009446341678280857
22,5,0.8148031992560101,-0.41092576857099505,-0.15518773818550682,-0.03669905608360611,-0.01645127681247699,0.0012924972389131767
22,Aggregated,0.13845815293862423,-0.09866638603788125,-0.009011813178904015,0.007442896905010737,0.001566576449574478,0.00842588329196098
22,Centralized,0.1413121365680911,-0.0999837651770979,-0.009628491128988724,0.007256858795700238,0.0014905116741031085,0.008395944524935146
23,0,-0.0154279864712031,-0.010913924773357009,0.02077245085413296,-0.003888904338361177,-0.005323144763577325,0.013328815716448372
23,1,-0.018818277937878592,-0.009634098964704029,0.01884544697287383,-0.006542340350005259,-0.008426308806716548,0.009425845696161513
23,2,-0.00033176197870603567,-0.01706071739353199,0.027621570680224413,0.00507766998727946,-0.007179825376620707,0.015843053085941975
23,3,-0.008281053783195646,-0.012112387936744483,0.020059886892398134,-0.002429360677115799,-0.0069729939484427335,0.011525890065790903
23,4,-0.023098941402213115,-0.022060484719445123,0.03090327426233112,-0.007940425439097964,-0.0035654492392304294,0.01212741770268069
23,5,0.8291227390047922,-0.07175631957015464,-0.28067543297528225,-0.3254364901373967,-0.3287341012959322,-0.08225285362907817
23,Aggregated,0.12764163542748433,-0.023953485119114618,-0.027240481541970417,-0.05703120659996946,-0.06020494770323191,-0.0033839536480496446
23,Centralized,0.13060183495428324,-0.02415508584485238,-0.028309735882440026,-0.05816355479318385,-0.06133791936477504,-0.003716669982144637
24,0,-0.001530848619038603,-0.012123129217077373,-0.023814716268679717,0.013712186473270063,0.010810068669328775,-0.013067559347333812
24,1,0.0014058409781047677,-0.009963824491484388,-0.00870319870056711,0.007805672125969613,0.011158195281170867,-0.01460961782630251
24,2,0.007071456510218616,-0.014843626129773855,-0.03612114207885038,0.015024240194991172,0.005941823985737528,-0.00396697188470427
24,3,-0.008605206741830636,-0.009007469301470427,-0.01055702275829343,0.014845073575914353,0.006804374022730623,-0.02243393319517838
24,4,-0.0031859269822207357,-0.018806793434069387,-0.011029600713618096,0.018329404056957058,0.018004143923545993,-0.025614300651752814
24,5,0.9720921464700427,-0.07974808726348662,-0.06316107240875704,-0.194323032622621,-0.11674767607794984,-0.2734791768295029
24,Aggregated,0.161724890974473,-0.024117644888284554,-0.025588428610168194,-0.020878393186931393,-0.010739140748891053,-0.05899875623687561
24,Centralized,0.1651442458650899,-0.024352343020158894,-0.02574702511080602,-0.02161025759351794,-0.011186462536796116,-0.059903749524292865
25,0,0.0022701563696436206,0.01742799479485807,0.01348333481704898,0.029576165975364575,-0.07958321818666088,0.028192183771110765
25,1,-0.005549887640940191,0.013449157713936863,0.008047486185553936,0.021680562622309496,-0.07001262629758749,0.025148401733972946
25,2,0.009710151086595745,0.008558353915575705,0.008622700401459937,0.018824483454163495,-0.06310370120647224,0.022940794720741144
25,3,0.001003838092554167,0.01433996129736075,0.007830003559380442,0.03315739757942722,-0.08838743673564023,0.027259706887833503
25,4,-0.002890185625211735,0.01990196625597633,0.016643334462820784,0.03579399514319679,-0.104829868173097,0.034526495587957354
25,5,0.6751923187424999,-0.07048337158778059,-0.11139175401116846,-0.022370944650166546,-0.4129761259231606,0.018926675858904562
25,Aggregated,0.11364764072302246,0.0004870675344473591,-0.00952580201741628,0.0194169510760739,-0.1366584419779772,0.026161094500984906
25,Centralized,0.11601705609059679,0.0001875834767618572,-0.009955665895720134,0.019240677451337247,-0.137824390596021,0.026130633073808647
26,0,0.005315490480714075,-0.06241025774591876,0.027225392205117518,0.01746546608286785,0.016250072465424235,0.03499021633828752
26,1,-0.0023130101861500284,-0.02421179422246546,0.018656898377011663,-0.006865821749522938,0.017185785243250023,0.041031376940205734
26,2,0.011670290556887326,-0.07772934609621257,0.026369738343198806,0.017241968377436193,0.0010598109758726203,0.0247043314324198
26,3,0.0004782476355202208,-0.036548842514939464,0.018854701139981764,0.006173538756486399,0.016459139997008685,0.03455032822029616
26,4,0.002778759469555328,-0.06000441752567968,0.0366820649470382,0.003771270701405192,0.0293813135379155,0.05024691472531062
26,5,1.131750359271177,-0.3514552172051533,-0.15471369909683366,-0.35411934210104756,-0.22005814473208815,-0.43802766618306876
26,Aggregated,0.19221274224418797,-0.10221898160155506,-0.004583261008076967,-0.052914309642610124,-0.023412455547435956,-0.04233651763228814
26,Centralized,0.19617713941123702,-0.1032705894626973,-0.0052167300563544464,-0.05418531761720166,-0.024242202752601354,-0.044006132909342105
27,0,0.01696408422377399,-0.10652268709688761,0.014621729779771404,0.033924754891326105,-0.0074353466333919585,-0.026216556694474855
27,1,-0.0009534668989895757,-0.07676048548201202,0.009247767941909827,0.022252579826313863,-0.0025310329658560166,-0.029651491841833983
27,2,0.019916616833280602,-0.06798114042736157,0.02554943977674413,0.014798880682557011,-0.014874868394315397,-0.007763606749967026
27,3,0.0005259302471677484,-0.06071969958943459,0.00994150295681927,0.029707720873284597,-0.011302833917155506,-0.038530151976713306
27,4,0.0057391599813954525,-0.08787356737083184,0.01045751583640247,0.030251628528874416,-0.002231017506579916,-0.04706611470965458
27,5,1.2031281648845473,-0.6313037965184073,-0.20012670746342515,0.11041360739802729,-0.12783201804522717,-0.36441570640796184
27,Aggregated,0.20818814535350913,-0.17215314848785954,-0.0218318699082502,0.040269610994420245,-0.02776502483591338,-0.08578502621666635
27,Centralized,0.21238626665915358,-0.17409059401262897,-0.022584187177909908,0.04056555033266584,-0.028187281106548175,-0.08696056109758127
28,0,0.013629748257603313,-0.026952119762496746,0.0018693972727492568,0.03279207582816834,0.022595017013316045,0.01650018856090353
28,1,0.002582896803942932,-0.01268781745258116,0.0027592749710729568,0.027921997982235974,-0.00011933472894453077,0.013860716204937597
28,2,0.011872432541905478,-0.026717097200891007,-0.006831491361196941,0.02150487452123413,0.02245771399891685,0.010160260239894475
28,3,0.006549384976440206,-0.028332572443354565,0.0010767157197830056,0.03844931390158395,0.010260396173470172,0.01217165825573924
28,4,0.008407498948171645,-0.03631218933807031,0.010380200330990158,0.04396062799273008,0.01799771935856829,0.013121133349370328
28,5,1.0265433627548552,-0.42221597556919965,-0.3128720590702167,-0.141998503190915,0.05061963256345629,0.07062989451026568
28,Aggregated,0.1788050426086499,-0.09241336235230586,-0.05077020380447179,0.003678795097043436,0.02065430736469273,0.022771173732802342
28,Centralized,0.18238217224186432,-0.09380493260066952,-0.05187616572371587,0.0030640809672607553,0.02078079155615838,0.022973016082193546
29,0,-0.037941499963681666,0.003109356028827297,0.004352014717111957,-0.032276400570789066,-0.011196287166995179,0.027436491007505854
29,1,-0.02280885176768123,0.007474793829524966,0.01103156195791897,-0.03143079972622949,-0.010759815197707457,0.03344156762122106
29,2,-0.019439117220985555,0.009345617252906752,0.001107924170185041,-0.022516043609202372,-0.007266737769060532,0.007413238492117424
29,3,-0.02628732056150481,0.005149424080697363,0.004204835306446658,-0.03503497992878706,-0.018360248639385453,0.02942929843400747
29,4,-0.052613638508050425,0.009624292027323936,0.01734232420466624,-0.04314704645473758,-0.021583981046223805,0.039352952743407284
29,5,0.8355929874309862,-0.4921808832135219,-0.02006884919620864,-0.26402517611306764,-0.0224383081242459,0.008084661410995756
29,Aggregated,0.11321127614475855,-0.07651141321753849,0.0029802641481576036,-0.07152787969324068,-0.01527213471207812,0.024182765028979168
29,Centralized,0.11625928935049049,-0.07826525410948554,0.002883049572887384,-0.07234010307469861,-0.015302415587832184,0.024114894609084333
30,0,0.016130135622911122,-0.0050552624171646314,-0.0014623998386843948,0.023870127015276903,-0.031434514432947654,0.026591177339836406
30,1,0.011734551376534529,-0.005586978223033312,0.004004766307940935,0.004799883295636237,-0.010722091606458494,0.019646078079946002
30,2,0.022889015071502358,-0.01406946596158382,0.0005001807175947158,0.02720124401522412,-0.01230175725642891,0.005049421990859394
30,3,0.01895821992593103,-0.009207434712578818,0.0006165917381295496,0.029904178341626616,-0.026892910947414226,0.018830609463368047
30,4,0.024631700582751142,-0.000932760667992385,0.0015045556341163437,0.02362806104064353,-0.027810550291236566,0.020173582885068656
30,5,0.8844725825813506,-0.4412524349118793,-0.32713772479918113,-0.20773975324687877,-0.01619803730968441,-0.004850561143669908
30,Aggregated,0.16359592360910907,-0.07958145390406762,-0.053836693098515215,-0.01651137236702105,-0.02089031682760546,0.014227880181467535
30,Centralized,0.16663742674551457,-0.08110771919348901,-0.054990090451025715,-0.017318409725216533,-0.020870518438943917,0.014147195618837306
31,0,-0.01020071377161093,-0.02828643533300452,0.0075634049277832375,-0.03255591327712249,0.021268248932383733,0.026149862108054405
31,1,-0.012029655156191314,-0.02243473647838112,0.013983476253824841,-0.03626896108679106,0.01831327679328629,0.020527549416198144
31,2,-0.00046183239128123253,-0.014088392045727047,-0.006917394189986384,-0.020359907798838006,0.009265468131347973,0.01783144765904978
31,3,-0.01288597715840909,-0.029051971480369896,0.014830309347200433,-0.033846355362821184,0.020162171373675247,0.02437764269436434
31,4,-0.024526559549633363,-0.030368772322247054,0.021919171433214125,-0.04685280782511045,0.028692237038463433,0.03041291852199457
31,5,0.8364964380062114,-0.1752051183499359,-0.4033317993871481,-0.040981984098196825,0.10416156174737387,-0.17599274338500875
31,Aggregated,0.12984942815272058,-0.0499857890745139,-0.05887855215737016,-0.03514804338706924,0.03368878604467069,-0.009555067499717596
31,Centralized,0.13283111425559951,-0.05051401005535167,-0.060331688144326524,-0.03517262941383623,0.03398606218621047,-0.010257387533878861
32,0,-0.044922068627915715,0.007322558340837331,0.025772699590773027,0.044030697550552785,-0.018925095371067943,-0.022615504497352973
32,1,-0.050325824359428395,-0.00036529247330288075,0.03309804046725761,0.04074552105045333,-0.03627633420110782,-0.0182931183245914
32,2,-0.021406767684152252,-0.008073195641322554,0.028567498936986697,0.039022101777115986,-0.017939434304784032,-0.02577595432973826
32,3,-0.05082994228409204,0.0012435380704343207,0.04278350673735819,0.06005696483544796,-0.04577436854353846,-0.02122229053382714
32,4,-0.06513316530918208,-0.009425445256618252,0.04828304973047543,0.05754442948090299,-0.034016563369822936,-0.02636403927815313
32,5,0.6603747599269184,-0.19574465364957813,-0.18405228651485547,0.0055822696245032616,-0.2524429761073394,-0.03505458904123087
32,Aggregated,0.07166840218786297,-0.03427675825654737,-0.0010413352399432823,0.04114097907105965,-0.06768033288770874,-0.02489406466070751
32,Centralized,0.07415193118006672,-0.03495801319299018,-0.0018134613408277384,0.04099085340957698,-0.06845935212740467,-0.024936913030402186
33,0,-0.034200319708386655,0.023734031702066706,0.004232771469274134,0.030228421818672253,0.02695059612166737,-0.022896434048798875
33,1,-0.024546678236733246,0.037940253350094606,0.0035350319220861484,0.020779710413536344,0.01379386939238422,-0.019296073411229683
33,2,-0.011539086722000571,0.017086160000671344,-0.005119812735709875,0.018753204721714642,0.006931240114673454,-0.025495143188351662
33,3,-0.03141079347637837,0.031589813833211806,-0.0007569532310007926,0.02631019281812761,0.020162309513390507,-0.02914722479096776
33,4,-0.05515158597623312,0.039966945840636384,0.0012735612386769817,0.03538792263645384,0.028498999187149807,-0.01815926056757507
33,5,0.763555786428949,-0.07738074342939598,-0.010806998171086657,0.09668046274636334,-0.19705927172034374,-0.6993034117253242
33,Aggregated,0.10154022552739041,0.0120989925218274,-0.0012798112015131667,0.03806071615999721,-0.016901975782683817,-0.13607557396032827
33,Centralized,0.10433357414825141,0.01172142959358149,-0.0013199931653704098,0.03830800868996406,-0.017662097785069355,-0.13845213277375806
34,0,-0.025429336699446636,0.006833937278970292,0.00038832320890911206,0.014964242780314848,0.014125173588284913,0.008032464923529544
34,1,-0.02242441238305209,-0.004710821619059117,0.01392431130111525,0.00821485732405742,0.005539196221818564,0.018745423600481755
34,2,-0.021013105237894018,-0.0051401801657803385,0.011195353763284744,0.024643949500163742,0.002081075455059311,0.00863389053230307
34,3,-0.022809081618484498,0.0026971101118856097,0.008838136843247923,0.015890326532576295,0.014079362068857551,0.009410799555950698
34,4,-0.04112696321833682,0.0027497693024229517,0.01815821189677724,0.011317713085959923,0.020871093271044864,0.01806181724787614
34,5,0.7303891821095344,-0.09433911766735344,0.0712940724778732,-0.25602115492621874,0.005796217886707305,-0.27886698063004717
34,Aggregated,0.09999987606209959,-0.01536859704394877,0.02066536726302571,-0.03030900594190197,0.0104124081439989,-0.036151939593094026
34,Centralized,0.10265969125668489,-0.015701840561794286,0.020879002699164508,-0.031261332442347814,0.010392895788929284,-0.037176112898449284
35,0,-0.03091773446613285,-0.011082149751308943,0.016374855053199973,-0.0006927655913782962,0.022721418955856606,-0.00564441340918379
35,1,-0.04064184332122861,-0.02538810249668014,0.03107430180940645,-0.0019375416251134685,0.021194623446105832,0.0008191230741768341
35,2,-0.007960717859751462,-0.016824387350748225,0.017010199164334605,-0.016085773737247122,0.015288749220054316,-0.008205707713779523
35,3,-0.03597849616970828,-0.024083896311021747,0.01878493037884426,-0.0007381022331088239,0.028656009849238245,-0.006352802317520291
35,4,-0.04975315537909936,-0.02488804281264585,0.030178209731162545,0.0030379321621097103,0.0350250524358349,-0.009369143574540339
35,5,0.6726951697224194,-0.4484089134643582,-0.07065680553323128,-0.12133179218490263,0.003392025250187104,0.04219265635552106
35,Aggregated,0.08494882821470845,-0.0920066185828857,0.007078023503148052,-0.02302072558540231,0.021035057669804784,0.002265423987688293
35,Centralized,0.08742891481582918,-0.09351048885200805,0.006750095278119233,-0.02343562080840335,0.020960504907543618,0.002433988035748538
36,0,0.007520113970745928,-0.025674689974796827,-0.004933324221360585,-0.03794435743055771,0.007290201137366425,0.016099969631605218
36,1,-0.0043819572636226295,-0.011295374916414766,0.0019569820931992386,-0.0347175206428026,0.006100223750900191,0.01099448681254954
36,2,0.00860381850453613,-0.02643888258238993,-0.013435516341441781,-0.035702660622127,0.013805234761263746,0.015548585438760488
36,3,0.002817961532174048,-0.022503374277418227,-0.0064446701933899,-0.030790793294711984,0.003982972067995641,0.011484928625628244
36,4,-0.00042700186347041213,-0.029446953851282695,0.0026606772512138485,-0.03593433897717938,-7.117354999390389e-05,0.018200461823885194
36,5,0.75276594281487,-0.0294531644733182,-0.30630175599558124,-0.6607603563777892,0.05312802823437763,-0.10233957644274763
36,Aggregated,0.12821491727172107,-0.02413879702532943,-0.05457685794782816,-0.13964079056442646,0.014064168856062029,-0.0050639151898397025
36,Centralized,0.13084999031861647,-0.02416141515368906,-0.055639141601115535,-0.14183984044900114,0.014229037566310788,-0.005474526695994709
37,0,0.02713275290262117,0.047250860143980195,-0.023259897620642223,-0.022974513154610552,0.00917597415034497,-0.009522302462115748
37,1,0.025372097107017474,0.06546835983890806,-0.02643184857966239,-0.02460766751400418,0.0019635461923109064,-0.012796597709056464
37,2,0.028605141479157752,0.046450400906849244,-0.020514787756788725,-0.008151718601017075,0.00797381068576139,-0.021085049738611843
37,3,0.041526701259527024,0.06710430186431043,-0.03882763751884015,-0.022710713270337003,0.0030512089004638247,-0.019579366851060584
37,4,0.032634641985328,0.0889652705289477,-0.039407876334674255,-0.03568756524429685,0.009830133736101756,-0.018208246274078715
37,5,0.6794712401074607,-0.3115547742639041,0.007350954968347437,-0.06742646395231891,0.14552568800934443,-0.16196474035126632
37,Aggregated,0.13946826198109533,0.00041504602771678077,-0.023495503379070547,-0.03028346931312403,0.029660644039163114,-0.04060347401975985
37,Centralized,0.14174685304935428,-0.0009013052848361115,-0.023365306087271998,-0.030440145871956148,0.03014954674510176,-0.041115720648359964
38,0,-0.012884123372735607,0.007688965261981152,0.0029898773771621706,0.0014573702163385716,-0.09057612690693864,0.021488784028606385
38,1,-0.02592433929252769,-0.0009281247843568192,0.004869012436728811,-0.008549602391820498,-0.05313144449007437,0.01741365387969642
38,2,-0.004454984263069675,-0.0030142674287383796,-0.005420309223776445,0.004563711554778776,-0.06510259453568513,0.016513061984479514
38,3,-0.014030163904783744,-0.0021115791046633003,-0.007438108717250618,0.0012345830444367805,-0.040255835125939846,0.014172357812766467
38,4,-0.02350435165927084,-0.004690934815541698,0.003039387208627473,-0.009906144764801507,-0.05101149102577808,0.01911188120305411
38,5,0.6826512771339688,-0.23808701125120868,-0.07578516406032135,-0.11343295598814447,-0.43657362582848036,-0.022398887555365354
38,Aggregated,0.10068015921405614,-0.040316661302685096,-0.012997606687777906,-0.020831249103917673,-0.12297524907910275,0.01102881640323745
38,Centralized,0.10313579792120862,-0.04115114323303134,-0.013262705556351674,-0.02122196626008015,-0.12429848239250274,0.010887857416579492
39,0,0.01826681774478149,0.021124516372085424,0.028908201474408122,-0.046165239379807675,0.038139160605185386,-0.006294996191307237
39,1,0.020298019829276016,0.0071069029098483815,0.020757751839592685,-0.03686065360355007,0.029606418398299306,0.0030448621032037214
39,2,0.023610107429510974,0.023406508498406683,0.003551698662790391,-0.013968829083332933,0.020941316599120362,-0.009224709131733904
39,3,0.01567939003931894,0.020309176097421337,0.02399818960208291,-0.045165044829607225,0.036887594138466026,-0.003304415942559119
39,4,0.0026812352249703858,0.019595200513263803,0.03152051117332881,-0.05954851163371414,0.038710981314560765,-0.002387064513087306
39,5,0.8585785042080466,0.013193026370756793,-0.049621731271758625,-0.5856413350160774,0.10467732886864867,-0.41193120439750164
39,Aggregated,0.15696661170611287,0.017453170664894112,0.00981451905036297,-0.13151464958491038,0.04486529092068023,-0.07189984725117307
39,Centralized,0.15992708937336425,0.01743519973334523,0.009563711999329271,-0.13343089866251592,0.04511772079214912,-0.07333461675610436
40,0,-0.0019312444443638646,-0.008001001552359074,0.01646674856469518,0.008431022298856072,0.00035192055488521116,0.016216450622522267
40,1,-0.002950123880698602,-0.012176381960441105,0.014147590673436189,0.015620113739554017,0.00040307183417602135,0.010530531374065217
40,2,-0.002427407447979115,-0.009569423721246416,0.01984049099617012,-0.00359780951018818,-0.003985196829045114,0.013668375532967314
40,3,-0.011380592993047957,-0.014458580590911055,0.022349414898669977,0.008567437246989985,-0.0046710624311832845,0.01070837071033218
40,4,-0.011529400154105782,-0.019483874350173253,0.029153811267615255,0.030560122680020237,0.004004027302646665,0.019229321632810936
40,5,0.8450448440149714,-0.047333122399896996,-0.3916440906750627,-0.5166104404216676,0.10859539345752392,-0.021746946439682016
40,Aggregated,0.13625652340613656,-0.01852211099306722,-0.048499917465656295,-0.0764523949086088,0.017507802420758473,0.00808198761583406
40,Centralized,0.13924725846618904,-0.01864359830173989,-0.049947967666901565,-0.07830968009244026,0.01789213832856872,0.007956123955491152
41,0,-0.011772741325442253,-0.01949399343759829,0.002667879688576838,0.005546045432042347,0.004040271805081877,-0.018750966195116167
41,1,-0.01278244824787306,-0.01657116300959899,0.0030493016480007294,-0.0020450928811167708,0.004809350683125584,-0.008280004116643015
41,2,0.0030502806618282236,-0.00647149923970274,0.001562039346134634,0.002631293570083646,-0.001881830529469931,-0.018264134386717142
41,3,-0.00772698462754007,-0.018712126814337374,0.0018516897598827538,0.005471700323312908,-0.0002460768124739505,-0.028842234737693224
41,4,-0.021404622338036854,-0.025443871266118936,-0.0014983144399803065,0.006595100555614992,0.011500859455704168,-0.025359543422246666
41,5,0.7637744025657354,-0.08672994282851218,-0.08377367126598051,0.04631570110899879,0.0842405086143375,-0.5433299389754174
41,Aggregated,0.1192674831367428,-0.028940633282434916,-0.012735498618948238,0.010775131427840935,0.01712000063683397,-0.10741589872047462
41,Centralized,0.12198690047887932,-0.029184500239659197,-0.013035235457652313,0.010925198343560913,0.017403160371495953,-0.10925519830989788
42,0,-0.015730522700753688,0.004267799601102926,0.00948708775165416,0.01443691256505569,0.007354550078923826,0.008798531302296748
42,1,-0.011149327146320774,0.0024232259932080963,0.004126006994998888,0.004413933859819635,0.017996216614033275,0.008142720379183115
42,2,-0.0074676366507885426,-0.011445313611958441,0.010084834219008276,0.001056097683755379,0.016871652443917876,0.020056910844145126
42,3,-0.01050578514953623,0.008058718737829696,0.010051744906182325,0.014180613330446566,0.02032462811050752,0.01248766991613115
42,4,-0.02699762504743425,0.013358661163742647,0.012766838196564748,0.01951218325179628,0.01994544829732418,0.013406677585943548
42,5,0.7407388110207306,-0.354990699359372,-0.021912870042794172,-0.36252394043571384,0.02617909723014246,-0.00833730335696234
42,Aggregated,0.11188250330166487,-0.056578309309735356,0.0040840220651252295,-0.051685668551976566,0.01811707536478131,0.009081422020639572
42,Centralized,0.1145359804714779,-0.05783744838405853,0.003974308937023979,-0.05299726935642639,0.018151051140919618,0.009007973441708401
43,0,0.017213114941838897,-0.00998080131520979,0.021315477927897532,-0.026232466488907404,-0.009054459860552278,-0.013980194036262833
43,1,0.010577965963635815,-0.012630709321964364,0.01740882270621904,-0.028988326743608187,-0.0035017133581894924,-0.008176491961386458
43,2,0.017856082957846756,-0.011072846871760016,0.007061645921554873,-0.009582587667998814,-0.00901867253513876,-0.010753988546562865
43,3,0.015570789276373669,-0.011379966631547148,0.017250224411839887,-0.03164608179883559,-0.004925658904109475,-0.018459004086959368
43,4,0.02292574475395633,-0.021730437967865317,0.03656001663094949,-0.0416882807719861,-0.013439249750103835,-0.02338427817719619
43,5,0.4809593947041386,-0.1347692247983852,-0.10247900229388635,-0.04516742077516306,-0.03967679944536956,-0.03948721208937123
43,Aggregated,0.09443043821222619,-0.033658502265975186,-0.0005454984644397863,-0.030560179521946486,-0.013286261710973976,-0.019053230848979072
43,Centralized,0.09606130628033314,-0.03408514706027143,-0.0009755581354878928,-0.030621821496950963,-0.013397536050669116,-0.01913947444560807
44,0,-0.014167960698533275,0.008803589754925002,-0.0015661477406241403,0.006690938253032932,0.004213720876717193,-0.006239095264270596
44,1,-0.002603188529562526,0.0027111315197256786,-0.007880714228869809,-0.009481838667774354,0.010532015678639003,0.00628745669980503
44,2,0.005241187679793914,-0.0034408974634966695,-0.007957668037049725,0.006277529179994597,-0.0030934733807864256,0.0015769387959367412
44,3,-0.004547307708876735,0.0067308052277938344,-0.010039884687693524,0.00276214499946914,0.0012237380355797941,0.0027909173862909033
44,4,-0.00868617564237207,0.005650685412211336,-0.0037672017822747983,0.006666687482789485,0.002155790766819461,-0.008420330061222787
44,5,0.4253448511240355,-0.19549654619930198,-0.02389998232419659,-0.045566423529903324,0.0531108469491093,-0.15685452824887666
44,Aggregated,0.06699218184716013,-0.02927957815773134,-0.009194647860382094,-0.005467408555820648,0.011383726660112892,-0.026892683716367237
44,Centralized,0.06850476518942306,-0.02998099517551464,-0.009256837689278864,-0.005636656552895852,0.011559721535898172,-0.02744121717874176
45,0,-0.014927682467212818,0.005086359578368782,0.016719845263810602,-0.022209614116065958,0.01632353827006877,0.013703726879526099
45,1,-0.024072744866594956,-0.010368402648610546,0.0051503614276535836,-0.02001414416081406,0.027452321293402977,0.0295304693081543
45,2,-0.009358539795424599,0.0005730658879589351,0.005706745414841703,-0.013423492427360857,0.0028924339624688223,0.013089614132607574
45,3,-0.010999282473758792,0.0018581960353804695,0.005684211443230435,-0.025781271977445147,0.01768485198172463,0.020165941437399817
45,4,-0.021953358947230425,0.00895230006806697,0.018350290116189133,-0.04038588467897808,0.023376943554554386,0.027636648116746113
45,5,0.4863807446851662,-0.22219113768040677,-0.09518512713228416,-0.2131223635895082,0.04652106303621312,-0.052662775252906996
45,Aggregated,0.06777857351605956,-0.03613363343228079,-0.007318334281332958,-0.05592308178152504,0.022390586259962868,0.00853822706861396
45,Centralized,0.06954476692596802,-0.03691868690457933,-0.007689062747445834,-0.05658640748721037,0.022492330672523573,0.008279920963550413
46,0,0.012198194222788322,0.0013142195827163024,-0.01670001729066526,0.000346345141881613,0.010523123700360027,-0.01935468405426123
46,1,-0.00803631835398869,0.011864484762793706,-0.010668884514133082,0.004103928670665797,0.02350619170489207,-0.009725560478828658
46,2,0.007523901767868982,0.001550589793930924,0.001251430034459751,0.012817734790392143,0.009273721485007826,-0.018007729806568555
46,3,0.011762409274287141,0.012523530914973848,-0.016201717332738664,0.004708300594922378,0.021847015306401235,-0.023807869572241982
46,4,0.02133679560361858,0.0021602667855087835,-0.009618543034659218,-0.00014713006694776695,0.02261511388146774,-0.034598239685341814
46,5,0.7794022676054414,-0.29652574327297637,-0.3730541691644827,-0.08642642816224867,-0.48141218976229744,0.05999049146714291
46,Aggregated,0.1377738739951926,-0.04467944273519798,-0.07102466584913564,-0.010814445481414336,-0.06587293409451792,-0.00754084982628072
46,Centralized,0.14048120466641004,-0.0457422176600642,-0.07229897149059082,-0.01113345629092537,-0.06762606999460208,-0.0072558095123892155
47,0,-0.018900737185367174,-0.04621487471201283,0.013924528345335797,0.0290565776870718,-0.013934556018578863,0.03200738213270377
47,1,-0.014490991292334146,-0.057491716617412536,0.005958084579575508,0.008037675080012905,0.0063762826602571905,0.019523961693586608
47,2,-0.01576384685154514,-0.03651113773439319,0.008456374270753375,0.005651314955127836,-0.016324846280361422,0.013662476565949778
47,3,-0.032837629545578964,-0.04382853664061494,0.006625418668717036,0.020014853803130818,-0.01722386664648618,0.024896253908728735
47,4,-0.02242888788990593,-0.06862127122670719,0.006350724772745907,0.025365298614598946,-0.006604296460848955,0.03092381798135755
47,5,0.6777984672417248,-0.12259054498659278,-0.003853895995269606,-0.16175933806038664,-0.0608926583806384,0.022249953524515084
47,Aggregated,0.09593393452301958,-0.06258129706470797,0.006237101469040572,-0.012367575403109,-0.018127938972087778,0.023876270111929783
47,Centralized,0.09838901911531481,-0.06283451103325721,0.006194531038278193,-0.012997937910212917,-0.018308344162995996,0.023869463168790316
48,0,-0.015409468282998924,-0.013441876017609886,0.011663528699066377,0.00642799841209512,0.027645012071627877,-0.017870149737153354
48,1,-0.010808299644434624,-0.00845403794056888,0.012825577516237878,-0.0037737465491354052,0.016183132621665833,0.0009582903104625627
48,2,-0.007638369952559327,-0.005224782363660885,-0.0005236490447810507,0.014932653600578086,0.007545529516843825,0.01005566655345792
48,3,-0.014422063214096437,-0.011411744215803482,0.006951260512861458,0.008317348509836472,0.02577168315409757,-0.003750057551261393
48,4,-0.01511884946254686,-0.02234726398403242,0.01968321441508735,0.008333624555829382,0.033127344278948444,-0.006372143470546695
48,5,0.460385041162808,-0.21157620534254562,-0.1553128180862987,-0.04456704128579097,0.0650984089737209,-0.07240069021081535
48,Aggregated,0.06641600101181078,-0.045515258308811174,-0.01754004098336374,-0.001748843360818761,0.02925138734946765,-0.014933175908744517
48,Centralized,0.06807840419972082,-0.046215966890541436,-0.018121409664735424,-0.0019295267181912564,0.02940264008725378,-0.01517564431532061
49,0,-0.022829855678133122,0.0029019665394958132,0.02912510887401323,0.017809956512447687,-0.009337144664427206,-0.01767889661274937
49,1,-0.02135434611828908,0.0026231903036523217,0.01608372558419833,0.009039429716700489,-0.003592663190954421,-0.010603453334850207
49,2,-0.005602963973213463,-0.012425304994672834,0.003577393076313662,0.014306534955192674,-0.006802015412742539,-0.005405230158776282
49,3,-0.027005866959591535,-0.0019006972103528493,0.020965333554381585,0.02154857148939863,-0.008049913547590958,-0.012604885577154473
49,4,-0.028185523815951057,0.004921535375989976,0.0340375458401436,0.013551576411902664,-0.015241417405247737,-0.016645815928112918
49,5,0.6432956387912606,-0.050206329144636554,0.09073054743222089,-0.384930951837089,-0.1710350084461702,-0.3404769314587267
49,Aggregated,0.09007244716326442,-0.00904053525788592,0.032457118424809916,-0.051658427842303206,-0.0357626585943479,-0.06741007417666106
49,Centralized,0.09240678420368806,-0.009214220689690503,0.03270297703268636,-0.05306466331478312,-0.03633343869888714,-0.06856228580342595
50,0,-0.011317151295009646,0.017171412591336293,0.03078195480592275,0.041637110641506846,-0.05774051625062922,-0.012411162689919854
50,1,-0.016535222595139235,0.016502881901623353,0.028247968332210983,0.03519538713786108,-0.034245057148237626,-0.0019434813122994048
50,2,0.003264312989508886,0.020089192002289685,0.02211345642269288,0.03634344864773834,-0.048630034385624486,-0.004083070174477036
50,3,-0.013245527752436528,0.01530066173023093,0.029321254997082467,0.03682983131154541,-0.029090644007969166,-0.004610627865963848
50,4,-0.03151737255497282,0.020077042022689427,0.04187974930980947,0.03506372935404296,-0.04811325880726614,0.00031796732088541134
50,5,0.9978456498669999,-0.49929025239044234,-0.0528680484660234,-0.1713154530617216,-0.014555614073079202,-0.40568283209472766
50,Aggregated,0.15528663249092625,-0.06863291854450697,0.01653511289462979,0.0021816583758559015,-0.03871377554022545,-0.07161532235441885
50,Centralized,0.1588418611402796,-0.07045014622138734,0.016242194252341316,0.0014496674784349403,-0.0386119042651445,-0.07302484690902562
