Round,Evaluator,5,0,2,1,4,3
0,0,,,,,,
0,1,,,,,,
0,2,,,,,,
0,3,,,,,,
0,4,,,,,,
0,5,,,,,,
0,Aggregated,,,,,,
0,Centralized,,,,,,
1,0,,,,,,
1,1,,,,,,
1,2,,,,,,
1,3,,,,,,
1,4,,,,,,
1,5,,,,,,
1,Aggregated,,,,,,
1,Centralized,0.9983148574829102,0.9995622634887695,0.9995251297950745,0.9994754195213318,0.9994330406188965,0.999503493309021
2,0,,,,,,
2,1,,,,,,
2,2,,,,,,
2,3,,,,,,
2,4,,,,,,
2,5,,,,,,
2,Aggregated,,,,,,
2,Centralized,0.8946452736854553,0.9793550372123718,0.9813268184661865,0.979590654373169,0.9790751338005066,0.9801050424575806
3,0,,,,,,
3,1,,,,,,
3,2,,,,,,
3,3,,,,,,
3,4,,,,,,
3,5,,,,,,
3,Aggregated,,,,,,
3,Centralized,0.7662915587425232,0.921241819858551,0.9055477380752563,0.9103140234947205,0.9111724495887756,0.8988943099975586
4,0,,,,,,
4,1,,,,,,
4,2,,,,,,
4,3,,,,,,
4,4,,,,,,
4,5,,,,,,
4,Aggregated,,,,,,
4,Centralized,0.845271110534668,0.9658067226409912,0.9714120030403137,0.9676207304000854,0.9660234451293945,0.9682928919792175
5,0,,,,,,
5,1,,,,,,
5,2,,,,,,
5,3,,,,,,
5,4,,,,,,
5,5,,,,,,
5,Aggregated,,,,,,
5,Centralized,0.74257892370224,0.9030265808105469,0.927713930606842,0.8943312168121338,0.888067901134491,0.8740270733833313
6,0,,,,,,
6,1,,,,,,
6,2,,,,,,
6,3,,,,,,
6,4,,,,,,
6,5,,,,,,
6,Aggregated,,,,,,
6,Centralized,0.9107983112335205,0.9811285138130188,0.9817713499069214,0.9825592637062073,0.9828779101371765,0.9815251231193542
7,0,,,,,,
7,1,,,,,,
7,2,,,,,,
7,3,,,,,,
7,4,,,,,,
7,5,,,,,,
7,Aggregated,,,,,,
7,Centralized,0.8947529196739197,0.9767650365829468,0.9769822359085083,0.9786922335624695,0.9778901934623718,0.9778717160224915
8,0,,,,,,
8,1,,,,,,
8,2,,,,,,
8,3,,,,,,
8,4,,,,,,
8,5,,,,,,
8,Aggregated,,,,,,
8,Centralized,0.7895746827125549,0.9314655661582947,0.937921404838562,0.9397295713424683,0.9367945790290833,0.9178246259689331
9,0,,,,,,
9,1,,,,,,
9,2,,,,,,
9,3,,,,,,
9,4,,,,,,
9,5,,,,,,
9,Aggregated,,,,,,
9,Centralized,0.8781554102897644,0.9713581800460815,0.9689238667488098,0.9734097719192505,0.9726818203926086,0.9716501235961914
10,0,,,,,,
10,1,,,,,,
10,2,,,,,,
10,3,,,,,,
10,4,,,,,,
10,5,,,,,,
10,Aggregated,,,,,,
10,Centralized,0.7036097049713135,0.8615907430648804,0.9025100469589233,0.8454563617706299,0.841273307800293,0.8186882138252258
11,0,,,,,,
11,1,,,,,,
11,2,,,,,,
11,3,,,,,,
11,4,,,,,,
11,5,,,,,,
11,Aggregated,,,,,,
11,Centralized,0.7647409439086914,0.9516426920890808,0.9535152912139893,0.8692530989646912,0.8526098132133484,0.8703387975692749
12,0,,,,,,
12,1,,,,,,
12,2,,,,,,
12,3,,,,,,
12,4,,,,,,
12,5,,,,,,
12,Aggregated,,,,,,
12,Centralized,0.8567014336585999,0.9720138311386108,0.9683271646499634,0.973455548286438,0.9719590544700623,0.9715890884399414
13,0,,,,,,
13,1,,,,,,
13,2,,,,,,
13,3,,,,,,
13,4,,,,,,
13,5,,,,,,
13,Aggregated,,,,,,
13,Centralized,0.8651936054229736,0.9778569936752319,0.9762302041053772,0.9773997068405151,0.9773247241973877,0.9745968580245972
14,0,,,,,,
14,1,,,,,,
14,2,,,,,,
14,3,,,,,,
14,4,,,,,,
14,5,,,,,,
14,Aggregated,,,,,,
14,Centralized,0.9027695655822754,0.9834789037704468,0.9831674695014954,0.9838426113128662,0.9838550686836243,0.983171820640564
15,0,,,,,,
15,1,,,,,,
15,2,,,,,,
15,3,,,,,,
15,4,,,,,,
15,5,,,,,,
15,Aggregated,,,,,,
15,Centralized,0.8564464449882507,0.9769307374954224,0.9762041568756104,0.9755879640579224,0.9755804538726807,0.9735541343688965
16,0,,,,,,
16,1,,,,,,
16,2,,,,,,
16,3,,,,,,
16,4,,,,,,
16,5,,,,,,
16,Aggregated,,,,,,
16,Centralized,0.7986016869544983,0.9426723718643188,0.9519839286804199,0.9289208650588989,0.9314430356025696,0.9156953692436218
17,0,,,,,,
17,1,,,,,,
17,2,,,,,,
17,3,,,,,,
17,4,,,,,,
17,5,,,,,,
17,Aggregated,,,,,,
17,Centralized,0.8338940739631653,0.9372982382774353,0.9269473552703857,0.9467509984970093,0.9422635436058044,0.9419258832931519
18,0,,,,,,
18,1,,,,,,
18,2,,,,,,
18,3,,,,,,
18,4,,,,,,
18,5,,,,,,
18,Aggregated,,,,,,
18,Centralized,0.7480342388153076,0.9444525241851807,0.9479723572731018,0.8582621812820435,0.8486087918281555,0.8730847239494324
19,0,,,,,,
19,1,,,,,,
19,2,,,,,,
19,3,,,,,,
19,4,,,,,,
19,5,,,,,,
19,Aggregated,,,,,,
19,Centralized,0.633289098739624,0.7750589847564697,0.8214434385299683,0.7340939044952393,0.730978786945343,0.7260304093360901
20,0,,,,,,
20,1,,,,,,
20,2,,,,,,
20,3,,,,,,
20,4,,,,,,
20,5,,,,,,
20,Aggregated,,,,,,
20,Centralized,0.8402350544929504,0.9654086828231812,0.9646103978157043,0.9645716547966003,0.9657008051872253,0.9631268382072449
21,0,,,,,,
21,1,,,,,,
21,2,,,,,,
21,3,,,,,,
21,4,,,,,,
21,5,,,,,,
21,Aggregated,,,,,,
21,Centralized,0.8226702809333801,0.9603701829910278,0.9568793773651123,0.9545701146125793,0.9541056752204895,0.9539340734481812
22,0,,,,,,
22,1,,,,,,
22,2,,,,,,
22,3,,,,,,
22,4,,,,,,
22,5,,,,,,
22,Aggregated,,,,,,
22,Centralized,0.6059814095497131,0.8713037967681885,0.9243583083152771,0.6334008574485779,0.610951840877533,0.6894302368164062
23,0,,,,,,
23,1,,,,,,
23,2,,,,,,
23,3,,,,,,
23,4,,,,,,
23,5,,,,,,
23,Aggregated,,,,,,
23,Centralized,0.6198570132255554,0.874342143535614,0.8710411787033081,0.6536518335342407,0.567164421081543,0.6989108324050903
24,0,,,,,,
24,1,,,,,,
24,2,,,,,,
24,3,,,,,,
24,4,,,,,,
24,5,,,,,,
24,Aggregated,,,,,,
24,Centralized,0.6107810735702515,0.8789855241775513,0.917342483997345,0.6660706400871277,0.6130812764167786,0.7093433737754822
25,0,,,,,,
25,1,,,,,,
25,2,,,,,,
25,3,,,,,,
25,4,,,,,,
25,5,,,,,,
25,Aggregated,,,,,,
25,Centralized,0.860902726650238,0.9779161214828491,0.9764502644538879,0.9787538647651672,0.9779638648033142,0.974285900592804
26,0,,,,,,
26,1,,,,,,
26,2,,,,,,
26,3,,,,,,
26,4,,,,,,
26,5,,,,,,
26,Aggregated,,,,,,
26,Centralized,0.6358755826950073,0.9028363227844238,0.8902320861816406,0.6791561841964722,0.6053822040557861,0.7148727774620056
27,0,,,,,,
27,1,,,,,,
27,2,,,,,,
27,3,,,,,,
27,4,,,,,,
27,5,,,,,,
27,Aggregated,,,,,,
27,Centralized,0.844836950302124,0.944981038570404,0.956687331199646,0.9471908807754517,0.9449136257171631,0.9485452771186829
28,0,,,,,,
28,1,,,,,,
28,2,,,,,,
28,3,,,,,,
28,4,,,,,,
28,5,,,,,,
28,Aggregated,,,,,,
28,Centralized,0.7572503089904785,0.9335212111473083,0.9358991384506226,0.8662669658660889,0.8464672565460205,0.8744564056396484
29,0,,,,,,
29,1,,,,,,
29,2,,,,,,
29,3,,,,,,
29,4,,,,,,
29,5,,,,,,
29,Aggregated,,,,,,
29,Centralized,0.7585315704345703,0.8569163084030151,0.8860098123550415,0.8848246932029724,0.8862595558166504,0.8725380897521973
30,0,,,,,,
30,1,,,,,,
30,2,,,,,,
30,3,,,,,,
30,4,,,,,,
30,5,,,,,,
30,Aggregated,,,,,,
30,Centralized,0.8541324734687805,0.9753583073616028,0.9725977182388306,0.9747786521911621,0.9734010696411133,0.9721015691757202
31,0,,,,,,
31,1,,,,,,
31,2,,,,,,
31,3,,,,,,
31,4,,,,,,
31,5,,,,,,
31,Aggregated,,,,,,
31,Centralized,0.6794586181640625,0.9094555974006653,0.8965451717376709,0.7522649765014648,0.6960566639900208,0.7782313227653503
32,0,,,,,,
32,1,,,,,,
32,2,,,,,,
32,3,,,,,,
32,4,,,,,,
32,5,,,,,,
32,Aggregated,,,,,,
32,Centralized,0.8352803587913513,0.9672718048095703,0.9642300009727478,0.9612154960632324,0.957714855670929,0.9608936309814453
33,0,,,,,,
33,1,,,,,,
33,2,,,,,,
33,3,,,,,,
33,4,,,,,,
33,5,,,,,,
33,Aggregated,,,,,,
33,Centralized,0.7624328136444092,0.9376143217086792,0.9425647854804993,0.861635684967041,0.8337251543998718,0.8768631219863892
34,0,,,,,,
34,1,,,,,,
34,2,,,,,,
34,3,,,,,,
34,4,,,,,,
34,5,,,,,,
34,Aggregated,,,,,,
34,Centralized,0.5852702856063843,0.8841128349304199,0.8803421854972839,0.6141443252563477,0.5166496634483337,0.6692038774490356
35,0,,,,,,
35,1,,,,,,
35,2,,,,,,
35,3,,,,,,
35,4,,,,,,
35,5,,,,,,
35,Aggregated,,,,,,
35,Centralized,0.651003360748291,0.7403994798660278,0.7277679443359375,0.7470545768737793,0.757925808429718,0.7522836923599243
36,0,,,,,,
36,1,,,,,,
36,2,,,,,,
36,3,,,,,,
36,4,,,,,,
36,5,,,,,,
36,Aggregated,,,,,,
36,Centralized,0.5496189594268799,0.6945563554763794,0.7235227823257446,0.6058989763259888,0.609651505947113,0.6253252029418945
37,0,,,,,,
37,1,,,,,,
37,2,,,,,,
37,3,,,,,,
37,4,,,,,,
37,5,,,,,,
37,Aggregated,,,,,,
37,Centralized,0.8471854329109192,0.9725586771965027,0.9726530909538269,0.9706129431724548,0.968447208404541,0.9676157832145691
38,0,,,,,,
38,1,,,,,,
38,2,,,,,,
38,3,,,,,,
38,4,,,,,,
38,5,,,,,,
38,Aggregated,,,,,,
38,Centralized,0.8160412907600403,0.942043125629425,0.9178876876831055,0.9228851795196533,0.9077599048614502,0.9289625883102417
39,0,,,,,,
39,1,,,,,,
39,2,,,,,,
39,3,,,,,,
39,4,,,,,,
39,5,,,,,,
39,Aggregated,,,,,,
39,Centralized,0.6865823268890381,0.9032152891159058,0.9034831523895264,0.7519465088844299,0.7175869941711426,0.7887073755264282
40,0,,,,,,
40,1,,,,,,
40,2,,,,,,
40,3,,,,,,
40,4,,,,,,
40,5,,,,,,
40,Aggregated,,,,,,
40,Centralized,0.6911394000053406,0.705420732498169,0.8231409192085266,0.756830096244812,0.732508659362793,0.7800077795982361
41,0,,,,,,
41,1,,,,,,
41,2,,,,,,
41,3,,,,,,
41,4,,,,,,
41,5,,,,,,
41,Aggregated,,,,,,
41,Centralized,0.49780556559562683,0.7104466557502747,0.611395001411438,0.497494101524353,0.37032851576805115,0.5583060383796692
42,0,,,,,,
42,1,,,,,,
42,2,,,,,,
42,3,,,,,,
42,4,,,,,,
42,5,,,,,,
42,Aggregated,,,,,,
42,Centralized,0.8208234310150146,0.9599923491477966,0.9555768966674805,0.9302639365196228,0.9201292991638184,0.9317628741264343
43,0,,,,,,
43,1,,,,,,
43,2,,,,,,
43,3,,,,,,
43,4,,,,,,
43,5,,,,,,
43,Aggregated,,,,,,
43,Centralized,0.45597362518310547,0.7160224914550781,0.5938989520072937,0.4351389408111572,0.36146870255470276,0.5094665288925171
44,0,,,,,,
44,1,,,,,,
44,2,,,,,,
44,3,,,,,,
44,4,,,,,,
44,5,,,,,,
44,Aggregated,,,,,,
44,Centralized,0.7488853335380554,0.9214131832122803,0.8904395699501038,0.8393527269363403,0.8049769997596741,0.8513965606689453
45,0,,,,,,
45,1,,,,,,
45,2,,,,,,
45,3,,,,,,
45,4,,,,,,
45,5,,,,,,
45,Aggregated,,,,,,
45,Centralized,0.6028185486793518,0.8624082803726196,0.7940460443496704,0.6178255081176758,0.5251597762107849,0.6717430949211121
46,0,,,,,,
46,1,,,,,,
46,2,,,,,,
46,3,,,,,,
46,4,,,,,,
46,5,,,,,,
46,Aggregated,,,,,,
46,Centralized,0.5641777515411377,0.8453363180160522,0.8248100280761719,0.6409026384353638,0.6249788403511047,0.641579270362854
47,0,,,,,,
47,1,,,,,,
47,2,,,,,,
47,3,,,,,,
47,4,,,,,,
47,5,,,,,,
47,Aggregated,,,,,,
47,Centralized,0.8118929862976074,0.9413760900497437,0.9185352325439453,0.9117878675460815,0.89786297082901,0.9199997782707214
48,0,,,,,,
48,1,,,,,,
48,2,,,,,,
48,3,,,,,,
48,4,,,,,,
48,5,,,,,,
48,Aggregated,,,,,,
48,Centralized,0.5904576778411865,0.8687943816184998,0.854892909526825,0.6103514432907104,0.5131192207336426,0.6621609926223755
49,0,,,,,,
49,1,,,,,,
49,2,,,,,,
49,3,,,,,,
49,4,,,,,,
49,5,,,,,,
49,Aggregated,,,,,,
49,Centralized,0.5775794386863708,0.8211938738822937,0.7812881469726562,0.5827956199645996,0.48498478531837463,0.639562726020813
50,0,,,,,,
50,1,,,,,,
50,2,,,,,,
50,3,,,,,,
50,4,,,,,,
50,5,,,,,,
50,Aggregated,,,,,,
50,Centralized,0.7753809094429016,0.9227563738822937,0.8927444219589233,0.8892637491226196,0.863882303237915,0.8937738537788391
