Round,Evaluator,5,0,2,1,4,3
0,0,,,,,,
0,1,,,,,,
0,2,,,,,,
0,3,,,,,,
0,4,,,,,,
0,5,,,,,,
0,Aggregated,,,,,,
0,Centralized,,,,,,
1,0,0.09634146341463483,0.14463414634146424,0.1109756097560984,0.12731707317073124,0.1305284552845527,0.12922764227642278
1,1,0.08853658536585421,0.13747967479674825,0.11861788617886193,0.11715447154471523,0.1321544715447155,0.1280081300813008
1,2,0.0844715447154459,0.14008130081300774,0.11024390243902411,0.11565040650406527,0.13239837398373983,0.12691056910569107
1,3,0.08650406504065039,0.12772357723577113,0.11715447154471484,0.11085365853658513,0.1331707317073173,0.12215447154471545
1,4,0.08658536585365896,0.1399186991869923,0.107154471544715,0.10959349593495916,0.13093495934959345,0.12825203252032524
1,5,0.09589257503949364,0.11769352290679315,0.08874407582938375,0.0972353870458137,0.104818325434439,0.09988151658767773
1,Aggregated,0.08972586734208385,0.13457771546541902,0.10880227325060432,0.11295738547309726,0.12731986450187943,0.1223913666684268
1,Centralized,0.08975188781014026,0.13450647249190906,0.10871763754045269,0.11289104638619216,0.12722491909385145,0.122296386192017
2,0,0.002195121951219511,-0.009715447154471528,0.014024390243902403,-0.0097154471544715,0.002276422764227632,0.013130081300812974
2,1,4.065040650407618e-05,-0.0008130081300812941,0.009918699186991857,-0.0036585365853658465,-0.007195121951219511,0.009024390243902423
2,2,0.0006504065040650449,0.0018292682926829321,0.01768292682926826,-0.005813008130081299,-0.004552845528455281,0.012154471544715455
2,3,0.006260162601626014,0.004349593495934965,0.015325203252032476,-0.0006097560975609872,0.0001626016260162492,0.008658536585365835
2,4,0.0029268292682926916,0.0034146341463414712,0.018739837398373968,-0.0035365853658536578,-0.011382113821138237,0.00934959349593497
2,5,0.032266982622432896,-0.007859399684044244,0.009202211690363367,-0.00781990521327014,-0.012638230647709327,0.0034360189573460036
2,Aggregated,0.0074058859078046345,-0.0014698028034567376,0.014145724344076465,-0.005193881718529433,-0.005559397261873102,0.009288448414037382
2,Centralized,0.007510787486515656,-0.0014967637540452996,0.014124865156418571,-0.005204962243797198,-0.005589266450916926,0.009263754045307455
3,0,0.018780487804878065,-0.025162601626016277,-0.00317073170731708,-0.02613821138211383,-0.008902439024390241,0.005569105691056891
3,1,0.013983739837398396,-0.015121951219512179,0.007276422764227653,-0.019593495934959352,-0.0057723577235772325,0.0070325203252032484
3,2,0.01382113821138212,-0.014227642276422797,0.0073577235772357644,-0.018008130081300814,-0.006178861788617879,0.007479674796747945
3,3,0.005853658536585398,-0.008902439024390212,0.008373983739837425,-0.016991869918699134,-0.007926829268292671,0.002520325203252053
3,4,0.019349593495935003,-0.017439024390243793,0.003252032520325199,-0.02247967479674794,-0.006016260162601612,0.006260162601626002
3,5,0.06113744075829372,-0.03009478672985786,-0.007187993680884672,-0.02815955766192725,-0.01860189573459718,-0.0031595576619272998
3,Aggregated,0.02217919685153126,-0.018498805299705528,0.0026439671522640812,-0.021899150509452455,-0.00890595955556402,0.004278959693708843
3,Centralized,0.022343581445523137,-0.018547734627831644,0.0026024811218985848,-0.02192556634304215,-0.008946871628910483,0.004247572815533951
4,0,-0.00674796747967478,0.0003658536585366079,0.012560975609756005,0.016991869918699158,0.006788617886178855,0.011504065040650348
4,1,-0.010853658536585282,0.005406504065040651,0.004349593495934975,0.007967479674796728,0.007967479674796728,0.009552845528455265
4,2,-0.014999999999999956,0.006666666666666659,0.006056910569105677,0.008495934959349563,0.008617886178861715,0.009552845528455232
4,3,-0.01158536585365851,0.0049593495934959365,0.004796747967479655,0.007357723577235737,0.005894308943089411,0.005650406504065037
4,4,-0.014390243902438978,0.0010569105691056956,0.012804878048780477,0.009105691056910574,0.007235772357723585,0.011016260162601606
4,5,0.032148499210110655,-0.008293838862559253,0.0011453396524486546,0.009992101105845199,-0.003475513428120078,0.0016587677725118692
4,Aggregated,-0.0043814848120349885,0.0016872067884760832,0.006948705250649185,0.00998513782442429,0.005499033213481287,0.008151722853360325
4,Centralized,-0.004227346278317154,0.0016450916936354093,0.006924217907227631,0.009985167206040995,0.005461165048543685,0.008124325782092767
5,0,-0.013739837398373969,0.008780487804878025,0.007601626016260183,0.0011382113821138296,0.004227642276422753,0.0017479674796747947
5,1,-0.021991869918699145,0.01093495934959343,0.01109756097560975,-0.005365853658536582,0.0042276422764227425,0.0010975609756097534
5,2,-0.016056910569105645,0.009756097560975573,0.011178861788617881,-0.0028861788617886137,0.0030081300813008045,-0.002560975609756082
5,3,-0.025406504065040622,0.004024390243902446,0.012235772357723575,-4.065040650405521e-05,0.003373983739837411,-0.0039430894308943
5,4,-0.016504065040650433,0.009796747967479645,0.010121951219512157,-0.0037398373983739876,0.009796747967479643,0.002723577235772365
5,5,0.035189573459715746,0.0013428120063191304,-0.00023696682464455468,-0.014336492890995272,-0.008056872037914671,-0.006793048973143783
5,Aggregated,-0.009722949927839042,0.007435362361040038,0.008660791188200347,-0.004211592905352641,0.0027559808987976915,-0.0012915111401263948
5,Centralized,-0.00953344120819851,0.007409654800431515,0.008623247033441197,-0.004254314994606282,0.0027103559870550005,-0.0013147249190938479
6,0,-0.01434959349593493,0.00475609756097563,-0.02077235772357717,-0.009308943089430888,0.00573170731707316,-0.005081300813008127
6,1,1.2335811384723962e-18,0.007357723577235754,-0.019186991869918586,-0.0063414634146341615,0.01670731707317071,-0.003414634146341474
6,2,-0.00032520325203251875,0.007804878048780498,-0.01658536585365842,-0.008089430894308929,0.008739837398373983,-0.008617886178861778
6,3,0.0026829268292682734,0.006951219512195096,-0.011056910569105653,0.0020731707317073007,0.009756097560975579,-0.0006504065040650428
6,4,-0.013536585365853634,0.004593495934959368,-0.0195121951219512,-0.012195121951219521,0.008577235772357729,-0.004512195121951224
6,5,0.05252764612954182,-0.005331753554502384,-0.023262243285939958,-0.016943127962085327,-0.008846761453396518,-0.014731437598736161
6,Aggregated,0.004530485339102912,0.004349100862927946,-0.018399113212684337,-0.008472889757398565,0.0067676109559811955,-0.0061734363770628185
6,Centralized,0.004733009708737853,0.004308252427184456,-0.018419633225458393,-0.00850862998921252,0.006701725997842538,-0.006209546925566347
7,0,0.001666666666666636,0.011788617886178833,0.0003252032520325428,-0.0019105691056910505,0.01138211382113819,0.013333333333333286
7,1,-0.0024796747967479695,0.007520325203252007,0.007601626016260156,-0.0022764227642276466,0.006991869918699153,0.00947154471544712
7,2,-0.0023577235772357817,0.007967479674796725,0.004512195121951216,-0.002479674796747966,0.005325203252032489,0.0016666666666666314
7,3,-0.011422764227642247,0.006504065040650396,0.004959349593495937,-0.0002032520325203485,0.0023577235772357812,0.00024390243902439694
7,4,-0.011138211382113784,0.009959349593495913,0.0017073170731707302,-0.007723577235772309,0.010406504065040637,0.016300813008129977
7,5,0.06165086887835681,-0.0025671406003159253,-0.007938388625592431,-0.015758293838862604,-0.0024881516587677683,0.0002764612954186347
7,Aggregated,0.00602201582834792,0.006856104493396445,0.0018549693156240195,-0.005065453217883227,0.005657347338641289,0.006877908793243962
7,Centralized,0.006256742179072256,0.006816343042071198,0.0018136461704422846,-0.00511057173678533,0.0056229773462783015,0.0068500539374325665
8,0,-0.012520325203251985,0.010162601626016201,-0.0044308943089430685,-4.0650406504048425e-05,-0.00024390243902437474,0.0021951219512194977
8,1,-0.005121951219512177,0.007317073170731693,-0.0027235772357723656,0.002845528455284562,-0.00020325203252031891,0.00032520325203250954
8,2,-0.004756097560975603,0.008130081300812983,-0.002317073170731689,0.0029268292682926708,-0.0034146341463414387,-0.0005691056910568999
8,3,-0.003495934959349599,0.009227642276422744,-0.0026016260162601604,0.0033333333333333388,-0.004512195121951208,-0.0019512195121951074
8,4,-0.011666666666666655,0.013008130081300766,0.0020325203252032566,-0.0010569105691056865,0.007520325203252011,0.004796747967479658
8,5,0.03384676145339649,-0.005134281200631903,-0.01086097946287521,-0.01169036334913117,-0.01011058451816749,-0.01026856240126384
8,Aggregated,-0.0005970619616802878,0.007110729400113057,-0.0034883084366198283,-0.0006207674877716326,-0.0018326548183438581,-0.0009179343852262552
8,Centralized,-0.00045172599784249666,0.007059061488673171,-0.0035194174757281543,-0.0006674757281553331,-0.0018675836030204891,-0.0009573894282632108
9,0,-0.013333333333333315,0.0015447154471544765,0.000528455284552859,0.007926829268292655,0.004756097560975613,0.0034552845528455166
9,1,-0.007804878048780469,0.0033333333333333244,-0.00048780487804877165,0.004471544715447148,0.008048780487804866,-0.007560975609756095
9,2,-0.0006097560975609595,0.004227642276422754,0.0017886178861788763,0.0066260162601625905,0.008211382113821128,-0.012926829268292655
9,3,-0.003252032520325199,-0.0010569105691056696,0.0023577235772357973,0.0060975609756097416,0.009065040650406444,-0.013211382113821208
9,4,-0.015121951219512172,0.00223577235772358,-0.002398373983739808,0.0027642276422764444,0.006829268292682938,-0.0016260162601626155
9,5,0.042614533965244866,-0.0020932069510268326,-0.012756714060031591,0.0015007898894154874,-0.012835703001579778,-0.011690363349131106
9,Aggregated,0.00044233457206753306,0.001363019386667214,-0.0018349836400886408,0.0048956623373551025,0.004001736096077447,-0.007262871564215652
9,Centralized,0.0006202804746494058,0.001348435814455217,-0.00188106796116504,0.004881337648327941,0.003930690399136996,-0.007281553398058222
10,0,-0.011991869918699168,0.0002032520325203334,0.007276422764227638,0.0015853658536585373,0.009268292682926811,-0.003902439024390227
10,1,-0.005406504065040639,0.005853658536585351,0.003943089430894298,-0.005487804878048767,0.005365853658536575,0.000609756097560986
10,2,-0.0035365853658536357,0.0026016260162601444,0.004186991869918689,-0.00439024390243902,0.008373983739837384,8.13008130081499e-05
10,3,-0.0019105691056910481,0.00439024390243901,0.0020325203252032557,-0.005203252032520319,0.00012195121951222206,0.010325203252032504
10,4,-0.01073170731707317,0.006138211382113813,0.0048780487804878,0.0005691056910568976,0.008780487804878034,-0.0023170731707317462
10,5,0.0344391785150079,-0.004304897314375992,-0.003909952606635069,-0.01354660347551342,0.0021721958925750413,-0.02195892575039497
10,Aggregated,0.00016552229520712923,0.0024760231465228845,0.003063404714544855,-0.0044180624212909496,0.00567822413241287,-0.0028725392869219115
10,Centralized,0.0003101402373247038,0.002447411003236249,0.003033980582524271,-0.004456580366774526,0.005663430420711981,-0.0029530744336569484
11,0,0.004918699186991875,0.004390243902439029,0.011382113821138186,-0.0039024390243902226,-0.014999999999999966,-0.013983739837398297
11,1,0.005528455284552832,0.007682926829268276,0.0063008130081300745,-0.0062601626016259935,-0.00890243902439024,-0.014105691056910556
11,2,0.009268292682926813,0.003414634146341465,0.009430894308943078,-0.0017479674796747869,-0.010487804878048767,-0.014756097560975663
11,3,0.0005284552845528448,0.003495934959349575,0.004918699186991849,-0.0028048780487804786,-0.004430894308943083,-0.011463414634146282
11,4,0.005365853658536598,0.004308943089430911,0.013373983739837367,-0.004878048780487776,-0.016626016260162604,-0.01861788617886164
11,5,0.05821484992101096,-0.0032385466034755097,0.0010663507109004771,-0.011216429699842035,-0.02796208530805686,-0.02397314375987357
11,Aggregated,0.013998975564088571,0.003338160387550329,0.007741217507762509,-0.0051388648401604585,-0.01391050428927571,-0.01615498316695457
11,Centralized,0.014185544768069026,0.003310409924487591,0.007713052858683929,-0.005164509169363543,-0.013969795037756257,-0.01618797195253506
12,0,0.006626016260162583,-0.019308943089430843,0.00036585365853657057,0.007154471544715424,0.0032520325203252098,-0.005406504065040648
12,1,0.012317073170731684,-0.019471544715447126,-0.004837398373983708,-0.00528455284552844,0.006300813008130108,-0.006097560975609758
12,2,0.00894308943089429,-0.01605691056910568,-0.004186991869918662,-0.0032113821138211158,0.0017886178861788702,-0.004349593495934945
12,3,0.011300813008130082,-0.01410569105691051,0.0014227642276422824,-0.001991869918699165,-0.0019105691056910366,-0.0020325203252032358
12,4,0.008577235772357767,-0.016056910569105697,-0.004715447154471549,-0.004308943089430892,0.010569105691056896,-0.0038211382113821136
12,5,0.06342812006319104,-0.024328593996840436,-0.014218009478672963,-0.007385466034755176,0.004976303317535552,-0.022472353870458192
12,Aggregated,0.018560681516172496,-0.01822532596472513,-0.004367822176182943,-0.00250773553271386,0.004163235922871349,-0.007372911308825952
12,Centralized,0.018749999999999992,-0.01825107874865147,-0.004409385113268623,-0.002528317152103548,0.004166666666666666,-0.007436623516720602
13,0,-0.011991869918699183,0.015691056910569077,0.006422764227642297,0.007195121951219524,-0.034918699186991996,0.0005284552845528346
13,1,-0.009065040650406456,0.015691056910569115,0.004552845528455289,3.0839528461809902e-18,-0.02983739837398363,0.0015853658536585196
13,2,-0.0040650406504065,0.022235772357723522,0.0060162601626016264,0.004715447154471549,-0.03776422764227639,-0.003333333333333346
13,3,-0.01556910569105692,0.01853658536585362,0.004959349593495934,0.007195121951219519,-0.02934959349593503,-0.00040650406504066927
13,4,-0.02105691056910576,0.01674796747967485,0.004186991869918703,0.005447154471544716,-0.030609756097561044,0.003333333333333336
13,5,0.07120853080568759,0.002369668246445496,-0.007385466034755128,-0.011058451816745639,-0.03550552922590827,-0.007780410742496098
13,Aggregated,0.001621154414871867,0.015203830215334566,0.0031187562996255725,0.0022405813869094083,-0.032999132980647036,-0.0010164973744684494
13,Centralized,0.001914778856526429,0.015149676375404543,0.00307443365695792,0.0021844660194174884,-0.03300970873786414,-0.0010450377562028045
14,0,-0.007520325203252032,0.0028048780487804977,0.012235772357723499,0.00670731707317072,0.007601626016260159,0.004999999999999975
14,1,-0.010203252032520288,0.003333333333333334,0.016788617886178796,0.005325203252032523,0.010934959349593454,0.00796747967479672
14,2,-0.008292682926829227,0.002154471544715445,0.01601626016260163,0.005365853658536567,0.011869918699186953,0.00459349593495933
14,3,-0.015691056910569136,0.005000000000000004,0.005528455284552848,0.00861788617886175,0.010365853658536575,0.008130081300812981
14,4,-0.012804878048780511,0.0008130081300813034,0.011991869918699188,0.010934959349593504,0.012479674796747943,0.010731707317073182
14,5,0.06074249605055291,-0.015560821484992176,-0.010189573459715601,-0.01078199052132704,-0.004186413902053697,-0.015284360189573493
14,Aggregated,0.0010764479525965879,-0.0002522879476068267,0.008716505730467535,0.0043518833811558464,0.008169720401735,0.0035110766303830874
14,Centralized,0.0013282092772384396,-0.0003168824163969908,0.008636731391585703,0.004288025889967658,0.008117583603020487,0.003431769147788584
15,0,0.00471544715447155,0.00853658536585365,0.00922764227642273,-0.00012195121951218597,-0.011422764227642265,0.0012601626016260196
15,1,-0.0025609756097560907,0.010365853658536567,0.012317073170731701,0.0021138211382113864,-0.015813008130081255,-0.008861788617886177
15,2,-0.0038617886178861664,0.00857723577235771,0.00804878048780486,0.0015447154471544618,-0.014552845528455262,-0.009512195121951192
15,3,-0.006056910569105625,0.010691056910569104,0.013699186991869831,0.006260162601626008,-0.011707317073170702,-0.01044715447154467
15,4,-0.0023983739837398323,0.01036585365853658,0.014065040650406438,0.00654471544715447,-0.015650406504065042,-0.0007317073170731733
15,5,0.058096366508688956,-0.0034360189573459533,-0.00193522906793051,-0.01145339652448656,-0.0283570300157978,-0.008175355450237
15,Aggregated,0.008020906880527225,0.00750977810345252,0.009229959490907245,0.0008068562821336109,-0.016258280413745628,-0.0060793435648446165
15,Centralized,0.00823220064724916,0.007463592233009681,0.00918284789644013,0.0007551240560949061,-0.016309331175836137,-0.006088187702265364
16,0,-0.004186991869918695,-0.019999999999999955,0.013658536585365772,0.0031300813008130037,-0.006951219512195087,0.007032520325203232
16,1,-0.00979674796747963,-0.016951219512195036,0.013536585365853648,0.0035365853658536504,0.0011788617886178724,0.006056910569105681
16,2,-0.011300813008130064,-0.01605691056910571,0.015406504065040556,0.004105691056910571,-0.0005284552845528312,0.005934959349593473
16,3,-0.016056910569105694,-0.015325203252032484,0.012154471544715433,0.00024390243902441266,-0.006747967479674777,0.0037804878048780686
16,4,-0.012032520325203182,-0.02089430894308928,0.011626016260162606,-0.0013821138211381689,-0.0001626016260162344,0.010650406504065058
16,5,0.044273301737756794,-0.02547393364928907,-0.005489731437598726,-0.020379146919431254,-0.016943127962085313,0.0026856240126382634
16,Aggregated,-0.001487586784383657,-0.019120982240510953,0.010138760067747556,-0.0018026844424058113,-0.005033349624031001,0.006021356701782133
16,Centralized,-0.0012944983818769973,-0.01914778856526436,0.010072815533980593,-0.0018810679611650438,-0.005083603020496222,0.006007281553398069
17,0,4.065040650406631e-05,0.0025203252032520488,0.0036585365853658465,-0.00024390243902437935,-0.018252032520325184,0.009837398373983681
17,1,0.009959349593495918,0.001829268292682934,0.003170731707317063,-0.0017886178861788505,-0.01869918699186991,0.012845528455284534
17,2,0.008008130081300802,0.001951219512195133,0.0038617886178861686,0.004268292682926838,-0.01418699186991866,0.005853658536585354
17,3,0.00890243902439023,0.006178861788617864,0.007113821138211365,0.005528455284552841,-0.014634146341463379,0.013739837398373938
17,4,0.00028455284552844845,0.0008130081300812999,0.006178861788617882,-0.0013821138211381867,-0.01682926829268287,0.018252032520325152
17,5,0.052527646129541694,-0.013902053712480307,0.0005529225908372829,-0.011729857819905246,-0.018009478672985767,0.00240916271721956
17,Aggregated,0.013312145876460561,-0.00011036032608467385,0.004087189022612299,-0.00089820081447101,-0.01676930862527156,0.010484451301039345
17,Centralized,0.013477615965480012,-0.00016855447680689807,0.004072276159654785,-0.0009439050701186706,-0.016774541531823086,0.010450377562028053
18,0,-0.0013821138211382018,0.005081300813008124,0.0036178861788617846,0.010081300813008124,0.0033739837398374,-0.008577235772357712
18,1,-0.001991869918699174,0.002967479674796743,0.012439024390243898,0.0024390243902438972,0.0036178861788617846,-0.007276422764227634
18,2,-0.004105691056910551,0.0021544715447154397,0.010040650406504061,0.0005284552845528423,0.005162601626016255,-0.00402439024390243
18,3,-0.007276422764227631,0.004552845528455269,0.008333333333333323,-0.0014227642276422687,0.003008130081300809,-0.004756097560975599
18,4,-0.006951219512195132,0.004105691056910555,0.00581300813008128,0.0032113821138211158,0.0034146341463414487,-0.002276422764227665
18,5,0.0527251184834123,-0.0032385466034754885,-0.010150078988941522,-0.0061611374407582725,-0.011492890995260652,-0.01931279620853079
18,Aggregated,0.005199952653432599,0.0026001488235009914,0.005005968311982911,0.0014411935169680507,0.0011726440433671294,-0.0077112954954089786
18,Centralized,0.00540048543689319,0.0025755124056094795,0.0049420172599784025,0.0014091154261057298,0.0011192017259978463,-0.007760248112189854
19,0,-0.01634146341463413,0.008414634146341462,-0.010081300813008065,-0.0030081300813008,0.0010569105691057175,0.00044715447154473746
19,1,-0.015894308943089405,0.008211382113821131,-0.01943089430894295,-0.004186991869918701,0.0036178861788617772,0.005731707317073146
19,2,-0.013252032520325188,0.010650406504065022,-0.013170731707317066,-0.006260162601626018,0.005691056910569096,0.00658536585365852
19,3,-0.014715447154471529,0.010447154471544737,-0.01768292682926835,-0.010569105691056886,0.004512195121951222,0.006056910569105721
19,4,-0.01821138211382113,0.014878048780487872,-0.014227642276422762,-0.008658536585365842,0.0036991869918699366,0.005447154471544741
19,5,0.039296998420221115,0.00939968404423381,-0.023696682464454867,-0.022630331753554476,-0.006121642969984204,-0.005726698262243286
19,Aggregated,-0.006490395495714823,0.01033295628775792,-0.0163863600824427,-0.009227426927966841,0.002070705754957032,0.0030846444655029275
19,Centralized,-0.00629719525350591,0.010329018338727092,-0.016417206040992477,-0.009283980582524286,0.002036138079827387,0.0030474649406688242
20,0,0.0003252032520324984,0.0037804878048780387,0.011178861788617803,-0.009349593495934953,-0.0013008130081300642,0.0002439024390243923
20,1,0.0006910569105691156,-4.0650406504059525e-05,0.006829268292682915,-0.009430894308943089,-0.002439024390243896,0.009268292682926818
20,2,-4.065040650405891e-05,-0.0017073170731707246,0.0065040650406503935,-0.004878048780487797,-0.006219512195121947,0.003902439024390224
20,3,0.0019105691056910525,-0.0012195121951219597,0.004918699186991871,0.002845528455284519,-0.005081300813008125,0.00882113821138207
20,4,-0.0035772357723577288,0.0006097560975609691,0.012560975609756107,-0.008983739837398344,-0.0006910569105690779,0.007398373983739839
20,5,0.029067930489731393,-0.008925750394944728,0.009241706161137415,-0.022432859399683952,-0.014494470774091654,-0.0019352290679305044
20,Aggregated,0.004744995953487966,-0.0012553910657333203,0.008539377403263262,-0.00871368682439986,-0.0050437255320949234,0.004612309154378403
20,Centralized,0.004847626752966568,-0.0012877562028047404,0.008542340884573904,-0.008771574973031318,-0.0050836030204962634,0.004584681769147786
21,0,-0.009796747967479653,0.004634146341463403,-0.0013414634146341217,0.008739837398373966,0.00357723577235771,-0.0033739837398373868
21,1,-0.004430894308943071,0.0021951219512195085,0.0030894308943089405,0.0011788617886178817,0.0004471544715447103,-4.0650406504065074e-05
21,2,-0.0039837398373983495,0.0004065040650406452,0.002723577235772351,0.002195121951219505,-0.003739837398373987,0.0023983739837398358
21,3,-0.008577235772357682,-0.00170731707317072,0.006869918699186934,-0.0009756097560975396,-0.002764227642276405,0.004715447154471525
21,4,-0.012479674796747966,0.0023983739837398358,0.008577235772357686,0.0019512195121951256,0.00447154471544713,0.002398373983739795
21,5,0.0553712480252764,-0.00612164296998416,-0.01856240126382305,-0.003672985781990502,-0.003988941548183246,-0.013546603475513407
21,Aggregated,0.0027174168512681725,0.0002967697019210171,0.00021407104313931214,0.0015660652214288817,-0.0003351762223467651,-0.0012493522196846386
21,Centralized,0.0029395900755124008,0.0002696871628910691,0.00013484358144552993,0.0015439590075512627,-0.00035059331175834224,-0.0013012405609492909
22,0,-0.0015853658536585306,-0.00776422764227641,0.008048780487804887,0.002886178861788596,-0.001260162601625997,0.00455284552845528
22,1,0.0013414634146341475,-0.002032520325203254,0.005813008130081308,0.006097560975609761,0.0019918699186991886,-0.001016260162601627
22,2,0.002195121951219514,-0.0013414634146341475,0.0028455284552845552,0.005731707317073173,0.0019512195121951237,0.0008130081300813016
22,3,-0.0012195121951219376,0.004756097560975623,0.006219512195121948,0.00711382113821138,0.004186991869918689,-0.001544715447154458
22,4,-0.003739837398373987,-0.009024390243902402,0.008699186991869905,0.0053658536585365875,-0.0007317073170731547,-0.0030081300813008106
22,5,0.06970774091627165,-0.012796208530805715,-0.005094786729857823,-0.0027251184834123513,-0.008096366508688807,-0.012559241706161132
22,Aggregated,0.011153956692095892,-0.004705613563401754,0.004415804225733035,0.004073996357973353,-0.0003313129699243838,-0.0021337333318053485
22,Centralized,0.011401024811218994,-0.0047397518878101305,0.004375674217907228,0.00404530744336569,-0.000364077669902918,-0.0021777238403452126
23,0,-0.008089430894308936,-0.0013008130081300824,0.005487804878048779,-0.0007317073170731769,-0.0024390243902439046,0.0070731707317072835
23,1,-0.010447154471544713,0.0011382113821138185,0.0010162601626016233,-0.0029674796747967544,-8.130081300813385e-05,0.004024390243902439
23,2,-0.009349593495934946,0.0005691056910569055,0.00573170731707317,-0.0010569105691056976,0.0008130081300812959,-0.001585365853658538
23,3,-0.008536585365853637,0.0030081300813007976,0.004186991869918694,-0.0026829268292682742,0.0006910569105690881,-0.003983739837398382
23,4,-0.011138211382113777,0.00581300813008127,0.002804878048780495,0.0010975609756097497,0.002113821138211386,0.001747967479674794
23,5,0.03945497630331749,-0.0035545023696682424,-0.018562401263823053,-0.014494470774091647,-0.014020537124802486,-0.005410742496050549
23,Aggregated,-0.0013249839607929522,0.0009426543183104472,9.896832214080389e-05,-0.0034796826761738643,-0.002161394999108326,0.00030729883810341296
23,Centralized,-0.0011529126213592237,0.0009236785329018449,2.0226537216844197e-05,-0.003526159654800425,-0.0022114347357065673,0.0002831715210355986
24,0,-0.013699186991869871,0.002317073170731709,-0.006991869918699159,0.006788617886178863,-0.0015447154471544728,-0.0063821138211382
24,1,-0.016626016260162482,0.001504065040650409,-0.0003658536585365894,0.001991869918699185,0.0016666666666666694,-0.007682926829268268
24,2,-0.01626016260162595,-0.0004471544715447214,-0.00500000000000001,0.0042682926829268235,0.0006910569105691007,-0.01252032520325198
24,3,-0.014634146341463332,0.000447154471544714,-0.001097560975609746,0.0038211382113821023,0.0030081300813007954,-0.011056910569105634
24,4,-0.020040650406503956,0.0019105691056910457,-0.002073170731707293,0.005528455284552854,-0.0009349593495934875,-0.008780487804878036
24,5,0.050552922590837726,-0.008649289099526076,-0.016429699842022135,-0.0054897314375987275,-0.015086887835702978,-0.023854660347551328
24,Aggregated,-0.0050823803189209375,-0.0004914679819989487,-0.005333438142594659,0.00281281041360648,-0.0020417737375013276,-0.011720645094432158
24,Centralized,-0.004847626752966569,-0.0005258899676375642,-0.005380258899676389,0.0027777777777777683,-0.0020968176914779022,-0.011771844660194174
25,0,0.004959349593495921,0.005081300813008118,0.007520325203252005,0.00760162601626014,-0.009146341463414644,0.0034959349593495794
25,1,0.0033333333333333253,0.006341463414634115,0.010934959349593468,0.006910569105691027,-0.007764227642276441,-0.00024390243902439786
25,2,0.007845528455284535,0.009552845528455227,0.010447154471544704,0.008983739837398351,-0.004796747967479683,-0.00032520325203252434
25,3,0.0010162601626016244,0.006829268292682903,0.008658536585365821,0.007357723577235738,-0.013008130081300768,-0.0010975609756097664
25,4,-0.001260162601626017,0.005813008130081311,0.010365853658536567,0.012317073170731729,-0.013658536585365796,0.003495934959349588
25,5,0.07345971563981042,-0.003317535545023711,0.0010663507109004748,-0.0009478672985782161,-0.02736966824644549,-0.007345971563981053
25,Aggregated,0.014929677167945417,0.005044723664357759,0.008161003901992401,0.007032053209744612,-0.012633343162041972,-0.00034126343197994646
25,Centralized,0.015176645091693648,0.005009439050701199,0.00813106796116507,0.006998381877022655,-0.012695523193095994,-0.0003708198489751772
26,0,-0.0004878048780487698,-0.009146341463414634,0.007235772357723559,0.0028455284552845665,0.004430894308943082,0.007317073170731709
26,1,-0.004837398373983729,0.0006910569105691156,0.0019105691056910457,-0.0029268292682926708,-0.0008536585365853795,0.008455284552845527
26,2,4.0650406504064614e-05,-0.004959349593495936,0.003211382113821132,-0.0035772357723577097,-0.0041056910569105595,0.006951219512195095
26,3,-0.0014227642276422572,0.004471544715447161,0.004024390243902427,-0.002642276422764224,-0.0033333333333333214,0.006219512195121937
26,4,-0.006260162601626028,-0.007479674796747952,0.0070731707317073,0.0017886178861788362,0.0005691056910569203,0.009186991869918622
26,5,0.05142180094786738,-0.012164296998420218,-0.007819905213270154,-0.017061611374407492,-0.010268562401263795,-0.013586097946287448
26,Aggregated,0.00643775150368988,-0.004769227951741943,0.0025992495678997638,-0.00360421967392293,-0.002265313295738332,0.004079394041073308
26,Centralized,0.006627562028047462,-0.004800431499460611,0.0025552858683926577,-0.003661003236245956,-0.00229908306364617,0.00400485436893203
27,0,-0.0008536585365853641,-0.01674796747967467,0.001585365853658532,0.007967479674796722,-0.005609756097560956,-0.00829268292682924
27,1,-0.0030894308943089422,-0.019999999999999983,-0.0006910569105691125,0.007357723577235742,0.006138211382113802,-0.006788617886178855
27,2,-0.00024390243902439417,-0.005528455284552828,0.0025203252032520275,0.00532520325203252,0.0034552845528455036,-0.005528455284552826
27,3,-0.004186991869918677,-0.008536585365853628,-0.00378048780487804,0.00715447154471544,0.0064227642276422576,-0.004390243902439025
27,4,-0.0029674796747967453,-0.013252032520325203,0.00304878048780491,0.01150406504065039,0.006300813008130088,-0.007073170731707288
27,5,0.04940758293838861,-0.02531595576619273,-0.010150078988941562,0.007622432859399652,-0.0114139020537125,-0.03147709320695105
27,Aggregated,0.006371808293604874,-0.014903475466753389,-0.001250203111701356,0.007821768823392642,0.000874396411718037,-0.010605026169704448
27,Centralized,0.0065533980582524265,-0.014947411003236204,-0.0012877562028047545,0.007820927723840347,0.0008225458468177001,-0.01069309600863001
28,0,0.0035772357723577158,-0.007886178861788625,-0.00048780487804878276,0.007560975609756067,0.010243902439024379,0.006504065040650363
28,1,0.00020325203252033648,-0.004430894308943082,0.0066666666666666576,0.0023577235772357856,0.005121951219512188,0.004715447154471538
28,2,0.0008130081300812959,-0.005609756097560958,0.0005691056910569111,-0.0005691056910569166,0.0028048780487804847,0.0019918699186991834
28,3,-0.004552845528455268,-0.003170731707317054,0.00861788617886172,0.00024390243902439694,-0.0021138211382113544,0.0034146341463414465
28,4,-0.00544715447154471,-0.013617886178861734,0.005040650406504052,0.003292682926829271,0.006544715447154428,0.004186991869918698
28,5,0.06232227488151667,-0.03546603475513426,-0.007464454976303334,-0.0004739336492890902,0.0011453396524486559,0.0036334913112164567
28,Aggregated,0.009519647689312008,-0.011712067697570688,0.002150874000290913,0.0020670864699497667,0.003956034504687674,0.0040741354608544705
28,Centralized,0.009742448759439035,-0.011812297734627834,0.002110302049622426,0.0020563646170442176,0.003944174757281552,0.004072276159654795
29,0,-0.015772357723577157,0.005243902439024371,-0.0016260162601625864,-0.007113821138211374,0.00284552845528452,0.0017886178861788666
29,1,-0.014715447154471501,0.007845528455284512,0.0006504065040650449,-0.013821138211382112,0.002642276422764217,0.010081300813008117
29,2,-0.01703252032520319,0.006260162601626005,-0.0017073170731707074,-0.0110162601626016,0.003414634146341462,0.0005691056910569127
29,3,-0.017154471544715402,0.007520325203252018,0.0014634146341463428,-0.010162601626016239,0.00451219512195121,0.008943089430894299
29,4,-0.019715447154471585,0.007154471544715476,-0.0018699186991869862,-0.014756097560975616,0.003252032520325199,0.006422764227642276
29,5,0.0501184834123222,-0.01781200631911533,-0.011887835703001578,-0.025078988941548152,-0.0040284360189573685,-0.007898894154818372
29,Aggregated,-0.005676365281881191,0.0026889852049929884,-0.002502198746732778,-0.013665432649081027,0.0021024605168601094,0.0033105128454847185
29,Centralized,-0.0054409385113268795,0.002602481121898601,-0.0025418015102481144,-0.013713592233009725,0.002076591154261044,0.003263214670981663
30,0,-8.130081300811535e-05,0.0010569105691056846,0.0010975609756097497,0.007276422764227634,-0.0072357723577235605,0.005203252032520323
30,1,-0.003536585365853643,0.003943089430894308,0.004390243902439025,0.00020325203252032168,-0.0015040650406504116,0.006260162601626025
30,2,0.0015040650406503856,0.00617886178861787,0.004186991869918681,0.005243902439024372,-0.0001626016260162603,0.004999999999999982
30,3,-0.005650406504065023,0.0015853658536585232,0.0043495934959349595,0.0038211382113821075,-0.0008943089430894188,0.004105691056910564
30,4,0.002723577235772336,0.0061382113821138095,0.005081300813008125,0.00825203252032519,-0.0035772357723577205,0.008211382113821115
30,5,0.07318325434439188,-0.005134281200631927,-0.011571879936808837,-0.009281200631911502,-0.01883886255924171,0.002448657187993689
30,Aggregated,0.011396518031952556,0.0022899566147632873,0.0012474569813132046,0.0025783586488908267,-0.00537739557423886,0.00520310027833964
30,Centralized,0.011657227615965491,0.002258629989212532,0.0011933656957928858,0.002528317152103598,-0.005434196332254566,0.005191477885652641
31,0,0.0011382113821138229,-0.00016260162601625106,-0.0019105691056910494,-0.0056504065040650555,0.0032113821138211227,0.0082520325203252
31,1,-0.0039024390243902352,-0.0038617886178861694,0.0041869918699186884,-0.012926829268292719,0.009552845528455266,0.009390243902438991
31,2,-0.0017886178861788548,-0.0021544715447154345,0.0002845528455284426,-0.014959349593495899,0.007886178861788612,0.005853658536585347
31,3,-0.007276422764227603,0.0005284552845528553,0.0008130081300812867,-0.007113821138211363,0.0073170731707317,0.005731707317073149
31,4,-0.010609756097560954,-0.004430894308943065,0.004715447154471546,-0.013902439024390175,0.008658536585365846,0.008252032520325168
31,5,0.07697472353870428,-0.01666666666666666,-0.025631911532385494,-0.02729067930489739,0.002014218009478676,-0.007030015797788316
31,Aggregated,0.009132563676170862,-0.0044657782408235175,-0.0029382244043544095,-0.013649290112858313,0.00643721735476777,0.005067225628103533
31,Centralized,0.00941882416396979,-0.004517259978425054,-0.0030339805825242636,-0.013706850053937463,0.006418554476806877,0.005016181229773431
32,0,-0.011504065040650407,0.0012601626016260062,0.0034552845528455153,0.007357723577235763,-0.007113821138211369,-0.0032113821138211435
32,1,-0.010487804878048788,0.001747967479674789,0.004999999999999995,0.005609756097560971,-0.009878048780487795,0.0006910569105691027
32,2,-0.005162601626016239,0.00536585365853658,0.0031707317073170647,0.006829268292682921,-0.008414634146341448,-0.001788617886178869
32,3,-0.0080081300813008,0.00658536585365853,0.0077235772357723415,0.011300813008130049,-0.01333333333333331,0.003048780487804878
32,4,-0.009430894308943078,0.0007317073170731677,0.008008130081300777,0.012032520325203182,-0.012276422764227643,0.003373983739837393
32,5,0.06690363349131133,-0.0103080568720379,-0.009992101105845187,-0.003593996840442319,-0.029818325434439182,-0.008451816745655625
32,Aggregated,0.0037586401466931938,0.0008900227626357864,0.0028860546825278453,0.006582855000593795,-0.013482852287319946,-0.001061047605476869
32,Centralized,0.004025080906148855,0.0008427723840345254,0.0028317152103559816,0.006539913700107881,-0.013551779935275041,-0.0010922330097087333
33,0,-0.0019105691056910447,0.0019512195121951347,0.0036585365853658482,0.009390243902439007,0.009959349593495917,-0.013292682926829235
33,1,-0.006666666666666653,0.004552845528455279,0.0016260162601625938,0.005731707317073166,0.006138211382113819,-0.011382113821138197
33,2,-0.005162601626016222,0.004065040650406498,0.001219512195121943,0.0042682926829268235,0.009146341463414639,-0.013536585365853605
33,3,-0.01126016260162594,0.004024390243902433,0.0005284552845528404,0.0033333333333333275,0.012560975609756072,-0.014065040650406462
33,4,-0.012398373983739755,0.0010569105691057012,0.0017479674796748053,0.0064227642276422645,0.012967479674796674,-0.009796747967479667
33,5,0.056398104265402746,-0.01378357030015794,-0.010505529225908397,0.0011058451816745585,-0.006477093206951043,-0.04095576619273302
33,Aggregated,0.003200559541185778,0.0003021532597835983,-0.0002940214220402243,0.005039521585088438,0.007373707849385791,-0.017186653195857653
33,Centralized,0.0034250269687163297,0.00024271844660194873,-0.00033710895361379825,0.005022923408845752,0.007315264293419653,-0.017286947141316098
34,0,-0.0039024390243902287,0.00483739837398374,-0.002073170731707323,0.007804878048780492,0.00459349593495935,-0.003943089430894316
34,1,-0.006910569105691036,0.0043495934959349595,-0.0030081300813008193,0.003983739837398374,0.004146341463414634,0.007195121951219511
34,2,-0.0030894308943089275,-0.00044715447154471957,0.00195121951219512,0.0045528455284552845,0.0018292682926829248,0.002520325203252031
34,3,-0.006910569105691004,0.0028048780487805016,-0.00040650406504063967,0.003983739837398358,0.0017073170731707259,0.006138211382113797
34,4,-0.013252032520325136,0.0028455284552845383,0.0022357723577235847,0.0024390243902439233,0.007560975609756052,0.005487804878048788
34,5,0.08191153238546586,-0.0099526066350711,0.0034360189573459593,-0.019075829383886286,-0.0073854660347551365,-0.022867298578199143
34,Aggregated,0.008021554031348273,0.000732789371670257,0.0003578314142110265,0.0006021792895253685,0.0020692903140508154,-0.000925485399350143
34,Centralized,0.008333333333333349,0.0006877022653721828,0.00037081984897517167,0.0005191477885652348,0.0020293959007551127,-0.001018069039913712
35,0,-0.005894308943089425,-0.0003658536585365894,0.000365853658536582,-0.0039024390243902513,0.003983739837398374,-0.003943089430894316
35,1,-0.011869918699186976,0.0001626016260162566,0.003048780487804877,0.00020325203252032168,0.0023170731707317055,0.0012601626016260138
35,2,-0.008170731707317016,0.0015447154471544692,-0.0010162601626016307,-0.002073170731707323,-0.0018699186991869973,-0.0006097560975609798
35,3,-0.013089430894308881,-0.0018699186991869864,-0.0029268292682926873,0.0026829268292682795,-0.0006097560975609857,0.003617886178861766
35,4,-0.018008130081300727,-0.0006097560975609754,0.0005691056910569166,0.0033739837398374037,0.005040650406504047,0.0023170731707317133
35,5,0.07184044233807246,-0.029462875197472323,-0.010939968404423392,-0.015876777251184897,-0.009399684044233827,-0.003791469194312791
35,Aggregated,0.002512215535989936,-0.005115713576100959,-0.0018223696495765697,-0.002607169527082522,-9.558486718365691e-05,-0.00019382727495147146
35,Centralized,0.0028047464940668737,-0.0052184466019417645,-0.0018608414239482058,-0.002663160733549068,-0.00013484358144553947,-0.0002090075512405513
36,0,0.0024390243902438985,-0.007967479674796727,-0.006422764227642229,-0.010365853658536575,0.008536585365853588,0.006463414634146332
36,1,0.0031707317073170612,-0.00662601626016257,-0.004552845528455289,-0.01081300813008129,0.008943089430894287,0.0074390243902439
36,2,-0.0014634146341463428,-0.006097560975609738,-0.003861788617886161,-0.0077642276422764086,0.0078048780487804705,0.006504065040650384
36,3,-0.002317073170731698,-0.0017073170731707295,-0.0008130081300812941,-0.008089430894308924,0.0073577235772357644,0.005569105691056881
36,4,-0.004918699186991845,-0.005487804878048757,-0.007682926829268273,-0.011300813008130082,0.00634146341463414,0.00841463414634147
36,5,0.05335703001579773,-0.01635071090047388,-0.03278041074249606,-0.05319905213270136,-0.0018562401263823327,-0.010781990521327032
36,Aggregated,0.00840660969110918,-0.007378538834103618,-0.009367227319447178,-0.016945192703305228,0.0061827880518817505,0.00392532623863192
36,Centralized,0.008596278317152118,-0.007416396979503826,-0.00946601941747574,-0.017098166127292334,0.006148867313915882,0.003863268608414256
37,0,0.003699186991869929,0.0022764227642276405,0.0004065040650406415,-0.0014227642276422648,0.006097560975609743,-0.00373983739837397
37,1,0.003780487804878042,0.0037398373983739833,-0.0023170731707317076,-0.00719512195121949,0.006910569105691047,-4.0650406504065074e-05
37,2,0.0018292682926829321,0.003536585365853656,-0.0013821138211382127,-0.0071951219512194926,0.005975609756097549,-0.0003252032520325262
37,3,-0.0006097560975609688,0.0017479674796747674,-0.002804878048780461,-0.006422764227642256,0.004065040650406493,0.0015853658536585176
37,4,0.00048780487804876856,0.006626016260162608,-0.0010975609756097504,-0.007073170731707314,0.005813008130081302,0.002560975609756098
37,5,0.08633491311216422,-0.029225908372827764,-0.002527646129541892,-0.01670616113744077,0.009162717219589268,-0.018601895734597144
37,Aggregated,0.01596521044927085,-0.0019006122565716442,-0.0016210397240857208,-0.0076749455788381535,0.0063392189144150695,-0.0031034282675797996
37,Centralized,0.01626213592233007,-0.0020159115426105828,-0.0016248651564185522,-0.007713052858683938,0.006351132686084134,-0.003168824163969809
38,0,-0.0052032520325203,0.002642276422764211,-0.0005691056910569018,0.0030894308943089223,-0.012560975609756046,0.0028455284552845457
38,1,-0.010528455284552849,0.0021951219512195068,0.001300813008130075,-0.001422764227642285,-0.00532520325203251,0.0015853658536585306
38,2,-0.0019105691056910585,0.004268292682926833,-0.0004065040650406508,0.004715447154471549,-0.0041056910569105725,0.0023170731707317094
38,3,-0.005650406504065006,0.0065853658536585025,-0.003130081300813009,0.001504065040650395,-0.0039837398373983495,0.004674796747967468
38,4,-0.009430894308943068,0.008617886178861747,-0.00036585365853655425,0.006869918699186987,-0.005975609756097564,0.005162601626016252
38,5,0.07278830963665091,-0.012717219589257487,-0.016232227488151653,-0.006279620853080559,-0.023775671406003132,-0.001935229067930483
38,Aggregated,0.006719604494336111,0.0019226143097424426,-0.0032421136865185517,0.0014078418355655026,-0.009297051911880953,0.0024388989519945905
38,Centralized,0.006998381877022652,0.0018608414239482199,-0.0032969255663430623,0.0013754045307443413,-0.00935814455231928,0.0024204422869471337
39,0,-0.0006097560975609613,0.008048780487804861,0.0065447154471544615,-0.006747967479674783,0.004999999999999989,-0.00491869918699186
39,1,0.0017479674796747947,0.0035365853658536526,0.005325203252032515,-0.008414634146341445,0.006260162601626007,-0.0035772357723577145
39,2,0.0008536585365853592,0.004308943089430883,0.000975609756097568,-0.0020325203252032327,0.005975609756097546,-0.0052032520325203295
39,3,-0.0021951219512194994,0.002154471544715444,0.0017886178861788646,-0.005609756097560956,0.008089430894308903,-0.004227642276422762
39,4,-0.009105691056910578,0.0056910569105690974,0.00727642276422761,-0.005487804878048781,0.007439024390243829,-0.003373983739837394
39,5,0.07681674565560806,0.0032780410742496084,-0.004699842022116894,-0.03341232227488157,0.0026066350710900583,-0.02800157977883103
39,Aggregated,0.011293101795390113,0.004502198783581226,0.002863629332841328,-0.010298912930329498,0.005893047190907264,-0.00822967911722819
39,Centralized,0.011569579288025914,0.004497033441208192,0.0028317152103559946,-0.010396440129449805,0.005879180151024791,-0.008313106796116486
40,0,0.002317073170731724,0.00024390243902438306,0.008333333333333333,0.0004878048780487957,-0.00024390243902439786,0.005934959349593471
40,1,0.001991869918699185,-0.0004878048780487846,0.0026422764227642262,0.0036991869918699405,0.0028861788617886167,0.0039024390243902435
40,2,-0.0008943089430894353,-8.130081300813385e-05,0.005731707317073173,-0.004593495934959335,-0.00069105691056911,0.005406504065040651
40,3,0.0006097560975609725,8.130081300814866e-05,0.0044715447154471495,0.001585365853658551,0.0025609756097560907,0.005325203252032515
40,4,-0.00520325203252031,-0.0028048780487804703,0.006544715447154454,-0.0041056910569105464,0.0031300813008130085,0.0073170731707316765
40,5,0.060308056872037843,-0.013388625592417084,-0.015007898894154822,-0.030924170616113786,-0.004383886255924192,-0.013191153238546652
40,Aggregated,0.009887032370044952,-0.0027463570060888742,0.002108360260027683,-0.005657952113750258,0.0005399238411418748,0.002439199420359198
40,Centralized,0.01009978425026967,-0.002791262135922332,0.002036138079827385,-0.005764563106796133,0.0005191477885652644,0.0023732470334411875
41,0,-0.005203252032520314,-0.0051626016260162685,0.0007723577235772327,0.002560975609756096,-0.003373983739837405,-0.009105691056910562
41,1,-0.00264227642276423,-0.0019105691056910585,0.0030894308943089457,0.0019105691056910585,-0.0007723577235772364,-0.002113821138211384
41,2,-0.0009756097560975433,-0.0014227642276422813,-0.0003658536585365894,0.0028861788617886167,-0.003983739837398382,-0.008333333333333366
41,3,-0.009593495934959284,-0.001341463414634155,0.0018699186991869862,0.0008130081300812904,0.0009756097560975563,-4.0650406504061375e-05
41,4,-0.013577235772357671,-0.0006097560975609539,0.003821138211382103,0.00410569105691056,-0.0012601626016259893,-0.007113821138211348
41,5,0.07772511848341244,-0.010071090047393405,-0.005805687203791503,-0.00260663507109007,-0.010979462875197517,-0.05063191153238545
41,Aggregated,0.007666902330898813,-0.003423948020796926,0.0005594900585412389,0.0016089419188786073,-0.003237288689673098,-0.0129139339399005
41,Centralized,0.007962513484358119,-0.0034519956850053634,0.0005326321467098105,0.0015911542610571666,-0.00326995685005393,-0.01307308522114347
42,0,-0.0026422764227642115,-0.00024390243902439417,0.004430894308943089,0.003130081300813007,0.0013008130081300787,0.0013414634146341438
42,1,-0.007804878048780491,0.0012601626016260175,-0.0002032520325203254,0.0003658536585365857,0.0007723577235772364,-0.004146341463414638
42,2,8.130081300812645e-05,-0.0003658536585365894,0.002073170731707315,0.0015447154471544692,0.008170731707317061,-0.004186991869918684
42,3,-0.005772357723577222,0.0003252032520325169,0.002195121951219505,0.0026016260162601557,0.005487804878048776,-0.0023983739837398267
42,4,-0.01036585365853655,0.0043495934959349395,0.005975609756097531,0.005772357723577213,0.00865853658536579,0.00024390243902439046
42,5,0.07772511848341228,-0.019036334913112234,-0.004225908372827801,-0.022314375987361728,-0.0009478672985781702,-0.0027646129541863953
42,Aggregated,0.0085809533505929,-0.002295868333675611,0.0017038231342916595,-0.0014965712030308666,0.0039039674979024857,-0.001985656011828148
42,Centralized,0.00887270765911544,-0.0023665048543689182,0.001678802588996772,-0.0015844120819848875,0.0038834951456310544,-0.0019889428263214484
43,0,0.004349593495934963,-0.001666666666666668,0.0054065040650406555,-0.0045121951219512235,-0.0017886178861788633,-0.006666666666666675
43,1,-0.0033739837398374015,-0.0001626016260162603,0.00544715447154472,-0.0034552845528455314,0.00024390243902439046,-0.0011382113821138222
43,2,0.003130081300813011,0.0015447154471544728,0.0028455284552845552,-0.0014227642276422776,0.0003252032520325206,-0.0064227642276422844
43,3,-0.007764227642276393,0.0030081300813008045,0.004186991869918693,-0.002113821138211386,4.0650406504055825e-05,0.00020325203252032352
43,4,-0.011747967479674765,0.0010975609756097627,0.0020731707317073206,-0.0020325203252032336,-0.0001626016260162455,-0.006300813008130065
43,5,0.07219589257503947,-0.013270142180094806,-0.013349131121642962,-0.007938388625592437,-0.007464454976303325,-0.013586097946287519
43,Aggregated,0.009504892343520718,-0.0015822903595832235,0.0010924899232706087,-0.003581941564482552,-0.0014714763370154392,-0.005656942005742682
43,Centralized,0.009769417475728136,-0.0016316073354908493,0.0010315533980582567,-0.003600323624595472,-0.0014967637540453157,-0.005690399137001095
44,0,-0.003414634146341448,0.006829268292682925,-0.0008130081300813053,0.004634146341463415,0.00024390243902438675,-0.0026016260162601687
44,1,-0.0035365853658536617,0.002113821138211384,0.0011382113821138222,0.0009756097560975618,0.0028861788617886206,-0.0011382113821138222
44,2,-0.0028861788617886206,0.003008130081300816,-0.0016260162601626031,0.003943089430894313,0.0009349593495934968,-0.0033739837398374015
44,3,-0.006341463414634123,-8.130081300813725e-05,0.00036585365853658016,0.0002845528455284609,0.0037398373983739777,0.0020325203252032397
44,4,-0.010894308943089388,0.005934959349593474,8.130081300814496e-05,0.0076422764227642315,0.002642276422764209,-0.0005284552845528441
44,5,0.07006319115323846,-0.0195892575039495,-0.005015797788309644,-0.004225908372827802,-0.001619273301737778,-0.025394944707740914
44,Aggregated,0.007205104256473235,-0.0003096961365424676,-0.00098081687132109,0.0022048585080499325,0.0014693431191012548,-0.005180346209813749
44,Centralized,0.007470334412081955,-0.00039104638619199763,-0.0009978425026968849,0.0021777238403452074,0.001456310679611663,-0.005265641855447671
45,0,-0.003048780487804862,0.005162601626016261,0.004878048780487806,-0.002073170731707323,-0.0008130081300813053,0.0007723577235772327
45,1,-0.0066260162601626,0.0012601626016260138,0.0045528455284552845,-0.005081300813008139,0.003983739837398374,0.0043495934959349595
45,2,-0.0028048780487804903,0.0030894308943089457,0.0015447154471544728,-0.0012195121951219523,0.0027642276422764254,0.003943089430894313
45,3,-0.0042276422764227495,-0.0004471544715447066,8.13008130081209e-05,-0.0012195121951219393,0.003983739837398359,0.00426829268292682
45,4,-0.007398373983739833,0.004268292682926821,0.00642276422764224,-0.0016260162601625975,0.003170731707317052,0.00491869918699184
45,5,0.06907582938388623,-0.020102685624012726,-0.013467614533965293,-0.028159557661927334,-0.00853080568720378,-0.01540284360189573
45,Aggregated,0.007534284008483448,-0.0011403225830819276,0.0006596640925202405,-0.006576947120061238,0.0007538476440350719,0.0004647419581369426
45,Centralized,0.007793959007551228,-0.0012203344120819764,0.0006000539374325857,-0.006668015102481083,0.0007146709816612751,0.00039778856526430096
46,0,0.003211382113821139,-0.002113821138211382,-0.007235772357723567,-0.0013008130081300843,-0.0015447154471544711,-0.003211382113821143
46,1,-0.002845528455284537,0.0008130081300812979,-0.006707317073170749,-0.0019918699186991925,0.00459349593495935,0.0012601626016260138
46,2,-0.0001626016260162603,0.0009349593495934968,-0.0024390243902439046,-0.0038617886178861824,0.0004471544715447158,-0.004674796747967484
46,3,-0.005243902439024372,-0.00040650406504065447,-0.010447154471544621,-0.0008130081300813049,0.003983739837398348,0.0007317073170731486
46,4,0.001260162601626018,0.001707317073170748,-0.007195121951219494,-0.0012601626016259951,4.065040650408358e-05,-0.0018699186991869713
46,5,0.04826224328594006,-0.014928909952606597,-0.029265402843601882,-0.017496050552922554,-0.02926540284360195,-0.01891785150078991
46,Aggregated,0.007439669023087917,-0.0023403560758621465,-0.01056023197128089,-0.004462263820350262,-0.00364052721478165,-0.004456239099538969
46,Centralized,0.007611920172599761,-0.0023934735706580435,-0.010639158576051754,-0.004517259978425032,-0.0037486515641855346,-0.004517259978425034
47,0,-0.009796747967479653,-0.002926829268292669,0.007317073170731709,0.008861788617886137,-0.009430894308943066,0.010853658536585351
47,1,-0.004878048780487807,-0.008333333333333323,0.0036991869918699145,0.005731707317073166,-0.00434959349593496,0.00813008130081301
47,2,-0.005894308943089409,-0.004227642276422772,0.005406504065040642,0.0052032520325203165,-0.004268292682926815,0.006219512195121948
47,3,-0.010162601626016192,-0.0029674796747967266,0.007195121951219516,0.009878048780487791,-0.0029674796747967266,0.008780487804878008
47,4,-0.018983739837398223,-0.0012195121951219551,0.006666666666666653,0.008455284552845511,-0.010203252032520323,0.01040650406504063
47,5,0.08451816745655621,-0.005963665086887829,-0.00011848341232227888,-0.0026066350710900557,-0.020616113744075862,0.006398104265402836
47,Aggregated,0.005850640004065185,-0.004274154809973113,0.005024397294238308,0.005915137833882058,-0.008646906847535536,0.00846340711706348
47,Centralized,0.006182578209277219,-0.004281283710895335,0.005002696871628905,0.005879180151024823,-0.008697411003236236,0.008454692556634263
48,0,-0.007317073170731696,-0.0013821138211382218,0.0014634146341463334,0.0039024390243902383,0.008130081300813012,-0.00479674796747966
48,1,-0.0034552845528455314,-0.0011788617886178872,0.005894308943089436,0.0006910569105691063,0.0029268292682926855,0.0
48,2,-0.0073983739837398255,0.00040650406504064705,0.001991869918699185,0.003617886178861788,0.007032520325203264,-0.0007723577235772401
48,3,-0.011951219512195087,0.001219512195121943,0.001138211382113813,0.0026422764227642245,0.007235772357723558,-0.0027235772357723374
48,4,-0.01308943089430889,0.00012195121951220263,0.003943089430894311,0.005813008130081276,0.010487804878048757,4.0650406504068774e-05
48,5,0.05991311216429691,-0.025789889415481885,-0.022116903633491364,-0.005884676145339653,0.006161137440758297,-0.012282780410742435
48,Aggregated,0.0028200446846357156,-0.0044474318604997565,-0.0012942855209893088,0.0017921009547665504,0.0069951588573940685,-0.0034281177294562667
48,Centralized,0.003060949298813374,-0.004537486515641868,-0.0013821467098165967,0.0017597087378640828,0.006991639697950363,-0.0034654800431499415
49,0,-0.007601626016260142,0.002317073170731698,0.008373983739837379,0.00914634146341462,-0.0030894308943089457,-0.00670731707317074
49,1,-0.004349593495934965,0.005121951219512195,0.00565040650406504,-8.1300813008132e-05,-0.0002845528455284574,-0.008495934959349614
49,2,-0.0029674796747967544,0.0015040650406504042,0.005325203252032521,-3.7007434154171884e-18,-0.001747967479674802,-0.009430894308943082
49,3,-0.00882113821138209,0.0071544715447154255,0.006097560975609737,0.002073170731707319,0.002845528455284546,-0.006910569105691013
49,4,-0.011869918699186965,0.007073170731707292,0.011626016260162544,0.0021544715447154436,-0.0015040650406503995,-0.007479674796747953
49,5,0.056753554502369775,-0.0016587677725118214,0.01093996840442339,-0.02827804107424971,-0.028278041074249628,-0.04502369668246443
49,Aggregated,0.0035579030205665817,0.0035819839401946734,0.008004062842026488,-0.002513996083575292,-0.005357710367068127,-0.014027788591772903
49,Centralized,0.003782362459546925,0.0035598705501618047,0.008016450916936353,-0.0026227076591154247,-0.005454422869471403,-0.014158576051779932
50,0,-0.008373983739837368,0.004349593495934951,0.006300813008130071,0.00947154471544715,-0.010243902439024363,-0.0039430894308943
50,1,-0.0037804878048780335,-0.0007317073170731806,0.005162601626016255,0.0044715447154471495,-0.002032520325203263,-0.0030894308943089275
50,2,-0.0027235772357723453,0.0026422764227642228,0.006666666666666663,0.005325203252032518,-0.004471544715447166,-0.007439024390243894
50,3,-0.005691056910569069,-0.0017886178861788579,0.006219512195121936,0.002235772357723576,-0.003821138211382121,-0.0020325203252032392
50,4,-0.0065040650406504395,0.00321138211382113,0.007642276422764179,0.00430894308943087,-0.004878048780487786,0.0035365853658536235
50,5,0.07132701421800927,-0.020102685624012694,-0.010426540284360195,-0.009162717219589219,-0.01421800947867291,-0.022156398104265396
50,Aggregated,0.007416412894494363,-0.00208145659595218,0.0035852826437275612,0.0027674375410560777,-0.006615710609801099,-0.005864373266104079
50,Centralized,0.007686084142394826,-0.0021574973031283718,0.0035261596548004323,0.0027170981661273014,-0.00664778856526426,-0.00593311758360304
