Round,Evaluator,5,0,2,1,4,3
0,0,,,,,,
0,1,,,,,,
0,2,,,,,,
0,3,,,,,,
0,4,,,,,,
0,5,,,,,,
0,Aggregated,,,,,,
0,Centralized,,,,,,
1,0,0.11587923844807448,0.17291881761324351,0.1307173956614918,0.1518522502211613,0.15417675745630838,0.15290044817498072
1,1,0.10574822371529423,0.1634165634280589,0.13835592502450308,0.13898753145439133,0.15544840080512418,0.15052566643326767
1,2,0.10053029880067395,0.16693460608995458,0.12879511347512965,0.13743892351758916,0.15581789695742923,0.14912706874520357
1,3,0.10193307090449928,0.15259821651010946,0.1344603072215842,0.13047761645578537,0.15471292305338263,0.14190075005256125
1,4,0.10184473814561888,0.16495883965415323,0.12431634171797247,0.12895772679093373,0.15229449442542967,0.14940123650289355
1,5,0.10666369432108301,0.13374160764319415,0.10121299583950721,0.11167798066626651,0.11828431581646129,0.11269285833314865
1,Aggregated,0.10543399521957508,0.15907861119884106,0.12629367938728958,0.13321826304408163,0.1484365622028271,0.14273883661878872
1,Centralized,0.10557754929562782,0.15804615373697672,0.125501362415797,0.13235129679714308,0.14751339421071472,0.14181801378585776
2,0,0.002064081272286864,-0.01140255452582188,0.01630046263614921,-0.011309112762620985,0.002254180101118539,0.01529992806566209
2,1,-0.0007289111193186297,-0.001122707114893391,0.011235096811588782,-0.004305174821471626,-0.008989141886489815,0.010321185203414405
2,2,3.959301186271401e-05,0.0024065338602168133,0.02091061752567344,-0.006832187665236881,-0.005686966758923913,0.014035245900339513
2,3,0.006573940398466787,0.004983709676065624,0.017556525392999622,-0.0009236398982994128,-0.000559872595340997,0.00918773773664395
2,4,0.002818188768292165,0.0037084054062219165,0.021927994684515884,-0.004375626219281065,-0.013989599043522063,0.01048361130645911
2,5,0.033964539225379065,-0.008575182911948804,0.010730599911632468,-0.008263517802520982,-0.012274875614202594,0.003891849507016006
2,Aggregated,0.0074721396451919156,-0.0016713702812025345,0.016439907192464315,-0.00600298532089025,-0.006544701579645982,0.010532356585103956
2,Centralized,0.008410264281326345,-0.0017860227138368474,0.016228134644927346,-0.006121058475027088,-0.006749834765542846,0.010303718060035008
3,0,0.019342290236103028,-0.0282634442679521,-0.0035005436737153006,-0.0287870055024319,-0.010936015926552082,0.006714256459068643
3,1,0.013817741980813454,-0.015729519916351183,0.008802139439951605,-0.020545769574046416,-0.007630092688040678,0.008609982805628295
3,2,0.013090592869696252,-0.0146176985753651,0.009195254495057339,-0.018819665311152565,-0.007601747947717426,0.008960592428094081
3,3,0.004292239739418929,-0.008658379418975345,0.010320746981628576,-0.018048489597851276,-0.009594098077441524,0.0026431504748507723
3,4,0.019314222911772833,-0.018082837628095722,0.00406140301154283,-0.024095889316271674,-0.007477952550468332,0.007605344508144544
3,5,0.06561147286669536,-0.03329063056512039,-0.00783766309246874,-0.030952034585298705,-0.020266854095491896,-0.002796542073524387
3,Aggregated,0.022605529442647293,-0.019782369439090536,0.0034996567870443527,-0.0235462002630397,-0.01059063324194309,0.0052843088525772455
3,Centralized,0.02395704380653906,-0.02004909005862949,0.0032257367345359883,-0.023714850581182036,-0.010873925839780514,0.004949094514402338
4,0,-0.0083681875039701,0.0007094325030572896,0.014748679478641486,0.02008678844734267,0.007712443863570324,0.013592063190166795
4,1,-0.013529063501483512,0.006822215981056254,0.0047376771851142105,0.009164114975910426,0.00915589541944735,0.011106816131140722
4,2,-0.018504359157980144,0.008398952212225256,0.006889157399242721,0.009858868983411078,0.010093501028230211,0.011144125732136299
4,3,-0.014189629891769437,0.006552706567582798,0.005306198089148385,0.008366509186954998,0.006756850903854667,0.006427653058210224
4,4,-0.017410212628973545,0.0018222406990381255,0.014967094895865722,0.010264791571570188,0.008325275271557157,0.01274315864053443
4,5,0.03439330630747009,-0.008874232839531291,0.0020028883629996997,0.012166474821807965,-0.004152460152360094,0.002039538344224267
4,Aggregated,-0.006242100691493236,0.0025645883603163193,0.008104723184246059,0.011651586475246962,0.006308577347582668,0.009504130415863598
4,Centralized,-0.004970460306136802,0.0022740608718082016,0.007834301446495037,0.01148062272331301,0.006074416680833996,0.009267327106649294
5,0,-0.016244103092593776,0.010876930084922014,0.009149563951784817,0.001163292253578474,0.005093125064461952,0.0020155870609808793
5,1,-0.026628821697244946,0.01348790245533648,0.01358547628762021,-0.006581982970150163,0.005064589338100259,0.0012308952611443788
5,2,-0.018947280707572407,0.012254112014820937,0.013745884159727837,-0.003471374114279828,0.003648763143487582,-0.0034171866420078917
5,3,-0.030186485801716248,0.004881525567671568,0.014969958813308853,3.7095204104841e-05,0.003936972424675068,-0.005140737392643278
5,4,-0.018992810503866794,0.012019347552424724,0.011962500506596046,-0.00485231966900871,0.011918133802299027,0.0030917705427675876
5,5,0.035685881412479324,0.002223652632018831,-0.00043427774091011186,-0.014056036300022558,-0.008759703601532987,-0.006707826057370799
5,Aggregated,-0.012521515744730332,0.009286072853290785,0.01048954871472422,-0.004632899170033159,0.00347584092521547,-0.0014912441674496996
5,Centralized,-0.010866714289522251,0.009041640104563067,0.010238327623434832,-0.005082907030204263,0.003117043323929958,-0.001784981556864089
6,0,-0.016694039955049818,0.005327946976417702,-0.023745939938608174,-0.010433112763705782,0.006569312112350888,-0.0053029858051009465
6,1,0.0005556664798337512,0.008458550246839343,-0.021495846177722946,-0.006788201256492972,0.01996869237005439,-0.0034756356984869427
6,2,-8.881825324203637e-05,0.00904683670775524,-0.019069203197235117,-0.009217714786235802,0.010362244680873663,-0.010370812237089676
6,3,0.003535892318754108,0.008330346289272558,-0.011879191683490315,0.0035262532631276052,0.011150216160477072,-0.000385145318110698
6,4,-0.015692662150539657,0.004822943570078274,-0.0213435834254528,-0.01393231278039484,0.009762481234135395,-0.004755689959057035
6,5,0.05451891499316898,-0.005511064833223048,-0.02630853459375436,-0.018496945694321712,-0.007578429341204547,-0.016331783702751523
6,Aggregated,0.004387807140162518,0.005072507945629341,-0.020643996909526712,-0.009229584528468577,0.008362250043683926,-0.006776438034401448
6,Centralized,0.006307444738751397,0.00469771393945498,-0.020791612860135176,-0.009521455039708178,0.007658754876484647,-0.007054816586658644
7,0,0.0016913728758225443,0.013426131942297085,-0.00027477787031824046,-0.0016451393230424206,0.01288244622042464,0.015236449312195553
7,1,-0.0037180469876161143,0.008448480043161942,0.008895722868905583,-0.0023517858316782483,0.007702946313302168,0.010716725743072532
7,2,-0.003236291106063292,0.009138274852295868,0.005108321664888253,-0.0024847963161179786,0.0057754417202578985,0.0010567622905690364
7,3,-0.01459661755234588,0.007131492425580971,0.005897194958399272,0.0004010044098650307,0.001811135494870059,-0.0010233375401257922
7,4,-0.014012993722121888,0.010942817117392856,0.0016784195342155004,-0.008883125529339174,0.011458018534127173,0.018486732073614433
7,5,0.06456082010748614,-0.001679310935551258,-0.0085550835787746,-0.017385472969616195,-0.0019898507634886235,0.0014815262646054564
7,Aggregated,0.005152607245501069,0.007895206096026178,0.0021181571778737455,-0.00539919933885946,0.006268088030732637,0.007655204473297187
7,Centralized,0.00719601778130774,0.007497655823331149,0.0018097935542149952,-0.005703591573671442,0.005933983773507936,0.007274204383792785
8,0,-0.014833347803986475,0.012313914622481553,-0.005874905378658772,-2.229365681103635e-05,-0.0005832111015565412,0.0025714027635176614
8,1,-0.006007652134563684,0.009005464689270815,-0.0035667600227299147,0.0036092349705767676,-0.0003359300659067603,0.00030915846295031336
8,2,-0.005407826257119188,0.01000400961725198,-0.002911991049605309,0.0036637930909964424,-0.004255372847832634,-0.0009007832465880103
8,3,-0.003629185017981357,0.011595969395259025,-0.003466560915494767,0.004208448313209972,-0.00566351399443764,-0.00264350234030483
8,4,-0.013330141005710209,0.015894227146831315,0.00200814141582,-0.0012874748549501658,0.009037300807672495,0.005694284621129209
8,5,0.03424438592685271,-0.0034976445208059403,-0.011752070017855026,-0.012357701747930739,-0.010172240944900737,-0.010359187112132549
8,Aggregated,-0.0014711760012693122,0.009211215765854083,-0.004265467136942745,-0.0003719787084350293,-0.002000707790461381,-0.0008941427810313999
8,Centralized,-3.607121524605603e-05,0.008639760855669252,-0.004554843277812545,-0.0007792912039885883,-0.0024112508286349126,-0.0012789110043055752
9,0,-0.015872324044160217,0.0014949225268832355,0.0006139570797620385,0.009536527588801818,0.00561422216948965,0.005113250174406771
9,1,-0.009620943291019242,0.003759268909753128,-0.0007149762945741671,0.005152157987098384,0.009534364950288003,-0.008075164859849777
9,2,-0.0007211152677033949,0.004716322524419309,0.002042272400167483,0.007866169235665223,0.009725522395336346,-0.014591508541827393
9,3,-0.0038876525857319153,-0.002119675245416857,0.0031372948953024065,0.007079186262344343,0.010670539251357823,-0.015138464248461426
9,4,-0.018018288466313395,0.00213913983665689,-0.002669353012124963,0.0027535264858340827,0.007999253827644699,-0.0008792848446020612
9,5,0.042299564364909885,-0.0019120459696345706,-0.013683918765949234,0.002499675071297745,-0.01283085514398562,-0.012119588544508758
9,Aggregated,-0.0009425398789622988,0.001344244718680642,-0.0018866467865578536,0.005812427040121718,0.005107397380428889,-0.007617998638498342
9,Centralized,0.0009290771695877035,0.0011991259988990085,-0.0022317500777432045,0.005645711519995185,0.004503360636850308,-0.007940020406296098
10,0,-0.013379288901137003,-0.0004464921657539333,0.008388818534512297,0.0015495045483294298,0.010392844629870198,-0.0037043092264575825
10,1,-0.005574112361080341,0.00670698530566791,0.004437000152016122,-0.007130549419226687,0.005983702059561076,0.001601142245251725
10,2,-0.0032678510939737984,0.0027534445180643972,0.004725355524722214,-0.0058187584940699085,0.00967523144112544,0.0009264003966666551
10,3,-0.0009170461430231407,0.004652337170036012,0.0019492802788049915,-0.006622859097357755,-0.0009892828333721193,0.014030216678226884
10,4,-0.0114413012351306,0.0068804602243568965,0.005440151682438735,0.00031190545609558704,0.0097197272265252,-0.0015793749191477862
10,5,0.03525175327639319,-0.004925943000304334,-0.00407117135079205,-0.013949305268172257,0.0031657777000509745,-0.022178500084531465
10,Aggregated,0.00013442898701722166,0.0025986649541614197,0.0034734259966968033,-0.005282206295476944,0.006322652748586261,-0.0018303854050493013
10,Centralized,0.0016387267964277227,0.002389474597885976,0.0031892834713766914,-0.005733979022087528,0.0060878801080964115,-0.002611578198679534
11,0,0.004978849210584701,0.0046811675605728425,0.013025935615055327,-0.004329846332180086,-0.016702066584418116,-0.015793074013125928
11,1,0.005546702631838511,0.008757034818540498,0.006990557077015031,-0.007124109529338884,-0.009269257633634216,-0.0164686825840992
11,2,0.010456191815885408,0.0036772132738898578,0.010935163674935492,-0.0017583624966855508,-0.011397291522383609,-0.017237105336705062
11,3,-0.0003312787858224571,0.003746670304862703,0.00548739818827744,-0.0026460526520701313,-0.0033985701449196102,-0.012398513025921392
11,4,0.004657073009594151,0.00421427358831962,0.015379019385218755,-0.00512233738477833,-0.018048420689588392,-0.02075114534111813
11,5,0.061384121318573875,-0.002976816784091625,0.0018693114143874053,-0.012067091552318774,-0.028845459254350173,-0.026943823669981794
11,Aggregated,0.014478533686636584,0.003679010984898272,0.008943384593802521,-0.005512148439785266,-0.014619253367648988,-0.018270923612420185
11,Centralized,0.01612431607359042,0.003370761230548409,0.008650200081323084,-0.00579495523586246,-0.0152093494341432,-0.01842862234108699
12,0,0.007902334099937678,-0.022696070465395464,0.0019308748532840775,0.008313392871094847,0.002868236669615928,-0.006084490834109082
12,1,0.014836000971881294,-0.02326576227054846,-0.004555683058724848,-0.006655117145438206,0.006400061413635765,-0.0071058748921838215
12,2,0.011003668012967056,-0.019354447556578138,-0.004206060637026771,-0.0039178765608644285,0.0014078293982778968,-0.005027701660625536
12,3,0.013068416525495561,-0.016523515107237572,0.0032663964021270647,-0.002924948547971007,-0.003464837151972522,-0.002087203658792874
12,4,0.00988732224095826,-0.018464487675774608,-0.0034269830344264684,-0.0054905011907933204,0.011078159283102794,-0.0037233676386784443
12,5,0.06538407279325023,-0.0252224076828969,-0.01691800001296054,-0.006444146779187082,0.006065732157168697,-0.024506441318960265
12,Aggregated,0.02037568259398552,-0.02092385742322157,-0.0039931547632653915,-0.0028554889737277826,0.004060476231765941,-0.008099646855080748
12,Centralized,0.02235227805977054,-0.021300943848747932,-0.00418308887758593,-0.003175521168729348,0.003957097492948463,-0.008567542967005522
13,0,-0.014141528034557429,0.016820765120928376,0.007020492980600704,0.007819732278702172,-0.03686571542699207,0.0009708567704187788
13,1,-0.010846021537587307,0.017223317120648698,0.004796921377008958,-0.000648734761773574,-0.031004978669300628,0.0021140090735808476
13,2,-0.00476530216273464,0.02484808496601209,0.006451206759185939,0.004802171656581826,-0.04093180520921319,-0.0038516530388818674
13,3,-0.018836011171805497,0.020309952051836364,0.005557482844682637,0.008162028907193329,-0.031249774250786504,-2.8901320520643057e-05
13,4,-0.025042870089840057,0.017935777063306662,0.004440605137917391,0.005873593876594983,-0.03170610392557005,0.004544196452970479
13,5,0.07496986460964265,0.0032563627317081165,-0.007731941983386317,-0.011758079300534272,-0.03924495498212228,-0.008505701743234173
13,Aggregated,0.0002706769196918362,0.016723784852218194,0.003415349676170894,0.00236610813023856,-0.035169821843288575,-0.0007977829668304923
13,Centralized,0.0028920404943307398,0.01612339631204344,0.003018281437956446,0.0018414355045330275,-0.03501745587433767,-0.0009449840111179972
14,0,-0.009650254839861558,0.0032330581362231135,0.014078566881860636,0.007582054228181618,0.008442405482376004,0.005448582318419248
14,1,-0.013082496422268811,0.00388727248282429,0.019973376148453237,0.006098273969985177,0.01265665329676533,0.009183557154630144
14,2,-0.010460643225914114,0.002535035251365434,0.018989312712534654,0.006207508917412109,0.014038514690497906,0.005120459663738227
14,3,-0.019721044414314687,0.006169160961138413,0.006149499302850385,0.010082518181143472,0.0123213282353443,0.009670130648595477
14,4,-0.016371323882943878,0.0013223868167369563,0.013572257540838607,0.012267650904501482,0.01447982605921402,0.012457485117081068
14,5,0.06354036549767031,-0.01657785320558536,-0.00976958492257073,-0.010708614531560943,-0.003819484167548211,-0.016004085472704606
14,Aggregated,-0.0009164454420761137,8.421369936278782e-05,0.010485982398653969,0.0052447210450544315,0.009677929809025881,0.004299735242621601
14,Centralized,0.0012373940406161224,-0.00044520073742048696,0.009741197563540084,0.004630751073793026,0.009235984778428645,0.0036482290380291894
15,0,0.005674875389907014,0.010078230881303806,0.010960564583750918,-0.000502574714495918,-0.013230067164287481,0.0012169631027550917
15,1,-0.003344289084580571,0.012500586190483479,0.01489710168301806,0.002278106649699255,-0.018835142982210396,-0.011115777623073598
15,2,-0.004968684624035042,0.010302135901095261,0.009649194934236948,0.00162223979368084,-0.017239711371531404,-0.012089323352566085
15,3,-0.008409062134832196,0.012710562709497063,0.016278273156064196,0.007124921794110577,-0.013494064975351022,-0.013695545187240013
15,4,-0.003477341539278642,0.012080997336978844,0.016485119027403898,0.007439821548983135,-0.018010531739163633,-0.0017521490443262832
15,5,0.06044237120539013,-0.002952433579736043,-0.002203556925961987,-0.01226473216872695,-0.02938908775786999,-0.007820796482301716
15,Aggregated,0.0076866341746824884,0.009112316429723698,0.01100269103784527,0.0009412056431658154,-0.01837346184428021,-0.007542948686497557
15,Centralized,0.009597969433388809,0.008681815644195439,0.010686705539817255,0.00047862726890634345,-0.01889108016652446,-0.007849465196950645
16,0,-0.004821071265134164,-0.023512435260072673,0.01647924422655807,0.003696000497998369,-0.008945297884317052,0.00810916648162664
16,1,-0.011863743081405352,-0.020023183339535545,0.01642058084184019,0.00409330909545156,0.0012171731048104095,0.007107571573715849
16,2,-0.01354332979426114,-0.01901468210909957,0.018706398051935854,0.004767526713676303,-0.0009154806522681475,0.006912114958439904
16,3,-0.019590113692620717,-0.017727571645283033,0.014827386466356748,3.8809629880869516e-05,-0.008973783907423328,0.004083846525649791
16,4,-0.01431124207958621,-0.024356264781650615,0.01388927632351942,-0.0020177569663814786,-0.0007078368138322115,0.012194613828086042
16,5,0.04440611261229787,-0.024904391783648623,-0.005100675800948024,-0.018648362904564265,-0.017938172804389696,0.0020916943355862518
16,Aggregated,-0.00325682423952701,-0.021591868072647867,0.012525790063910629,-0.0013561107288148125,-0.0060514830413964755,0.006746864811457846
16,Centralized,-0.0014223879642246003,-0.02197642172120495,0.011926535411078366,-0.0024233109797632863,-0.006560637330003513,0.006648290355932072
17,0,0.00011780332839295015,0.0028137796917042392,0.004252233811470007,-0.00015690175769600228,-0.021648563427461742,0.01179041987651837
17,1,0.012214694579321912,0.002275553632372644,0.0037210682065103953,-0.0020169813558244282,-0.022564506369413144,0.015658119595050722
17,2,0.010010180833199992,0.0023602239924640726,0.0045859326785134625,0.005664488717407572,-0.01707766469483831,0.006965640846252096
17,3,0.010680657600542385,0.007777443988021434,0.00867684547894121,0.008007919950658205,-0.017442650756413335,0.016472551900426995
17,4,0.0006520200936135617,0.0008489516058821534,0.0073944353941930285,-0.0009411225481558496,-0.02007265850982283,0.021987702221841456
17,5,0.05451103910008056,-0.013846979221773423,0.0006780445892268856,-0.013682437995117636,-0.018588611902815196,0.002088150437585681
17,Aggregated,0.014723115634465012,0.00036243060053781106,0.004882078027472166,-0.0005292303658274423,-0.01956515295076669,0.01248713002851786
17,Centralized,0.016299270729289182,-0.00018750672789309944,0.004774367245391009,-0.0007677112600006959,-0.01968343945948595,0.01226352797711968
18,0,-0.001629304797479026,0.006051478253303489,0.00422196577991476,0.01215933908967552,0.004009245331711194,-0.009967684377835354
18,1,-0.0024593784013698457,0.0035538591836455397,0.015330058230316482,0.0028088748535733325,0.004459727328200555,-0.008665939245335794
18,2,-0.005103497870786204,0.002509013102069596,0.012360642956248445,0.00034702481519193954,0.0062980847848847585,-0.004458975001586364
18,3,-0.009452592993968787,0.005383693795813661,0.010164698701408428,-0.0025056862430564665,0.0038791470124761376,-0.005196019495070956
18,4,-0.008504645778468241,0.0046343010442593145,0.006902806253375767,0.003163291220428145,0.004251343546181146,-0.001878374824565226
18,5,0.05488950092295421,-0.0031352524457117295,-0.009326805238179445,-0.005760023678528699,-0.01196433473673558,-0.021409902859549204
18,Aggregated,0.004655394123878483,0.003162164664583857,0.006598734613144808,0.0016973791624398194,0.001813412579657888,-0.008604318732317267
18,Centralized,0.006482405986432274,0.0029473221031559877,0.005963229163588482,0.0013318312731090557,0.001335583192985449,-0.008886733983849919
19,0,-0.019499651833527868,0.009913520791562023,-0.011427215281407332,-0.0041185071250468995,0.000838563001930837,0.0006763101013572941
19,1,-0.019103915172732813,0.009733863132764416,-0.022879894082650187,-0.005361572046328778,0.00404499279003965,0.006723399169359822
19,2,-0.015920888561435028,0.012819760053883042,-0.01537666451146117,-0.007944414634800043,0.006787950303633859,0.008003828302812393
19,3,-0.017336542219147922,0.012693195170194424,-0.019841666987259518,-0.013765244405325507,0.0054847280509449595,0.007495420638865637
19,4,-0.02152851754417476,0.01779183317296944,-0.015326773766105441,-0.011694102945536708,0.004298437776991109,0.006720504230287556
19,5,0.039109515319840985,0.009727906569664695,-0.02528889521843718,-0.01902332372092795,-0.007479637329164717,-0.00809118247882315
19,Aggregated,-0.009015964607969561,0.012111825640327287,-0.018361271178087984,-0.010323410996550536,0.002322918808065978,0.003580600547070121
19,Centralized,-0.007137891993431292,0.01214104180748978,-0.018599876156173187,-0.011382350924503074,0.0021316998042813073,0.003462130324349565
20,0,0.0010344207669288328,0.004164514111263801,0.0129944144523084,-0.009962712414590838,-0.002129985325680075,-0.0002881809468030772
20,1,0.0010066848394609388,-0.00015485304601438985,0.007819919439545422,-0.010623019718579211,-0.003134829534228629,0.011069365113339112
20,2,0.0002184168659513159,-0.002340058235837978,0.007515898100235311,-0.004870976584128154,-0.007828433138160769,0.004484130647863498
20,3,0.0030168900157174733,-0.0021740450134476804,0.0049379821565476425,0.0050651650275809,-0.0067041222583882195,0.010189638959235666
20,4,-0.0038194458419521897,0.00022701189543620262,0.013949534615756924,-0.008767355540282943,-0.001058039295704727,0.008373538024891644
20,5,0.029689997405212144,-0.007883814186223841,0.011176472021382685,-0.026362972073174257,-0.015469443196686774,-0.002505519458571595
20,Aggregated,0.005206779952701418,-0.0013643665497188164,0.009733290820723916,-0.00926455329934811,-0.006060144866964321,0.005215569655310639
20,Centralized,0.006232101290540521,-0.0017776176736344963,0.00955214678112623,-0.00944417627168168,-0.006402159717950223,0.0049874683355912875
21,0,-0.011381434626236904,0.005435534107990954,-0.001991042196823764,0.010579705330148206,0.003862904126486065,-0.0036883810127300025
21,1,-0.005274035013254759,0.0025815003568006602,0.003680473892097945,0.0013030605424519282,0.0003225361729557637,7.291386174655227e-05
21,2,-0.004654444203075787,0.0002256890420255786,0.0031594749083867515,0.0024556415718605135,-0.005115775722116491,0.0031922999673191293
21,3,-0.010119334197600107,-0.002734274815679886,0.00818139814918931,-0.0015357406537316782,-0.004373898290787187,0.006448449346226451
21,4,-0.014593632767240794,0.002346480489010451,0.010112652250785418,0.0019432782323701935,0.004596360503552319,0.0033851507640277733
21,5,0.057810216679187496,-0.005712884810613105,-0.01949254171175826,-0.0021356241890628075,-0.0038590027649713253,-0.014614870238380782
21,Aggregated,0.002000160480192215,0.0003531375242144183,0.0005955871554295276,0.0020990186124978864,-0.0007631210399761523,-0.000876170939077939
21,Centralized,0.003995617477860933,1.3580748698932555e-05,-8.467060866311955e-05,0.0017136758807589467,-0.00098021505235269,-0.0012432121385501334
22,0,-0.001839333876668785,-0.009561593700275324,0.009455296060244825,0.0033484549665714495,-0.0017334586049351749,0.006188325827039175
22,1,0.0016452240963723034,-0.0023736123100219146,0.00706301742826094,0.007422983099334476,0.0023955696099550857,-0.0009644191048240972
22,2,0.0027725104666264525,-0.0013566058854450483,0.003257604170818761,0.00701548788777938,0.0024758084683857845,0.0014232727160906548
22,3,-0.0012098665541732544,0.006339073979917135,0.007045297200306316,0.008425426432694573,0.005384925202000033,-0.0009524634614823222
22,4,-0.004226427856875088,-0.010808890890709865,0.010011783505000519,0.006153246618179802,-0.0008881787378139272,-0.0028493509080161077
22,5,0.07227319618685447,-0.013829954620122598,-0.004814049697761783,-0.0013201832995238887,-0.008357065039378952,-0.01368689780300279
22,Aggregated,0.01160791900823711,-0.005270724338434444,0.005330019948691053,0.005170095422149235,-0.00012565115102408127,-0.0018144962222579365
22,Centralized,0.013971694544755022,-0.005556682186749784,0.004925058767108482,0.004805098634781546,-0.0004499298170072848,-0.002138539955860652
23,0,-0.009937424503516689,-0.0015341652730239742,0.006782863139341534,-0.0008030953891736319,-0.0030536793418141518,0.008638155172594971
23,1,-0.01289632582510856,0.0013930136919290221,0.001209064647156971,-0.00368881235906157,-0.0001407454115408033,0.00496108296605647
23,2,-0.011572537663841545,0.0006608338026262181,0.0071303275870005225,-0.0013338878020845485,0.0009979897414042714,-0.0022496298816239916
23,3,-0.010526280997486006,0.0036562516628621446,0.0050941459476002305,-0.003349301948677843,0.0007436532189958369,-0.0053606565204670446
23,4,-0.0133994541093641,0.00706239732100066,0.00322432140471964,0.0013950568966088503,0.0025115282095096603,0.001813968547759992
23,5,0.04127700234518102,-0.004167911951951083,-0.018149250695111148,-0.015008959463485355,-0.014930307062149532,-0.004762820451203988
23,Aggregated,-0.0028143749886342484,0.0011749946560471979,0.0008697786530617078,-0.0038053141387778726,-0.0023199716453450874,0.0005033237239084846
23,Centralized,-0.0013218817920344146,0.0010881517162142104,3.737595808869787e-05,-0.00426261887319198,-0.002750961108212379,0.0001757574809060614
24,0,-0.015320134364725855,0.002802971448448767,-0.008333666242815575,0.008151962206832156,-0.0015729083501189495,-0.006945047806934151
24,1,-0.019620646971191386,0.0018270757369111532,-0.000315295546036124,0.0022804564376342606,0.002267767839867437,-0.008778398825091465
24,2,-0.019295178876409084,-0.0004657325192379158,-0.005832330294243,0.004958384432421893,0.001063412539907127,-0.014864060838516494
24,3,-0.01691799720108904,0.0006091874304352164,-0.0008599503198450262,0.0048989163601353,0.004347884118217139,-0.012902293741575033
24,4,-0.022669498567450267,0.00226382350173095,-0.0021221053035397315,0.006363899323729441,-0.0005855930112859212,-0.009545644242705173
24,5,0.050676240169413224,-0.009607611572715353,-0.019319236685344694,-0.005568525192189073,-0.017279068862650074,-0.02545749148647655
24,Aggregated,-0.007154309142857844,-0.00043423323072477936,-0.006138839278960411,0.003508391564931559,-0.00196951781306769,-0.013090046074211544
24,Centralized,-0.004824737140649418,-0.0006649236302609958,-0.006332364355544004,0.0031971864640198164,-0.0022878664879125788,-0.013555693209665192
25,0,0.005656728355114142,0.005580490754690237,0.008389072487335534,0.008545959023520225,-0.011071661350502145,0.004298109793399259
25,1,0.0037447327259623963,0.007485381054810509,0.013095614522470878,0.008105909889117356,-0.009443736749784073,-0.0005469799900104695
25,2,0.009250710703454993,0.011648920878517575,0.012488059068510063,0.01070948746637542,-0.005840002953146935,-0.0006209132819278521
25,3,0.00027610217916096473,0.007948846507345682,0.009964100634055058,0.008286183587126988,-0.015756202930393388,-0.0013095589871962114
25,4,-0.002235584018313566,0.006686937029746242,0.011913311525385262,0.014227950905631349,-0.016722555744950175,0.003983053784941457
25,5,0.07764496708966195,-0.004527662876282719,0.0016864803765677754,-0.00030868943962283283,-0.02579024220678399,-0.007332802510169534
25,Aggregated,0.015762421337261134,0.005797232036662357,0.009584401223059523,0.008255669865928704,-0.01411151753131783,-0.00025936109413410595
25,Centralized,0.0179153824973476,0.0056293930034571355,0.00929610293289307,0.00790556291860143,-0.014963852324790082,-0.0005877467600041837
26,0,-0.00048306486855229493,-0.010886603065923928,0.008728637593083144,0.003323480133506458,0.00514859842931989,0.008937197635814638
26,1,-0.00602533766952511,0.0010617141626469762,0.002202794399524184,-0.003600274474214584,-0.0011755095722803274,0.010407721300911964
26,2,8.995869240621324e-05,-0.005736195217011662,0.0037116478709221744,-0.0045525916821386745,-0.005263886683605462,0.008420251196398396
26,3,-0.0019358306591774825,0.005876115373129054,0.004475043169818028,-0.0033462510256599674,-0.004774828391098886,0.007795171018187397
26,4,-0.007643738992480773,-0.008691664820445517,0.00818903423235712,0.0021254050712418908,-0.00011244425315712533,0.011390075066369092
26,5,0.05317249697177318,-0.01108862727956551,-0.008204984008509528,-0.017913207963180407,-0.01115010074286187,-0.013104544410566708
26,Aggregated,0.006225697357137518,-0.004914815443801646,0.003176434669705908,-0.0040027809323586305,-0.002893296034630379,0.005629027392539477
26,Centralized,0.007952143400318436,-0.005252124284747723,0.0027452147791451305,-0.004553147306254562,-0.003270359359002485,0.004845345246946512
27,0,-0.0009394810771554191,-0.020139964641314005,0.0017208076178569565,0.009202515282064463,-0.007030756514528286,-0.009221053007995294
27,1,-0.0039205497910127325,-0.02437837792264604,-0.0008497233653802644,0.008647246123043014,0.007416390667219086,-0.007773088860732188
27,2,-0.0003583972658358994,-0.006506894056033649,0.002972313803293227,0.006047061101724686,0.0042999607009247,-0.00606611268671889
27,3,-0.005065094987115639,-0.009624769268317533,-0.004766980614832919,0.00785245880745593,0.007869273481256588,-0.003967037401963735
27,4,-0.0036400239197750383,-0.01514514571594669,0.0035704693386274526,0.012815473717555238,0.007677135097963359,-0.006904447188118852
27,5,0.051611627126611506,-0.026622529283115343,-0.009008918798438358,0.008464095316265742,-0.014563436342942911,-0.034848582167641876
27,Aggregated,0.006310247082894561,-0.017075703959903973,-0.0010654063013893823,0.00883790325072347,0.0009348739023853885,-0.01147829615889928
27,Centralized,0.007971093717686787,-0.01753222711897741,-0.001565059449727502,0.008772629259836401,0.0008079661595906325,-0.012045992859825496
28,0,0.004501314722587781,-0.009353138701989831,-0.0008222170267078925,0.009000769466621287,0.012338836297363029,0.007853172477090631
28,1,0.000273118540815163,-0.00503961022849358,0.00812872141950449,0.002701795850646705,0.006169975743892786,0.005674038954135642
28,2,0.0008294799521819662,-0.0065513354076435154,0.0006772089383757047,-0.0009343794958877463,0.0031178733642939363,0.002363377998852635
28,3,-0.005994897111241038,-0.0032945365768036485,0.0106566745767179,-0.00037296804332865,-0.003370988378266161,0.004022156207177432
28,4,-0.006648643249159846,-0.01621419888647724,0.0060947417317253555,0.0032074458603201547,0.007419977203805,0.004890670100921519
28,5,0.06592491105265327,-0.03591325824302581,-0.008185256953129542,0.0007638990257356501,0.0011236049198442147,0.00424387164186002
28,Aggregated,0.009849987460615332,-0.012742461681448079,0.002751335022245038,0.00239338756456729,0.0044644152267140835,0.004840833726284192
28,Centralized,0.011815727794589975,-0.01387942631045777,0.0024530251519151313,0.0021416538493287474,0.004421043881356511,0.004821031921577721
29,0,-0.018423819377696365,0.005850791702646673,-0.0017676442946461682,-0.0074562668133367,0.0033449566455937578,0.0021172249366621233
29,1,-0.01780928660447498,0.009196999499881904,0.0012261398911589541,-0.015834008211753774,0.003099264680643589,0.012169473722304163
29,2,-0.02049392755839134,0.007408307464972183,-0.0016508811247687388,-0.012647024040394389,0.004155782848714481,0.0006022805847320416
29,3,-0.020347610310217996,0.008718441778266377,0.002687601737421728,-0.010608687450107821,0.00562586691419784,0.010891741775690708
29,4,-0.022876224556855354,0.00823402983519541,-0.0008855328164097913,-0.015714049566542942,0.003979971513258013,0.007386168040345579
29,5,0.05021140639814693,-0.01885246853351633,-0.013182964756328406,-0.0274507898560061,-0.004677228951863388,-0.008154509981850983
29,Aggregated,-0.008252612715065912,0.0034118132693572263,-0.002269176105189432,-0.014959773073761895,0.0025834702500815003,0.004160873142566304
29,Centralized,-0.005969742223455952,0.0027096815050630103,-0.002546200620446155,-0.0153803702161958,0.002454501803899091,0.003788577241586938
30,0,-0.000472778019912776,0.0008150831112246867,0.001189603340651322,0.008545301317242286,-0.008602485370244238,0.005982721018604566
30,1,-0.004678353966200171,0.0046180479875133525,0.005347994382941335,-0.00018732159856718055,-0.0014832028559274475,0.007454917235520714
30,2,0.0014627298474646346,0.007266821476181728,0.005089528593598457,0.005917369939613781,0.0003738215520721054,0.005796695453592087
30,3,-0.007948482527261228,0.0010884287666730848,0.005418697968210081,0.0038028144235535003,2.847983681325519e-05,0.004449916612643762
30,4,0.0022877714406022128,0.006700714258160381,0.006125319425592354,0.008867228005111654,-0.0034046443188015425,0.009074529001045014
30,5,0.07782636358256023,-0.00484480524645589,-0.012006949498792335,-0.007363691430369003,-0.021168714793740825,0.0033746286939138896
30,Aggregated,0.011455217098766261,0.0026026305703235417,0.0018518576910671186,0.0032568413166098,-0.005719313735534897,0.006020546683261889
30,Centralized,0.013684264037765188,0.0022430625811283755,0.001353582095057237,0.002510171718143288,-0.00603527446759698,0.005837538317245623
31,0,0.0016443677456977471,0.00035779319978276555,-0.003123374585671845,-0.005283344345241704,0.0033757377048407745,0.009926778826409473
31,1,-0.00491183032654204,-0.004606002747623155,0.004807937394083222,-0.014736073627839205,0.011412272645600454,0.01146035081493591
31,2,-0.0023477505374478835,-0.00240085847178247,-7.37480823061835e-06,-0.017441534666346188,0.009458199292190115,0.007006476188914158
31,3,-0.008884819912650992,0.0013394308168377044,0.00036909707321670926,-0.006888401704329328,0.008651849269836571,0.006942730084229683
31,4,-0.012929732055734805,-0.004732487508266367,0.004909354072741968,-0.014947171839788522,0.009778782514622561,0.009719287580081113
31,5,0.08067530822734154,-0.01781559545442837,-0.02793447313108343,-0.030535617542283525,0.002366197526117914,-0.0066609165180222
31,Aggregated,0.008920034079519093,-0.004651351602605069,-0.0035120528222490925,-0.014981946551428097,0.007503895520594077,0.006390791381004258
31,Centralized,0.011474556873116786,-0.005060613231379942,-0.004266006178551277,-0.015293824355550174,0.007371848881306174,0.005913869466557701
32,0,-0.01394191845435694,0.0010238792550312937,0.0038698146708929745,0.00847711249916784,-0.008208451505619776,-0.0038958011613077423
32,1,-0.012912350191226397,0.0019400237143202877,0.006034968358025223,0.006659709835295339,-0.011963278287146488,0.0008756999754746052
32,2,-0.006125410711041501,0.006559000775918998,0.0037056183709771374,0.008069415224706951,-0.010122068713236813,-0.002106513208809956
32,3,-0.009915933309189755,0.007507343246259257,0.008996085213845106,0.013018066746726844,-0.015423543841411827,0.0038846706073451314
32,4,-0.011155004329360348,0.0004273863476156418,0.00940491831497555,0.013725128936433057,-0.014324384503816357,0.004128358269182712
32,5,0.06935493316416606,-0.010010998784328139,-0.009591066427139593,-0.002590585696970676,-0.031298994459524554,-0.009574376640499331
32,Aggregated,0.002593310508328399,0.001233931959618554,0.00372822592738903,0.00788645733855796,-0.015233702541851756,-0.0011200538671205344
32,Centralized,0.00507751090224968,0.0006774858352478121,0.0031275685152423725,0.007436862667115501,-0.015886730987377515,-0.001297463511908518
33,0,-0.001760648291951676,0.002545125329605893,0.004519013816046924,0.011468106898729557,0.01162615843560108,-0.016496378838274563
33,1,-0.008051105321124135,0.005657417270688739,0.0020520926092868143,0.0070087599195466045,0.0072291412457951305,-0.014094438304849187
33,2,-0.005955802727555094,0.005055260690480594,0.0015290026395941162,0.005161765718507714,0.010948443444047313,-0.016796378773246152
33,3,-0.013613438669501196,0.005406178629805402,0.0008146103401465034,0.0038015871835460576,0.014872433430035557,-0.01758295278864908
33,4,-0.014547091428564585,0.0016105328780681078,0.0023676045358257546,0.007682996243487429,0.014940157700255835,-0.012054199929072645
33,5,0.05848889967656569,-0.015019575697912941,-0.011698704827596116,0.0013160133403327557,-0.006758903972631958,-0.041290537829719635
33,Aggregated,0.0024625446975261984,0.0008656890432702036,-7.681110071847423e-05,0.0060701719279882375,0.008799646004136446,-0.019732900622569598
33,Centralized,0.0045148673082438355,0.00037907310704639964,-0.00037804731103188466,0.00594116353149715,0.008330391254416364,-0.02093164058884957
34,0,-0.0046580238487523365,0.005675916376524941,-0.002617829644634343,0.009906328278242716,0.005268059730217159,-0.004596392012609411
34,1,-0.008489880103888025,0.005274722019868,-0.0037408210463475526,0.004954239109969081,0.005010388643292325,0.009080454993072331
34,2,-0.003695704825378303,-0.0008436666793925283,0.002388908543222063,0.005619986817509836,0.0019659116600334314,0.003239458541789167
34,3,-0.008649540497368078,0.002878841969838169,-0.0005313972518165496,0.00510172000911149,0.0015487386947784806,0.008312806971583157
34,4,-0.01589497187828263,0.0028604946968945233,0.0027812143670633734,0.003058675658342058,0.008696953856612559,0.007309509233464503
34,5,0.08623695280648785,-0.010178987727575535,0.0033211581720508543,-0.02005114750830573,-0.007619891808365972,-0.023965087083375795
34,Aggregated,0.007525020224485377,0.0009374616089853939,0.0002688194554519049,0.0014179373416090785,0.002471921970717258,-0.00011842140985543047
34,Centralized,0.010230706410132967,0.0005126980336947973,0.0004162687346468463,0.0007383790484446243,0.002143099096955584,-0.00089593910405634
35,0,-0.006841300007864817,-0.0006559248198439912,0.00017182664688991255,-0.004914579811551765,0.004601582037791765,-0.004699671312942329
35,1,-0.014343416030720384,7.6255339909228e-05,0.0036611457596236784,0.00018526323148320884,0.002766475000518767,0.001607604400540258
35,2,-0.009935666595488446,0.0018082082339048397,-0.0013994902985885423,-0.0025172257609677776,-0.0025735489643533855,-0.0006111905220836211
35,3,-0.015959032433665584,-0.0026719717994364667,-0.003960193737911594,0.003191375879266155,-0.0011877201120601292,0.004814946485531281
35,4,-0.021585854336564667,-0.0011477076524974217,0.00029994324942780317,0.004009431923889498,0.005516065799127758,0.003246301706209725
35,5,0.07436444293975483,-0.029928461178714047,-0.010854175516580874,-0.017015352428277196,-0.01019843431642834,-0.004402892066790617
35,Aggregated,0.0009966678540492889,-0.005435559101983298,-0.0020191270440830765,-0.0028525497751590834,-0.0001856511663472166,-1.028585220458312e-05
35,Centralized,0.003677691511953206,-0.006521341889911506,-0.002517035597803575,-0.0033096142027892296,-0.00048113185673243075,-7.600898865160281e-05
36,0,0.0035669211826724213,-0.009180229279681382,-0.0074583728276283,-0.011136115692039632,0.010015695811126398,0.007461332467082848
36,1,0.0036200956648091234,-0.007815441800640137,-0.005402717617205233,-0.012009142842977487,0.010480168294211412,0.008892671783839085
36,2,-0.001796298669605806,-0.007034714357166651,-0.004345547847885395,-0.00839779512399914,0.009243130613913362,0.007664963857671929
36,3,-0.0025829014622122965,-0.0014788622967878134,-9.830288959270147e-05,-0.008320661814957784,0.008796866604403368,0.0062281250194858254
36,4,-0.00590733919836866,-0.005819850932999693,-0.00839588545217622,-0.011990335301771342,0.007159245665228721,0.00965118507278837
36,5,0.05614761888856508,-0.01856010062831486,-0.03493769327762391,-0.05557565353926359,-0.0021228114142150287,-0.01079010076276077
36,Aggregated,0.008871509598291012,-0.008321398416704715,-0.010122251208362654,-0.017928967743599207,0.00725606592761738,0.004841390663017385
36,Centralized,0.010627091675954116,-0.008511498858878096,-0.010995834212806085,-0.019338594862341796,0.007035311085796405,0.004270746835133577
37,0,0.00397759224502861,0.002969680815039397,0.0004272001706868811,-0.0017333123224227513,0.006903434311614369,-0.004683802618102235
37,1,0.0040545306388755755,0.0047178220459280764,-0.002645700082801322,-0.008388955516737271,0.008162905013552694,-1.5630732497618545e-05
37,2,0.0016324250918763716,0.004324838279013466,-0.0015491066226164375,-0.008421558825829898,0.007057290559013429,-0.00020235428256673015
37,3,-0.0018468989951801887,0.002508683532401225,-0.00307726700674851,-0.007245994117985869,0.004567205513335048,0.0017674204752236577
37,4,-0.0006644440816141523,0.008085949428231225,-0.0009030712198924145,-0.007634538508424498,0.006463248591394877,0.002985114595477582
37,5,0.09141879253361142,-0.030804048806575012,-0.003420599410592277,-0.018837010735054227,0.009607125666212277,-0.02004921959950661
37,Aggregated,0.016476476328849056,-0.0013849472845005087,-0.001862418083733636,-0.00871668468609901,0.007128449568420157,-0.0033770481810103154
37,Centralized,0.019063237160729045,-0.0024389345394039146,-0.0018066504892866597,-0.008939759421780966,0.007274210435372992,-0.003875517789003951
38,0,-0.006588769710977578,0.0028367792138775227,-0.0007452516875780413,0.0034499843945549682,-0.014952029862603917,0.0032836137100115837
38,1,-0.013244034076827768,0.0025493225563032918,0.0015804383297528756,-0.0019543733130066893,-0.006476232298843905,0.0018157496545486759
38,2,-0.0025181713760512653,0.0050942966663119725,-0.0004531141495051146,0.0056469573501768166,-0.004998478263090891,0.002767099540294287
38,3,-0.0075967504827088375,0.007810129886381554,-0.003621934921975226,0.0014297757013693013,-0.004647452752614867,0.00546155160463102
38,4,-0.011900783892239166,0.010152604755127113,-0.00021897535453279475,0.007862159924631979,-0.006997072417332011,0.006004866348757701
38,5,0.07620575806490819,-0.01280688573800631,-0.01624895209945649,-0.005120799908642784,-0.02530347560190682,-0.0016242793808075803
38,Aggregated,0.005771142451711487,0.002596214683988349,-0.0032928970730699524,0.0018811504042329907,-0.010571855029110247,0.002948516325533482
38,Centralized,0.008198872692401413,0.0020475254104307277,-0.0039344382486683005,0.0014554869443956582,-0.011140979885390413,0.002758535379781917
39,0,-0.0005523138910507625,0.009447539776131345,0.007516467330157524,-0.00792853658317638,0.005804675418390979,-0.005559799192614948
39,1,0.002205370570152543,0.004236143544158733,0.006382176872895828,-0.010142032805620538,0.007626143907782146,-0.004286615126923405
39,2,0.0010573984380151816,0.004934001837726861,0.0007890423342406243,-0.0022438650223068892,0.00724555829315755,-0.006252604021084086
39,3,-0.0026293929828322318,0.0020733145328329255,0.0012762836243633614,-0.006150108389413781,0.009456252994963192,-0.004707345792367059
39,4,-0.010996454771062631,0.006371891536611577,0.008115706830085462,-0.005953454595755586,0.00881511926441341,-0.0037992788566419936
39,5,0.08032506754659317,0.00453597626692842,-0.00474501363510515,-0.03413785178954939,0.0026444736234598446,-0.02933713550382702
39,Aggregated,0.011612115165913822,0.005266012183089755,0.003217364225875985,-0.011107334046277138,0.0069293037064485944,-0.00900343513989153
39,Centralized,0.014089726477513873,0.005091997710708614,0.0028937294601040844,-0.012066460154898342,0.006827534077239595,-0.00975072420156068
40,0,0.0028769405124215598,0.00028512597479324884,0.009975126237003348,0.001403534887983284,-0.00033031659593025603,0.007230349133641263
40,1,0.0024002747437255945,-0.0006011754554015259,0.003132269438579377,0.00503820362609982,0.0035857753722090446,0.004798619061474365
40,2,-0.0011730937413431555,-1.8298520019083275e-05,0.006874432033227199,-0.005257071129081494,-0.000827401071120278,0.00666796532411118
40,3,0.0005411335964130089,0.0001646476984191921,0.005087936331562516,0.0030089538032623394,0.0033458051888567873,0.006461805030037536
40,4,-0.006370028059299426,-0.003417391729039015,0.007463240294234397,-0.004168416698056784,0.003972689862929948,0.008807220762676142
40,5,0.06274000885605194,-0.01399545569496988,-0.01473847838672579,-0.032302924064044024,-0.005647770007783142,-0.014580175850268724
40,Aggregated,0.010202722594716664,-0.0029374791515264123,0.0029544669591948986,-0.005396784930015251,0.000679094181199118,0.003219608386044934
40,Centralized,0.012219975961479316,-0.0033798431099098043,0.002215439334513921,-0.006358925961016048,0.0006404765341006406,0.0027831277319949215
41,0,-0.006031133233050709,-0.006141200255891429,0.000531154387654172,0.002992953876177817,-0.003989670500556767,-0.010249474576291405
41,1,-0.0032837638779400226,-0.002393818383495544,0.0037016657300759704,0.0022428259265450416,-0.0008523898150500603,-0.002197890040553706
41,2,-0.0013075238166550239,-0.0017230857243675068,-0.0006498494817810529,0.0034660405803902603,-0.004807999704484961,-0.009683025819665434
41,3,-0.011630936328254059,-0.0013016540773278062,0.002071012648051085,0.0007645954505397108,0.0016771281535359595,0.00059848752918713
41,4,-0.016644500672697786,-0.000703802355350841,0.004382151014366809,0.004847954995818653,-0.0011036520271000235,-0.007531487276159991
41,5,0.08265429451670663,-0.01122709679505323,-0.005686943182848303,-0.002345560383820965,-0.012220325827029905,-0.0553113527515416
41,Aggregated,0.007340786326528649,-0.0039197713691876725,0.0007207773259460676,0.0019920345352517545,-0.00355501306366349,-0.01408875546351726
41,Centralized,0.009781523066854647,-0.004110786254150003,0.0004253094549345551,0.001806691470585381,-0.0037730957915086912,-0.01526976380429641
42,0,-0.003282232465295313,-0.000821609678893335,0.0050943950258911875,0.0036181269188687395,0.0014447492933329729,0.0014257888933084792
42,1,-0.009632214372505808,0.0014022174276353105,-0.000386555448129966,0.0002975882773546786,0.000876414628185875,-0.0051091728282111094
42,2,0.0001914709949238258,-0.0007224486029461074,0.0023785312574774757,0.0017647979478136325,0.010180185788612886,-0.005362701007420077
42,3,-0.00721836001175488,-0.00031206103711669294,0.0021844423907668086,0.002902226580648571,0.006875495679178945,-0.003208198942418004
42,4,-0.012578040956113099,0.004671599052102828,0.006945712503973665,0.0067549479194033805,0.010751043957029117,-0.00012946039689590294
42,5,0.08157726991497344,-0.019221819499660113,-0.0038286616627401563,-0.02218874768657786,-0.0006987847999919756,-0.0025087172915559124
42,Aggregated,0.008223112428048823,-0.0025113476445849958,0.0020608867235597404,-0.0011552618321879447,0.004901278149782198,-0.0024820939134766362
42,Centralized,0.010821008608665016,-0.0032546382043880076,0.0017776841831732071,-0.002107532793314717,0.00473967753266184,-0.002572016207661489
43,0,0.005444882532979045,-0.002309616036524178,0.006793512537178649,-0.005464137430882496,-0.0022222001908092652,-0.007278159578708984
43,1,-0.004258033012883992,-0.00021999508020632182,0.006755198176977815,-0.004181105868882231,0.0002948289905061852,-0.0012112937782357317
43,2,0.0037649010295284927,0.0019323378489615162,0.0035417495074917317,-0.0016412604684016064,0.000428622714280726,-0.007595772837541758
43,3,-0.009622164851621585,0.003711373030128922,0.005234613017781965,-0.0023174943045451953,0.00011770299085367605,0.0010195383634239142
43,4,-0.01443125799364157,0.0012974458206079127,0.0025652175233485544,-0.002316012903103999,3.184125446987022e-05,-0.006945680126099415
43,5,0.07677124652257479,-0.013710884301556876,-0.013841763471869214,-0.008541415525706898,-0.008603086780639542,-0.016127949869251996
43,Aggregated,0.009654413460828428,-0.001557643050387593,0.0018314223725076429,-0.00407975077401877,-0.0016631425668506747,-0.006362782742760536
43,Centralized,0.011808726762749449,-0.0020639946467316058,0.0012532203431223317,-0.004230697400979842,-0.001817437151903691,-0.00646555381052485
44,0,-0.0038665269621843247,0.007843661244649885,-0.0010766054521128665,0.005164372040825296,0.00045416743008283025,-0.0028820166624560287
44,1,-0.004236247713137006,0.0024356913464503595,0.0014060391868106136,0.001011885104612109,0.00370462454467931,-0.001196386090579082
44,2,-0.0034504137044403926,0.00345112581350469,-0.0020128269134744694,0.004625209282584025,0.0012368822350647345,-0.003931502236410446
44,3,-0.007480069923050159,-0.0007155246763619335,0.00030563015891151046,-0.00023425023771818886,0.004839056451409883,0.003086444429308968
44,4,-0.012957150418541109,0.006531645951992974,5.772024409777501e-05,0.008581794280136319,0.0035101420713562087,-6.091230859613013e-05
44,5,0.0750383631408684,-0.020429150304281354,-0.005579621706399714,-0.0035698283006203543,-0.0023140804827635375,-0.02733333915491814
44,Aggregated,0.007217925696677887,-0.00016002263362201825,-0.001152768229309893,0.0025925989885652837,0.0019024420750941504,-0.005400277720965064
44,Centralized,0.009327092585382064,-0.0008649285259308535,-0.001246500327836027,0.0023026810991727898,0.0019220415473803422,-0.006088527782648868
45,0,-0.0036405780995609426,0.005772610586448991,0.005580045435182347,-0.0022298931301395724,-0.0008621404055514142,0.0008199999099853732
45,1,-0.008225541770435966,0.0013484682453386392,0.005489239043322817,-0.006150531511793915,0.004946419170373271,0.005375185412993491
45,2,-0.0034669291825606724,0.0034992987897043823,0.0016962157137897036,-0.0012719515638405694,0.0034866636800938255,0.004853498924231834
45,3,-0.005419022525163929,-0.0012633363023014696,-0.00044412584114871505,-0.0007903461051925973,0.0052022045750704906,0.00520532172967617
45,4,-0.009182316271786315,0.004298097936791017,0.007350598144014721,-0.0013503317528168375,0.004278657224332188,0.0060324679688140825
45,5,0.07353898052686424,-0.020152655746733226,-0.014502443865010347,-0.030480812718188113,-0.010088146202043395,-0.0169286821551086
45,Aggregated,0.007309683657944678,-0.001095077359869688,0.0008517927387706824,-0.0070605855973913095,0.001153438009143954,0.0008816030749997726
45,Centralized,0.009487773623434862,-0.0019214090901672175,0.0004060533686878624,-0.0077567107357227865,0.0009868394171083114,0.00044084176224356224
46,0,0.00355714772472656,-0.002678884965480548,-0.008537079973247243,-0.0010502524649115496,-0.0015315739263055152,-0.003279952150396757
46,1,-0.0036711061324729596,0.0009379611187605108,-0.008272902623834991,-0.002275528140016495,0.005624076553441782,0.0016941649284416232
46,2,-0.0004232697614227363,0.0011250645080190858,-0.0030373487368559565,-0.004523961847287896,0.0005000714480749087,-0.005329061167598079
46,3,-0.006846485722105854,-0.0005390452864007837,-0.012542362678554308,-0.0002858835480429614,0.0052947768994236356,0.0013749154003208888
46,4,0.0007596317838877154,0.0017835947548786217,-0.008370547147371109,-0.0008386390816024469,0.00032701625210055746,-0.001570024287162101
46,5,0.050347837444313884,-0.014015275099216686,-0.029237150400339633,-0.019069913044801306,-0.031050533343367093,-0.02112631397977438
46,Aggregated,0.007314745884103531,-0.002238610518562553,-0.011677434297420105,-0.004683207809139572,-0.003490276653690407,-0.004716513981290325
46,Centralized,0.008910984074404677,-0.002936518185577577,-0.012666764353581893,-0.005135052917414013,-0.00450220953153198,-0.005070921602150791
47,0,-0.011251598950057047,-0.004022571573074837,0.00849962737584514,0.010313783937179495,-0.010867699969503165,0.012465934629385151
47,1,-0.005690142398616122,-0.010441234280788565,0.004580744101445808,0.006886882794218299,-0.005122236429839642,0.009851200857954719
47,2,-0.0068648999680425435,-0.005351744759745,0.006527195848520378,0.006156734676950671,-0.00474988975850384,0.007281619567353714
47,3,-0.011645701831952605,-0.004207205563484871,0.008509964742195283,0.01149131876194041,-0.0026261235395197606,0.009729850632740962
47,4,-0.02221133264200565,-0.0021250118573670827,0.007726529387146561,0.009578293465742902,-0.011115579743097416,0.011992530851922558
47,5,0.08831047090799743,-0.005747462725860715,-9.835081756221498e-05,-0.0023005256629873064,-0.023381315112387002,0.007486998072210491
47,Aggregated,0.005160845199431782,-0.005316146954963175,0.0059537574454912815,0.00701513832151411,-0.009652565798243331,0.009799880245676917
47,Centralized,0.008151262721754928,-0.005490095208961352,0.0058301064289567614,0.006674657604249776,-0.00999848082818487,0.009693876554820301
48,0,-0.008677988387952843,-0.0015470613933469303,0.0015596725720334733,0.004622772111619337,0.009319228833065135,-0.005767465302986446
48,1,-0.00421360948979874,-0.0013820390516246488,0.0073138571091742885,0.0007400620333843866,0.0034340480990179235,6.892792741587939e-05
48,2,-0.008981489337163313,0.0005776940658936458,0.002444832970321082,0.00434780998606967,0.00839874377134048,-0.000924862748832859
48,3,-0.014747816579857792,0.0017684020766088517,0.0014679766835419585,0.00304329603527087,0.00808088594417381,-0.0031566606356338493
48,4,-0.015764069623795857,0.0002328930442744866,0.004741639448580354,0.006784216498820789,0.011982067165352047,0.00037131336742877904
48,5,0.06363721251238942,-0.027770016075305208,-0.023466769830746022,-0.006034642710052551,0.006822980626443217,-0.01345566374062784
48,Aggregated,0.0019147495542066251,-0.004701404706376875,-0.001004128741398967,0.0022453033969162184,0.008005571296090381,-0.003816884330442219
48,Centralized,0.0038744102455078337,-0.005413137632901266,-0.001739453802134363,0.0019955224948343636,0.008062489467577585,-0.004073316285402663
49,0,-0.008808097324042457,0.002530066371453928,0.00945889394628845,0.011515060073755478,-0.003188568266390107,-0.007383227224291157
49,1,-0.005387724313199036,0.006175667629504375,0.006659779070814748,-9.848291974633623e-05,-0.00020751506742368032,-0.01013336615948113
49,2,-0.0035426519880020677,0.0017748047600991536,0.00606650003727354,-0.0001343740081098536,-0.001873914458976757,-0.011139929879829048
49,3,-0.010550675682728333,0.008390510038933595,0.006631803111113785,0.00245521150287054,0.004327175356589004,-0.0075345819613066274
49,4,-0.01384289774737993,0.008335027372499993,0.01306478574169551,0.002671442550435511,-0.001312192470396453,-0.008284501010440848
49,5,0.059147042303776015,-0.0020360697451074386,0.012580992135937377,-0.02874568715302054,-0.030881225965770687,-0.04771574724839415
49,Aggregated,0.002871733854609242,0.004191028440808963,0.00907935957022756,-0.0020731542955608807,-0.0055388741816207124,-0.015385850713979115
49,Centralized,0.004912213366569858,0.004075638751544782,0.009051678866504471,-0.003164111007148431,-0.006250692695259625,-0.016578837609883414
50,0,-0.010115678979354482,0.004917742561769111,0.007477016607700535,0.011343916827667234,-0.012803045582031707,-0.0050686361563138695
50,1,-0.004570365820180971,-0.0010127091971538222,0.006291303939498505,0.00539625207177245,-0.0025702281175452755,-0.0037017889739619264
50,2,-0.0030973985402045984,0.0030465157966516167,0.008099415781683824,0.006378891531471165,-0.005567109975007177,-0.009305127886141589
50,3,-0.0069003559222922,-0.0026002783933391435,0.007401138439326152,0.002219065493323344,-0.005075030954712854,-0.0026318071810646436
50,4,-0.0071967967195919035,0.003230872221690313,0.009051806776901315,0.004712835338167924,-0.006181817304922525,0.00412916562644793
50,5,0.07426314077804845,-0.01953175793226912,-0.010470825838061979,-0.007918871671850592,-0.015403189154346424,-0.023685549232064382
50,Aggregated,0.007106600553932991,-0.002002785248135068,0.004632007636358508,0.0036812811819316137,-0.007938165890049222,-0.0067214463613589695
50,Centralized,0.009560646540757136,-0.0028094179665479864,0.004099083814294297,0.003079531439037737,-0.008229307888092894,-0.007264986062196216
