Round,Evaluator,4,0,2,1,3
0,0,,,,,
0,1,,,,,
0,2,,,,,
0,3,,,,,
0,4,,,,,
0,Aggregated,,,,,
0,Centralized,,,,,
1,0,,,,,
1,1,,,,,
1,2,,,,,
1,3,,,,,
1,4,,,,,
1,Aggregated,,,,,
1,Centralized,0.9741394519805908,0.9690991044044495,0.9731147885322571,0.968603789806366,0.9693989753723145
2,0,,,,,
2,1,,,,,
2,2,,,,,
2,3,,,,,
2,4,,,,,
2,Aggregated,,,,,
2,Centralized,0.9969843626022339,0.9963580369949341,0.9968613386154175,0.9961719512939453,0.996434211730957
3,0,,,,,
3,1,,,,,
3,2,,,,,
3,3,,,,,
3,4,,,,,
3,Aggregated,,,,,
3,Centralized,0.9868204593658447,0.9839630126953125,0.9868715405464172,0.9825462102890015,0.9842965006828308
4,0,,,,,
4,1,,,,,
4,2,,,,,
4,3,,,,,
4,4,,,,,
4,Aggregated,,,,,
4,Centralized,0.1983693391084671,0.05097106099128723,0.17422814667224884,0.028497010469436646,0.0014507174491882324
5,0,,,,,
5,1,,,,,
5,2,,,,,
5,3,,,,,
5,4,,,,,
5,Aggregated,,,,,
5,Centralized,0.4790089726448059,0.36909180879592896,0.46061596274375916,0.3771689534187317,0.36577582359313965
6,0,,,,,
6,1,,,,,
6,2,,,,,
6,3,,,,,
6,4,,,,,
6,Aggregated,,,,,
6,Centralized,0.9539459943771362,0.9449409246444702,0.954065203666687,0.9446435570716858,0.9451192021369934
7,0,,,,,
7,1,,,,,
7,2,,,,,
7,3,,,,,
7,4,,,,,
7,Aggregated,,,,,
7,Centralized,0.43419763445854187,0.31162822246551514,0.4164108633995056,0.32086387276649475,0.308847576379776
8,0,,,,,
8,1,,,,,
8,2,,,,,
8,3,,,,,
8,4,,,,,
8,Aggregated,,,,,
8,Centralized,0.4961172938346863,0.3895000219345093,0.4807998538017273,0.3980347216129303,0.38711121678352356
9,0,,,,,
9,1,,,,,
9,2,,,,,
9,3,,,,,
9,4,,,,,
9,Aggregated,,,,,
9,Centralized,0.24473321437835693,0.06944359838962555,0.21287104487419128,0.07985979318618774,0.06390467286109924
10,0,,,,,
10,1,,,,,
10,2,,,,,
10,3,,,,,
10,4,,,,,
10,Aggregated,,,,,
10,Centralized,0.1983371078968048,0.01174214854836464,0.1605575978755951,0.020809046924114227,0.00214376044459641
11,0,,,,,
11,1,,,,,
11,2,,,,,
11,3,,,,,
11,4,,,,,
11,Aggregated,,,,,
11,Centralized,0.3533381521701813,0.20880192518234253,0.32815778255462646,0.21535737812519073,0.2054353803396225
12,0,,,,,
12,1,,,,,
12,2,,,,,
12,3,,,,,
12,4,,,,,
12,Aggregated,,,,,
12,Centralized,0.3034636974334717,0.14562059938907623,0.2737428545951843,0.15373878180980682,0.14077182114124298
13,0,,,,,
13,1,,,,,
13,2,,,,,
13,3,,,,,
13,4,,,,,
13,Aggregated,,,,,
13,Centralized,0.35736003518104553,0.21353361010551453,0.3302673399448395,0.22629772126674652,0.21072588860988617
14,0,,,,,
14,1,,,,,
14,2,,,,,
14,3,,,,,
14,4,,,,,
14,Aggregated,,,,,
14,Centralized,0.5011987090110779,0.39619511365890503,0.48378294706344604,0.40623122453689575,0.39358410239219666
15,0,,,,,
15,1,,,,,
15,2,,,,,
15,3,,,,,
15,4,,,,,
15,Aggregated,,,,,
15,Centralized,0.6916521191596985,0.6310193538665771,0.6818735599517822,0.6391156315803528,0.6294345259666443
16,0,,,,,
16,1,,,,,
16,2,,,,,
16,3,,,,,
16,4,,,,,
16,Aggregated,,,,,
16,Centralized,0.8802880048751831,0.8564294576644897,0.8778887987136841,0.8605522513389587,0.8572078347206116
17,0,,,,,
17,1,,,,,
17,2,,,,,
17,3,,,,,
17,4,,,,,
17,Aggregated,,,,,
17,Centralized,0.9436162710189819,0.9314097762107849,0.9438029527664185,0.931698739528656,0.9326443672180176
18,0,,,,,
18,1,,,,,
18,2,,,,,
18,3,,,,,
18,4,,,,,
18,Aggregated,,,,,
18,Centralized,0.8497400283813477,0.8193420171737671,0.8467890620231628,0.8241196274757385,0.8204922676086426
19,0,,,,,
19,1,,,,,
19,2,,,,,
19,3,,,,,
19,4,,,,,
19,Aggregated,,,,,
19,Centralized,0.8713589310646057,0.8458194732666016,0.8695804476737976,0.8487378358840942,0.8463605046272278
20,0,,,,,
20,1,,,,,
20,2,,,,,
20,3,,,,,
20,4,,,,,
20,Aggregated,,,,,
20,Centralized,0.6537752747535706,0.5822099447250366,0.6435506939888,0.5897795557975769,0.5827928781509399
21,0,,,,,
21,1,,,,,
21,2,,,,,
21,3,,,,,
21,4,,,,,
21,Aggregated,,,,,
21,Centralized,0.9183705449104309,0.9023162722587585,0.9182121157646179,0.9029322862625122,0.9024991393089294
22,0,,,,,
22,1,,,,,
22,2,,,,,
22,3,,,,,
22,4,,,,,
22,Aggregated,,,,,
22,Centralized,0.34433823823928833,0.19757768511772156,0.31569904088974,0.20350059866905212,0.1937076896429062
23,0,,,,,
23,1,,,,,
23,2,,,,,
23,3,,,,,
23,4,,,,,
23,Aggregated,,,,,
23,Centralized,0.5579657554626465,0.4648544192314148,0.5434990525245667,0.4680272340774536,0.4644043743610382
24,0,,,,,
24,1,,,,,
24,2,,,,,
24,3,,,,,
24,4,,,,,
24,Aggregated,,,,,
24,Centralized,0.8367928266525269,0.8043431043624878,0.8338027000427246,0.807740330696106,0.8049375414848328
25,0,,,,,
25,1,,,,,
25,2,,,,,
25,3,,,,,
25,4,,,,,
25,Aggregated,,,,,
25,Centralized,0.9062822461128235,0.8885363340377808,0.9055750966072083,0.8900713920593262,0.8881349563598633
26,0,,,,,
26,1,,,,,
26,2,,,,,
26,3,,,,,
26,4,,,,,
26,Aggregated,,,,,
26,Centralized,0.9306962490081787,0.9170141220092773,0.9306381344795227,0.9171417951583862,0.917233943939209
27,0,,,,,
27,1,,,,,
27,2,,,,,
27,3,,,,,
27,4,,,,,
27,Aggregated,,,,,
27,Centralized,0.6509022116661072,0.5798757076263428,0.6398608088493347,0.5846865773200989,0.5793471932411194
28,0,,,,,
28,1,,,,,
28,2,,,,,
28,3,,,,,
28,4,,,,,
28,Aggregated,,,,,
28,Centralized,0.8240252733230591,0.7903285622596741,0.8200294375419617,0.7940325140953064,0.7896406650543213
29,0,,,,,
29,1,,,,,
29,2,,,,,
29,3,,,,,
29,4,,,,,
29,Aggregated,,,,,
29,Centralized,0.9061630964279175,0.8885473012924194,0.9051224589347839,0.8897435665130615,0.888052761554718
30,0,,,,,
30,1,,,,,
30,2,,,,,
30,3,,,,,
30,4,,,,,
30,Aggregated,,,,,
30,Centralized,0.9270886182785034,0.9134960174560547,0.9268789291381836,0.9137503504753113,0.9129467010498047
31,0,,,,,
31,1,,,,,
31,2,,,,,
31,3,,,,,
31,4,,,,,
31,Aggregated,,,,,
31,Centralized,0.907208263874054,0.8898863792419434,0.9063693284988403,0.8916693925857544,0.8892694115638733
32,0,,,,,
32,1,,,,,
32,2,,,,,
32,3,,,,,
32,4,,,,,
32,Aggregated,,,,,
32,Centralized,0.8201960325241089,0.7855159044265747,0.816021740436554,0.7880726456642151,0.7850659489631653
33,0,,,,,
33,1,,,,,
33,2,,,,,
33,3,,,,,
33,4,,,,,
33,Aggregated,,,,,
33,Centralized,0.782810389995575,0.7404244542121887,0.7764566540718079,0.7448479533195496,0.7401039004325867
34,0,,,,,
34,1,,,,,
34,2,,,,,
34,3,,,,,
34,4,,,,,
34,Aggregated,,,,,
34,Centralized,0.707528293132782,0.6490693092346191,0.6977245211601257,0.65533846616745,0.6487457156181335
35,0,,,,,
35,1,,,,,
35,2,,,,,
35,3,,,,,
35,4,,,,,
35,Aggregated,,,,,
35,Centralized,0.8067641258239746,0.7680931091308594,0.8013326525688171,0.7705468535423279,0.7689529061317444
36,0,,,,,
36,1,,,,,
36,2,,,,,
36,3,,,,,
36,4,,,,,
36,Aggregated,,,,,
36,Centralized,0.9636380076408386,0.9567464590072632,0.9634332656860352,0.9568521976470947,0.9565889239311218
37,0,,,,,
37,1,,,,,
37,2,,,,,
37,3,,,,,
37,4,,,,,
37,Aggregated,,,,,
37,Centralized,0.9423273801803589,0.9308208227157593,0.9417917132377625,0.9309303760528564,0.9312036037445068
38,0,,,,,
38,1,,,,,
38,2,,,,,
38,3,,,,,
38,4,,,,,
38,Aggregated,,,,,
38,Centralized,0.9317913055419922,0.9182162284851074,0.9311221837997437,0.9191158413887024,0.918631374835968
39,0,,,,,
39,1,,,,,
39,2,,,,,
39,3,,,,,
39,4,,,,,
39,Aggregated,,,,,
39,Centralized,0.9499499797821045,0.9402174949645996,0.9497489929199219,0.9404082298278809,0.9402492046356201
40,0,,,,,
40,1,,,,,
40,2,,,,,
40,3,,,,,
40,4,,,,,
40,Aggregated,,,,,
40,Centralized,0.8918050527572632,0.8703572750091553,0.8896544575691223,0.8716528415679932,0.8709738850593567
41,0,,,,,
41,1,,,,,
41,2,,,,,
41,3,,,,,
41,4,,,,,
41,Aggregated,,,,,
41,Centralized,0.9512890577316284,0.9417674541473389,0.9504214525222778,0.9421849250793457,0.9419724345207214
42,0,,,,,
42,1,,,,,
42,2,,,,,
42,3,,,,,
42,4,,,,,
42,Aggregated,,,,,
42,Centralized,0.9541679620742798,0.9456618428230286,0.9532560110092163,0.9462201595306396,0.9454128742218018
43,0,,,,,
43,1,,,,,
43,2,,,,,
43,3,,,,,
43,4,,,,,
43,Aggregated,,,,,
43,Centralized,0.9435300230979919,0.9322186708450317,0.9426368474960327,0.9327493906021118,0.9327031970024109
44,0,,,,,
44,1,,,,,
44,2,,,,,
44,3,,,,,
44,4,,,,,
44,Aggregated,,,,,
44,Centralized,0.9217410683631897,0.9065910577774048,0.9206031560897827,0.9075710773468018,0.906670093536377
45,0,,,,,
45,1,,,,,
45,2,,,,,
45,3,,,,,
45,4,,,,,
45,Aggregated,,,,,
45,Centralized,0.9331880211830139,0.9194912910461426,0.9320409893989563,0.9205297231674194,0.9203534722328186
46,0,,,,,
46,1,,,,,
46,2,,,,,
46,3,,,,,
46,4,,,,,
46,Aggregated,,,,,
46,Centralized,0.9420554041862488,0.9301178455352783,0.9415507316589355,0.9304039478302002,0.9308460354804993
47,0,,,,,
47,1,,,,,
47,2,,,,,
47,3,,,,,
47,4,,,,,
47,Aggregated,,,,,
47,Centralized,0.9534491300582886,0.9442142248153687,0.9528045654296875,0.9446201920509338,0.9444893002510071
48,0,,,,,
48,1,,,,,
48,2,,,,,
48,3,,,,,
48,4,,,,,
48,Aggregated,,,,,
48,Centralized,0.8827300667762756,0.8604681491851807,0.8797898292541504,0.861183762550354,0.8601813316345215
49,0,,,,,
49,1,,,,,
49,2,,,,,
49,3,,,,,
49,4,,,,,
49,Aggregated,,,,,
49,Centralized,0.9316550493240356,0.9182533025741577,0.9307257533073425,0.9188739061355591,0.9184864163398743
50,0,,,,,
50,1,,,,,
50,2,,,,,
50,3,,,,,
50,4,,,,,
50,Aggregated,,,,,
50,Centralized,0.9575443863868713,0.9488822817802429,0.9573116302490234,0.9487683773040771,0.9493204951286316
