Round,Evaluator,4,0,2,1,3
0,0,,,,,
0,1,,,,,
0,2,,,,,
0,3,,,,,
0,4,,,,,
0,Aggregated,,,,,
0,Centralized,,,,,
1,0,0.3754052641947327,0.21639233333284036,0.216117270667587,0.218596898653201,0.20461859025583962
1,1,0.40798911040151586,0.2418144339148687,0.24285626163527899,0.24322740668274692,0.22707494022246902
1,2,0.42017605027720617,0.2363986712881118,0.23642971860836193,0.23798413969254148,0.22299916103665848
1,3,0.4205544781409344,0.2523959506789372,0.2512957457263188,0.25314734207123357,0.23774184292760145
1,4,0.8560291140782742,0.6823817866729659,0.6773927322847021,0.6727166123681033,0.6647278622760999
1,Aggregated,0.6839942309771835,0.5120163917315694,0.5089057491362736,0.5066153214401486,0.49589637171851475
1,Centralized,0.5627104686487775,0.39211155671525283,0.390316893706831,0.3897189232661916,0.3771225122300814
2,0,0.04165396372073056,0.025637644206509082,0.02320203694790299,0.02436444627046154,0.01382614449782802
2,1,0.039804631493898256,0.03022065457653445,0.031129103074478328,0.02943732957673004,0.015637460528757356
2,2,0.04488675405429823,0.0334001082114711,0.030535954931508773,0.03400497306880865,0.016609821477604123
2,3,0.03515333287932436,0.031472516558529305,0.02772322741011037,0.027770425145375224,0.014757435643542769
2,4,0.055585099652468835,0.02939555904991798,0.025641925046840916,0.03208238976333874,-0.001432828019522453
2,Aggregated,0.049770172911186863,0.029696409331689197,0.026599744528692286,0.03086349434606055,0.004928829902538752
2,Centralized,0.045781042973760074,0.02979217286010751,0.02715087927940497,0.029918291127369944,0.00935355314828872
3,0,-0.00434071977391102,0.0061037168327741,0.004589416695378898,0.006346513707858353,0.0018480694394595839
3,1,-0.005525665108506851,0.007970402339511852,0.0050883295987197786,0.0058689688636261355,0.0022243340809430753
3,2,-0.009134317593962667,0.010076170693359872,0.005149152372643778,0.011462924625404455,0.0039013649254197296
3,3,-0.010299601480787096,0.008881780716382525,0.003421147517171661,0.007213623308906079,0.0015718731721963697
3,4,0.012228404535765663,-0.015622261527027954,-0.0012555451805368637,-0.0005311087487877119,0.004227734260816624
3,Aggregated,0.004753160304717052,-0.006492865435003022,0.0009685087318845652,0.002624416054268169,0.003523785536911272
3,Centralized,-0.00039166044533317697,-0.00015483948764723475,0.0025349708024675925,0.004816449947462628,0.0030281602608292174
4,0,0.0061580429210292,0.002029239264132144,0.0016915730107302,0.0054905551858641065,0.0025167375795300865
4,1,-0.00038596924174770785,0.00458272364398812,0.0050402461763528915,0.002438740634231511,0.00105486136202289
4,2,-0.0027098632159485085,0.005624672937739957,0.003709688970640507,0.00820089912507076,0.0028505800551116085
4,3,-0.0034852500177709207,0.006607577642649204,0.0038229041084530384,0.004351077161535135,0.00026814594905853105
4,4,0.028748620498626674,-0.029382164699728222,0.005179279762084107,-0.0001948581397614409,0.0074023224136144745
4,Aggregated,0.017717701760056662,-0.016348369452663027,0.0045625265576348965,0.0018371420235328475,0.0052118568432906525
4,Centralized,0.010168752346882354,-0.007302253604428046,0.0040801652694445216,0.003287531539023403,0.003714071551501463
5,0,0.0008632431309866434,0.0013171649858792175,0.0016940461007712868,0.0023865043966456354,-0.0006287140654381934
5,1,-0.0032108807474864488,-0.00029061642558048475,0.004231394810153323,0.004792210706159782,-0.0035067360933496087
5,2,-0.004738221529039559,0.0017875205601951309,0.003816318776267236,0.0066339844209868755,-0.001460075221691735
5,3,-0.005876960819264663,0.0022219804624781497,0.0033047937155710454,0.0071402291628257395,-0.005257117955635513
5,4,0.014080777386462484,-0.0038109788474203397,0.0033655710336997473,-0.004932231573891078,-0.0060685186723777595
5,Aggregated,0.0074588477197848205,-0.0018727188269553002,0.0033258079818810848,-0.0010441145099134306,-0.0047857252215561755
5,Centralized,0.0029402312673230705,-0.0005174846142954085,0.0032585893183812286,0.0015974628352066293,-0.0038122166273603024
6,0,0.0002523353336938344,0.0009285687966844416,-0.00020233237190042848,0.0016508676541627002,-0.00012421865345385957
6,1,-0.008124682712487416,0.0020485792766237448,0.0038185223136597093,0.002235542572751149,0.0013362558791528644
6,2,-0.00766743248053293,0.002924469158226443,0.001982607548957092,0.005011229813007741,0.0015889831682461275
6,3,-0.01250382450897084,0.004989044801071764,0.0032749645483598506,0.0047275197545336356,0.0002462152445014798
6,4,0.01976686260432654,-0.021301002259123222,0.0028099718630457036,-0.007192500165506834,0.00512440055442205
6,Aggregated,0.009529853794416695,-0.01211678187877943,0.0025837836283465927,-0.0031406131496990062,0.0034565639660872854
6,Centralized,0.002584511428553059,-0.005747207927453192,0.0023541737279475254,-0.00035100638969463583,0.002272267295736852
7,0,-0.00029925661214959357,0.0020155321273061006,-0.0011862075096168768,0.0018497657383680032,-0.0010546568107702493
7,1,-0.007923947440159328,0.0023048684402453964,0.0026573184041705335,0.0021241131348764247,0.001247059574805164
7,2,-0.0081325966038121,0.00404511071514748,0.0009349312677061201,0.004817029836273063,0.0012367237657928483
7,3,-0.011004464285000036,0.005076383153105554,0.001948928368928208,0.004728051733385935,0.00018629963111135666
7,4,0.025191019103156843,-0.015392191258980354,-0.002428369063753525,-0.007136085191532837,0.0009687141829579174
7,Aggregated,0.01294565048869094,-0.008223068139063074,-0.0010838192801629178,-0.0031159113926997805,0.0007527414604046508
7,Centralized,0.004564811098698463,-0.0032469323445920516,-0.0002084446438266339,-0.0003434656671413081,0.0005680039502515906
8,0,-0.0014446630093576033,0.0011786784983527207,0.0004036780479532468,0.0017885332870285506,-0.000566655596693108
8,1,-0.007133791283968789,0.0008964033286090504,0.0022926209720442697,0.0026187688654349672,0.0011883185571462073
8,2,-0.00835677148094156,0.0033171608710714376,0.0013116701470444914,0.005021707891440507,0.0017428389299327589
8,3,-0.011064739940760593,0.003616941159092148,0.0020776642038041267,0.005316311991602548,-0.00021794348674650428
8,4,0.01114284246382083,-0.016024257527120646,0.002612720191896269,-0.005080001033967343,0.003388257228506862
8,Aggregated,0.004206937276549456,-0.009037146789340818,0.002195490320527454,-0.0017286660744007983,0.002298062288766869
8,Centralized,-0.0004840728587330571,-0.004177431638648782,0.0018696236704449014,0.0005637548665586078,0.0015155038846401403
9,0,-0.0008593537143633469,-0.0005809819151876542,-0.0028912660488601325,0.0036634027892268922,0.0001822681682442993
9,1,-0.0066030428871910705,0.0022765158987463805,0.0021122768724734305,0.0016094046709029196,0.0003171775868378061
9,2,-0.008264555192411547,0.0021686034524207956,-0.0004583841073123503,0.00481990337571118,0.0018259969493767219
9,3,-0.009146041837549142,0.005397309600539963,0.0013776271403983557,0.004714023687972731,-0.001574283537203436
9,4,0.027473111368484848,-0.03649227424998028,-0.002204188683501061,0.005787055710400427,0.00789422693271554
9,Aggregated,0.014592997131906257,-0.02165615988861167,-0.0013481772093959445,0.0049898167195186315,0.004948053976802293
9,Centralized,0.0057260384378457485,-0.011365493138369442,-0.0008362444169302171,0.0044298441711316475,0.0029030430172707457
10,0,-0.0011963857807486896,0.00044389882917467795,0.0010229034472455027,0.002419656740632568,-0.00038860545444681187
10,1,-0.007001588099513292,0.0025107342178791996,0.0023803737228995517,0.0011790268181045163,0.0009327886167368201
10,2,-0.00630761312840485,0.0026886340895494096,0.001687740398793297,0.004552943313539916,0.00036117766910904087
10,3,-0.01115802789942974,0.005733244977995758,0.002111045758067894,0.003641082774503518,-5.851179108949019e-05
10,4,0.015230867947495431,-0.0272490153462561,0.0052531111265887685,0.0030668933433039224,0.0054113236493482505
10,Aggregated,0.006955400134796927,-0.01574444434906085,0.003933168415532192,0.003021498246240502,0.003423499590580356
10,Centralized,0.001328321845914914,-0.007771792713506143,0.0029862039443516166,0.0029789627358250987,0.0020183046847708774
11,0,-0.0006314766167401148,0.0016828121596466849,0.0005942141435373897,-0.002036765672596628,0.0006151130770903984
11,1,-0.006025716190688485,0.0021711432147841917,0.0023547982698339984,0.0008300021920736987,0.0007944178149644932
11,2,-0.005021051468747774,0.0028561069905805223,0.0014587566675545208,0.0009980476186361462,0.0013055229476723487
11,3,-0.009874785959418257,0.004906752591839247,0.002325994302199021,0.0035584780403120518,-0.00020068241220868403
11,4,0.014887554141781948,-0.014154205821772613,0.005542949827003924,-0.014636018198268737,0.008801768546413565
11,Aggregated,0.007136195944815085,-0.0076327946007751415,0.004067438035285621,-0.00872056524067782,0.005677161176225534
11,Centralized,0.0018634286165241886,-0.003111764754732508,0.003000929802899982,-0.0046704141806092605,0.0034972785325776373
12,0,0.0010873444643223198,0.0007710636583555243,0.000581786020081232,-0.001696102280639054,0.0004973513768158022
12,1,-0.006081295940711082,0.0019662804393657065,0.0014844480983297991,0.001744221161696194,0.0006633968908888371
12,2,-0.00510399703501258,0.0028754536933662217,0.0002792391071446798,0.0015162451776872198,0.0015955759675514473
12,3,-0.009494101764533195,0.005381528830549372,0.0020820633977270925,0.004111788077464351,-0.0009002262097100533
12,4,0.017504497609814925,-0.02089444791183629,0.008751258528101142,-0.014304685004342298,0.009138833516874195
12,Aggregated,0.008940125219278615,-0.011855749069716487,0.005828802386228259,-0.008293560487246813,0.005822452484934191
12,Centralized,0.0031286868974614375,-0.0055953275646233236,0.0037597143039901065,-0.004182985249280593,0.003514694861400697
13,0,-0.0007881784566836071,0.0010200869648888397,-0.0007750885085010372,0.0017876572659708675,-0.0003926680759259208
13,1,-0.006600858112488604,0.0011688871037834948,0.002914990418185587,0.0020626305663340996,-0.00035917599272433746
13,2,-0.006054291653398002,0.001590871394952792,0.000602010510610292,0.004762112286447655,4.8148106110094494e-05
13,3,-0.009593110200533106,0.003638282921626529,0.0029828585101019027,0.0039049841277958223,-0.0015356268864087344
13,4,0.010581210280444031,-0.011784581138121896,0.001158783035203507,-0.00420968719504844,0.005241326839587062
13,Aggregated,0.0043343956295513845,-0.006570360463461513,0.0012628837256570607,-0.0014039982413817573,0.003023546004845742
13,Centralized,0.00011378872072240198,-0.002953830558590903,0.001264682301756535,0.0005274227624756137,0.0014838385605205932
14,0,-0.000528641027145682,-0.0003033676327780991,0.0001344800830945847,0.0015775256323662574,-0.00037721064862047217
14,1,-0.00353806230523744,-0.0021680917614207485,0.00172377350349124,0.001668774965893017,0.002572602196625955
14,2,-0.004447538098481551,0.0001246000672106784,0.0005279444228038869,0.0031227983016330636,0.0017729026023989172
14,3,-0.0066066328593042825,0.0008554425862140558,0.0017287036206761418,0.003551058697760423,0.001449348022020073
14,4,0.0039335935076012084,-0.006836523522171392,0.000967847087042395,0.0005003684285864341,0.002452625002047274
14,Aggregated,0.0009846625316596912,-0.004365459803166609,0.0009911040209021013,0.0012571801179979596,0.0020327446847245682
14,Centralized,-0.000980384816408784,-0.0026384894607592007,0.000977388359105505,0.0017597869257847056,0.0016943044273821928
15,0,-0.0007525000754860854,-0.0007263888445823171,0.0002679095229289774,0.0017270928519673324,-0.0008286003734283259
15,1,-0.004851367135899854,0.001867741900612128,0.0026254081218943645,-0.001018697560393525,0.0017703118687387924
15,2,-0.005404461528688239,0.0015633492673722846,0.0011701730434629076,0.002009138547800356,0.0014028475998102067
15,3,-0.007228213365952609,0.005113296081488947,0.003109711397888158,0.0005895869940779101,-0.0004681711347529908
15,4,0.009915835815322082,-0.020080798135675523,0.00426637724254502,0.0026133631015414893,0.004470833987708963
15,Aggregated,0.004382122424961264,-0.01165674883940946,0.0033208906266205184,0.0019303689911346642,0.002940944458393799
15,Centralized,0.0006206771745054879,-0.0058505223029310695,0.0026082069633711845,0.0014827764773138916,0.001845239595475484
16,0,3.444063918644121e-06,0.00039551740752726455,-0.0007601483237750488,0.0014389020630308483,-0.0001958629103725971
16,1,-0.004229389459051829,-0.0009389379065950072,0.0023174800439019335,0.0022697677880850107,0.0007458102130424998
16,2,-0.004523436547579281,0.0007523511473644217,0.0006895536377056884,0.004097628839773408,0.0008754625149789493
16,3,-0.007273101427963837,0.0020816068259604877,0.0022382186577432424,0.004465332751279877,-0.001115665450118932
16,4,0.005770734185600294,-0.008156305317864935,0.0016766080608785353,-0.0019066295843708364,0.003008803762261843
16,Aggregated,0.002033306807690125,-0.00481923282647308,0.001464268997053532,-4.893390685754319e-06,0.001888136012905772
16,Centralized,-0.00046047144528587605,-0.0024956795204072253,0.0012574568258858878,0.0012798533817084336,0.0011068534411769451
17,0,-0.000814435340841238,-0.00046236256700905496,-0.0005068058124045575,0.001511485098520047,-0.00013657666236734182
17,1,-0.004320887058173483,0.001994330995584326,0.0021801164872446285,0.0009710434261812636,-0.000555310574216671
17,2,-0.005496129099624655,0.0018962019813230499,0.0002462677571974881,0.0029872480922858197,0.0008141381309531977
17,3,-0.006610918004416583,0.004580278603868558,0.0021356034998569915,0.0031276340346993057,-0.002586637644861271
17,4,0.009588235797795197,-0.020577721083970376,0.0036098022108684642,0.0032277062836444798,0.0043644303903661716
17,Aggregated,0.0042747762302843915,-0.01194549161001207,0.002617319512799347,0.002815439395329046,0.0024603826819038273
17,Centralized,0.0006556388678390358,-0.005983190542431862,0.001872372399604406,0.002508102206847666,0.0011579836692277782
18,0,-0.000584398515125742,4.592183821345297e-05,-0.00034344190003643047,0.0010095811406818347,-0.000223894240154592
18,1,-0.0041026752076772375,0.0009208459344785258,0.0008648231992639699,0.0014945942921648719,0.00035670105005811505
18,2,-0.004508765390420351,0.0005047896860012464,-0.0007020661229073744,0.0035311410636746504,0.0017411416739231828
18,3,-0.006424268235696092,0.003314917712904414,0.001137293437845736,0.0036120689733375936,-0.002039273447084283
18,4,0.003552694663907438,-0.005092199787743019,0.0008236270692604945,-0.0009647083666203445,0.0017578943505365614
18,Aggregated,0.0007016684826814249,-0.002688004566479007,0.0006001711760619569,0.00032612291171566204,0.0010700465130050736
18,Centralized,-0.0011944688265531273,-0.001050746184087231,0.0004188991386415514,0.001190791640060516,0.0006032416506684309
19,0,-0.00036490812368161855,-8.757070079586649e-05,-0.0004399828360382256,0.0014453932791472668,-0.00013815813855776274
19,1,-0.004218425513635102,0.001559549834119145,0.002401351285317162,0.0012072978870125224,6.00557339663262e-06
19,2,-0.003937987199633811,0.001284475648917449,0.000533484301444113,0.0032975813909930955,0.0002870026141541323
19,3,-0.006861438276484579,0.004474781473428941,0.00222834574963078,0.0031755672243765484,-0.0015127209879162958
19,4,0.008385128580988813,-0.016581995841380388,0.003547949897504425,0.0006917525003223096,0.004016364961626771
19,Aggregated,0.003709349293855376,-0.009551604556133868,0.002642957190586511,0.0012994822890612285,0.0023511328255566705
19,Centralized,0.0005452381298520113,-0.0046979798509503646,0.001957569417565927,0.0017022061136926004,0.0012003164897327093
20,0,-0.0002774521362037698,0.000515728155002849,-0.0015072407670224997,0.0014928124576204904,0.0001742116619310156
20,1,-0.004926903425664624,-0.000590413211003038,0.0024769153765265635,0.0014356388882665707,0.0007406524131949459
20,2,-0.00449164696251665,0.0008609287542539053,-0.0008247658861805321,0.0036747711148100316,0.000867935126888895
20,3,-0.00796970331659471,0.0020018192801732598,0.003370818493456762,0.0030575682371729936,-0.0008868938060551409
20,4,0.00442423401485994,-0.006543473665601047,0.0016034297395811229,-0.0017012615352207216,0.0026238900118470596
20,Aggregated,0.0010445253490831538,-0.0037754361667692196,0.001326408999671779,-0.0001275555409007662,0.00170640147818077
20,Centralized,-0.0011917233335583754,-0.0018492520567066424,0.001047340254887009,0.000951635245728591,0.001072076019962113
21,0,0.0006033670510912702,7.068774514587725e-05,-0.001619253072024801,0.0004476991575717256,0.00035230717169463334
21,1,-0.0031980690976138823,0.0007817769717090251,0.0023929862341863562,0.0016551926320193672,-0.00024814032919747336
21,2,-0.003060648008656733,0.0015027974096545234,0.00018177030306000818,0.0024654654785067564,0.0005194883449019703
21,3,-0.0056628311110745915,0.0028302317498148377,0.002733563545856956,0.003661898982000968,-0.0017284121356331468
21,4,0.008373132422178657,-0.01289795521228037,-0.0003816237210522248,-0.0014955034706835727,0.004899404559555428
21,Aggregated,0.004090410659023557,-0.00747148291086951,0.00011680600713359174,-0.0001371952198052524,0.002920785604976886
21,Centralized,0.0011984443356540752,-0.0037130978751125088,0.0003847490553175681,0.0007636864811847203,0.001564254636626274
22,0,0.001064499718476115,-0.0005266252063232002,-0.0015385023693788413,0.0014905432493574678,-5.9683615097711844e-05
22,1,-0.004023879969133131,0.0003866123725948042,0.002270989778151524,0.000943560182829963,-8.780268261383099e-05
22,2,-0.0029403672231753156,0.0006646835470009401,0.000206457211939944,0.0023435335416155203,0.0008844156464160452
22,3,-0.006367020082393684,0.002705000118165853,0.0021867690853837533,0.003293463923911011,-0.002177539698853174
22,4,0.005878116165759068,-0.01115969566237326,0.0013241835755517313,0.0013228484712311593,0.003323066888985532
22,Aggregated,0.0024585917073746263,-0.006584690376363405,0.0011166443976107334,0.0015885092009374413,0.0019149768254623227
22,Centralized,0.00019365671375191722,-0.0034288614448430956,0.0008993257637937226,0.0017546348556920074,0.0009532973257753356
23,0,5.752429718733354e-06,3.098551274756204e-05,-0.0008066587619387629,0.0012054166351939584,-0.00039308879923299157
23,1,-0.003844608397959461,0.0009071315279146786,0.0011444254233525261,0.0009034819993128154,0.0008182313427924035
23,2,-0.0038904514879212417,0.0011751398153081202,2.89115548945044e-05,0.002769151877949902,5.5671189999636124e-05
23,3,-0.006094150390989335,0.003410394595212742,0.0013873701234497031,0.0022581441737995387,-0.0002276224422149975
23,4,0.006613252942620138,-0.012601810042747364,0.0026715777411801442,0.00036147449476855905,0.004124403972381233
23,Aggregated,0.002763892111326484,-0.007256237025403533,0.0018178526997912133,0.0009053140477327615,0.0025718334665004445
23,Centralized,0.00017404233869781904,-0.0035624972798770803,0.0011799922946785734,0.0012724145789628604,0.0014745391415814065
24,0,-2.225868048964334e-05,-7.222380532443766e-05,-0.0008526307390398539,0.001052365365338485,-0.00019549831462920922
24,1,-0.0032838542855553295,0.0010212649379530683,0.0007889866867289781,0.001634743618191814,-0.0009665576678339032
24,2,-0.0026304207613641346,0.001345846541933804,-0.00038141854929596615,0.00167935418238305,7.781714912387197e-05
24,3,-0.005176950361568716,0.002572775759679252,0.0013645241863318614,0.003215099398072054,-0.002837505359618799
24,4,0.00543178452992495,-0.011409025342916724,0.0017941371477351456,0.002648217268578519,0.0016151390925558007
24,Aggregated,0.0022930919768542036,-0.006582149165016287,0.00119609525150125,0.00236039556260162,0.0006228648672901966
24,Centralized,0.00018332423329768256,-0.003244524939541791,0.0007395490465228582,0.0021279919287479224,-3.5517224342329624e-05
25,0,-1.873182720078063e-05,-0.00016558034746665766,-0.00019706540391830618,0.0008510329540930284,-0.00047090307961131873
25,1,-0.0028208167675539382,0.0011195731629132604,0.001972767152263333,0.0015808595246912507,-0.0013567407520152666
25,2,-0.002091708572371594,0.0008604684131115277,0.0005252753167176975,0.0017894949682436387,-0.0005352983276795
25,3,-0.0041219880201190905,0.0031334052954012223,0.0018791321295631843,0.0027529182474538044,-0.003065133318505614
25,4,0.004336217521027774,-0.007675551392035766,0.0020498282418928817,0.0021738886516023985,-0.0004878976745956258
25,Aggregated,0.0018132583261611357,-0.00426831996519725,0.0016656691663882671,0.0020093633476866548,-0.0008201462153478967
25,Centralized,0.00011799869208115229,-0.0019328609648664268,0.0013567028364242248,0.0018649397424384225,-0.0010157173539722582
26,0,0.0005751089710669187,0.00028938134771657554,-0.0017091845140077575,0.0012017735264358434,-0.0005335532565147581
26,1,-0.0019361658069695622,6.303388822083514e-05,0.0020508993779529677,0.00040941289633069923,0.000584514582316691
26,2,-0.0018843652177825021,0.0006655550437113522,-0.00022661952393919585,0.002060123108521584,0.00034798039938199466
26,3,-0.003404120662285624,0.001997975926011486,0.002146140497449195,0.002111725710510698,-0.0010845481906756956
26,4,0.004218290591001713,-0.007328592132097709,5.715639615448039e-05,0.0007344028868670823,0.002132855469842134
26,Aggregated,0.001970148771866023,-0.004238629035572209,0.0002513803570149381,0.0010063498338867606,0.0012519305785472124
26,Centralized,0.0004645736192539616,-0.0020953909752742805,0.00031452905982561806,0.0011892056452418884,0.0006332544092536234
27,0,0.0006687658837261171,-0.0012829310679685253,-0.000889200122249754,0.0015119783973590502,-5.1835550085727045e-05
27,1,-0.001962048759640152,0.0007106927093088985,0.0011909828207468387,0.00037337274317868023,-0.0004287698676371308
27,2,-0.0015114917385880286,0.000665626031038824,-0.0005358863211777494,0.0014693474862740483,0.000515842661891321
27,3,-0.0034229427126382496,0.0027452696552721905,0.001728237805157007,0.001568639966584571,-0.0026380750944210735
27,4,0.007973351183786373,-0.018246043075734318,0.003966220951797937,0.0037645587422364493,0.0028383385469934407
27,Aggregated,0.004329964523714251,-0.01099930895516197,0.0025927118432133565,0.0027959206873678023,0.0015044859111936265
27,Centralized,0.0018492954446796392,-0.0059909587471601525,0.0015859231094673299,0.002124375486053651,0.0006032815555286305
28,0,0.00010049702939642172,-0.00011372423719302841,-0.00025826441731771437,0.0014232004090964645,-0.0008564465468334355
28,1,-0.001653772470288815,-0.0010856052247562216,0.0020859665299264862,-0.00010841050323733004,0.00029192966941145315
28,2,-0.0016640310820434656,3.7012367413295315e-05,-0.00013083118846637747,0.002265768142356933,1.9264613787373097e-05
28,3,-0.0035064461235678303,0.0014196358052374143,0.002291107980744526,0.0010931050665784,-0.0014491265190581823
28,4,0.002151086601308667,-0.004325012292556596,0.0011273617714668968,-0.00015169661036914067,0.0012883306547627315
28,Aggregated,0.0006861361669466782,-0.0026469691141335124,0.001077498746190184,0.0003529874916920154,0.0006051818968898929
28,Centralized,-0.0002816763535190133,-0.0014848391229851951,0.00099680205653661,0.0007183980215948025,0.00012530138589430344
29,0,0.00047858950604944456,-0.00012691482266266133,-0.0008226140202222343,0.0010778062292298293,-0.000667168578476221
29,1,-0.0017756252372193692,0.001132127029102481,0.0007685062709555342,0.000758803818202002,-0.0009309277530268954
29,2,-0.0015123219962637372,0.00031415347259974304,-0.001067058433430614,0.002415025573802186,-3.5985625552706344e-05
29,3,-0.0034231992796172135,0.002927634856553352,0.0014510513597062106,0.0025662510875189763,-0.0031441829403853093
29,4,0.0038435698776281947,-0.0061776310235021345,0.0013787760151640516,0.0005852251308949351,0.0006976214397907077
29,Aggregated,0.001778533530508992,-0.00341003620672224,0.0008831813274957954,0.0010131015488465537,-2.575243332941813e-05
29,Centralized,0.00039774692092801043,-0.0015181998956464457,0.0004992579601400732,0.0012942968528338622,-0.0005017059685409035
30,0,0.001013084275850896,-0.0009268674938696134,-0.0007276131849581313,0.001337999076422323,-0.000864328094770068
30,1,-0.0021802244173247894,0.0011630945779122549,0.0004246326393122724,0.0009656219260687817,6.441386035071124e-05
30,2,-0.0012429492950319346,0.00048699784370697665,-0.0002243679069756921,0.002029594575625119,-0.00034965727991100314
30,3,-0.004018345982964564,0.003066281290392718,0.00022137553550265107,0.0030230494167588716,-0.0012834584067421236
30,4,0.00497502678874125,-0.011315227947070699,0.0019881476437848228,0.001971759434324468,0.0024481546170126694
30,Aggregated,0.0024587240919196718,-0.006627266514326054,0.0011988226416238682,0.0019210213472597194,0.0012796826767764219
30,Centralized,0.0007820402137669417,-0.0034093772021040044,0.0006266950264364884,0.0018662759473416733,0.0004600201188718567
31,0,0.0014876946121949,-0.0026595908204422028,-0.0002008647253471237,0.0012683889107929188,-0.00014045515592025492
31,1,-0.0011333347156340008,0.00012014398063946626,0.0010833365038561509,0.0014194485890783222,-0.0012430832177714457
31,2,-0.0003705675241572772,-0.0006219289766874063,-0.00042941318847263265,0.002143794461729583,-0.0001857365966912596
31,3,-0.002239795099262139,0.0019750561900515645,0.0012205098280920516,0.0025216611894205193,-0.0030591403467756942
31,4,0.009813867557610385,-0.020603449651388064,0.00489676319622801,0.002800387402620641,0.0028882588892694405
31,Aggregated,0.005846444616945048,-0.012840172815600494,0.003184669126968155,0.0024325793026179765,0.0013417348789227367
31,Centralized,0.003133872481445456,-0.0074825768561014765,0.001961308136871003,0.0021574208093465544,0.00030136195945014893
32,0,0.0006333009465019902,-0.00038118182370486345,-0.0011345071050885835,0.0014035064201277443,-0.0006430125067389047
32,1,-0.0017664758865978227,-6.890723128810486e-05,0.0011414140835791379,0.0007073365990255579,0.00039849969748766514
32,2,-0.0010399641713522655,0.00020843780788918723,-0.00014825247488356452,0.001432571296907742,2.2941298952888767e-06
32,3,-0.0033503860639983877,0.0019802141226694142,0.0010829488739159065,0.0023930151523867257,-0.0013248514531675434
32,4,0.004495391344071086,-0.010237047034450684,0.0021668069428564954,0.0012059622808110117,0.002436502966716229
32,Aggregated,0.002248928823439556,-0.006157273514283197,0.0014284040738159933,0.0013122956971234404,0.0013552497073982344
32,Centralized,0.0007424565692837772,-0.0033328000756258653,0.0008686544805069798,0.0013790787869962019,0.0005988220786367552
33,0,0.0018893714969389131,-0.00043685860235027354,-0.0012454005992243796,0.0005526054954810197,-0.001163839213643722
33,1,-0.0014528875886582768,-1.652571268080383e-05,0.0012430998175953667,0.00040872718503556137,0.00037996247335042864
33,2,6.0206758158949195e-05,0.00023203045396903246,-0.0010066056907618692,0.0015892879985784638,-0.0005231404733617866
33,3,-0.0026570093710513443,0.0014423546059741943,0.0016310307864290479,0.001935293974585019,-0.0012870614055401075
33,4,0.0044865721369492795,-0.006985172817349864,0.001594797104326077,-0.001148809254054135,0.002180331307612101
33,Aggregated,0.00256492770171859,-0.0041980562689943185,0.001044538923461713,-0.00028088834138775387,0.0010988511574958441
33,Centralized,0.0012988086410192603,-0.0022734556856517595,0.0006085674762678638,0.0003090770165388705,0.0003324132481308658
34,0,0.003091863459613442,-0.0010371443264163079,-0.0027924166263417947,0.00016675453442198304,0.0004763958382384988
34,1,-0.0014236533439656528,0.0001469041893618017,0.0011348164291968444,0.0007671156027237595,-0.000932139866516111
34,2,0.0006376022437488961,-8.967291864169409e-05,-0.0016010817361334659,0.0011123807578937153,0.0003770371664351069
34,3,-0.002091850806578677,0.0018765557178872924,0.0011204446553993478,0.002181536449278676,-0.003264185692783561
34,4,0.0075672809434163,-0.010147224822439767,0.0007787394537293879,-0.0010888024378019787,0.0027516051696652535
34,Aggregated,0.00469481422609677,-0.00618226533436759,0.0002766224255679414,-0.0002684987391258158,0.0013801934010927678
34,Centralized,0.0027792537243522698,-0.003450906176733637,-0.00014884941094312208,0.0002759823977353878,0.0004743064872079335
35,0,0.0008446650530851973,2.2472182173970585e-05,-0.0008893549443256358,0.0007326991820566601,-0.0002938308441191075
35,1,-0.0005559839090940489,-0.0006293581167470493,0.001336444215631255,0.0008892010178115472,-0.0019242080716580215
35,2,6.381528730273756e-05,-0.00032033797365542865,-0.0006036968948442763,0.002193025384039571,-0.0011918775813420232
35,3,-0.0013685817750408928,0.0011274315825642014,0.0013727862831888833,0.0023293254735812117,-0.004084285818677676
35,4,0.0026983202559698947,-0.0012037586462506976,0.0016242675124488607,0.00036759496880689653,-0.0035957738956461536
35,Aggregated,0.0015696600435137966,-0.0007244270729388141,0.0011195234820558166,0.000814285350596371,-0.0029373376999959995
35,Centralized,0.0008164458119325535,-0.0003974387620079308,0.0007243620613944245,0.0011041262022949037,-0.002418815864116347
36,0,0.0008722544981655903,-0.0007364863943379643,-0.0009265032497595656,0.001091730199116057,-0.0004946735071009409
36,1,-0.0008250993131349592,0.0002103346725982373,0.0009068603425513706,0.0012306411476084476,-0.0011073630965240167
36,2,-1.3328530046981719e-05,1.3322759261023369e-05,-0.0007547988419987958,0.0015106901214199885,-0.00037917368014548367
36,3,-0.0014295494014447665,0.00139342604760239,0.001088682180842628,0.002320847809854108,-0.002836305224962132
36,4,0.0036111152196627305,-0.005929047717056778,0.0017211107979049586,0.0017250104417674595,-0.0008886700454511324
36,Aggregated,0.0020972117051180606,-0.0035782262060174495,0.0010931443040686128,0.0016536903577595453,-0.0010093522276596028
36,Centralized,0.0010774526890408717,-0.00196553405207718,0.0006173986468214524,0.0015872674115372817,-0.001061909354821039
37,0,0.0012849066249750482,-0.0006896279150172158,-0.0008429249581926608,0.0001574297618776273,-9.509192482804648e-05
37,1,-0.0008175656986300221,0.0005429923872967368,-0.00011360078320894843,0.0008885497144162636,-0.000518616429823529
37,2,-0.00035017224402690377,0.00013291335071288397,-0.0013469461325222236,0.0016038008824630792,0.0004113809649449666
37,3,-0.001598669795818386,0.0021289491687795964,-0.00010191006759246631,0.002389933781734525,-0.002607205737433205
37,4,0.003796025368536013,-0.004639439899010614,-0.0002446462815029212,-0.0003071157792844836,0.0010804983217608496
37,Aggregated,0.0022032405709172575,-0.002663640886413211,-0.00038101703221770126,0.00029194486465010145,0.0003989136896288631
37,Centralized,0.001139133770495122,-0.0013237055434501507,-0.0004890875770200004,0.0006772102710736286,-4.616077591090284e-05
38,0,0.0008583958023478213,-0.0003067243149548288,-0.0010257457608610558,0.0007564218815154456,-0.0002759035459254692
38,1,-0.0005900215545121629,0.0005875778077712354,0.0008283681719594723,0.000969645540281779,-0.0017827943512890103
38,2,6.679196172662549e-05,0.00036467380831585184,-0.0010321409624352684,0.0015493877537259744,-0.0007134200553131261
38,3,-0.0010365039708181794,0.0020160407395630187,0.0009759496697189599,0.002167801596762895,-0.003895298114050242
38,4,0.0034854494834517164,-0.004213415423229894,0.0018997871611653708,0.0017098192072424476,-0.0027593780845148463
38,Aggregated,0.002085950364926774,-0.0023482644495915377,0.0011492450435296262,0.0015763831054000838,-0.0023416796293599875
38,Centralized,0.0011396274889978353,-0.0010774273880204855,0.0005880462176946284,0.0014631749618902678,-0.0019953415410430848
39,0,0.0013243178605111706,-0.0005663588477098839,-0.0011957730881198374,0.001032320364306122,-0.0007758420124732361
39,1,-0.0005246242373633636,-0.00036988557570829714,0.0019140094571269898,-0.0005677615167936699,-0.00024739808894939187
39,2,3.553226978618059e-05,-0.00013540278215976956,-0.0008072574734833212,0.0015798402357889625,-0.0002704886968244576
39,3,-0.0011551929298022697,0.0010830559616763046,0.0021917077248606144,0.00021069634891155987,-0.0018685834268484783
39,4,0.00359529711592562,-0.00657606494008535,0.0009367084139886979,0.0005451110186407353,0.0014068955144059703
39,Aggregated,0.0021902597390912834,-0.0040609540055512455,0.0007795364956464206,0.0005522546624944009,0.0005668010950816567
39,Centralized,0.001250485953972666,-0.002322150132923025,0.0006083621918443065,0.0005762672022651322,-1.2329666858325779e-05
40,0,0.0008496246633010851,-0.00019144432267738192,-0.00090217711205605,0.00047000402734774055,-0.00014505123463717147
40,1,-0.0004211144072045083,-0.0016125167533323954,0.0009437414869340706,0.0005925729198965825,-9.834574900389747e-05
40,2,-0.00039373068758483863,-0.00011037444249044256,-0.000940454462956497,0.0014007335069238533,0.0002835303228785909
40,3,-0.0010571355373019638,-0.0003953212714508806,0.0011706855876480312,0.0019171765356559233,-0.00198522810255022
40,4,0.0015652084271628322,-0.0025952018216957836,0.0007352591285591237,0.00012957496599255806,4.883210263678661e-05
40,Aggregated,0.0008691379587580412,-0.0018237938284195805,0.0004801279569629656,0.0004986919544873205,-0.00015573254177398798
40,Centralized,0.00041504568385748915,-0.0012724286725191252,0.00026497745942788604,0.0007372108810914092,-0.0002778278379115059
41,0,0.0004985463733393647,4.8085149149657005e-05,-0.0007416805318621322,0.000896988886841658,-0.0006007563008407417
41,1,6.613433249963163e-05,-0.0004831855831203972,0.001466326292173581,0.0008282774388995181,-0.002005138893768117
41,2,0.00039802777479370686,0.00032872407048870067,-0.0009569352267470558,0.0012743327948070296,-0.0010804732147179077
41,3,-0.000543447314874527,0.0004968837577753182,0.001706716209990633,0.0017312450603230352,-0.0031890068817703268
41,4,0.004049775737928466,-0.005827149635683118,0.00207066547142174,0.002503570193354525,-0.002878429945961804
41,Aggregated,0.002541623794641057,-0.0035621070340192866,0.0014199470334665093,0.001998600021706295,-0.002435098795781662
41,Centralized,0.0015013114142885457,-0.0019790509573185382,0.0009213497579782348,0.001634770775622646,-0.002083786265671955
42,0,0.0007160672565620048,-0.0004774212770639136,-0.0007456663670351101,0.00042956560166570085,-9.332651025403723e-05
42,1,-0.000651723305759345,-0.00025032257937212534,0.0009638092570377399,0.0007703295718884775,-0.0003026698022478328
42,2,4.358518307662022e-05,1.8524959703682583e-05,-0.0009732946111781475,0.0012173579967646388,-2.5836532318447105e-05
42,3,-0.0009147109600351663,0.0011772791495359147,0.0008504487375568248,0.0018340792843207405,-0.002316142922349801
42,4,0.002178339727363047,-0.003366949537487902,0.00030914258179838653,0.0012482760691134584,-0.0001301117320250363
42,Aggregated,0.0012684689864376568,-0.0020350402064912092,0.00020005080280679208,0.0011773692388239525,-0.00034204104185899225
42,Centralized,0.0006609966445063777,-0.0011248779420989655,9.405495913892374e-05,0.0011072313988874833,-0.00046242320163289257
43,0,0.0011939663975956665,0.0003159479539148811,-0.00044538572400775004,-0.0007326348341445688,-0.0005452187374294537
43,1,6.469267987609014e-05,-0.0006303707276976193,0.00021677824225818838,0.000392273319711565,0.00020176371710829607
43,2,0.00019311398523305933,1.264764803369604e-06,-0.0011783704482584922,0.0009035441703181944,0.0003806331592390281
43,3,0.00018707888861007788,0.00022262531674419606,0.0006335721414191586,0.0010722660283196462,-0.001959823126040746
43,4,0.002751223142891169,-0.0011064760444356781,-0.0002447861567578868,-0.0021986885241282996,0.0009861947926455932
43,Aggregated,0.0018560780124875938,-0.0006921162580442589,-0.00022512740713673404,-0.0012018427652724095,0.00042541414347664267
43,Centralized,0.0012504422917120515,-0.0003943776532082795,-0.0002272291803012009,-0.0005357419439607057,4.353686734597795e-05
44,0,0.0015040905492490707,-0.00011206842661110606,-0.0021687713346645395,0.0009809607406026989,-0.0005161523959365404
44,1,-0.00041069403319310416,-2.6137950298399383e-05,0.00123128732271691,-0.0002663537629080161,-0.00047755521769505166
44,2,0.0005056347182470093,0.00013842522009572072,-0.0014881304881447714,0.0011183203870207001,-0.0002449525417383682
44,3,-0.0002559790786734887,0.0011237834872776095,0.00118520864087349,0.0002996625162809167,-0.0023486272114701724
44,4,0.0021253118227241804,-0.003931991790533936,0.0010673508283531512,0.0005981580864948775,3.5847506261070064e-05
44,Aggregated,0.001441188905701272,-0.002321371161974873,0.0005407154211408799,0.0005733129562853544,-0.0003207050408729962
44,Centralized,0.000997310493101013,-0.0012097601122546616,0.00010902295907038635,0.0005717488126452869,-0.0005489287523375148
45,0,0.0013890103869426036,-0.0002444679951704674,-0.000660316006297131,-3.163057132794522e-05,-0.0008320820521401697
45,1,0.0005020984370930774,-0.0006295689907875213,0.0003626763565611202,0.0006811513623786329,-0.0011866062070822322
45,2,0.0007462437249616779,-0.0003518633997154593,-0.001268574582945827,0.0012226402109096813,-0.0004411011799362633
45,3,0.0005243793954482916,0.0010387111077665213,0.00050152714726641,0.0011063604124752731,-0.003398423606565702
45,4,0.002916779223672079,-0.0024106927621776113,-0.0005632997575007348,0.00038674755343872194,-0.0006528413916676097
45,Aggregated,0.00210388781148881,-0.0015069786691492826,-0.000449715086492028,0.0005235515992801539,-0.0009631471161675208
45,Centralized,0.0015519338397708554,-0.0008871456734692788,-0.00038957136441697404,0.0005988708533969739,-0.0011478546383377217
46,0,0.0009008694455553245,3.3237893129424896e-05,-0.0017158409575056136,0.0008144394599186958,-0.00011625600761933826
46,1,0.00028521205074778696,-0.000810050916957783,0.0007873612917609037,-0.0005862006037506705,9.179260500234154e-05
46,2,0.00013745765546010295,-8.610330467123672e-05,-0.001190403118541078,0.0010037215377014723,0.0002999786380286843
46,3,0.0002971664648567518,7.300231919724065e-05,0.0011262467437522055,0.00025394230096748016,-0.0019976009005188513
46,4,0.0015713375156904195,-0.001589548142927863,0.00041205583378948194,-0.0006707026813816297,2.231192413640152e-05
46,Aggregated,0.0011255231778542103,-0.0010573552194270358,0.00015962785640360121,-0.0002722692816089864,-0.00015080044918363075
46,Centralized,0.0008259132311134315,-0.0006797204169743165,-6.802246492025137e-05,2.1896286384179285e-05,-0.0002513899943435057
47,0,0.0016798488101487281,2.245184560897377e-05,-0.0017631137295729311,0.0004051846689030562,-0.0008818194749189481
47,1,-0.0003357339005985699,-0.0002534602682829438,0.0011947804115153894,0.0008773601229252127,-0.000874755198575126
47,2,0.0007752881104647613,0.000346887315187816,-0.0013553808676001811,0.0009352661905789225,-0.0007262397218897784
47,3,-9.817275283169521e-05,0.0005888240807624197,0.0010753377706207324,0.0013275292244815642,-0.0023636294072373813
47,4,0.002245326291822757,-0.0035956872581975794,0.0012033505861015815,-2.6407874474577524e-05,0.00038978017575745557
47,Aggregated,0.0015801388458737853,-0.002153705985576009,0.0006621964776481994,0.00032252490178754744,-0.00022242583443112478
47,Centralized,0.0011501863584727637,-0.0011499237318590538,0.00022980813140520046,0.0005517171443983272,-0.000633405946581574
48,0,0.0006396245638314202,7.727706780832714e-05,-0.0004537548401853072,0.00012285934570498795,-0.00016115250770297186
48,1,0.00045423007433126604,-0.00033374706474744906,0.0006300132212239333,0.0009667645425329284,-0.002040615281660674
48,2,0.00022668704771343178,0.00018146165584196166,-0.0007026935334552454,0.0010997439975418762,-0.000654594897436279
48,3,0.00020575932543772472,0.0009243754663549985,0.0008664795116580914,0.0016524589698706164,-0.0036989089011160233
48,4,0.002853927376425015,-0.0033859705291100096,0.0009707769497562728,0.0008999639441371073,-0.0016013521842337896
48,Aggregated,0.0019087514056851944,-0.0020103373773530135,0.0006321382795076669,0.0009230745501129016,-0.0016156474703808807
48,Centralized,0.0012541879539678224,-0.0010551445016918756,0.0003727705963674888,0.0009137408107553035,-0.0015702380233641104
49,0,0.0005273304992744736,-0.0002947116655986089,-0.0005937519780089957,0.00041419310367646345,6.860391249509657e-05
49,1,0.0010375366356069457,-0.0017315639951513695,0.0001353955561102941,0.0005825380585065339,-0.0005449541214262786
49,2,0.0005325491907017255,-0.0007384867045559036,-0.0009314330167451072,0.0010878914428861242,3.848366610964549e-06
49,3,0.0008593824830425663,-0.00032315986998009046,0.00023804062398672388,0.0012422972149665164,-0.002348012794416001
49,4,0.0023758848334415866,-0.0014689810674248867,-0.0012489817609436054,0.0009353466059534836,-0.0010982215330558672
49,Aggregated,0.0017501757019145559,-0.0012025085980249392,-0.0008815799525944078,0.0008957260605641554,-0.0009479274380404052
49,Centralized,0.001304866939103369,-0.001005694194505032,-0.000638400900786588,0.000855730297561529,-0.0008096122232937338
50,0,0.0009343063897904966,9.739194142415382e-05,-0.0004318877503175944,-0.0008541588024430243,5.183613344732681e-06
50,1,0.0008190025056267471,5.8869226821911536e-05,-0.0004980316008586338,0.0009046088939622378,-0.0011428428365613122
50,2,0.0004693486223939447,5.895913418572281e-05,-0.000990674938051032,0.0007522717574493649,-9.070285479607088e-05
50,3,0.0006627565207708611,0.0009306116337682616,-0.0006340298524957082,0.001838151065686655,-0.0025186765940995596
50,4,0.0029974768853846304,-0.00043402581463247806,-0.0016843102198289457,0.00046833178688957905,-0.0013176011588737712
50,Aggregated,0.002127318363755352,-0.00015858824302736565,-0.0012845524637221004,0.0005416614641804546,-0.0011719875986105825
50,Centralized,0.0015229558024837423,2.450641742209695e-05,-0.0010008371100458343,0.0005466241556735474,-0.0010322088051790634
