Round,Evaluator,0,1,3,2
0,0,,,,
0,1,,,,
0,2,,,,
0,3,,,,
0,Aggregated,,,,
0,Centralized,,,,
1,0,0.16111639708214406,0.16110053916904535,0.0522201078338091,0.15867427846495405
1,1,0.1599984142086901,0.16077545195052334,0.05233904218204886,0.15857120202981292
1,2,0.16008563273073265,0.16043450681890267,0.05264827148747223,0.15803996194100858
1,3,0.01494027471838679,0.014911919387286074,0.9108657628777975,0.014689553896022495
1,Aggregated,0.047048596460708705,0.04710817670874737,0.721371472353774,0.04641799974134959
1,Centralized,0.04696606800364972,0.0470254222296706,0.7218585321118001,0.046336447684486894
2,0,0.029582936885505822,0.03016967967015538,-0.0822629241991754,0.030217253409451306
2,1,0.02857595940374245,0.029527434189660622,-0.0835870599429115,0.02919441801458929
2,2,0.028369806533460218,0.029812876625436118,-0.08255629559150017,0.02932128131937839
2,3,-0.2237556486804324,-0.22376161822382204,0.6717639105284836,-0.2237631106096695
2,Aggregated,-0.1679978969410043,-0.16778318899362502,0.5052035562728532,-0.1678415255185582
2,Centralized,-0.16814121185036235,-0.1679270711133456,0.5056316686218648,-0.1679852615310132
3,0,0.02554709800190298,0.02735490009514747,-0.07350142721217888,0.024976213130352098
3,1,0.0274104027909927,0.0275848398350777,-0.07712496035521722,0.025935616872819516
3,2,0.027037741833174738,0.0264985727878211,-0.07581668252457978,0.0250396447827466
3,3,-0.2244361766268498,-0.22341090754968151,0.6720444790677961,-0.22456452180972677
3,Aggregated,-0.16900893209890383,-0.16810379798452932,0.5070382213281338,-0.16940648268972616
3,Centralized,-0.16915139750107075,-0.16824595460216382,0.5074623391616856,-0.16954825614956337
4,0,0.02469077069457661,0.02315255312400886,-0.06709483032032985,0.023342848081192507
4,1,0.0231287662543609,0.024000951474785915,-0.06832381858547416,0.025570884871550913
4,2,0.023842372343799545,0.024191246431969588,-0.06792737075800824,0.02474627339042181
4,3,-0.22424216646668693,-0.22418844057618034,0.6712311287809595,-0.22417053194601147
4,Aggregated,-0.16947090438327325,-0.16945237391288778,0.5081038622389018,-0.1692680644908347
4,Centralized,-0.16961168370482085,-0.16959306277116734,0.5085231504757648,-0.16940918105133795
5,0,0.022986045036473213,0.025380589914367285,-0.06584998414208691,0.020432921027592782
5,1,0.024492546780843644,0.02677608626704724,-0.06967174119885826,0.022494449730415488
5,2,0.023913732952743395,0.02626070409134158,-0.06874405328258802,0.022470662860767477
5,3,-0.22400860808156778,-0.2235176131377712,0.6708766871422004,-0.2217565978378314
5,Aggregated,-0.16930873661425452,-0.16840922655349397,0.5077599840217932,-0.16799488071752133
5,Centralized,-0.16944933243952862,-0.16855087239074162,0.5081792451073497,-0.16813306519188873
6,0,0.023786869647954307,0.02032984459245163,-0.06549318109736764,0.02213764668569616
6,1,0.024722486520773846,0.022692673644148408,-0.07032984459245158,0.023580716777672085
6,2,0.02439739930225182,0.02265302886140184,-0.0698461782429432,0.02346178242943227
6,3,-0.222632628330259,-0.21410812036987292,0.6568990012953908,-0.2213044049260672
6,Aggregated,-0.16812505588351395,-0.16201428323507713,0.49676442294097467,-0.16736421977537055
6,Centralized,-0.16826515743999404,-0.16214818073478204,0.4971760190305942,-0.1675028629685493
7,0,0.02192356485886456,0.022637170948303236,-0.064755788138281,0.022859181731684147
7,1,0.023874088169996848,0.023731366952109107,-0.06819695528068505,0.024207104345068193
7,2,0.023771011734855695,0.023501427212178877,-0.06706311449413259,0.02359657469077069
7,3,-0.2079729221511846,-0.22771718691237317,0.6377561680307073,-0.20142134828106995
7,Aggregated,-0.15694689675477122,-0.17231070977607008,0.4822630809588271,-0.15176098548838624
7,Centralized,-0.1570780496434091,-0.172453121799527,0.4826627469601326,-0.1518886281958177
8,0,0.022518236600063458,0.022343799555978438,-0.06684110371075168,0.02235965746907706
8,1,0.023707580082461172,0.02220107833809069,-0.06814145258483982,0.022898826514430686
8,2,0.023065334601966397,0.021162385030130033,-0.06721376466856963,0.023652077386615917
8,3,-0.20262421127407962,-0.20444939916545782,0.6203430099631678,-0.2120516126721467
8,Aggregated,-0.15279926140334155,-0.1544852619522232,0.4685332086429198,-0.16017369339669327
8,Centralized,-0.15292732715118337,-0.15461368545518872,0.46892340744464933,-0.160307035919781
9,0,0.021281319378369783,0.02204249920710431,-0.06438312718046306,0.021439898509356143
9,1,0.022129717729146865,0.02347764034253093,-0.06813352362829052,0.022335870599429136
9,2,0.021400253726609586,0.023414208690136384,-0.06678560101490642,0.021971138598160467
9,3,-0.21167702382444778,-0.18542894154026165,0.5268808538834865,-0.1305986855065456
9,Aggregated,-0.16018340974422543,-0.1394258706716809,0.39591451596857546,-0.09693318868334315
9,Centralized,-0.16031576448243112,-0.13954411299182543,0.3962511405321863,-0.09701971956873919
10,0,0.02214557564224549,0.022716460513796388,-0.06948144624167456,0.02100380589914369
10,1,0.022764034253092313,0.023414208690136367,-0.07236758642562639,0.022288296860133172
10,2,0.022161433555344157,0.023937519822391406,-0.0715746907706946,0.02186013320647004
10,3,-0.1395910564300937,-0.26385605640024595,0.510232543562743,-0.10606908552564814
10,Aggregated,-0.10384318556456695,-0.20045782202966134,0.3819020555049296,-0.07786192513327626
10,Centralized,-0.10393506880434981,-0.20062077537567732,0.3822319051077221,-0.0779344263821388
11,0,0.022256581033935945,0.02469869965112592,-0.06229781160799238,0.022098001902949565
11,1,0.025142721217887715,0.025000000000000012,-0.06545353631462102,0.022827465905486816
11,2,0.02381858547415162,0.025198223913732914,-0.06500158579130987,0.022549952426260688
11,3,-0.13474901054818314,-0.2649104270014387,0.5278285188965895,-0.12819594429222106
11,Aggregated,-0.09976483641784768,-0.20092416156344006,0.3971348880656223,-0.09493363845121065
11,Centralized,-0.09985475671750184,-0.20108862633372435,0.39747081168649795,-0.09501913300932911
12,0,0.01910878528385664,0.022708531557247058,-0.0630510624801776,0.024088169996828408
12,1,0.019663812242308926,0.023834443387250243,-0.06657151918807487,0.024785918173168452
12,2,0.019330796067237543,0.024151601649222965,-0.06603235014272124,0.025309229305423387
12,3,-0.12635210157775031,-0.175120286299301,0.4161017986234233,-0.1136623447172526
12,Aggregated,-0.09418638253948328,-0.13126319759088728,0.3098568213751008,-0.08311457708319274
12,Centralized,-0.09426905852559449,-0.1313759240638326,0.31012990428840104,-0.08319309442675456
13,0,0.019061211544560724,0.023850301300348903,-0.07293054234062797,0.026213130352045654
13,1,0.019830320329844598,0.025158579130986337,-0.07645892800507455,0.02813986679352995
13,2,0.02005233111322553,0.025444021566761815,-0.07571360608943861,0.027172534094513173
13,3,-0.1310807261352579,-0.15307103159679314,0.4116298644316696,-0.1278273249879117
13,Aggregated,-0.09780938567052408,-0.1138044876342976,0.30420524548296973,-0.09361259555953462
13,Centralized,-0.09789490345045908,-0.11390541496750645,0.30448136044541274,-0.09370053814498262
14,0,0.02431810973675864,0.02308119251506503,-0.06634157944814464,0.02560260069774818
14,1,0.024920710434506815,0.023556929908024143,-0.06830796067237549,0.026014906438312706
14,2,0.025515382175705686,0.02294640025372661,-0.06706311449413259,0.02564224548049478
14,3,-0.1317582693099805,-0.13681596494684123,0.4058647779031382,-0.13667269590549017
14,Aggregated,-0.09717406325834024,-0.10149571943879045,0.30143376564324753,-0.10081934033378323
14,Centralized,-0.09726295551458952,-0.10158650354728788,0.30170218609761085,-0.10091149470234435
15,0,0.022415160164922288,0.02273231842689501,-0.06642086901363782,0.02279575007928958
15,1,0.0226450999048525,0.02278782112274026,-0.06826831588962892,0.024643196955280656
15,2,0.022629241991753868,0.022819536948937513,-0.06677767205835712,0.023041547732318406
15,3,-0.13121951801906676,-0.13617573141830383,0.3988311634043112,-0.13132846218592736
15,Aggregated,-0.0972740468130791,-0.10108840328163567,0.29597081299695205,-0.09715358490712782
15,Centralized,-0.09736129732044767,-0.1011785887194384,0.2962351963577454,-0.09724142506005247
16,0,0.01749127814779573,0.023422137646685704,-0.06301934665398035,0.022010783380907072
16,1,0.01760228353948619,0.025103076435141147,-0.06522359657469075,0.023279416428797994
16,2,0.018109736758642563,0.024579765302886136,-0.06539803361877573,0.02251823660006345
16,3,-0.13005769563686076,-0.15334040724225,0.4088995445238394,-0.12543876143913749
16,Aggregated,-0.09743455975729638,-0.1141135808386954,0.30439255309133906,-0.09276056388446527
16,Centralized,-0.09751841144815006,-0.11421440608532114,0.3046611688360054,-0.09284455710109303
17,0,0.02069457659372025,0.02178877259752614,-0.06230574056454167,0.0210593085949889
17,1,0.022478591817316835,0.022034570250554997,-0.06546939422771964,0.022383444338725005
17,2,0.02264509990485251,0.021804630510624794,-0.06495401205201395,0.021741198858230264
17,3,-0.1324052185748312,-0.1332693099804796,0.39598592978623054,-0.13015917787448442
17,Aggregated,-0.09833570310284388,-0.09902305957546673,0.2943965375350588,-0.09663211814657845
17,Centralized,-0.09842327244288028,-0.09911108317971067,0.29465765413477835,-0.09671829320522134
18,0,0.022224865207738708,0.021130669203932778,-0.0640738978750396,0.02090865842055183
18,1,0.022129717729146858,0.021225816682524573,-0.06670631144941325,0.02344592451633366
18,2,0.021352679987313678,0.021114811290834107,-0.06539010466222643,0.022637170948303215
18,3,-0.12492388832178226,-0.1540298895037519,0.4042731483968791,-0.1253283248864295
18,Aggregated,-0.09251394410458824,-0.1153597046158798,0.300601266256389,-0.0927345953056998
18,Centralized,-0.09259724782600592,-0.11545909911922986,0.30086773550825835,-0.09281837141314259
19,0,0.02235172851252774,0.021764985727878234,-0.06334443387250238,0.01989375198223914
19,1,0.024159530605772278,0.022462733904218202,-0.06646844275293372,0.021083095464636853
19,2,0.023437995559784337,0.02289882651443072,-0.06571519188074848,0.020805581985410732
19,3,-0.1274885534005504,-0.13989475695004086,0.3971895389721641,-0.12956446211429287
19,Aggregated,-0.09420037268204935,-0.1040757644302797,0.2951285245808542,-0.09641895812748438
19,Centralized,-0.09428593374671808,-0.10416783047502003,0.2953908533973893,-0.09650415246820475
20,0,0.01810973675864257,0.021614335553441177,-0.0660957817951158,0.030367903583888328
20,1,0.020845226768157293,0.022859181731684147,-0.06948144624167456,0.030724706628607674
20,2,0.020139549635268022,0.022851252775134778,-0.06883920076117984,0.03022518236600062
20,3,-0.12108323334348159,-0.16068070703271908,0.40519021950011047,-0.12308601515070113
20,Aggregated,-0.09000762104209938,-0.12025890891736779,0.3007091663224336,-0.08919736288331669
20,Centralized,-0.09008749511200491,-0.12036280561607361,0.30097771539765,-0.08928446734819286
21,0,0.019632096416111643,0.019743101807802116,-0.05025372660957817,0.02505550269584525
21,1,0.019798604503647333,0.02082936885505866,-0.05425784966698385,0.026665080875356805
21,2,0.01924357754519505,0.020734221376466855,-0.05313193783698067,0.026474785918173167
21,3,-0.12602452288424457,-0.15292776255544213,0.4032172854098391,-0.12305616743375297
21,Aggregated,-0.09388910739482682,-0.1146601266643363,0.3026132295164813,-0.09013963678609813
21,Centralized,-0.09397170549131333,-0.11475848649051261,0.30287181349272857,-0.09022424259352362
22,0,0.01729305423406279,0.013867745004757376,-0.052243894703457056,0.025650174437044048
22,1,0.018418966064065973,0.015548683793212817,-0.05692197906755469,0.02618934348239771
22,2,0.01868855058674281,0.015231525531240095,-0.055510624801776064,0.026157627656200427
22,3,-0.123008411086636,-0.15208605693750488,0.40161744778141917,-0.1261558528388164
22,Aggregated,-0.09185321653918187,-0.11522994749391076,0.3008490555610766,-0.09256969318385924
22,Centralized,-0.09193329516041933,-0.11532467925441785,0.3011080619332253,-0.0926560201478502
23,0,0.013162067871868058,0.022058357120202987,-0.05591500158579129,0.022312083729781145
23,1,0.015421820488423712,0.0236203615604187,-0.05987155090390108,0.022732318426895003
23,2,0.014589280050745326,0.023390421820488422,-0.05854741516016491,0.022185220424992057
23,3,-0.12302855829557591,-0.1508914020666559,0.3994736355116197,-0.12549994925888117
23,Aggregated,-0.09269501617054615,-0.11250211329115675,0.2984678754645368,-0.09285083378191071
23,Centralized,-0.09277298288736197,-0.11260078580340016,0.29872749194644616,-0.09293475224847775
24,0,0.025721535045987964,0.02527751347922616,-0.06387567396130671,0.019061211544560763
24,1,0.026585791309863605,0.025872185220424965,-0.06637329527434192,0.021622264509990458
24,2,0.02582461148112906,0.02641135426577862,-0.06521566761814147,0.020496352679987322
24,3,-0.10990675573225406,-0.18557967251084972,0.4124432147185062,-0.11601658339153637
24,Aggregated,-0.07989744909564277,-0.13890858656288188,0.3070198226286337,-0.08590593113396205
24,Centralized,-0.07997458242556287,-0.13902854589129102,0.3072907938104017,-0.0859833249539132
25,0,0.021305106248017763,0.020908658420551868,-0.06875198223913734,0.018545829368855044
25,1,0.019735172851252824,0.02025848398350778,-0.06921186171899776,0.019227719632096418
25,2,0.019941325721535074,0.02017919441801457,-0.06864097684744684,0.019766888677450068
25,3,-0.1259670660291194,-0.1401939803124459,0.39504572670236454,-0.12991442659550972
25,Aggregated,-0.09367456289329133,-0.10473423953958516,0.2926429152207297,-0.09700379361301054
25,Centralized,-0.09375756475429677,-0.10482538219466321,0.29290612256298526,-0.09708838426158688
26,0,0.020464636853790037,0.025777037741833153,-0.0650253726609578,0.02192356485886456
26,1,0.022779892166190918,0.026887091658737688,-0.06697589597209008,0.021400253726609586
26,2,0.02289882651443066,0.026530288614018394,-0.06723755153821759,0.02104345068189022
26,3,-0.12928762453959897,-0.12981443674373344,0.3881926908910737,-0.12855337070267495
26,Aggregated,-0.0958823567062105,-0.09533259965951489,0.28784457746068387,-0.09544086201475951
26,Centralized,-0.09596821872148674,-0.09542122879541176,0.2881025035845297,-0.09552597154721336
27,0,0.018894703457025052,0.02323977164605139,-0.06251982239137328,0.02114652711703142
27,1,0.02249444973041546,0.025111005391690477,-0.06898985093561688,0.022431018078020948
27,2,0.02160640659689188,0.024587694259435456,-0.06626228988265145,0.021780843640976866
27,3,-0.12222490851674754,-0.14984001623715806,0.3966448181378606,-0.12462466495937728
27,Aggregated,-0.09061025206496065,-0.11139810581386489,0.2945389403368485,-0.09230644006093039
27,Centralized,-0.09069151164739402,-0.11149691358024694,0.29480138446641707,-0.09238950803493291
28,0,0.022034570250555042,0.01703932762448458,-0.061996511259118314,0.024064383127180445
28,1,0.02170948303203299,0.02091658737710116,-0.06701554075483666,0.025055502695845232
28,2,0.02266095781795117,0.0191246431969553,-0.06576276562004442,0.024357754519505243
28,3,-0.13053302052925966,-0.13649510198964881,0.39366153882889504,-0.1263647868574533
28,Aggregated,-0.09683359586393651,-0.10216571033460237,0.29243470664020355,-0.09306504792512105
28,Centralized,-0.09692021395452764,-0.10225394763793456,0.29269489134685217,-0.0931506386980243
29,0,0.02270060260069774,0.02165398033618775,-0.061520773866159235,0.019259435458293683
29,1,0.0235965746907707,0.02269267364414838,-0.06633365049159533,0.022137646685696177
29,2,0.023691722169362512,0.022819536948937513,-0.06647637170948302,0.02148747224865205
29,3,-0.12826683261997288,-0.1362764674630038,0.3930130971781968,-0.12829966510861582
29,Aggregated,-0.09480394015345087,-0.1012532469403089,0.29196207041966005,-0.0953522550309366
29,Centralized,-0.09488995028210719,-0.10134326760143754,0.292221803251215,-0.09543694020818205
30,0,0.02237551538217573,0.018078020932445277,-0.06395496352679987,0.022359657469077105
30,1,0.02350935616872817,0.017689502061528705,-0.06499365683476054,0.023414208690136374
30,2,0.02259752616555662,0.017919441801458918,-0.06441484300666032,0.0238978750396448
30,3,-0.12863022857381637,-0.13796957920688652,0.39138863518329475,-0.1248335989780142
30,Aggregated,-0.09519796801466922,-0.10356441321151023,0.29076736193790503,-0.09215188307239743
30,Centralized,-0.09528389940971638,-0.10365284527866225,0.291025990168147,-0.09223588533229055
31,0,0.025721535045987943,0.008103393593403072,-0.06347922613384077,0.028702822708531573
31,1,0.027196320964161125,0.008721852204249916,-0.06435141135426574,0.028528385664446553
31,2,0.02604662226450996,0.008904218204884249,-0.0639153187440533,0.028203298445924497
31,3,-0.1256812741393411,-0.14217064536733587,0.3926571631535904,-0.12484106090725122
31,Aggregated,-0.09212869613330926,-0.1088952316708845,0.2918748936794939,-0.09099789131067923
31,Centralized,-0.09221493678193021,-0.10898075992030236,0.29213393572053703,-0.09108487887082661
32,0,0.020440849984142074,0.022534094513162045,-0.06021249603552173,0.021614335553441177
32,1,0.02285125277513479,0.022042499207104355,-0.06458928005074537,0.022169362511893432
32,2,0.02258166825245796,0.02178877259752617,-0.0643196955280685,0.02251823660006345
32,3,-0.12508506599330219,-0.15044368631243396,0.39800512783777164,-0.12223460902475565
32,Aggregated,-0.0926272924827553,-0.11235216546636588,0.29623547330693517,-0.09037453196966162
32,Centralized,-0.0927107191404577,-0.11245007262164125,0.2964970532372493,-0.09045642236001712
33,0,0.023128766254360916,0.021542974944497296,-0.06741991753885186,0.021891849032667342
33,1,0.023564858864573435,0.021994925467808457,-0.06958452267681571,0.02250237868696479
33,2,0.023279416428797994,0.020647002854424373,-0.06812559467174117,0.022486520773866165
33,3,-0.12802506611269304,-0.13312902571082333,0.38823746246649593,-0.12728036557483718
33,Aggregated,-0.09461670717683865,-0.09901992065697221,0.2874459973551454,-0.09426391676937046
33,Centralized,-0.09470257713721765,-0.09910759175465057,0.28770506303186044,-0.094348779397799
34,0,0.021241674595623223,0.021939422771963202,-0.06480336187757686,0.020385347288296846
34,1,0.022851252775134778,0.022708531557247096,-0.06793529971455757,0.02151918807484937
34,2,0.022454804947668883,0.02205835712020297,-0.06747542023469712,0.021915635902315267
34,3,-0.12589020815797802,-0.13942017825056563,0.39179008697624723,-0.12656924371854797
34,Aggregated,-0.093205120966919,-0.10373686302848567,0.29057613781331904,-0.09393495938374391
34,Centralized,-0.09328913189207301,-0.10382858034001825,0.2908362894065508,-0.09401883972962406
35,0,0.022129717729146837,0.023192197906755446,-0.06559625753250874,0.022177291468442783
35,1,0.023786869647954307,0.023723437995559777,-0.06823660006343167,0.02310497938471297
35,2,0.02293847129717727,0.024365683476054566,-0.06743577545195055,0.022605455122105943
35,3,-0.12929434027591225,-0.13352525415330982,0.390611102156796,-0.12763928437113845
35,Aggregated,-0.09568806596569011,-0.09880654065175941,0.28957980543272743,-0.09446951677052443
35,Centralized,-0.09577444463065381,-0.09889577863434072,0.2898394875519059,-0.09455477347634207
36,0,0.018418966064065956,0.018625118934348244,-0.06080716777672057,0.02243101807802091
36,1,0.02165398033618779,0.020987947986045058,-0.06791151284490965,0.02308119251506501
36,2,0.021614335553441156,0.02143989850935619,-0.06852204249920708,0.023279416428797967
36,3,-0.1261909239062304,-0.13529000041786807,0.39011189909083854,-0.12881901538351337
36,Aggregated,-0.09379708420782172,-0.10093433356124842,0.28948716385080714,-0.0953223299162583
36,Centralized,-0.0938803465355753,-0.10102263840008939,0.28974580097946107,-0.09540842690352495
37,0,0.02192356485886456,0.021971138598160467,-0.0676419283222328,0.022320012686330454
37,1,0.02309705042816367,0.022605455122105923,-0.07052806850618458,0.02292261338407865
37,2,0.022835394862036156,0.022898826514430686,-0.07026641294005707,0.022914684427529326
37,3,-0.12508058883575998,-0.140176071682277,0.3902014422416828,-0.1250611878197437
37,Aggregated,-0.09247795267107174,-0.10426931293438008,0.2887331755140613,-0.09244066482901174
37,Centralized,-0.09256175167122878,-0.10436160456585296,0.28899398078319644,-0.09252450980392157
38,0,0.022066286076752307,0.022399302251823693,-0.06721376466856961,0.02322391373295275
38,1,0.023493498255629564,0.023065334601966404,-0.07040120520139549,0.0246035521725341
38,2,0.02301776086267049,0.02295432921027592,-0.06962416745956228,0.023842372343799562
38,3,-0.1286645534483067,-0.13014052305139182,0.38738157918300825,-0.12858545699839413
38,Aggregated,-0.09521771528766834,-0.09637955241367793,0.2866238534743497,-0.09492855087549036
38,Centralized,-0.09530368415172337,-0.09646632869672088,0.286882832430218,-0.09501505968009237
39,0,0.023826514430700902,0.022716460513796388,-0.06589755788138284,0.021447827465905473
39,1,0.024587694259435466,0.02279575007928956,-0.06816523945448776,0.022684744687599085
39,2,0.02475420234697111,0.022549952426260688,-0.06757056771328891,0.0226450999048525
39,3,-0.12557979190171745,-0.1376352847770674,0.39112746765999856,-0.12767062447393399
39,Aggregated,-0.0924760828524294,-0.10224619888532514,0.2899553535861059,-0.09457561548375483
39,Centralized,-0.0925611697670521,-0.1023371599351991,0.2902153976500381,-0.09466068003649702
40,0,0.02338249286393911,0.019069140501110093,-0.06678560101490642,0.022906755470980023
40,1,0.02497621313035205,0.02040913415794478,-0.07001268633047893,0.023866159213447518
40,2,0.024127814779575013,0.02016333650491593,-0.06970345702505548,0.02417538851887094
40,3,-0.12772658894321173,-0.13832999038903512,0.39205349307831455,-0.12613122847233416
40,Aggregated,-0.0941991758757049,-0.10340713226101572,0.2903187614011866,-0.09306915021264765
40,Centralized,-0.09428535184254139,-0.10349689495931323,0.2905802515688137,-0.09315413012308431
41,0,0.022343799555978455,0.024294322867110685,-0.0657151918807485,0.0207897240723121
41,1,0.024286393910561355,0.02446083095464636,-0.07048049476688867,0.022970187123374574
41,2,0.02418331747542025,0.024072312083729775,-0.0695845226768157,0.022756105296542994
41,3,-0.12331360399243063,-0.14654855925070293,0.3951278079239719,-0.12511342132440287
41,Aggregated,-0.09088339651861904,-0.10884136159125521,0.29276755209591476,-0.09260213305344002
41,Centralized,-0.09096675232296143,-0.1089382809154051,0.29303065005679385,-0.09268569726086068
42,0,0.023065334601966386,0.023620361560418645,-0.06715033301617508,0.02141611163970822
42,1,0.02591975895972089,0.022113859816048225,-0.06889470345702506,0.023144624167459566
42,2,0.02464319695528065,0.02296225816682525,-0.06810973675864258,0.022026641294005722
42,3,-0.11832903526209278,-0.1643482452527206,0.40346278288173737,-0.12063327901048847
42,Aggregated,-0.08679199635906015,-0.12301595828124438,0.29938229055828414,-0.08910567160743459
42,Centralized,-0.08687305644004994,-0.12312219522186844,0.29964981006647673,-0.08918670744651136
43,0,0.023921661909292735,0.023842372343799545,-0.06970345702505551,0.023461782429432292
43,1,0.024873136695210917,0.024302251823660016,-0.07300190294957186,0.0247779892166191
43,2,0.02431810973675864,0.023905803996194103,-0.07214557564224548,0.024873136695210917
43,3,-0.12929732504760713,-0.13453858414369882,0.39189306159971826,-0.12791388336706125
43,Aggregated,-0.0953771040981959,-0.09953960143879322,0.2895794189223267,-0.09429903866737706
43,Centralized,-0.0954642897044858,-0.09962955980112836,0.28984239707278914,-0.09438543936092958
44,0,0.02237551538217571,0.024151601649222976,-0.06858547415160164,0.02243894703457024
44,1,0.023477640342530904,0.02492071043450682,-0.07205042816365369,0.023842372343799535
44,2,0.02293847129717727,0.024730415477323176,-0.07108309546463686,0.023889946083095442
44,3,-0.1286376905030534,-0.13052555860002266,0.3919587265770041,-0.1327059343230836
44,Aggregated,-0.0951810300782383,-0.09628346539699176,0.28986103369837235,-0.09824975123600735
44,Centralized,-0.09526702418859277,-0.09637147831592276,0.29012345679012347,-0.09833831443308566
45,0,0.02053599746273389,0.01988582302568982,-0.06311449413257213,0.022312083729781117
45,1,0.025229939739930263,0.019203932762448455,-0.07021883920076118,0.025594671741198893
45,2,0.02469077069457658,0.019283222327941652,-0.06893434823977163,0.02467491278147796
45,3,-0.12465824364094391,-0.14934678271459015,0.40356724989105586,-0.12966967531653506
45,Aggregated,-0.09195747811388616,-0.11208545960530152,0.2996025479546778,-0.09570635107321028
45,Centralized,-0.09204152933728098,-0.11218123289201722,0.29986976984526004,-0.09579364746848408
46,0,0.02482556295591501,0.022906755470980023,-0.07103552172534093,0.024635267998731364
46,1,0.02550745321915639,0.024841420869013642,-0.07558674278464952,0.02533301617507135
46,2,0.025015857913098644,0.02526958452267684,-0.0739058039961941,0.02533301617507137
46,3,-0.12390831975262213,-0.14003951837723932,0.3953374881355325,-0.13141651295092438
46,Aggregated,-0.09101312980758682,-0.10375510275393747,0.29184581730955217,-0.09686749018932227
46,Centralized,-0.09109768076271348,-0.10384836508202522,0.2921118233618234,-0.09695629201348153
47,0,0.025015857913098627,0.024984142086901306,-0.07155883285759597,0.023842372343799562
47,1,0.026673009831906125,0.02583254043767839,-0.07586425626387568,0.02611798287345381
47,2,0.02583254043767841,0.026371709483032024,-0.0738661592134475,0.02546780843640974
47,3,-0.13242312720500007,-0.1374957467003349,0.39548299575565465,-0.12911898493884202
47,Aggregated,-0.09748855477060868,-0.10146596430597912,0.29190319931256814,-0.09506777630093995
47,Centralized,-0.09757834757834756,-0.10155857214680745,0.29216943187531424,-0.09515529858667117
48,0,0.022415160164922326,0.02533301617507137,-0.07200285442435773,0.025396447827465918
48,1,0.02368379321281321,0.02714081826831589,-0.07476213130352047,0.02555502695845227
48,2,0.022946400253726584,0.02613384078655252,-0.07308912147161438,0.024865207738661566
48,3,-0.1414005742700741,-0.1449584221302913,0.397564127819863,-0.13163887844218797
48,Aggregated,-0.1051080090176049,-0.10717692467217822,0.29363054537631444,-0.09700285023119505
48,Centralized,-0.10520129229279562,-0.10727403497011344,0.29389768728004023,-0.0970918756866469
49,0,0.018958135109419582,0.02285918173168412,-0.06765778623533142,0.025840469394227728
49,1,0.021455756422454796,0.02419917538851889,-0.07150333016175069,0.025943545829368853
49,2,0.020615287028227125,0.023993022518236613,-0.07080558198541069,0.026387567396130667
49,3,-0.13280667036778354,-0.13858071121139942,0.38573025424285307,-0.1351706095500755
49,Aggregated,-0.09900091562039309,-0.10276299188019386,0.28513634555571427,-0.09958172802707052
49,Centralized,-0.09908780701264362,-0.10285505465244027,0.28539490345045904,-0.0996732026143791
50,0,0.02569774817634,0.024000951474785908,-0.0718918490326673,0.02571360608943864
50,1,0.02691087852838565,0.025658103393593357,-0.07481763399936571,0.027101173485569296
50,2,0.026141769743101794,0.025222010783380888,-0.07414367269267365,0.025824611481129068
50,3,-0.13984923918169495,-0.1395462848546715,0.37822504581624555,-0.13349167547174312
50,Aggregated,-0.10318502426585004,-0.10323364406410415,0.2784867982295278,-0.09823897537482909
50,Centralized,-0.10327926279723665,-0.10332697893972408,0.2787431568068823,-0.09832958587043555
