Round,Evaluator,0,1,3,2
0,0,,,,
0,1,,,,
0,2,,,,
0,3,,,,
0,Aggregated,,,,
0,Centralized,,,,
1,0,,,,
1,1,,,,
1,2,,,,
1,3,,,,
1,Aggregated,,,,
1,Centralized,0.320431649684906,0.32058626413345337,0.48123666644096375,0.32053735852241516
2,0,,,,
2,1,,,,
2,2,,,,
2,3,,,,
2,Aggregated,,,,
2,Centralized,-0.896740198135376,-0.8996835947036743,-0.42609596252441406,-0.8988895416259766
3,0,,,,
3,1,,,,
3,2,,,,
3,3,,,,
3,Aggregated,,,,
3,Centralized,-0.7814121842384338,-0.7769460678100586,-0.33606526255607605,-0.7760618329048157
4,0,,,,
4,1,,,,
4,2,,,,
4,3,,,,
4,Aggregated,,,,
4,Centralized,-0.8532094955444336,-0.8472371697425842,-0.38846355676651,-0.847503125667572
5,0,,,,
5,1,,,,
5,2,,,,
5,3,,,,
5,Aggregated,,,,
5,Centralized,-0.4065588414669037,-0.4307817220687866,-0.08140087127685547,-0.43080663681030273
6,0,,,,
6,1,,,,
6,2,,,,
6,3,,,,
6,Aggregated,,,,
6,Centralized,-0.9130691289901733,-0.9133293032646179,-0.4359090328216553,-0.9123029112815857
7,0,,,,
7,1,,,,
7,2,,,,
7,3,,,,
7,Aggregated,,,,
7,Centralized,-0.6446315050125122,-0.6650559306144714,-0.24967071413993835,-0.6585885286331177
8,0,,,,
8,1,,,,
8,2,,,,
8,3,,,,
8,Aggregated,,,,
8,Centralized,-0.9008102416992188,-0.9002071022987366,-0.42606252431869507,-0.898845374584198
9,0,,,,
9,1,,,,
9,2,,,,
9,3,,,,
9,Aggregated,,,,
9,Centralized,-0.9250802993774414,-0.922737717628479,-0.4425286650657654,-0.9213530421257019
10,0,,,,
10,1,,,,
10,2,,,,
10,3,,,,
10,Aggregated,,,,
10,Centralized,-0.8082629442214966,-0.810725748538971,-0.359828919172287,-0.8084500432014465
11,0,,,,
11,1,,,,
11,2,,,,
11,3,,,,
11,Aggregated,,,,
11,Centralized,-0.8041105270385742,-0.7931791543960571,-0.3493357300758362,-0.7941496968269348
12,0,,,,
12,1,,,,
12,2,,,,
12,3,,,,
12,Aggregated,,,,
12,Centralized,-0.7038021087646484,-0.702765703201294,-0.28191739320755005,-0.7023885846138
13,0,,,,
13,1,,,,
13,2,,,,
13,3,,,,
13,Aggregated,,,,
13,Centralized,-0.6908696293830872,-0.7192007303237915,-0.28924667835235596,-0.7123703956604004
14,0,,,,
14,1,,,,
14,2,,,,
14,3,,,,
14,Aggregated,,,,
14,Centralized,-0.6644103527069092,-0.6552942395210266,-0.24713313579559326,-0.6551342606544495
15,0,,,,
15,1,,,,
15,2,,,,
15,3,,,,
15,Aggregated,,,,
15,Centralized,-0.8875545859336853,-0.890674352645874,-0.4189905822277069,-0.8891867995262146
16,0,,,,
16,1,,,,
16,2,,,,
16,3,,,,
16,Aggregated,,,,
16,Centralized,-0.7569656372070312,-0.7557284235954285,-0.31960874795913696,-0.7536647915840149
17,0,,,,
17,1,,,,
17,2,,,,
17,3,,,,
17,Aggregated,,,,
17,Centralized,-0.7600257396697998,-0.753309965133667,-0.3198123872280121,-0.7539496421813965
18,0,,,,
18,1,,,,
18,2,,,,
18,3,,,,
18,Aggregated,,,,
18,Centralized,-0.5746393203735352,-0.6070029735565186,-0.2059929370880127,-0.599348247051239
19,0,,,,
19,1,,,,
19,2,,,,
19,3,,,,
19,Aggregated,,,,
19,Centralized,-0.8738362789154053,-0.867135763168335,-0.4029446840286255,-0.8672781586647034
20,0,,,,
20,1,,,,
20,2,,,,
20,3,,,,
20,Aggregated,,,,
20,Centralized,-0.5276919603347778,-0.500927209854126,-0.13733217120170593,-0.5063653588294983
21,0,,,,
21,1,,,,
21,2,,,,
21,3,,,,
21,Aggregated,,,,
21,Centralized,-0.7075474262237549,-0.6868650317192078,-0.27186936140060425,-0.6887456774711609
22,0,,,,
22,1,,,,
22,2,,,,
22,3,,,,
22,Aggregated,,,,
22,Centralized,-0.7355859279632568,-0.7610892653465271,-0.32009071111679077,-0.754347562789917
23,0,,,,
23,1,,,,
23,2,,,,
23,3,,,,
23,Aggregated,,,,
23,Centralized,-0.7611600160598755,-0.7528536319732666,-0.3175744116306305,-0.7509161829948425
24,0,,,,
24,1,,,,
24,2,,,,
24,3,,,,
24,Aggregated,,,,
24,Centralized,-0.5755496621131897,-0.6076709032058716,-0.20392632484436035,-0.5965473055839539
25,0,,,,
25,1,,,,
25,2,,,,
25,3,,,,
25,Aggregated,,,,
25,Centralized,-0.5116864442825317,-0.4806787371635437,-0.11903168261051178,-0.48162737488746643
26,0,,,,
26,1,,,,
26,2,,,,
26,3,,,,
26,Aggregated,,,,
26,Centralized,-0.3233017921447754,-0.3551608622074127,-0.014494210481643677,-0.3406542241573334
27,0,,,,
27,1,,,,
27,2,,,,
27,3,,,,
27,Aggregated,,,,
27,Centralized,-0.8097836971282959,-0.8256474733352661,-0.3673437833786011,-0.8187245726585388
28,0,,,,
28,1,,,,
28,2,,,,
28,3,,,,
28,Aggregated,,,,
28,Centralized,-0.8440102934837341,-0.8588099479675293,-0.3945949375629425,-0.8558819890022278
29,0,,,,
29,1,,,,
29,2,,,,
29,3,,,,
29,Aggregated,,,,
29,Centralized,-0.8861415386199951,-0.8728195428848267,-0.40749919414520264,-0.8735008239746094
30,0,,,,
30,1,,,,
30,2,,,,
30,3,,,,
30,Aggregated,,,,
30,Centralized,-0.9534558057785034,-0.9560337066650391,-0.46680936217308044,-0.9545742869377136
31,0,,,,
31,1,,,,
31,2,,,,
31,3,,,,
31,Aggregated,,,,
31,Centralized,-0.9476529359817505,-0.9439703226089478,-0.45878326892852783,-0.9435935020446777
32,0,,,,
32,1,,,,
32,2,,,,
32,3,,,,
32,Aggregated,,,,
32,Centralized,-0.9491705894470215,-0.947979748249054,-0.46173295378685,-0.947624683380127
33,0,,,,
33,1,,,,
33,2,,,,
33,3,,,,
33,Aggregated,,,,
33,Centralized,-0.9390260577201843,-0.932932436466217,-0.4508051872253418,-0.9326727390289307
34,0,,,,
34,1,,,,
34,2,,,,
34,3,,,,
34,Aggregated,,,,
34,Centralized,-0.9237771034240723,-0.9240841269493103,-0.4431341886520386,-0.9221854209899902
35,0,,,,
35,1,,,,
35,2,,,,
35,3,,,,
35,Aggregated,,,,
35,Centralized,-0.9333602786064148,-0.9363033771514893,-0.45168501138687134,-0.9338762164115906
36,0,,,,
36,1,,,,
36,2,,,,
36,3,,,,
36,Aggregated,,,,
36,Centralized,-0.9419957399368286,-0.9375355243682861,-0.4544868767261505,-0.9377050399780273
37,0,,,,
37,1,,,,
37,2,,,,
37,3,,,,
37,Aggregated,,,,
37,Centralized,-0.9467035531997681,-0.9470384120941162,-0.46054086089134216,-0.94598788022995
38,0,,,,
38,1,,,,
38,2,,,,
38,3,,,,
38,Aggregated,,,,
38,Centralized,-0.9461187124252319,-0.9498171806335449,-0.4619218111038208,-0.9478769898414612
39,0,,,,
39,1,,,,
39,2,,,,
39,3,,,,
39,Aggregated,,,,
39,Centralized,-0.943099856376648,-0.9473159313201904,-0.45977818965911865,-0.9449465870857239
40,0,,,,
40,1,,,,
40,2,,,,
40,3,,,,
40,Aggregated,,,,
40,Centralized,-0.9693908095359802,-0.9665240049362183,-0.4756931960582733,-0.966723620891571
41,0,,,,
41,1,,,,
41,2,,,,
41,3,,,,
41,Aggregated,,,,
41,Centralized,-0.9480162858963013,-0.949333667755127,-0.4616919755935669,-0.9475643634796143
42,0,,,,
42,1,,,,
42,2,,,,
42,3,,,,
42,Aggregated,,,,
42,Centralized,-0.9423208236694336,-0.9357305765151978,-0.453165739774704,-0.9358983635902405
43,0,,,,
43,1,,,,
43,2,,,,
43,3,,,,
43,Aggregated,,,,
43,Centralized,-0.9432177543640137,-0.9365513920783997,-0.454407662153244,-0.9375969767570496
44,0,,,,
44,1,,,,
44,2,,,,
44,3,,,,
44,Aggregated,,,,
44,Centralized,-0.9524836540222168,-0.9476123452186584,-0.462090402841568,-0.9481052756309509
45,0,,,,
45,1,,,,
45,2,,,,
45,3,,,,
45,Aggregated,,,,
45,Centralized,-0.9369639158248901,-0.9314379096031189,-0.4504188299179077,-0.9321390986442566
46,0,,,,
46,1,,,,
46,2,,,,
46,3,,,,
46,Aggregated,,,,
46,Centralized,-0.9408814907073975,-0.9356452226638794,-0.4533855617046356,-0.9361963868141174
47,0,,,,
47,1,,,,
47,2,,,,
47,3,,,,
47,Aggregated,,,,
47,Centralized,-0.9470075964927673,-0.9433268308639526,-0.4591491222381592,-0.9440792202949524
48,0,,,,
48,1,,,,
48,2,,,,
48,3,,,,
48,Aggregated,,,,
48,Centralized,-0.930260419845581,-0.9255321025848389,-0.44616442918777466,-0.9263203740119934
49,0,,,,
49,1,,,,
49,2,,,,
49,3,,,,
49,Aggregated,,,,
49,Centralized,-0.8878625631332397,-0.8822844624519348,-0.41423773765563965,-0.8826872706413269
50,0,,,,
50,1,,,,
50,2,,,,
50,3,,,,
50,Aggregated,,,,
50,Centralized,-0.9098081588745117,-0.9045534729957581,-0.4304867386817932,-0.9048888087272644
