Round,Evaluator,0,1,3,2
0,0,,,,
0,1,,,,
0,2,,,,
0,3,,,,
0,Aggregated,,,,
0,Centralized,,,,
1,0,0.10071423476322612,0.1020415582641484,-0.005986801720425129,0.10497124968006732
1,1,0.09632615942335732,0.09801364280843013,0.017815881951306706,0.10081795680808746
1,2,0.09968440353442853,0.10237044414755098,0.023162537172289287,0.1030585424198675
1,3,0.06677371201127,0.06564915751872712,0.2006152171484903,0.06649011111549942
1,Aggregated,0.07386698503703194,0.07341012285831619,0.15890673472317618,0.074537978362985
1,Centralized,0.07239753627010646,0.07110325481407641,0.18208824249044184,0.07286724410391544
2,0,0.029568309223175358,0.029697609057455984,-0.053204448436881914,0.029381373598376323
2,1,0.026589767688527416,0.021873202486494454,-0.05780473009101472,0.02666666320913765
2,2,0.020682836070328028,0.02221611146448428,-0.06203486850962057,0.021584700376218745
2,3,-0.027992779004943413,-0.03467980679519645,0.09306242842295005,-0.030639794449400126
2,Aggregated,-0.01615987942352181,-0.021595544405252756,0.05978775550376782,-0.018164340073691894
2,Centralized,-0.014163494817507678,-0.024573860854981686,0.07118276740863082,-0.01913788033663016
3,0,0.019259420542389785,0.02063617618930633,-0.05203643675233607,0.018866201265353624
3,1,0.021570487915491255,0.023321507748908666,-0.058761923093043365,0.019679240770241784
3,2,0.020504080258851184,0.022504383374702026,-0.05650006279867586,0.017883391359013942
3,3,-0.02757695130553482,-0.024092409550499672,0.0813855180992072,-0.027737378077178996
3,Aggregated,-0.01697682217841321,-0.013884128158961596,0.05111112355675017,-0.0174627526986563
3,Centralized,-0.017512128805307874,-0.014643293615921224,0.05358784316065055,-0.016747388507759836
4,0,0.018095028860133634,0.0172756036434142,-0.048883593368658766,0.01921126992926117
4,1,0.018893123753531273,0.020338939305952954,-0.05619192217654111,0.02368254504673673
4,2,0.019929126017688942,0.021104953645971574,-0.057837420263318166,0.02304631961756637
4,3,-0.03346827838119429,-0.03184454859856944,0.09375555805537461,-0.025561802926760788
4,Aggregated,-0.021892694150623972,-0.020494775831518142,0.06107332181159447,-0.015067575820731134
4,Centralized,-0.02140985858895432,-0.02027568532536442,0.06202319012648142,-0.015247801487275036
5,0,0.017348553325317064,0.01209326973452724,-0.037945140860277796,0.014720077084766733
5,1,0.019155015006562717,0.014422137801630796,-0.04305103778715785,0.01752803811998432
5,2,0.018480531041304357,0.013772797287977945,-0.041811814793047845,0.017367540118597855
5,3,-0.029092436282576743,-0.031747479592913,0.10049253811423157,-0.02993130275742384
5,Aggregated,-0.01862500183164775,-0.021775287234165136,0.06927408018187103,-0.019673703827264775
5,Centralized,-0.021805083248749257,-0.022456744553964986,0.07161252404739969,-0.019106716914638076
6,0,0.015465991442558868,0.015520175854331145,-0.03232535519725343,0.010802955652567064
6,1,0.018485661248812305,0.02070895677043373,-0.04000385814835843,0.015279565618218272
6,2,0.0192794991483908,0.02117173313884119,-0.03919923931208564,0.015447949012886972
6,3,-0.04042564315901863,-0.017903919845974975,0.09280414283406853,-0.0316651621975893
6,Aggregated,-0.02758553476149305,-0.0097283778169778,0.06411273126769045,-0.0216197358073534
6,Centralized,-0.025112582594464236,-0.012061643272129169,0.0676067382235672,-0.019801251235799653
7,0,0.011092651342910343,0.013505121018197086,-0.03365167187062508,0.013911688281753843
7,1,0.014125953588783829,0.015530882201289828,-0.03802630865592418,0.014895965941974487
7,2,0.014742135349252039,0.01604867798615163,-0.03577186842623678,0.011895434910207323
7,3,-0.026144462744076048,-0.03373115670577723,0.08576939388123561,-0.018117085671871383
7,Aggregated,-0.017433155896458857,-0.02296817481402929,0.05893090814243472,-0.011123093766130835
7,Centralized,-0.017010020147495114,-0.027106020814352632,0.06423072027632103,-0.013478608449246152
8,0,0.015442318545984135,0.01073676710150763,-0.034496109592581224,0.015318455468558334
8,1,0.017674175630748194,0.010630340305706759,-0.016876553600455965,0.019611355200803236
8,2,0.016328379588045016,0.00963228444956038,-0.018027025172341078,0.017273521008849168
8,3,-0.027805612736272165,-0.02903559905363698,0.10671053805421338,-0.020113627534964013
8,Aggregated,-0.018029797365724284,-0.020345478470324023,0.07804926282301831,-0.011832750798454278
8,Centralized,-0.018075685448254063,-0.02302569870402932,0.07979993335674779,-0.014395430518206678
9,0,0.027488222539230778,0.009982714151067116,-0.0443645181968119,0.0013131452589974224
9,1,0.01700310638747307,0.004888623959177617,-0.04708120717830332,-0.004935219790060054
9,2,0.01729993993250886,0.006049828725496471,-0.04303249857864494,-0.004585768688015269
9,3,-0.01952716646670509,-0.033980325187361694,0.0597827789972974,-0.03430136028085682
9,Aggregated,-0.010670273531449125,-0.02494026690217397,0.03669177352546942,-0.027333717597788115
9,Centralized,-0.013645921873018422,-0.023336296522776745,0.040117028743624064,-0.02603998390488735
10,0,0.02101178077499322,0.01318917303266976,-0.041426108406983055,0.0017366206337046802
10,1,0.020184746877145637,0.01325343485402486,-0.04619425860475148,0.006890765392719637
10,2,0.016534148962903436,0.014528793932301345,-0.04335769647441923,0.006537267257939521
10,3,-0.015427317318438378,-0.0341658091794036,0.06516165318837518,-0.018871121648087772
10,Aggregated,-0.007774185065323369,-0.02360953403895198,0.04114087104389612,-0.013589775777681262
10,Centralized,-0.007812044774394303,-0.028024102230963185,0.0430845405672482,-0.012202974238212977
11,0,0.026853545419070368,0.031268691120572824,-0.0275221905001162,-0.0002902958741633488
11,1,0.03182113774832447,0.028417161342229564,-0.03410079331238166,0.004010938871288769
11,2,0.02511567336613572,0.030565454194803308,-0.034140061311725096,0.0026620493798006815
11,3,-0.0041909600017161945,-0.022225370127794426,0.08023838051194788,-0.02245275522000291
11,Aggregated,0.0028993385870735387,-0.010678827239090895,0.05548069389069381,-0.017026978445730513
11,Centralized,0.0035788793221230067,-0.013893364176303024,0.05671325510105855,-0.017502835634773714
12,0,-0.0016884079431129934,0.005734668885940287,-0.011246385366583156,0.007361393043959853
12,1,-0.0035334150845466963,0.007153156980550894,-0.017986517919526213,0.009713582584561425
12,2,0.0012984045420983785,0.008404810397585607,-0.01736812346336521,0.007692225936173848
12,3,-0.036012468174817056,-0.02826209850888514,0.0856900902796466,-0.01998751650907367
12,Aggregated,-0.028351878153138926,-0.020456929988271436,0.06334629766654935,-0.01375319669817379
12,Centralized,-0.028202038032287283,-0.018507064106644013,0.057888989174711525,-0.011846895450841782
13,0,0.002456824809038277,0.006364916062401786,-0.057337025129549975,0.02817316062830255
13,1,0.0061158007405113885,0.010091865585441126,-0.0629465753090786,0.03159256293569029
13,2,0.0074911257405033405,0.01027184951661253,-0.05936535909923243,0.02819544848037824
13,3,-0.022700018865464883,-0.028136735527447058,0.04153566136387238,-0.011825918412724276
13,Aggregated,-0.01650734051924804,-0.019959264816201843,0.019148851152479416,-0.002743420944285301
13,Centralized,-0.01622071457139265,-0.01888018425537895,0.017333503777429076,0.00040486126156256036
14,0,0.013035610240339238,0.0210914810331916,-0.037770733735541476,0.03032606917076879
14,1,0.013207584123982133,0.01663484671986822,-0.04367951007636862,0.037644522049269886
14,2,0.013261036591325418,0.016524484758611912,-0.036699484528238076,0.029735104442696902
14,3,-0.014796900211698624,-0.016250411015304334,0.06422528267340201,-0.005176487851837487
14,Aggregated,-0.008624005480981566,-0.00867163632391818,0.04135508627290051,0.0031552278360665945
14,Centralized,-0.009780528674987956,-0.008059755587415654,0.03849437710500642,0.004568303117522182
15,0,0.013232076597362327,0.02287258987968475,-0.056493322655670246,0.027620431509370377
15,1,0.007973964602241016,0.022380914875374098,-0.052646837183566546,0.030684834334182513
15,2,0.008210804268710256,0.01920703397215191,-0.0484596467650367,0.027372595244593984
15,3,-0.02645123623526838,-0.015057887631244285,0.06114255972828225,-0.011609820802081242
15,Aggregated,-0.018448021166282254,-0.006991126354249916,0.036050140792575826,-0.0027430274439301204
15,Centralized,-0.015099573175408271,-0.006045004260494614,0.02788272087568464,0.0007835699593335826
16,0,-0.008497056222370908,0.02780726841796038,-0.03141376326413312,0.010823376315704333
16,1,-0.013122858514033187,0.021765255529473573,-0.02379954219172101,0.015577561439206841
16,2,-0.010677935380734546,0.01725408631715859,-0.01908576220762666,0.011555246108042788
16,3,-0.03302423872436642,-0.02005492917026688,0.07759858793034435,-0.024035174180267516
16,Aggregated,-0.028111019165025838,-0.010711044917542632,0.05500289554497518,-0.015936957582061904
16,Centralized,-0.03129194500808252,-0.007509549277244403,0.05162004303409071,-0.01314321739165516
17,0,6.738288172905098e-05,0.023220939878185822,-0.03486975024467371,0.01449775019518102
17,1,0.002873264147503843,0.01841576708539983,-0.03719198635704774,0.01883081637303201
17,2,0.003996559198536688,0.013631304873027161,-0.031624175033379394,0.016862706543947142
17,3,-0.02959501930904095,-0.023103740360696196,0.06846770229656671,-0.012522520816253388
17,Aggregated,-0.02255188274750828,-0.013937340485766427,0.04572527986893121,-0.006065324376180882
17,Centralized,-0.021447305924863366,-0.008028616611824363,0.03899508023694747,-0.006523198576427529
18,0,0.014437514669767637,0.015003445105685007,-0.02609043967423673,0.008045045983478804
18,1,0.006144073263955251,0.013157523452764178,-0.010285022883244857,0.019625329941881122
18,2,0.004526662202615203,0.012203711745886659,-0.013942160149088728,0.01746196241334907
18,3,-0.031475655101408435,-0.023201032969965257,0.09166557269160745,-0.013734499099323186
18,Aggregated,-0.02268038836077016,-0.015109727428748377,0.06772930929690987,-0.007382005393582872
18,Centralized,-0.019062709718625198,-0.015669043907272185,0.06377089637837507,-0.007782536408101365
19,0,0.013971598560912868,0.002386713896694171,-0.029012951119753407,0.0033956297865010746
19,1,0.010349219452795225,-0.002548693575135342,-0.040009375696979675,0.00644503216663037
19,2,0.012291668678789896,0.0016250797429472746,-0.03488754507102823,0.003822842929975742
19,3,-0.023259801067158508,-0.041958003692855204,0.07888091454766953,-0.025970983409382573
19,Aggregated,-0.015431605441214318,-0.03258868223927487,0.053823436031604235,-0.019232890815522118
19,Centralized,-0.014335089331516088,-0.02781068263555996,0.04486416618565254,-0.019749933042902772
20,0,0.011491469804056029,0.006431614026749207,-0.04625285655080355,0.032881038570457766
20,1,0.011356764082883006,0.006441323709395467,-0.04767409161343721,0.03551687542397952
20,2,0.008114963137568751,0.006928409497199671,-0.04235365509155677,0.03221578706778711
20,3,-0.015219898227679926,-0.04502741436598462,0.063269789046014,0.0004612254397722143
20,Aggregated,-0.009582072014516704,-0.03363125394839739,0.039276455696589975,0.007762459081066566
20,Centralized,-0.010054148508155983,-0.02820620280833977,0.03322056306785009,0.009741306802692437
21,0,0.013792657031814476,0.0033643917466553014,0.018089879321594768,0.014532698672521749
21,1,0.010021893826827133,0.006698561016354479,0.027934153731621586,0.022732393550544346
21,2,0.004249523900894003,0.006090021881456631,0.024615645438017586,0.023248360509019572
21,3,-0.021016716263959637,-0.041114907435333255,0.13676335282555474,-0.014209163617403195
21,Aggregated,-0.014312634148515553,-0.030850823752026267,0.11177225978639597,-0.0066201689653956905
21,Centralized,-0.014175765788622596,-0.026944173606475687,0.10264856752567719,-0.0021670845081208506
22,0,0.009172339815004186,-0.022918424821299705,-0.0008916616090158905,0.017828784010546595
22,1,0.008470793449710362,-0.031069647728398,-0.011413952514002896,0.015973233170226534
22,2,0.008210891255854733,-0.0259615263924035,-0.00461945440764099,0.015299044841332071
22,3,-0.019178038228571875,-0.06906897411155254,0.1038279500483882,-0.025431444375767984
22,Aggregated,-0.013042432711640075,-0.05970552335093772,0.07966399109191916,-0.01620499220163708
22,Centralized,-0.011813213539497935,-0.055783490242563565,0.07226735474323363,-0.013047062008824986
23,0,-0.014374990876909239,0.006731416405566251,-0.003047445786872887,0.012957212894900691
23,1,-0.011403909918579614,0.009314125169047713,-0.008108349404455248,0.012635831445210821
23,2,-0.01326452531925632,0.009457400802949892,-0.006369459119474827,0.012543253636298412
23,3,-0.041118769359674436,-0.0309312918717391,0.0983038761559698,-0.024917056020198145
23,Aggregated,-0.03491512231043731,-0.022227145022791547,0.07531512164104043,-0.01661092320560607
23,Centralized,-0.03503476019170073,-0.019937547398713635,0.06870360889420848,-0.011628828243818445
24,0,0.018234629816542492,0.024923208358909682,-0.018555204769145805,-0.006873379480368989
24,1,0.014202802544557922,0.015414864763139366,-0.013688641474813459,0.0038170229492664187
24,2,0.016612966387790976,0.017895004812399293,-0.009702467678663984,0.00035097631250961825
24,3,-0.011430040535007272,-0.034716877578787615,0.11981934718907772,-0.04562311739210271
24,Aggregated,-0.0052979387596879205,-0.022768866740135944,0.09028446607161549,-0.03575148319625057
24,Centralized,-0.004483186131817062,-0.02278569496719811,0.0811460592846621,-0.031039534619612244
25,0,0.021399360122065763,0.024263660313285567,-0.059231146419085744,0.01027255320142656
25,1,0.012766319530779427,0.019449942192537834,-0.05631190673445938,0.02294097853698947
25,2,0.011548087763144255,0.020768041821177547,-0.0531293989558308,0.020152249629679802
25,3,-0.023861791306538593,-0.028615209211671835,0.061506776742343144,-0.018075416819302585
25,Aggregated,-0.015231052384187645,-0.017554297576340146,0.03551924896596591,-0.010158916099500278
25,Centralized,-0.011408706734513135,-0.009730602177578105,0.025167702283003034,-0.007075489943204644
26,0,-0.00302152999641551,0.024717609272395358,-0.044956973387364686,0.010786120068572566
26,1,-0.0009435122367797144,0.018108360590218132,-0.04828030347944986,0.014862326384439304
26,2,-0.0009856022347997928,0.01346737270822615,-0.04455836690253595,0.010370386395484099
26,3,-0.028660381047128248,-0.020187949553809693,0.06724290516155172,-0.038181126508952785
26,Aggregated,-0.0226982480695559,-0.011589728823111059,0.04226108458610706,-0.02710292822218665
26,Centralized,-0.022902064022870035,-0.005909218966585227,0.03198765007824302,-0.020814595072673355
27,0,0.012429248035530685,0.015210164331552783,-0.04148725143438443,0.014163958792071487
27,1,0.012991245054607256,0.015311012931341822,-0.04587670447331935,0.01879102196327941
27,2,0.01102526415505003,0.01484785483544746,-0.03871803958653259,0.015046839899477032
27,3,-0.025709457358158553,-0.03525592173212214,0.08532173039500542,-0.017099116707888704
27,Aggregated,-0.01735280063134754,-0.02413544613308245,0.05721112799244187,-0.009792795379047235
27,Centralized,-0.016796835019877013,-0.019432831892154404,0.04452250285137105,-0.006101237349996148
28,0,0.014316840534824191,0.017621952731598178,-0.04886746965353262,0.035636081678453106
28,1,0.0018145163589711928,0.021912665589695957,-0.048458490890399664,0.037371076449273545
28,2,0.001876949618829828,0.01586667649344628,-0.03832956496542821,0.033136688115520646
28,3,-0.0277829428898145,-0.02651983851919951,0.06761080648747082,0.0012800882570287765
28,Aggregated,-0.020325198854237895,-0.016589573848805012,0.04270524410951589,0.008807470746398005
28,Centralized,-0.019878531304422645,-0.011898429479921252,0.03493329061091015,0.011542209478587829
29,0,0.015192618469912628,0.017759970697019557,-0.0520881997657811,0.008270082332679313
29,1,0.012767784598311118,0.016564380263351875,-0.05455953613035305,0.018872053642668557
29,2,0.007614819573582297,0.017808844559527165,-0.04130238208997921,0.01549775149827066
29,3,-0.0199666320621719,-0.021956188229051654,0.06510276394492032,-0.030141303573792366
29,Aggregated,-0.012941680175865522,-0.013273751400199946,0.03984619612752191,-0.020350618926309773
29,Centralized,-0.012032539735824258,-0.008984512465547337,0.03219320384076778,-0.01675276087640161
30,0,0.020455239158499033,0.019766507202968343,-0.050630585260508724,0.007803365005368629
30,1,0.013005574141360415,0.01780259387872114,-0.05046147970171381,0.018790363289168433
30,2,0.006295552552685074,0.013968058862223695,-0.037822193301037095,0.016691885299060377
30,3,-0.031132961495643038,-0.022374284977281833,0.07058828854989217,-0.018321786489928046
30,Aggregated,-0.021335547902203197,-0.013643414510081843,0.04478571293382837,-0.011092590370317708
30,Centralized,-0.018053371118239167,-0.008257331213858451,0.03537469368337346,-0.010457280913207473
31,0,0.016950162855713696,-0.012006815131576013,-0.03969992819292948,0.03245434283426094
31,1,0.0184144583334651,-0.00910638976166612,-0.04586892836091901,0.035643385080776774
31,2,0.014930114348405263,-0.009503865228519648,-0.0387194414669618,0.030903570937283815
31,3,-0.016128088834848165,-0.04701578395645589,0.07602021853958932,-0.013612230085963286
31,Aggregated,-0.008867398824279187,-0.03889044799889471,0.0500947787298807,-0.003323108088184066
31,Centralized,-0.006934978189215624,-0.036480869120883275,0.0412934209411826,0.0005407932663462067
32,0,0.0036731347203116473,0.024899118613547988,-0.03478755531768968,0.015106431000424988
32,1,0.008346246024968001,0.022517955669939683,-0.043861747090216015,0.018485189332037178
32,2,0.00417291104980171,0.021249641449278017,-0.033430272391299504,0.014343176463464122
32,3,-0.03308513366108807,-0.01999698310580215,0.073000538799495,-0.01354775328296511
32,Aggregated,-0.024590622241717323,-0.010530496780635373,0.048639957035706276,-0.007030279476713019
32,Centralized,-0.019130308336857648,-0.011104928764550206,0.04090764090382066,-0.0038928189826654227
33,0,0.017516122314185423,0.02588779531905396,-0.062037924943363854,0.024939548797922855
33,1,0.020729330837337096,0.01986571646242215,-0.06657248305554235,0.02588941674192552
33,2,0.01619666104841354,0.015169759854783091,-0.05454525913778333,0.02216472190298995
33,3,-0.012362880576338442,-0.022255678806554786,0.05671750980848309,-0.018466969177959796
33,Aggregated,-0.005628150476925395,-0.012860369521279395,0.030721489983154007,-0.00901983925298842
33,Centralized,-0.007089271480762706,-0.0070835136134373144,0.021743947447004596,-0.0053154852081951824
34,0,0.008355433771065382,0.029315668454771276,-0.04072820311691764,0.0012802733669903994
34,1,0.005835526115318096,0.022674798233657135,-0.04709340664652758,0.016806793195453407
34,2,0.006873726817456932,0.01736573747001997,-0.03670424479494238,0.010383187915524181
34,3,-0.033617949819309614,-0.024081965300733962,0.07520865016241465,-0.01881957343794508
34,Aggregated,-0.024647321019932104,-0.013663042002877563,0.049444874075662955,-0.012570594971224773
34,Centralized,-0.01829762942214595,-0.009053012194944735,0.03575149953219103,-0.010150277535130628
35,0,0.014446545872146851,0.02289999425056412,-0.051557372958046056,0.01001610125403507
35,1,0.01247141450629142,0.01941359347045162,-0.04821381330108982,0.0195099167516546
35,2,0.00905998777437797,0.01740070628118004,-0.036923680518650075,0.01374428645132463
35,3,-0.015015687625025967,-0.02395984432329376,0.06874616528812086,-0.033143507170103496
35,Aggregated,-0.009053958422238596,-0.01427731850548308,0.043513514076633515,-0.022643740855497304
35,Centralized,-0.009266814091516464,-0.008292441426419153,0.034748331737264965,-0.01751119458205468
36,0,0.022212942317995633,0.021148430472723773,-0.04713903984424048,0.008670884671118049
36,1,0.022008247781998853,0.017373782743278627,-0.05804343866288717,0.01614487868107234
36,2,0.019918413684499387,0.014158943261921722,-0.050359634036561074,0.013727789891581743
36,3,-0.00908123893870196,-0.02783208819839127,0.07360539713530724,-0.033388726350314375
36,Aggregated,-0.002357356964965241,-0.0178123066806539,0.04591337632712157,-0.02318262022034999
36,Centralized,0.0004519065425723501,-0.014799949041677724,0.03163210416646096,-0.016456412465655722
37,0,0.006470927743755896,0.015403646517822825,-0.032964899459315716,0.003104367996839321
37,1,0.009899678967558565,0.013082481707935903,-0.038702318323095335,0.01280890510013393
37,2,0.00897984938287096,0.011558633238837065,-0.031224767403149112,0.008318774200627784
37,3,-0.025204104278026437,-0.04499940739533211,0.08622382906139493,-0.02363080310579185
37,Aggregated,-0.017775377267959244,-0.03211994148555882,0.05962039532479435,-0.016631652550840974
37,Centralized,-0.01247786195254596,-0.027825683856671588,0.04639816301114085,-0.01139868861982031
38,0,0.015509963957982839,0.020043744557651826,-0.04797389464423854,0.01967231034089371
38,1,0.01398081632872645,0.018815905088742802,-0.05685029839599506,0.025570657965585414
38,2,0.010919922746377672,0.014981612392777455,-0.045043025498081014,0.01993663679720527
38,3,-0.013948196575143837,-0.025735256723394665,0.06186857390922715,-0.016711657060034506
38,Aggregated,-0.007895944626008502,-0.016092963449381145,0.0371848521872986,-0.008226940202650353
38,Centralized,-0.009796728697411864,-0.006311450813131873,0.024642193039341675,-0.004649420442896217
39,0,0.028377460074944478,0.01167727566257809,-0.03908642682754132,0.006403664363761145
39,1,0.02702611697459086,0.012298332610972426,-0.05243743536305264,0.014820777010595957
39,2,0.023325488773135488,0.010879043403803948,-0.04255861647001371,0.010935814331828997
39,3,-0.009257270341255355,-0.03812184638272021,0.07278783917138006,-0.022391329903159316
39,Aggregated,-0.0014210555778993886,-0.027142392532553933,0.046855259081053216,-0.015082427821954581
39,Centralized,-0.003232593306938323,-0.02144045694579631,0.03792493590148472,-0.009509356250186526
40,0,0.015850810861948155,0.01603866311443732,-0.04270665755846215,0.0029352674610690355
40,1,0.01787015449760827,0.018004563779038113,-0.051069183909371235,0.01351394309331643
40,2,0.012199372856183785,0.014262959191250119,-0.04200916196538221,0.013213345661918665
40,3,-0.02124944748296288,-0.033885952770780485,0.07097582233952358,-0.01776181175431916
40,Aggregated,-0.013180149276704143,-0.02285176701124622,0.04531795087372596,-0.011658591812217237
40,Centralized,-0.009451403292646479,-0.016980813090339858,0.03294631917237006,-0.010013560193271959
41,0,0.02829809658927469,0.024834210585883244,-0.048786914088658435,0.0041209236670653
41,1,0.029104177004714366,0.026438160162412,-0.06242997670552186,0.009763524882407337
41,2,0.025859158516036502,0.022245281557855785,-0.05669771263969531,0.011312728752824871
41,3,-0.006393955670331621,-0.02813069164372628,0.06411609115126247,-0.026816941316884158
41,Aggregated,0.0011437070865350533,-0.01651187147533555,0.03760835376777775,-0.019043480180680243
41,Centralized,0.003678803620985336,-0.00971992722752423,0.026499362652581637,-0.016211672143615102
42,0,0.0217264898709226,0.008765130075604597,-0.04182197486947587,0.005325471607949633
42,1,0.021093158546462116,0.012167875291358413,-0.05236020284176429,0.019797574030696985
42,2,0.018373907839733295,0.010832562305468557,-0.04429640001404258,0.015871085083798076
42,3,-0.011141410731339133,-0.04696708360143904,0.0857342880419828,-0.02692429794102316
42,Aggregated,-0.0041795402501602266,-0.03426245325327613,0.05662049247491532,-0.017964817196002323
42,Centralized,-0.002838640311832096,-0.03458022070734306,0.04875705887551967,-0.01228616199990952
43,0,0.020188538484730168,0.026806808175665952,-0.048019744382396805,0.008909148444488082
43,1,0.0203903248809208,0.02055374879924625,-0.05228820371664907,0.012908668918430866
43,2,0.015867448738517465,0.016969019362507637,-0.0418696480101659,0.01030167493132042
43,3,-0.013994804742965017,-0.036028804400503205,0.07984147278881555,-0.028150698775832098
43,Aggregated,-0.006752382579895206,-0.023342629763540207,0.05175626776886328,-0.01957349236407038
43,Centralized,-0.004787112133800758,-0.01345529759480151,0.03957090936212803,-0.01819276341477946
44,0,0.010142742092358131,0.029378567787413833,-0.04926207400737578,0.009395199326798656
44,1,0.011851032394373384,0.025394296267606933,-0.057827351024477315,0.020204596890190992
44,2,0.00830836326773802,0.02423410974339833,-0.048233493896377856,0.015685340605599746
44,3,-0.023325833386326364,-0.020074185883318867,0.06915614782779057,-0.024696185966562405
44,Aggregated,-0.015947370388182072,-0.009829833516116764,0.04246236732261214,-0.015912803738753558
44,Centralized,-0.01869891988776233,-0.004152578566510361,0.03239580613590807,-0.009449617823971676
45,0,0.0147807113780447,0.010537158143340913,-0.05360915575879044,0.02756492976324773
45,1,0.02222588092394315,0.007771311528142759,-0.06326207546919754,0.03219536496388488
45,2,0.021799363432645488,0.007270684297060047,-0.05385916982929969,0.02399465668078626
45,3,-0.026664561480179455,-0.035378306179257954,0.07281469548222334,-0.011816853759222992
45,Aggregated,-0.01645184002946808,-0.025686932830248053,0.0441796742992777,-0.0030458461765612674
45,Centralized,-0.009857011883354791,-0.024122940430400756,0.03228833944567821,0.0007902923807578353
46,0,0.01273009534099212,0.02878807162144199,-0.07532259350884747,0.022074969521870713
46,1,0.013935286100576857,0.0339846374543207,-0.08407639927310968,0.027816802096727437
46,2,0.013015637683375006,0.026848419413120522,-0.06982379479358813,0.023790339989812313
46,3,-0.023030812111953385,-0.01960692604950415,0.05718824532360136,-0.02325859232432929
46,Aggregated,-0.015027383569555304,-0.00868473747475736,0.027698750006945154,-0.012703122193859285
46,Centralized,-0.013376445352269084,-0.0020383478026032805,0.01407645944780074,-0.007431375535191099
47,0,0.011678063340248174,0.03083489205973995,-0.06831959119845198,0.02129961504425579
47,1,0.015561576660650311,0.0296705461426385,-0.07516057569782549,0.032396260016588865
47,2,0.011086666172835468,0.02557863133929258,-0.060352926825073906,0.028553108383452232
47,3,-0.03685970010947484,-0.01383231795895131,0.04799158347470925,-0.016136430515965073
47,Aggregated,-0.025903407735861632,-0.004445049714410497,0.022400273395321864,-0.006522741560852079
47,Centralized,-0.018284616225967224,-0.0002601601364188716,0.014322279040842928,-0.001555118435101537
48,0,0.024017305918953544,0.028984370139984717,-0.08618673784285295,0.017494033891840455
48,1,0.022703327500813438,0.03083563792879093,-0.09188621196450336,0.02300066585104381
48,2,0.020060867687159215,0.02850504112152552,-0.07928844635991851,0.017038530436160573
48,3,-0.042107710033051395,-0.028978338487664665,0.05932770099911324,-0.02591175110131588
48,Aggregated,-0.027899288405580792,-0.01608290000180941,0.027295542274086777,-0.015958848189402797
48,Centralized,-0.02462828652472498,-0.008174680875470108,0.016141784827630738,-0.014133545300638572
49,0,0.007420264896008967,0.020755642495089224,-0.05574100837997811,0.01847958779763342
49,1,0.01211108642331848,0.024254956286364263,-0.06450945988594266,0.02194743141380898
49,2,0.00924011692688583,0.020345574714751125,-0.05923123839923281,0.01839500470883811
49,3,-0.021574165445001514,-0.01066884147490802,0.03417174602849694,-0.02199840278084789
49,Aggregated,-0.014694984660486403,-0.0035050036414575976,0.01342272792545765,-0.012814491181796141
49,Centralized,-0.0140045067902028,-0.0021175321609925857,0.009417882550376936,-0.008768887002011394
50,0,0.03930397437336388,0.01944150814421597,-0.08400539080392215,0.02709455167811198
50,1,0.03478033006045969,0.022852442574093232,-0.08754044275309279,0.03310497308111076
50,2,0.02833057123485416,0.022189473971607063,-0.07906782983368878,0.02936566832926575
50,3,-0.010952289976015125,-0.028471437580361098,0.04033820776527925,-0.0074265246355711785
50,Aggregated,-0.0009991470414418288,-0.017442130612831154,0.012994216308638118,0.0008028875559889393
50,Centralized,0.004084285271507074,-0.009931235481376593,-0.0007435000002275713,0.0004974155515698048
