Round,Evaluator,4,3,0,2,1,5
0,0,,,,,,
0,1,,,,,,
0,2,,,,,,
0,3,,,,,,
0,4,,,,,,
0,5,,,,,,
0,Aggregated,,,,,,
0,Centralized,,,,,,
1,0,0.07270932069510241,0.049960505529225825,0.08230647709320708,0.0347946287519746,0.049091627172195854,0.05710900473933646
1,1,0.08847117794486187,0.0617376775271514,0.05016708437761082,0.046115288220551255,0.061570593149540595,0.08291562238930661
1,2,0.09106098579782831,0.05463659147869666,0.05781119465329961,0.05288220551378446,0.061194653299916434,0.08091060985797828
1,3,0.09427736006683443,0.06503759398496216,0.05329991645781085,0.04544695071010874,0.0520050125313282,0.07840434419381787
1,4,0.0930242272347535,0.06704260651629101,0.04598997493734371,0.05810359231411844,0.06420217209690891,0.07765246449456972
1,5,0.0892230576441093,0.05672514619883081,0.055806182121971235,0.05192147034252299,0.06716791979949882,0.07514619883040934
1,Aggregated,0.08794285265573074,0.05907937667327262,0.0578600910532635,0.048049857414055784,0.05908408648805256,0.07513762440178004
1,Centralized,0.08798096814232517,0.05910219280099299,0.05779892428630548,0.048083023031306196,0.05910908840159988,0.07518273341608074
2,0,0.04320695102685624,0.06279620853080571,0.07369668246445496,-0.015876777251184828,0.050987361769352035,0.022156398104265448
2,1,0.06712614870509608,0.07982456140350877,0.05902255639097753,-0.014369256474519606,0.059565580618211746,0.029532163742690118
2,2,0.0682957393483709,0.07827903091060989,0.05705931495405218,-0.005555555555555558,0.06065162907268205,0.03199665831244787
2,3,0.06182121971595659,0.08542188805346694,0.05087719298245614,-0.013700918964076892,0.07314118629908103,0.03316624895572243
2,4,0.059941520467836296,0.08065998329156229,0.04908103592314141,-0.012071846282372586,0.062406015037593535,0.023141186299081004
2,5,0.059064327485380125,0.08020050125313279,0.04682539682539677,-0.002297410192147009,0.05910609857978317,0.03279030910609864
2,Aggregated,0.059709089618578993,0.07768306635854653,0.056304721395766644,-0.010708009202468092,0.060856564242249944,0.028717551211137077
2,Centralized,0.05975037925803333,0.07772031443938786,0.05626120535098617,-0.010695076541166703,0.06088125775755066,0.028733967728589164
3,0,-0.016785150078988995,0.007819905213270133,0.017890995260663484,0.004620853080568699,0.0246445497630331,0.002093206951026845
3,1,-0.010275689223057612,0.011152882205513774,-0.02309941520467835,0.009356725146198851,0.03450292397660818,-0.006599832915622351
3,2,-0.0177527151211362,0.016624895572263983,-0.033625730994152,0.010526315789473672,0.029699248120300763,0.004553049289891397
3,3,-0.011111111111111094,0.012531328320802006,-0.020760233918128677,0.010985797827903081,0.0269423558897243,0.0064745196324143845
3,4,-0.013700918964076844,0.0157894736842105,-0.018045112781954902,0.007268170426065164,0.03324979114452807,-0.0020050125313283242
3,5,-0.018838763575605735,0.012740183792815375,-0.023015873015873028,0.013241436925647446,0.02614870509607353,0.0072681704260651936
3,Aggregated,-0.014768526648493168,0.012717025742183415,-0.01636030801168171,0.009276724663087484,0.02914334303351871,0.001965565541715645
3,Centralized,-0.014763480899186327,0.012729278720176509,-0.016446007447248685,0.009288374017376921,0.029154599365604772,0.001965246172941671
4,0,-0.012914691943127945,-0.00781990521327012,0.030134281200631843,-0.010545023696682452,0.006872037914691971,0.003751974723538729
4,1,-0.008563074352548019,-0.01223893065998332,0.004678362573099422,0.00509607351712618,0.017502088554720144,0.011069340016708427
4,2,-0.0019214703425229854,0.0012949039264828987,0.0011695906432748634,-0.01069340016708434,0.014661654135338311,0.010526315789473667
4,3,-0.001670843776106936,-0.007101086048454465,0.001169590643274855,4.177109440268877e-05,0.013074352548036731,0.014536340852130345
4,4,-0.009690893901420198,-0.004177109440267327,0.001712614870509586,-0.00455304928989137,0.018588137009189695,0.01566416040100254
4,5,-0.00931495405179615,-0.000668337510442769,-0.005847953216374255,-0.013700918964076925,0.020885547201336712,0.021177944862155375
4,Aggregated,-0.007412745750147303,-0.005150796371442768,0.005798030903596941,-0.005783531333632882,0.015163366983379112,0.012679359304363765
4,Centralized,-0.007398979451110191,-0.005144118052682408,0.005737139704868292,-0.005771617707902362,0.015184112536201924,0.012701696317749301
5,0,0.005568720379146925,0.002922590837282778,0.03029225908372833,-0.01824644549763038,0.002211690363349109,-0.015639810426540297
5,1,0.01929824561403504,0.01403508771929823,0.0014202172096908978,-0.011194653299916455,0.009857978279030918,-0.010860484544695011
5,2,0.013408521303258156,0.016165413533834553,-0.004928989139515442,-0.011737677527151222,0.009189640768588124,-0.007059314954051764
5,3,0.023057644110275697,0.011862990810359223,-0.012614870509607348,-0.008521303258145372,0.011278195488721795,-0.005012531328320782
5,4,0.026399331662489547,0.011487050960735153,-0.011194653299916424,-0.0162907268170426,0.008604845446950695,-0.013993316624895558
5,5,0.02230576441102763,0.015037593984962417,-0.006516290726817025,-0.013533834586466157,0.00045948203842940033,-0.012740183792815338
5,Aggregated,0.018186605868339832,0.011810612117956296,-0.00022016635484544789,-0.013313955046841776,0.006877031957208693,-0.010941283044229961
5,Centralized,0.01821817680319957,0.011832850641290858,-0.00029651082609295716,-0.013301613570541986,0.006888705006206013,-0.010929526961798375
6,0,-0.0024881516587677765,-0.004502369668246423,0.04561611374407582,-0.008017377567140603,-0.006832543443917848,-0.004818325434439161
6,1,0.010735171261487023,0.008897243107769407,0.0058061821219715926,0.003675856307435224,0.006558061821219702,0.0019214703425229648
6,2,0.006098579782790316,0.010651629072681676,0.003968253968253972,0.0027986633249791064,0.003675856307435242,0.0028822055137844587
6,3,0.0007936507936507865,0.008563074352548005,0.007477025898078506,0.003759398496240591,0.006223893065998319,-0.004260651629072669
6,4,0.012489557226399375,0.011862990810359212,0.0011278195488721697,0.001921470342522979,0.014536340852130366,0.005680868838763579
6,5,0.013241436925647483,0.018546365914786936,0.0043859649122807084,-0.0053884711779448626,0.011904761904761925,0.009941520467836267
6,Aggregated,0.006700220566788652,0.008841251199516514,0.011807113789706523,-0.0003020240419128714,0.005857092458222064,0.0018107477021349436
6,Centralized,0.006723210591642568,0.008874637980968068,0.01172252103158187,-0.0002827196248793166,0.005888842918218183,0.0018273341608054253
7,0,-0.01619273301737759,-0.011966824644549779,0.05347551342811999,-0.00414691943127962,-0.024486571879936768,-0.02274881516587677
7,1,-0.004051796157059309,-0.00822890559732663,0.010944026733500424,0.009231411862990773,-0.02142857142857151,-0.02406015037593993
7,2,-0.0027986633249791216,-0.009398496240601493,0.002380952380952351,0.004970760233918111,-0.025647451963241485,-0.017126148705096045
7,3,-0.008521303258145317,-0.006725146198830394,0.018295739348370994,0.012030075187969924,-0.02188805346700093,-0.02076023391812863
7,4,-0.004970760233918125,-0.013575605680868803,0.009147869674185467,0.007309941520467814,-0.025814536340852224,-0.024728487886382607
7,5,0.0005847953216374291,-0.014494569757727706,-0.0013784461152882201,-0.0003759398496240777,-0.030868838763575462,-0.018629908103592246
7,Aggregated,-0.0061140330302572364,-0.010746399344820752,0.015933128572547018,0.004728860922514472,-0.025015914544831645,-0.021359152124750945
7,Centralized,-0.006088815335815756,-0.010743345745414438,0.0158391945938491,0.004751068818094032,-0.025017239001517057,-0.021355675079299453
8,0,-0.008175355450237001,0.0013033175355450215,0.06090047393364936,-0.009636650868878356,-0.024763033175355383,0.0016982622432859334
8,1,0.0007518796992481166,0.01725146198830406,0.0012531328320802106,-0.0011695906432748458,-0.015538847117794581,0.007477025898078529
8,2,-0.0012949039264828785,0.026817042606516343,0.005722639933166265,0.004469507101086049,-0.018755221386800348,0.008103592314118597
8,3,0.0018379281537176369,0.015121136173767728,0.00121136173767753,-0.0004594820384294082,-0.017084377610693424,0.014411027568922303
8,4,0.0012949039264828785,0.031244778613199683,0.0068086883876357605,0.004469507101086054,-0.01992481203007513,0.016207184628237316
8,5,-0.004010025062656653,0.02652464494569759,0.006015037593984971,0.0030492898913951497,-0.02276524644945708,0.013742690058479508
8,Aggregated,-0.0016780963957851742,0.019489732688161225,0.014218305671464657,3.4620869884397415e-06,-0.019864690183704563,0.010170499497638433
8,Centralized,-0.0016618397462418869,0.01953523651910078,0.014101503240932301,2.75824024272453e-05,-0.019852434147014167,0.01019169769686937
9,0,-0.012914691943127976,-0.006042654028436013,0.05118483412322275,-0.00726698262243286,-0.0062796208530805624,-0.011571879936808855
9,1,0.0025062656641603774,0.005304928989139505,0.006390977443609012,0.0026733500417711227,0.007017543859649127,-0.001336675020885564
9,2,-0.0036758563074352564,0.012113617376775245,0.0010442773600668235,0.007811194653299886,-0.001253132832080191,0.0040100250626566416
9,3,0.0017126148705096007,0.0030492898913951436,0.00522138680033416,0.007226399331662449,0.005263157894736829,8.354218880531893e-05
9,4,-0.003049289891395148,0.006182121971595649,0.005597326649958218,0.006892230576441072,0.003592314118629913,0.0058479532163742826
9,5,-0.005722639933166235,0.009314954051796168,0.004385964912280708,0.013241436925647417,0.0017126148705096263,0.014661654135338351
9,Aggregated,-0.0036365094551140276,0.004854818901339224,0.012770230254105813,0.004948060645954652,0.0015801136712122758,0.0017870135654228536
9,Centralized,-0.003613294717969933,0.0048820852296235185,0.012674113915322046,0.0049786236381188865,0.0015997793407806216,0.0018204385601986296
10,0,-0.0127962085308057,-0.009597156398104262,0.057622432859399726,-0.015758293838862583,-0.007661927330173773,-0.011808846761453393
10,1,-0.011445279866332479,0.005764411027568936,-0.004177109440267318,-0.0012949039264828768,0.0028404344193817825,-0.004218880534669952
10,2,-0.01432748538011693,0.004594820384294054,-0.010568086883876344,0.0037593984962405913,-0.002005012531328318,-0.0015037593984962394
10,3,-0.01144527986633248,-0.0006265664160400996,0.0052213868003341745,-0.0031746031746031733,0.0010025062656641714,0.006516290726817025
10,4,-0.017669172932330803,0.0043859649122806885,-0.0046365914786967305,-0.0005012531328321033,-0.001629072681704274,0.002506265664160394
10,5,-0.014870509607351708,0.008312447786131966,-0.012531328320801997,0.001712614870509607,0.000710108604845454,0.00162907268170424
10,Aggregated,-0.013747447535709646,0.0019982938563453765,0.005784096064447433,-0.0027012671353084097,-0.0012022060315186487,-0.001274461564255953
10,Centralized,-0.013749827609984834,0.002027306578402973,0.005654392497586536,-0.0026685974348365678,-0.0011860433043718312,-0.0012481037098331365
11,0,-0.019194312796208448,-0.015086887835703028,0.053199052132701576,-0.005094786729857803,-0.007701421800947868,-0.010860979462875215
11,1,0.0005430242272347378,-0.006182121971595664,-0.0031746031746031824,0.01223893065998327,0.0027151211361737555,0.0013784461152882325
11,2,-0.0038429406850459457,-0.004218880534669995,-0.004594820384294078,0.016416040100250655,0.0054302422723475335,0.003341687552213853
11,3,-0.0029239766081871313,-0.01240601503759401,-0.007978279030910628,0.009565580618212194,0.004177109440267317,0.0020467836257309856
11,4,-0.00868838763575602,-0.010150375939849587,-0.0053049289891395224,0.017752715121136135,0.0027568922305764455,0.006140350877192987
11,5,-0.0049289891395154235,-0.006892230576441104,0.0022138680033416736,0.012155388471177949,-0.0026315789473684145,0.010108604845446916
11,Aggregated,-0.00665803891937945,-0.009227183847680589,0.006295813709044671,0.010318626547736048,0.0006892527395502807,0.0018713285385594017
11,Centralized,-0.0066266721831471495,-0.00921252241070196,0.0061784581437043275,0.010357192111432932,0.0007102468625017196,0.0019031857674803622
12,0,-0.008017377567140568,-0.006951026856240087,0.0415876777251183,-0.004778830963665083,-0.0036729857819904946,-0.008688783570300134
12,1,0.004051796157059327,0.007936507936507905,-0.004928989139515412,-0.0055137844611528606,0.0010860484544694996,-0.002631578947368427
12,2,-0.00037593984962406847,0.01645781119465322,-0.015747702589807875,-4.1771094402666874e-05,-0.007644110275689214,-0.0026733500417710906
12,3,0.00756056808688387,0.00250626566416041,-0.0039682539682539455,-0.0047619047619047485,0.011194653299916424,-1.8503717077085942e-18
12,4,0.004385964912280693,0.013951545530492873,-0.006850459482038409,-0.005012531328320808,-0.0027986633249791264,0.003842940685045942
12,5,-0.003216374269005867,0.015329991645781076,-0.0090225563909774,-0.0012949039264828714,-0.009774436090225542,0.00045948203842940434
12,Aggregated,0.0006265586535871259,0.008023489699539994,0.0006747023098624708,-0.003581811750485798,-0.0019557516256906906,-0.0017000129978072445
12,Centralized,0.0006481864570403932,0.00806095710936423,0.0005723348503654469,-0.0035788167149358803,-0.0019514549717280583,-0.0016825265480623522
13,0,-0.0156793048973144,-0.029541864139020508,0.09826224328593981,-0.022116903633491336,-0.014020537124802451,-0.01927330173775671
13,1,0.00045948203842941513,-0.0058479532163742695,-0.0032163742690058455,0.013157894736842082,0.0016290726817042667,-0.016207184628237257
13,2,0.0002088554720133621,-0.009482038429406854,-0.0031746031746031607,0.014954051796157018,0.004928989139515448,-0.019966583124477928
13,3,0.006599832915622374,-0.013283208020050131,-0.0007936507936508025,0.008521303258145332,0.00012531328320801203,-0.013700918964076821
13,4,0.004427736006683365,-0.011403508771929798,-0.0032163742690058295,0.017585630743525534,0.0025062656641604143,-0.02744360902255633
13,5,0.0018796992481203015,-0.008771929824561393,-0.006223893065998328,0.017710944026733507,0.004970760233918116,-0.017084377610693403
13,Aggregated,-0.0005343770359093107,-0.013252727454701574,0.014621081985583265,0.007937489466549073,-0.0001450471691536321,-0.01894991959489696
13,Centralized,-0.0004964832436905149,-0.013211970762653433,0.014411805268238879,0.008012687905116526,-0.00011032960970900095,-0.01894911046752181
14,0,-0.008530805687203807,-0.006832543443917847,0.06275671406003135,-0.00872827804107424,-0.008451816745655589,-0.030213270142179945
14,1,0.006056808688387621,0.008228905597326646,0.010944026733500383,-0.0030075187969924584,0.00818713450292399,-0.007852965747702584
14,2,0.005096073517126164,0.009732664995822883,0.01207184628237259,-0.0061403508771929495,0.009314954051796137,-0.010025062656641584
14,3,0.0048454469507100886,0.007560568086883887,0.006892230576441126,0.001461988304093579,0.0038429406850459596,-0.012071846282372586
14,4,0.005973266499582298,0.010066833751044255,0.01599832915622382,-0.008061821219715938,0.012990810359231419,-0.014411027568922301
14,5,0.01069340016708434,0.010066833751044255,0.012823725981620683,-0.006558061821219719,0.006808688387635733,-0.011278195488721776
14,Aggregated,0.003871877461657589,0.006311066220466493,0.020757409357612406,-0.005214969031649343,0.005282144623982634,-0.014499391823181116
14,Centralized,0.003902909943456061,0.0063439525582678295,0.020652323817404505,-0.005206178458143716,0.005316508067852722,-0.014460074472486562
15,0,-0.003633491311216418,-0.009478672985781998,0.06765402843601889,-0.023025276461295405,-0.0078593996840442,-0.021287519747235365
15,1,0.004177109440267336,0.001712614870509575,0.008020050125313267,-0.028111946532999137,0.008479532163742705,0.0007101086048454404
15,2,0.0005847953216374303,0.011278195488721793,0.005137844611528835,-0.031453634085213,0.014912280701754392,-0.0029657477025898005
15,3,0.004970760233918118,-0.00029239766081869557,0.006474519632414371,-0.026566416040100228,0.007518796992481211,0.0028822055137844595
15,4,0.0038847117794486206,0.009231411862990821,0.008312447786131992,-0.03299916457811193,0.011487050960735153,8.354218880534454e-05
15,5,-0.001670843776106915,0.00989974937343357,0.007142857142857135,-0.034502923976608146,0.00747702589807852,-0.0008771929824561326
15,Aggregated,0.001325339136692168,0.0035668625680384874,0.017729383709054435,-0.02936628847837554,0.00682438263372234,-0.003788096054158124
15,Centralized,0.0013377465177216827,0.0035995035167562936,0.017604468349193186,-0.029382154185629467,0.0068611226037788116,-0.0037443111294993676
16,0,-0.01923380726698262,-0.007069510268562404,0.06291469194312804,-0.016943127962085316,-0.026895734597156364,-0.004620853080568723
16,1,-0.007685881370091878,-0.0006265664160400897,-0.003508771929824545,-0.004845446950710131,-0.01445279866332502,0.011069340016708406
16,2,-0.008103592314118615,-0.001963241436925643,-0.006683375104427727,-0.002297410192147042,-0.016666666666666694,0.01566416040100243
16,3,-0.005054302422723457,0.0010442773600668302,-0.0055555555555555445,-0.005096073517126154,-0.007518796992481212,0.014661654135338346
16,4,-0.009565580618212154,-0.004427736006683366,-0.011445279866332456,-0.010818713450292377,-0.01583124477861318,0.024519632414369205
16,5,-0.00760233918128657,-0.005639097744360909,-0.004177109440267329,-0.007477025898078544,-0.017794486215538887,0.02765246449456981
16,Aggregated,-0.009657115677943803,-0.003161068703330755,0.005948629248436854,-0.008021220014324822,-0.01665092637324759,0.014591289806430721
16,Centralized,-0.009633154047717555,-0.0031512894773134494,0.005806095710936412,-0.007998896703902914,-0.016625293063025723,0.014639360088263654
17,0,0.0054897314375987405,-0.013467614533965253,0.08096366508688778,-0.01686413902053712,-0.03534755134281183,-0.008925750394944702
17,1,0.00764411027568923,0.002255639097744362,0.01098579782790305,-0.001503759398496255,0.009106098579782777,-0.008437761069340011
17,2,0.008145363408521282,0.0012531328320801816,0.006599832915622391,0.002756892230576437,0.009816207184628214,-0.01102756892230574
17,3,0.010025062656641583,0.004051796157059326,0.009022556390977446,-0.0034252297410192014,0.00810359231411863,-0.010233918128654953
17,4,0.012447786131996654,0.0029239766081871326,0.011904761904761887,0.001796157059314961,0.008813700918964083,-0.01282372598162069
17,5,0.006558061821219689,-0.00835421888053469,0.009231411862990785,0.005597326649958203,0.011194653299916422,-0.011695906432748496
17,Aggregated,0.008350310543144513,-0.002028346118874579,0.02216477215942702,-0.0021193639619146547,0.0015006865713312126,-0.010504944058911897
17,Centralized,0.008357467935457195,-0.0019997241759757236,0.022017652737553427,-0.0020824713832574577,0.0015928837401737945,-0.010508895324782809
18,0,-0.02519747235387045,-0.007701421800947849,0.07440758293838862,-0.028080568720379107,-0.010268562401263838,-0.005529225908372828
18,1,-0.002088554720133679,0.002673350041771103,-0.0041353383458646595,0.0038847117794486136,0.0026315789473684106,0.002046783625730982
18,2,-0.0056808688387635356,0.006265664160401018,0.008813700918964074,0.001211361737677541,0.006892230576441072,4.1771094402665024e-05
18,3,0.0012531328320801902,0.00045948203842940776,-0.0078529657477026,0.007811194653299879,-9.714451465470119e-18,0.005847953216374217
18,4,-0.0008354218880534783,0.005263157894736815,0.0011695906432748228,0.005388471177944845,0.002464494569757731,0.004093567251461962
18,5,-0.0031746031746031794,0.007226399331662479,0.0031746031746031633,0.00342522974101922,0.005639097744360885,0.0037593984962405857
18,Aggregated,-0.006184656091116554,0.0022437689557206373,0.013337191249388796,-0.001383856973512392,0.0010886706143806103,0.0016232568739428114
18,Centralized,-0.006137084540063468,0.0022686525996414198,0.013184388360226172,-0.0013170597159012846,0.001117087298303678,0.0016411529444214387
19,0,-0.009992101105845173,-0.0485387045813586,0.08206951026856237,-0.004818325434439182,-0.0025671406003159526,-0.009044233807266964
19,1,-0.0029239766081871387,0.0013366750208855546,-0.0053467000835421795,0.0005012531328320818,0.0030910609857978185,-0.001670843776106945
19,2,-0.0032163742690058494,0.0005012531328320725,0.003132832080200486,-4.177109440269925e-05,0.004553049289891364,-0.007435254803675866
19,3,0.001963241436925646,-0.0006265664160401031,-0.0014619883040935641,0.003258145363408505,0.003299916457811204,-0.011445279866332488
19,4,-0.0035923141186298985,0.0044695071010860355,-0.002798663324979099,0.0009189640768588056,0.0011695906432748538,-0.015204678362573179
19,5,0.00020885547201337213,0.0010860484544695178,0.0033834586466165426,-0.0029657477025898074,-0.0008354218880534688,-0.013408521303258099
19,Aggregated,-0.0030101600251797997,-0.007460387005963031,0.013989126053944494,-0.0005760537448168935,0.00140366286403773,-0.009693589713990246
19,Centralized,-0.0029926906633567655,-0.0073576058474693245,0.013818783616052939,-0.000565439249758655,0.0014135981243966534,-0.009695214453178811
20,0,-0.007464454976303325,-0.03104265402843605,0.0843206951026855,0.004067930489731413,-0.027290679304897376,-0.010742496050552946
20,1,-0.002046783625731023,-0.006182121971595632,0.009064327485380086,0.009231411862990792,-0.016875522138679936,-0.0007101086048454608
20,2,-0.00651629072681702,-0.005847953216374234,0.011361737677527121,0.017878028404344166,-0.012949039264828734,-0.00893901420217208
20,3,0.0005012531328320847,-0.006432748538011671,0.008354218880534638,0.005639097744360868,-0.015705931495405227,0.007644110275689183
20,4,0.0005012531328320907,-0.0028404344193817743,0.010401002506265689,0.009314954051796161,-0.015873015873015952,0.0010025062656641678
20,5,-0.0014619883040935568,-0.0027986633249791042,0.013617376775271476,0.012322472848788648,-0.015037593984962454,-0.006641604010025063
20,Aggregated,-0.0028043781219671163,-0.009452723319736813,0.023590099156236024,0.00967429130000842,-0.01740853502648395,-0.0031564790829659256
20,Centralized,-0.0027927182457591977,-0.009398703627085924,0.023438146462556857,0.00968831885257209,-0.017383809129775253,-0.0031374982760998303
21,0,-0.008135860979462839,-0.014454976303317553,0.14719589257503946,-0.006161137440758299,-0.02199842022116893,-0.0016587677725118208
21,1,-0.0014619883040935446,0.006140350877192964,-0.002673350041771098,0.005137844611528822,-0.007727652464494542,0.005597326649958221
21,2,-0.004135338345864645,0.006432748538011669,-0.005597326649958218,0.00831244778613198,0.0021303258145363465,0.005388471177944851
21,3,-0.005806182121971553,0.004469507101086044,-0.0011278195488721766,0.00200501253132834,-0.004010025062656634,0.0019632414369256516
21,4,-0.0017126148705096057,0.0036340852130325747,-0.007226399331662497,0.00588972431077691,-0.006725146198830402,0.0036340852130325595
21,5,-0.00029239766081871313,0.0036758563074352313,-0.0034252297410192127,0.008980785296574733,-0.010317460317460283,0.006390977443609006
21,Aggregated,-0.003645217460561488,0.0014565334915974384,0.022701509838041922,0.003905305319979434,-0.0082745808429983,0.0034900822833331792
21,Centralized,-0.0036339815197903727,0.0014963453316783953,0.022390015170321357,0.00393049234588331,-0.008240242725141341,0.00350296510826092
22,0,-0.032503949447077456,-0.0390995260663505,0.09530015797788315,-0.03147709320695104,-0.03337282780410755,-0.03941548183254348
22,1,0.0069757727652464485,-0.007435254803675859,0.0025062656641604082,0.008228905597326638,-0.0010025062656641584,-0.0017543859649122825
22,2,0.002798663324979093,-0.010066833751044287,-0.0021720969089390084,0.006182121971595626,-0.005722639933166238,-0.006056808688387632
22,3,0.005263157894736815,-0.005179615705931505,0.002046783625730982,0.001378446115288196,-0.0007518796992481279,-0.0002506265664160549
22,4,0.00814536340852129,-0.011403508771929754,-0.00020885547201337013,0.006474519632414329,-0.0026733500417710837,-0.005346700083542182
22,5,0.003049289891395123,-0.010275689223057645,-0.003926482873851269,0.008897243107769357,-0.005346700083542182,-0.00492898913951545
22,Aggregated,-0.001422410555878135,-0.014212042871665817,0.01654651679907356,-0.0004293594853228837,-0.008447415665549882,-0.00998262138731797
22,Centralized,-0.001344642118328523,-0.014149772445179891,0.016349469038753294,-0.00035167563094744405,-0.008385050337884467,-0.009908978071990055
23,0,-0.01220379146919433,-0.014375987361769343,0.13767772511848345,-0.010387045813586135,-0.017851500789889327,-0.018878357030015763
23,1,9.25185853854297e-18,-0.009022556390977439,-0.003049289891395167,0.0021303258145363253,-0.0017961570593149573,0.004218880534670001
23,2,-0.005430242272347532,-0.004636591478696756,0.00012531328320800986,0.008563074352547996,0.0038847117794486023,0.005012531328320794
23,3,0.0037593984962405883,-0.006766917293233067,0.002715121136173774,-0.0010442773600668272,-0.001420217209690903,0.0027568922305764463
23,4,-0.0008354218880534636,-0.0057226399331662455,0.0005847953216374194,0.0065580618212197125,-0.00033416875522138866,0.0047619047619047485
23,5,-0.0063492063492063345,-0.004928989139515442,-0.007477025898078486,0.0063492063492063405,-4.1771094402665024e-05,0.014954051796157034
23,Aggregated,-0.003614099995010803,-0.007657136561744047,0.023152363011786463,0.0018793897882911715,-0.0031054380705166328,0.0018857104521502466
23,Centralized,-0.0035926079161495077,-0.007640325472348699,0.02286581161219137,0.0019100813680871592,-0.003068542270031728,0.001937663770514412
24,0,-0.03293838862559235,-0.030489731437598738,0.10750394944707738,-0.020023696682464506,-0.0354265402843602,-0.019431279620852997
24,1,-0.005597326649958233,-0.0012531328320801894,0.004010025062656624,0.0013366750208855512,0.004218880534670013,0.0022974101921470294
24,2,-0.006641604010025046,0.003926482873851293,0.007644110275689213,-0.003174603174603168,0.00012531328320801913,0.0006265664160401159
24,3,-0.005472013366750192,-0.001336675020885554,0.0016708437761069287,-0.0008354218880534743,0.004761904761904751,0.006223893065998319
24,4,-0.006683375104427733,0.0024644945697577247,0.0011278195488721788,-8.354218880531709e-05,0.002088554720133683,0.003592314118629907
24,5,-0.0037593984962406056,0.0007101086048454404,0.009857978279030883,-0.0010860484544695053,-0.00472013366750208,0.004010025062656636
24,Aggregated,-0.010454821356186127,-0.004643348471520799,0.022994513612943555,-0.004170131621312896,-0.00519218436983822,-0.0006744307558546812
24,Centralized,-0.010398565715073775,-0.004578678802923734,0.022783064404909615,-0.004130464763480902,-0.0051165356502551225,-0.0006274996552199856
25,0,-0.023736176935228965,-0.0008688783570300489,0.13234597156398126,-0.006556082148499216,-0.020418641390205335,-0.012045813586097949
25,1,-0.010526315789473616,0.008646616541353359,0.0030910609857978345,-0.0020885547201336657,-0.0023391812865497076,-0.009314954051796137
25,2,-0.012907268170426109,0.013617376775271476,0.007351712614870492,-0.007268170426065181,-0.003801169590643278,-0.0045112781954887325
25,3,-0.009649122807017494,0.005889724310776939,0.002088554720133668,0.0025480367585630705,-0.004678362573099411,-0.011236424394319124
25,4,-0.015538847117794427,0.010317460317460293,0.010192147034252266,-0.00814536340852128,-0.0056808688387635755,-0.006182121971595655
25,5,-0.009983291562238913,0.007393483709273147,0.0129908103592314,-0.012781954887218028,-0.002213868003341679,-0.000417710944026739
25,Aggregated,-0.013843535776775233,0.007398979427094712,0.029260823243558547,-0.005725426868034571,-0.006688608200830692,-0.007341793271219917
25,Centralized,-0.013818783616052968,0.007419666252930636,0.0290028961522548,-0.005723348503654652,-0.006654254585574408,-0.007330023445042098
26,0,-0.015363349131121643,-0.009913112164297029,0.08013428120063204,-0.010624012638230667,0.005410742496050575,-0.03542654028436005
26,1,0.003926482873851302,0.0027568922305764476,-0.002255639097744379,0.001629072681704241,0.0022974101921470246,0.00417710944026732
26,2,0.002673350041771098,-0.0030910609857978085,-0.009440267335004148,0.004302422723475351,0.0035087719298245623,-0.00045948203842940315
26,3,-0.0009189640768588103,0.0005847953216374343,-0.003341687552213863,0.0076023391812865635,0.005639097744360898,-0.0020467836257309657
26,4,0.0010860484544694923,0.0005847953216374213,-0.01324143692564744,0.009147869674185438,0.005346700083542186,-0.00041771094402674736
26,5,0.0035087719298245662,0.002882205513784445,-0.008521303258145355,0.005889724310776927,0.0012113617376775317,-0.004970760233918094
26,Aggregated,-0.0010219541769090994,-0.0011390407102732977,0.008096393916245708,0.002828016225104907,0.003920430022860272,-0.006870511612075207
26,Centralized,-0.000986070886774256,-0.0011170872983036844,0.007916149496621127,0.0028616742518273253,0.0039167011446696945,-0.006799062198317484
27,0,-0.04048183254344393,-0.027804107424960586,0.07172195892575028,0.0007109004739336446,-0.05272511848341232,-0.043838862559241694
27,1,0.005806182121971593,-0.0012113617376775163,-0.007435254803675835,0.00033416875522138985,0.0032999164578111934,0.001712614870509612
27,2,0.004845446950710107,0.0005430242272347313,-0.00994152046783623,0.002422723475355049,0.008061821219715952,-0.0009189640768588043
27,3,0.0058479532163742305,0.0013784461152881952,-0.013909774436090351,0.003383458646616538,0.006140350877192963,0.009690893901420184
27,4,0.009690893901420177,-0.0007518796992481308,-0.007477025898078517,0.002422723475355041,0.010025062656641603,0.0011278195488721777
27,5,0.006015037593984958,0.0038011695906432744,-0.006432748538011702,-0.001963241436925649,0.005054302422723445,-0.0014619883040935594
27,Aggregated,-0.0018481470522414276,-0.0042927260847654474,0.00522774456245572,0.0012123709884106094,-0.003949099744720321,-0.006072978916224471
27,Centralized,-0.0017514825541304572,-0.004233898772583093,0.00506137084540061,0.001213625706799075,-0.0038270583367811424,-0.005978485726106755
28,0,-0.03550552922590837,-0.0294233807266984,0.11714060031595513,-0.01157187993680885,-0.012124802527646151,-0.019036334913112133
28,1,0.0007936507936507871,0.0006683375104427771,0.004344193817878021,0.0054302422723475205,-0.0016290726817042725,-0.012113617376775288
28,2,0.006808688387635731,0.0010025062656641515,0.0012531328320802004,0.0003341687552213926,-0.002589807852965758,-0.009314954051796172
28,3,-0.00033416875522138123,0.0050125313283208,0.0007936507936508047,0.00012531328320798828,-0.002130325814536347,-0.013492063492063514
28,4,0.008270676691729314,0.0014202172096909069,0.0005847953216374361,-0.0035087719298245034,-0.0007101086048454509,-0.013575605680868833
28,5,0.008980785296574763,-0.0015455304928989229,0.0029657477025898174,-0.0017961570593149705,-0.002255639097744362,-0.011361737677527139
28,Aggregated,-0.0022346736681447934,-0.0041179293722678504,0.022330726053599485,-0.0019479523875882078,-0.0036758083648116883,-0.013219629014447815
28,Centralized,-0.002151427389325605,-0.004054613156805969,0.02209350434422837,-0.001923872569300778,-0.0036546683216108124,-0.013205075162046626
29,0,-0.016627172195892565,0.0050157977883096274,0.09814375987361831,-0.0234202211690363,0.008886255924170616,-0.003278041074249613
29,1,0.0038847117794486388,0.002130325814536352,-0.003425229741019226,-0.005680868838763568,-0.0004177109440267282,0.0010025062656641678
29,2,0.007811194653299894,0.0012949039264828913,-0.008521303258145362,-0.006683375104427718,0.004218880534669997,0.004385964912280697
29,3,0.004636591478696746,0.00016708437761067088,-0.011152882205513762,0.0012113617376775278,0.0051378446115288145,0.005012531328320807
29,4,0.003926482873851301,0.003299916457811189,-0.006766917293233055,-0.004678362573099421,-0.0006265664160401104,0.0023391812865496864
29,5,0.005680868838763594,0.004135338345864654,-0.0031746031746032067,-0.0053884711779448626,0.004553049289891397,0.00421888053466999
29,Aggregated,0.0013341794169752742,0.0027019692170424424,0.011896943697268078,-0.007631560729501068,0.003688360663292064,0.002213538634715979
29,Centralized,0.0013791201213625818,0.002696179837263848,0.011681147427940965,-0.007592056268100943,0.0036753551234312678,0.002227278996000568
30,0,-0.03163507109004738,-0.02701421800947854,0.08515007898894165,-0.03179304897314377,-0.00011848341232224804,-0.0182859399684043
30,1,0.003467000835421876,0.001336675020885536,0.004218880534670005,0.0024227234753550512,-0.003132832080200497,-0.008312447786132007
30,2,0.0013366750208855503,-0.00016708437761070265,0.009064327485380086,0.0020885547201336557,-0.007477025898078519,-0.014870509607351699
30,3,0.004260651629072679,-0.0017961570593149586,0.00463659147869672,-8.354218880532635e-05,0.002506265664160398,-0.012030075187969901
30,4,0.004678362573099421,0.0012949039264828898,0.007727652464494587,0.0018796992481203037,-0.0018379281537176221,-0.0162489557226399
30,5,-0.001044277360066855,-0.0014619883040935637,0.00605680868838762,-0.002172096908939004,-0.005179615705931492,-0.013742690058479513
30,Aggregated,-0.0034975158621062515,-0.004902931392437125,0.02026302823705098,-0.004935493729011884,-0.002510908187867165,-0.01396750070047647
30,Centralized,-0.0034271135015860117,-0.004847607226589453,0.0201006757688594,-0.004868294028409877,-0.0025168942214867022,-0.013956695628189153
31,0,-0.04447077409162718,-0.021050552922590855,0.10655608214849935,-0.019470774091627275,0.006042654028436018,-0.034715639810426566
31,1,-0.01904761904761906,0.010651629072681672,-0.006558061821219717,0.0005012531328320666,-0.0031328320802005,0.010066833751044271
31,2,-0.016583124477861293,0.01758563074352552,-0.011152882205513779,0.00012531328320801232,-0.008395989974937339,0.018421052631578977
31,3,-0.02088554720133667,0.005639097744360877,-0.008354218880534671,0.0031746031746031486,-0.004594820384294052,0.0175020885547201
31,4,-0.014411027568922307,0.012614870509607324,-0.013157894736842094,0.0012949039264828753,-0.00522138680033417,0.01888053467000838
31,5,-0.011612364243943187,0.011487050960735164,-0.011403508771929808,0.00020885547201335904,-0.0032581453634085078,0.014578111946532971
31,Aggregated,-0.021447758465361712,0.00582848506671689,0.010487234261420944,-0.002566086670156113,-0.0029838967296651735,0.006949948864124105
31,Centralized,-0.021390153082333482,0.005895738518825004,0.010246862501723915,-0.0025237898220935176,-0.00300648186457039,0.0070541994207695595
32,0,-0.08372827804107404,-0.015521327014217996,0.07547393364928932,-0.0031990521327014206,0.02286729857819902,-0.00537124802527646
32,1,-0.0028822055137844513,0.004218880534670003,-0.0047619047619047675,0.011319966583124437,0.006015037593984958,0.0011278195488721823
32,2,-0.004177109440267327,0.007769423558897215,-0.008103592314118627,0.008563074352547984,0.002798663324979097,-0.004344193817878012
32,3,-0.0005847953216374121,-0.0007936507936507835,-0.011236424394319093,0.010108604845446918,0.005722639933166244,-0.0007101086048454416
32,4,-0.0009607351712615064,0.0058479532163742635,-0.010066833751044274,0.008020050125313254,0.00513784461152883,-0.005472013366750214
32,5,0.0015873015873015877,0.004803675856307421,-0.007560568086883869,0.006307435254803653,0.004887218045112776,-9.251858538542971e-19
32,Aggregated,-0.01594672891754454,0.0008554520986370703,0.006461462345990065,0.006732838229381691,0.00808415448911831,-0.0024965046514773886
32,Centralized,-0.01577713418838782,0.0008964280788856595,0.006288787753413297,0.0067576885946765905,0.008047165908150602,-0.0024893118190594515
33,0,-0.036018957345971526,-0.006161137440758285,0.10154028436018972,-0.014889415481832575,0.017890995260663525,-0.026816745655608154
33,1,-0.009523809523809509,0.006850459482038416,-0.004594820384294072,0.0043441938178780315,0.001963241436925643,0.0009607351712614895
33,2,-0.011027568922305747,0.006599832915622375,-0.0060150375939849385,0.004761904761904768,0.006766917293233055,0.0014202172096909197
33,3,-0.008521303258145355,0.005304928989139491,-0.006182121971595648,0.00054302422723476,0.0025062656641604082,0.0013366750208855338
33,4,-0.0072263993316625166,0.006015037593984936,-0.0009607351712615077,0.00576441102756893,0.005680868838763546,0.0007518796992481329
33,5,-0.006098579782790314,0.007978279030910577,-0.006850459482038403,-0.0012949039264828661,0.003884711779448608,-0.00012531328320801078
33,Aggregated,-0.013344555493470429,0.004304251959527572,0.013886397273330277,-0.00030541872246251723,0.0065860021526735636,-0.004022004571215259
33,Centralized,-0.013287822369328378,0.0043304371810784946,0.01366708040270307,-0.00026892842366571924,0.0065577161770790475,-0.003964970348917353
34,0,-0.03874407582938399,-0.04447077409162707,0.11224328593996871,0.009676145339652413,-0.00189573459715643,-0.03206951026856238
34,1,-0.005054302422723486,0.0003759398496240629,4.177109440267982e-05,4.17710944026863e-05,0.0020050125313283208,8.354218880536798e-05
34,2,0.007017543859649118,8.354218880534669e-05,0.0021720969089390157,-0.0025480367585630844,0.006098579782790278,-0.002798663324979113
34,3,-0.0037593984962406026,0.005680868838763569,0.0003341687552213794,0.008312447786131938,0.0010442773600668179,0.0009189640768588007
34,4,-0.0015873015873015992,-0.002422723475355028,-0.0015873015873015797,-0.0048036758563074055,0.005096073517126142,-0.002213868003341694
34,5,0.0037593984962405688,-0.001211361737677528,0.004594820384294063,-0.006056808688387602,0.005304928989139487,-0.0063909774436089846
34,Aggregated,-0.0067824941631199264,-0.007443355739154457,0.020743351786005868,0.0008770704477685153,0.002884192503976542,-0.007378012299973591
34,Centralized,-0.006702523789822084,-0.007350710246862537,0.020514411805268272,0.0008550544752447949,0.002896152254861395,-0.007316232243828445
35,0,-0.028159557661927116,-0.021406003159557666,0.10572669826224299,-0.012914691943127958,-0.02199842022116898,-0.025987361769352426
35,1,0.004803675856307437,-0.0009189640768588043,-0.005304928989139527,-0.002088554720133669,0.0060985797827902795,-0.0025898078529657735
35,2,-0.002422723475355062,0.011111111111111073,-0.006975772765246445,-0.0032999164578112077,0.008813700918964062,-0.012238930659983223
35,3,0.004887218045112771,0.0011278195488721701,-0.0017126148705095977,-0.004135338345864644,0.004553049289891364,-0.00472013366750205
35,4,0.007393483709273166,-0.0038011695906432774,-0.001086048454469528,-0.0008771929824561486,0.002464494569757705,-0.0015873015873015927
35,5,0.001294903926482884,0.007936507936507887,-0.004302422723475377,-0.0028404344193818072,0.008813700918964041,-0.008395989974937318
35,Aggregated,-0.0023470287639299875,-0.0012365089539661195,0.015485754032505926,-0.004461916295558461,0.00117632748009043,-0.009453862933533683
35,Centralized,-0.002282443800855048,-0.0011860433043718217,0.015259964142876791,-0.004440766790787462,0.0012343125086195172,-0.009412494828299535
36,0,-0.028436018957346078,0.006200631911532358,0.1006714060031596,-0.03108214849921008,-0.020932069510268575,-0.04774881516587676
36,1,0.004385964912280695,-0.0032163742690058407,-0.0016708437761069497,0.0006265664160400845,0.0054720133667502035,-0.008103592314118661
36,2,0.008939014202172083,0.0025898078529657423,-0.00396825396825397,-0.0006683375104427828,0.002756892230576446,-0.009649122807017536
36,3,0.0007518796992481406,0.00710108604845447,-0.002297410192147042,-0.0025062656641603896,0.00045948203842941177,-0.0060150375939850165
36,4,0.0044277360066833854,-0.000960735171261483,-0.00881370091896407,0.0017126148705095896,0.003299916457811208,-0.00467836257309943
36,5,0.009983291562238896,0.003467000835421895,-0.0030075187969924788,0.0024227234753550573,0.0035505430242272437,-0.008897243107769397
36,Aggregated,-0.0003323503964918163,0.00257423694912559,0.014530797389454704,-0.0052294902244123635,-0.001139028629852845,-0.014584427962808757
36,Centralized,-0.0002620328230588991,0.0025651634257343693,0.014315266859743438,-0.0051648048545028,-0.0010895048958764397,-0.014501448076127275
37,0,-0.026777251184834094,-0.05315955766192719,0.08992890995260666,-0.010663507109004726,0.011137440758293846,0.008491311216429688
37,1,-0.0020885547201336544,0.002882205513784461,-0.00722639933166244,-0.0016290726817042521,0.003842940685045938,0.0017126148705096135
37,2,-0.0025480367585630596,-0.001420217209690886,-0.006892230576441104,-0.0030075187969924827,0.0037176274018379013,0.00012531328320801541
37,3,-0.000751879699248119,0.001629072681704259,-0.0029657477025898196,-0.0008771929824561264,0.0029239766081871313,4.177109440265577e-05
37,4,-0.0021303258145363335,0.007059314954051812,-0.0027986633249791216,-0.0010025062656641456,0.0029657477025898174,-0.0015873015873015851
37,5,-0.002965747702589815,0.0004177109440267501,-0.006975772765246429,-0.0026315789473684253,-0.000710108604845459,-0.002172096908939012
37,Aggregated,-0.00645685617891012,-0.007650758033824675,0.011463737380870274,-0.0033901472111927088,0.0040654123236170715,0.0011905192547853665
37,Centralized,-0.006406012963729144,-0.007536891463246469,0.011267411391532173,-0.0033719486967314655,0.0040477175561991355,0.0011722521031581833
38,0,-0.024763033175355595,-0.009913112164296984,0.09000789889415484,0.023143759873617695,-0.010703001579778824,-0.020379146919431292
38,1,0.0018379281537176338,0.0056808688387635885,0.004135338345864659,-0.0005012531328320949,-0.0058479532163742765,-0.00029239766081871806
38,2,-0.002297410192147024,-0.0016708437761069272,0.002798663324979106,0.0019214703425229594,-0.0012531328320801967,0.005513784461152866
38,3,0.0014619883040935552,4.1771094402680135e-05,0.0005847953216374253,-0.005722639933166248,-0.01040100250626564,0.004010025062656639
38,4,0.0017961570593149389,0.004051796157059298,0.0017961570593149527,-0.00033416875522138676,-0.005764411027568905,0.0034670008354218814
38,5,0.0004594820384294133,-4.1771094402670574e-05,0.004177109440267306,0.0017961570593149558,-0.005221386800334169,0.0038429406850459553
38,Aggregated,-0.003838040698408469,-0.0004236881152214465,0.018122216370354487,0.0036207691616949316,-0.0065818188991940835,-0.0008762697944182524
38,Centralized,-0.0037856847331402504,-0.0003999448351951488,0.01794235277892703,0.003571921114329059,-0.006571507378292639,-0.0008274720728175246
39,0,-0.03357030015797788,-0.006121642969984252,0.0983017377567142,-0.03657187993680875,-0.044154818325434456,-0.01816745655608209
39,1,-0.0015873015873015947,-0.0010442773600668495,-0.0007518796992481166,-0.0005847953216374324,-0.0001253132832080376,0.001587301587301575
39,2,-0.007727652464494577,0.0012113617376775336,-0.0006683375104427735,0.004553049289891393,-0.0015037593984962593,0.009147869674185445
39,3,0.0039264828738512746,-0.001670843776106922,-8.354218880535039e-05,0.003383458646616534,0.001963241436925627,0.002506265664160408
39,4,-0.002673350041771085,-0.004678362573099424,-0.005555555555555553,0.0010860484544694866,0.00208855472013366,0.002213868003341681
39,5,-0.008980785296574756,-0.0011278195488721942,-0.0027986633249791133,0.004970760233918099,-0.0038847117794486093,0.009314954051796094
39,Aggregated,-0.008736800917786558,-0.002285147411737596,0.015742358182136564,-0.004252703470534773,-0.008040987125546878,0.0008694829713608845
39,Centralized,-0.008674665563370581,-0.002275548200248249,0.015535788167149329,-0.004171838367121762,-0.007950627499655178,0.0009171148807061168
40,0,-0.04936808846761456,0.0038704581358609902,0.08819115323854647,-0.029739336492891018,0.007898894154818325,0.01232227488151655
40,1,0.0002506265664160438,-0.0017961570593149438,0.0015873015873015836,0.0007101086048454441,0.0006265664160400845,-0.001378446115288212
40,2,-0.001754385964912289,0.001044277360066833,0.002339181286549689,-0.0010025062656641589,-0.0015037593984962622,-0.006641604010025074
40,3,0.004720133667502079,-0.0037176274018379013,-0.001420217209690902,-0.006223893065998314,0.0030492898913951454,-0.006432748538011694
40,4,0.008228905597326646,-0.0008354218880534466,0.0004177109440267298,0.0009607351712614913,0.001503759398496241,-0.0027568922305764316
40,5,-0.0036340852130325725,0.0026315789473684245,0.005096073517126127,0.0036758563074352373,-0.004511278195488717,-0.0032581453634085247
40,Aggregated,-0.007434943448555686,0.00024352528984964328,0.01690020698635241,-0.005563179915975417,0.0012578245839123085,-0.0011935991357293484
40,Centralized,-0.00733002344504207,0.00023445042063163595,0.016721831471521172,-0.0055026892842366506,0.001241208109226326,-0.0012274169080126898
41,0,-0.04000789889415489,-0.03613744075829377,0.10548973143759889,-0.013744075829383919,-0.047353870458135945,-0.05118483412322278
41,1,-0.004887218045112759,0.0005430242272347452,0.0012113617376775373,-0.002464494569757737,0.003592314118629917,0.0020050125313283208
41,2,-0.002548036758563052,0.0061821219715956395,0.0030910609857978414,-0.002464494569757736,0.0017543859649122992,-0.0010025062656641695
41,3,0.003968253968253964,0.007477025898078504,0.005430242272347527,-0.007602339181286554,0.008312447786131967,-0.005054302422723493
41,4,-0.0030492898913951696,0.003007518796992469,0.001796157059314944,-0.003968253968253964,0.006307435254803647,-0.006599832915622386
41,5,0.000918964076858821,-0.0009607351712614916,0.002965747702589816,-0.001044277360066834,0.00175438596491228,0.0038847117794486193
41,Aggregated,-0.007989366763820678,-0.0037082263461303477,0.021022266824123392,-0.005316906701291844,-0.0047886144067058635,-0.010156441926031786
41,Centralized,-0.007909253896014346,-0.0036270859191835534,0.0208109226313612,-0.0052958212660322804,-0.004682112812025937,-0.010053785684733111
42,0,-0.016943127962085365,-0.017456556082148522,0.13937598736176912,0.010466034755134307,-0.014257503949447085,-0.020616113744075824
42,1,0.004720133667502088,-0.008688387635756046,0.0025062656641604017,0.0015455304928989075,-0.0003759398496240592,0.0002923976608187026
42,2,-0.007268170426065115,-0.0027151211361737863,-0.0015037593984962244,0.003091060985797843,0.00509607351712614,-0.004218880534670006
42,3,-0.002506265664160383,-0.010735171261487082,0.003174603174603196,0.005764411027568932,-0.0018796992481203063,0.0036758563074352347
42,4,-0.0019214703425229653,-0.0047619047619048005,0.003968253968253969,0.004803675856307422,-0.0011695906432748304,-0.003425229741019204
42,5,-0.0006265664160401171,-0.006474519632414372,-0.0004594820384294022,0.0015037593984962272,-0.00363408521303258,-0.0028404344193817964
42,Aggregated,-0.004244983719291527,-0.008579651062635793,0.02588732255508791,0.004600251052430082,-0.0028419676109694993,-0.004715003032182239
42,Centralized,-0.004213211970762674,-0.00855744035305481,0.025603365053096096,0.004585574403530531,-0.00281340504757964,-0.004675217211419152
43,0,-0.03684834123222754,-0.0055687203791469474,0.11820695102685604,-0.037045813586098,-0.015916271721958922,-0.05363349131121655
43,1,0.005472013366750198,-0.01152882205513781,-0.007769423558897226,0.010735171261486995,-0.001545530492898916,-0.00037593984962406104
43,2,0.0010442773600668105,-0.004928989139515457,-0.003508771929824574,0.020927318295739322,-0.0019214703425229824,0.0009189640768588043
43,3,0.006599832915622369,-0.01345029239766077,-0.010150375939849613,0.011695906432748473,0.0022974101921470263,0.0005012531328320561
43,4,0.0018796992481202774,-0.010735171261486993,-0.0063492063492063475,0.009398496240601455,-0.002506265664160406,0.0007936507936507945
43,5,-0.0002923976608187233,-0.008521303258145343,-0.003425229741019211,0.014118629908103614,-0.00016708437761067674,0.0032999164578111783
43,Aggregated,-0.004088312103759515,-0.009079617062102877,0.01574388954435632,0.0044679126174333,-0.0034445275781733046,-0.008628672321078721
43,Centralized,-0.00400634395255827,-0.009088401599779354,0.015487518962901686,0.004571783202316914,-0.0034133223003723506,-0.008516066749413928
44,0,-0.03155608214849918,-0.01571879936808849,0.08680884676145365,-0.027409162717219587,0.008807266982622445,-0.004344391785150086
44,1,-0.004845446950710102,0.004594820384294065,0.0014202172096909012,7.401486830834377e-18,0.003341687552213864,0.003007518796992498
44,2,-0.010735171261487028,0.004469507101086044,0.0021303258145363435,-0.003592314118629906,-0.002130325814536333,0.0023391812865497133
44,3,-0.009147869674185462,0.0048036758563074185,-0.0009607351712614913,-0.00037593984962405735,0.006223893065998299,0.00446950710108606
44,4,-0.007226399331662481,0.004594820384294091,0.0012113617376775206,0.0026315789473684383,0.0023391812865497068,0.0014619883040935496
44,5,-0.002673350041771093,0.0029657477025898204,0.0013366750208855353,-0.0005430242272347508,-0.006307435254803621,0.00020885547201336397
44,Aggregated,-0.011276778190062575,0.0007517833855003774,0.016181404384732655,-0.005151539160732755,0.0021267689135522293,0.0011240915278259835
44,Centralized,-0.011226037787891325,0.0007929940697835141,0.016004689008412613,-0.005095848848434701,0.0021100537856847405,0.0011377741001241356
45,0,-0.03151658767772509,-0.023696682464455016,0.10730647709320694,-0.009360189573459732,-0.01820695102685624,-0.04822274881516587
45,1,-0.005597326649958218,0.0017961570593149534,-0.0036340852130325907,0.00944026733500414,-0.01186299081035923,-0.00016708437761068598
45,2,-0.0015873015873015947,-0.0006265664160401014,-0.0035923141186299037,0.007017543859649088,0.006725146198830366,-0.007936507936507884
45,3,-0.0038429406850459275,-0.002130325814536322,-0.004427736006683367,0.005263157894736845,-0.0014202172096909012,-0.0009607351712614953
45,4,-0.001587301587301576,-0.0031746031746031586,8.354218880534731e-05,0.007936507936507914,-0.0033834586466165487,-0.002380952380952362
45,5,0.001127819548872169,-9.25185853854297e-18,0.0006683375104427773,0.004218880534670007,-0.0033416875522138444,-0.0026733500417710876
45,Aggregated,-0.00745917298139084,-0.004867137815325825,0.0171611457490551,0.003924834580413082,-0.005403707587633047,-0.010843766478855373
45,Centralized,-0.007398979451110198,-0.004820024824162212,0.01693559509033238,0.0039580747483105765,-0.0053716728727072225,-0.010750241346021242
46,0,-0.03337282780410734,0.013902053712480282,0.08862559241706142,0.007740916271721951,-0.005766192733017361,-0.045063191153238605
46,1,0.00041771094402670204,0.0017961570593149504,0.00446950710108603,8.354218880533559e-05,-0.0020885547201336774,0.0028404344193817964
46,2,0.00012531328320800433,0.0020467836257309804,0.0004594820384294096,-0.002965747702589825,0.001086048454469499,-0.0032581453634084995
46,3,-0.0013366750208855527,0.001963241436925639,0.005430242272347515,0.000626566416040103,-0.0109440267335004,0.004260651629072687
46,4,0.0014202172096908865,0.0032999164578111856,0.006641604010025045,-0.004594820384294072,-0.00016708437761069525,0.0009189640768588007
46,5,0.003132832080200502,-0.0005847953216374157,0.0050960735171261635,-0.0030910609857978224,0.0024227234753550525,0.0005430242272347638
46,Aggregated,-0.005276477720175823,0.003859082236304915,0.019294971111419774,-0.00026957235737480725,-0.0026144230033693008,-0.007087158015871986
46,Centralized,-0.005206178458143716,0.0038339539373879504,0.019121500482692035,-0.000289615225486121,-0.0026065370293752543,-0.0069921390153082534
47,0,-0.020971563981042652,-0.03562401263823072,0.09648499210110578,-0.021840442338072606,-0.01544233807266976,-0.04052132701421802
47,1,0.0017961570593149482,0.0052213868003341555,0.005263157894736859,4.177109440267952e-05,-0.0030492898913951536,-0.0017543859649122818
47,2,0.005680868838763562,0.009816207184628221,0.007142857142857133,-0.003592314118629917,-0.0019632414369256434,-0.004553049289891395
47,3,0.002213868003341677,0.0065162907268170285,0.007727652464494555,0.002882205513784464,-0.006934001670843772,-0.0023809523809523877
47,4,0.0016290726817042528,0.008228905597326643,0.004469507101086048,-0.0004177109440267298,-0.003884711779448596,-0.0050125313283207965
47,5,0.002756892230576448,0.0069340016708437655,0.004887218045112787,-0.003926482873851292,-0.003842940685045949,-0.0017961570593149562
47,Aggregated,-0.0013867492536024104,-0.0002471145755898155,0.021900861629775135,-0.004683666800600117,-0.005967713972471109,-0.00971024577909088
47,Centralized,-0.001337746517721701,-0.00015859881395667482,0.021714246310853665,-0.004640739208385071,-0.005944007723072654,-0.009633154047717604
48,0,-0.019628751974723573,-0.020063191153238524,0.11378357030015758,-0.017219589257504043,-0.008649289099526069,-0.03163507109004731
48,1,-0.000584795321637449,0.003007518796992476,-0.0006265664160401159,-0.006349206349206329,-0.0022974101921470432,-0.005680868838763547
48,2,-0.0016290726817042643,0.001294903926482876,-0.00016708437761069894,-0.006683375104427715,-0.001503759398496231,-0.006349206349206344
48,3,-0.001044277360066838,0.00012531328320802373,-0.0007518796992481129,0.0010442773600668346,-0.000668337510442784,-0.003717627401837933
48,4,0.0012531328320801926,0.003968253968253968,-0.00020885547201336766,-0.005388471177944857,0.0031746031746031633,-0.007811194653299898
48,5,-0.0002506265664160401,0.0032999164578111917,0.002506265664160399,-0.007184628237259782,-0.0032581453634085173,-0.005137844611528787
48,Aggregated,-0.0038389831689728472,-0.0016183473778884068,0.02022443841342384,-0.007086448929801391,-0.0022776992145021255,-0.010314000686109843
48,Centralized,-0.0037994759343538743,-0.0015721969383533263,0.019990346159150456,-0.007061095021376333,-0.0022617569990346325,-0.010260653702937541
49,0,-0.03846761453396552,-0.011650868878356951,0.0953396524486575,-0.03254344391785143,0.0003159557661927721,0.00359399684044233
49,1,0.013241436925647464,-0.002882205513784465,-0.007727652464494551,0.0020885547201336795,-0.004135338345864659,0.006934001670843764
49,2,0.011737677527151187,0.002756892230576445,0.0012531328320802024,0.0066416040100250396,-0.0061403508771929955,-0.0012113617376775091
49,3,0.008354218880534663,-0.006766917293233058,-0.004970760233918135,0.0009189640768588072,-0.006349206349206338,0.008813700918964043
49,4,0.006558061821219704,0.0016290726817042673,-0.000668337510442765,-0.0018379281537176156,-0.005513784461152876,0.002339181286549716
49,5,0.009106098579782744,0.0022974101921470116,0.0027986633249791003,0.0031328320802004985,-0.007644110275689225,0.002840434419381779
49,Aggregated,0.0012727909228639103,-0.002546569490142863,0.015308505110023182,-0.003946878381186892,-0.004848476614681218,0.0038815037768285755
49,Centralized,0.0013722245207557593,-0.002523789822093483,0.015108260929526988,-0.0038753275410288095,-0.004861398427803078,0.003882223141635628
50,0,0.022472353870458105,-0.023301737756714118,0.08653238546603492,-0.03870458135860995,-0.017219589257503942,-0.06295418641390194
50,1,-0.0035087719298245524,0.0029657477025897927,0.0033834586466165145,0.006223893065998319,-0.008354218880534671,0.0017961570593149365
50,2,0.0002923976608187065,-0.000501253132832077,-0.005472013366750189,0.0013784461152882195,-0.006056808688387638,0.0003341687552213979
50,3,0.0046365914786967305,0.0012949039264828802,0.00025062656641603825,0.003801169590643262,-0.009356725146198825,-0.000626566416040103
50,4,-0.004553049289891388,0.0025480367585630753,0.003216374269005837,0.004135338345864666,-0.010651629072681709,0.00029239766081871806
50,5,-0.002548036758563078,0.002673350041771098,-0.0019214703425229462,0.00405179615705931,-0.010401002506265624,0.0006265664160401067
50,Aggregated,0.003034430265570907,-0.002637553629963575,0.015197104565222759,-0.0036114576461296665,-0.010422468243264302,-0.010722330713956679
50,Centralized,0.002985795062749968,-0.0025858502275548003,0.015018618121638364,-0.003523651910081381,-0.01040546131568059,-0.01059164253206455
