Round,Evaluator,4,3,0,2,1,5
0,0,,,,,,
0,1,,,,,,
0,2,,,,,,
0,3,,,,,,
0,4,,,,,,
0,5,,,,,,
0,Aggregated,,,,,,
0,Centralized,,,,,,
1,0,-0.008746995459459363,-0.13261535253643897,0.5778887894383444,-0.014156921456771155,-0.00275337813729168,-0.04960314692608204
1,1,0.31465920573322104,0.27336666625278894,0.24301276717783793,0.3068172369081752,0.2771830064410565,0.2875192806410706
1,2,0.32597279962101183,0.26629189785808377,0.24072310201271,0.3103987877636797,0.27516440500692274,0.28669177070292684
1,3,0.31849061868286,0.27679282540902234,0.24439552102873927,0.3034063904591129,0.2788509918571342,0.2800314032523703
1,4,0.32584201492890336,0.2754054518825245,0.24748431459972672,0.3120409672501259,0.2851952625559482,0.292451128568958
1,5,0.31592412943097525,0.2718973073785526,0.24193198855680953,0.3053904038964772,0.2799142845005813,0.2789891208891267
1,Aggregated,0.2620710006263933,0.20114018716337323,0.30257986585793756,0.2507683484786685,0.22944176302097874,0.22600254003018325
1,Centralized,0.26274854012803084,0.20197516092140083,0.30189111261062873,0.2514313517123827,0.23002295904149178,0.22669195792266297
2,0,-0.08289673245011843,-0.04179599144062312,0.8271146350897832,-0.24436478752671145,-0.14532985829122833,-0.176410215651891
2,1,0.047668611837294775,0.08042517988752744,0.06438935177160421,-0.004010854701810348,0.06329991660838084,0.05704425101417018
2,2,0.0539005185330634,0.07241921893321435,0.06453344112850154,0.01228985326089463,0.06127778150854404,0.05700100757570054
2,3,0.04642325169314906,0.08009750039074609,0.051914322632048586,-0.006607920943909758,0.07011993514679671,0.05487902779429366
2,4,0.042151041962860424,0.07595273268313743,0.053932073155336685,0.003508038878834471,0.05504413241785692,0.04886510742991376
2,5,0.05337624493665189,0.0761947720638792,0.05033062305123577,0.01280431349527571,0.05783401516434298,0.054613793813803796
2,Aggregated,0.025455797448360087,0.056028616982427545,0.19306232794536476,-0.040207363853885826,0.024974603331605574,0.013692226732820329
2,Centralized,0.025726916885232546,0.05627339064225746,0.19147590335080536,-0.039696639174421,0.02540072016994033,0.014167827087025573
3,0,-0.13624652600313897,-0.01842630125113864,1.1207226738625706,-0.1526144416716613,-0.0873420116007224,-0.13605533392194016
3,1,-0.00846640443377403,0.014973475224456221,-0.014929568570909688,0.021562786714445913,0.055038652331586606,0.006253950866151881
3,2,-0.026921991176325807,0.03149098449429205,-0.03507538985283029,0.03354451705386907,0.04624952778893088,0.014846634744498597
3,3,-0.004768736489749903,0.011417984111004604,-0.008580218341603397,0.017472093408023644,0.04306450214101079,0.019508818926394722
3,4,-0.015669554336361136,0.025013192585164705,-0.02618134907235099,0.02568681644868679,0.04494135330440994,0.01012830774054723
3,5,-0.017891885431854795,0.021908890556125073,-0.02272328907573666,0.022113170792630074,0.043657677678211396,0.02672434275708526
3,Aggregated,-0.03620799728052738,0.01400289236545173,0.18028293873106963,-0.007137647589838721,0.022930298050299284,-0.011279509967013367
3,Centralized,-0.03595762125674558,0.014084036268955519,0.17792976713676723,-0.006773683172417988,0.023206321714797515,-0.010967287662320193
4,0,-0.16016074828923105,-0.2388033045509264,0.8276414904154906,-0.2853081894067148,-0.13614340946209413,-0.08846083986544871
4,1,-0.005524013978007971,-0.01114655161818578,0.014419717405707846,0.008007661363900397,0.030826527011029014,0.0005378654391564233
4,2,-0.008052338858711762,-0.0065935963765246354,0.009155507706918305,0.004991202017450715,0.02486854527842282,0.012113563373419624
4,3,0.011822643167637936,-0.01847493263414268,0.004598272743361937,0.008345384218060439,0.025781151076873447,0.006428129488373043
4,4,-0.006261461097523527,-0.012209455457602648,0.013462138714782605,-0.006116553405681835,0.03228427733669218,0.013891595369376704
4,5,-0.009275649542461342,-0.0051371716785189115,0.0008570996036888917,-0.015063724650444022,0.029540382609108753,0.015145572779106768
4,Aggregated,-0.03114072181494191,-0.05100613305163052,0.1532056172839454,-0.0503745959177847,-0.0004534771634347396,-0.007703880892233151
4,Centralized,-0.030817875355738728,-0.05053623035451705,0.15151828993167862,-0.04978665716995334,-0.00011396265888909962,-0.007501927370419138
5,0,-0.1607095788556317,-0.06953195801203227,0.8509538946865117,-0.20083691657623456,-0.1281659872373378,-0.23616906037066024
5,1,0.035233433916689726,0.03785174832615215,0.005469073238382876,-0.0304920602133985,0.006264068941468298,-0.023678154792780914
5,2,0.03402549484911915,0.05290793860222173,0.004438657398095261,-0.05128768627304814,-0.013199004567835937,-0.031204128868712884
5,3,0.03946973681924017,0.034509006680592355,-0.01275542291858609,-0.020224895887669306,0.011057135440711456,-0.00889308671442344
5,4,0.03871392780285674,0.04669026393422397,0.002871016205946949,-0.044107009241310086,0.0018518250125224918,-0.026129127523444633
5,5,0.021917392157103244,0.05080644142206343,0.011836061848527136,-0.040363121668671446,-0.01108650981647551,-0.027636574386817082
5,Aggregated,-0.0005021374395290188,0.024399196158153447,0.15227955624230086,-0.06618573414341614,-0.023483243442147674,-0.06107617275129895
5,Centralized,-0.00010154613049611072,0.024634036326411465,0.1505315558957378,-0.06584907985430254,-0.023221294035166325,-0.06063754246979687
6,0,-0.021346919460240067,-0.16568314614991858,0.8263030328218766,-0.12581211135598047,-0.15859777427530597,-0.21018659842219806
6,1,0.00913405474542593,0.023491752426497817,0.005239236480387728,0.014613743402511222,0.0009667000229120913,-0.010001481379135408
6,2,0.02499347000631361,0.02266043976557471,-0.002955824616332347,0.00044285834216938177,0.016887405431446578,0.0008641692027899253
6,3,0.0025128647682634087,0.018982090343086868,0.002627658158331801,0.01797892809729466,-0.0023867886954588072,-0.005991816597888174
6,4,0.013922615219127216,0.027785334947917253,0.0033224841324798514,0.007935973532591149,0.014286407607768956,0.00269804280955851
6,5,0.02002736274638572,0.03385839738038387,-0.008308912903839913,0.0006473792143786104,0.010276818718784221,0.02413256951546065
6,Aggregated,0.007852945703606475,-0.008392667559956905,0.14595953846508108,-0.015372223654383727,-0.02142557965277832,-0.03520399828408679
6,Centralized,0.007925792041087242,-0.007999217701074066,0.14425710820412008,-0.015096102141035458,-0.021082571244452643,-0.034766360651518086
7,0,-0.3248765326454682,-0.103076468016601,0.7668540997499772,-0.1386439938534852,-0.050804453095508594,-0.1370300460465155
7,1,-0.01998475556311904,-0.03266934806390884,0.021305417174091117,0.033746384040459584,-0.038763542206613,-0.04458962578680755
7,2,-0.016409255448698555,-0.020121256245804867,0.009986097069696116,0.01130026447254012,-0.048413053696323864,-0.03595264130075933
7,3,-0.02539943049266917,-0.019577708301600962,0.024106982264196466,0.027188416969627118,-0.03603630553805392,-0.04208492377926838
7,4,-0.008869102479140627,-0.04464486903790854,0.01906580419267498,0.018408964183761353,-0.042430378178661014,-0.034974849124692675
7,5,0.00482599407485544,-0.06997574748063082,-0.0008207177652919887,0.018604993476797043,-0.06446440173488122,-0.020378156932389473
7,Aggregated,-0.06823282534076211,-0.04900036354895759,0.1475966872057615,-0.006502496435221048,-0.046866470461866094,-0.053515033901616264
7,Centralized,-0.06759001122063962,-0.048865029269080366,0.14604712679657147,-0.006171892100480866,-0.04685670859376324,-0.05330621019738094
8,0,-0.14320972550907488,-0.23271969432290973,0.8640359861252124,-0.1657387769676999,-0.17792215171676393,-0.09488739457480412
8,1,0.014451833406087414,0.012440608783393778,-0.014617107360789175,-0.009899272753441535,-0.006537434810100638,0.04018411249585782
8,2,0.008428942083771922,0.05527394361289184,0.01413458702085729,0.004634605024653205,-0.03493678135803728,0.005882480925771024
8,3,0.010317008402881831,0.005987425427903679,-0.02537291524282697,-0.012449909191864037,-0.0062701327544674645,0.049126937113780605
8,4,0.014842935088408503,0.03042807425087309,-0.007190310411998212,-0.012909269545376167,-0.012984358840193801,0.04130748571993889
8,5,-0.0014255458614960007,0.05008659929197678,0.003800223513571246,-0.00281933340339776,-0.038822990834365835,0.0533372410963102
8,Aggregated,-0.017622895862436063,-0.015716837741359565,0.14782190468614015,-0.034785905303628406,-0.047824181299381076,0.01449792055892826
8,Centralized,-0.01730902396322176,-0.015174095943688837,0.14602936938448022,-0.03445879925604126,-0.04749900543696865,0.014771555660161147
9,0,-0.22423690236990954,-0.12664888418357814,0.890785778357057,-0.1722979155038111,-0.18771944587731793,-0.20116924707034756
9,1,0.01035556076987724,0.004849029792097204,0.010954357700246569,0.012656762221158996,0.0066283051787060804,-0.0011623922738849067
9,2,-0.012550905500511581,0.034163666207498146,0.005520680297724873,0.007423050209704095,0.005375014270812111,-0.006970525957026102
9,3,0.005664593058460653,0.00936844165308445,0.00742301211372556,0.01845120449128538,0.008390897785326276,0.0027213848418772926
9,4,0.004947151928827652,0.012734759707282967,0.011168437191777247,0.005644752105745592,0.018865668679878673,-0.0012675892933341842
9,5,-0.0050350995448256485,0.00860858371104482,0.004450525526726393,0.018344236418331685,0.011803044631855353,0.029377401502059985
9,Aggregated,-0.03905615168339592,-0.010891933789468847,0.1638704689520323,-0.02014249133586852,-0.024753428865346018,-0.03180019536945776
9,Centralized,-0.03859286869297793,-0.010602126028096086,0.16205156164285342,-0.019761826736139944,-0.024345785099056216,-0.03137649185432253
10,0,-0.12516885089653962,-0.0944276850261671,0.7951723522775769,-0.17000407607322482,-0.00587399365168664,-0.13676477514262156
10,1,-0.029292844289640966,0.0012430858596228801,0.006096684875910167,-0.0210203313397883,0.001314908003852676,0.0018307707005953142
10,2,-0.054285209450274756,0.010899497788325717,-0.01419472878737671,-0.001514993773746221,0.0026983077853265534,0.01423284515805313
10,3,-0.02548449901250194,-0.0023011385228331243,0.00804858494154774,-0.030582598925196672,-0.005002504858392473,0.022947015345209022
10,4,-0.03244502758911987,0.004946220515567234,0.0035918169766178325,-0.017253209938481985,-0.0027147717965760134,0.009150468173221526
10,5,-0.0346227968092476,0.006887173496662715,-0.008300064354473339,-0.003984347802708066,0.0015081211686635637,-0.0022337408695433368
10,Aggregated,-0.051115067233325845,-0.013112114203451328,0.13968905997145528,-0.0422763729926796,-0.001399282654827978,-0.016597613863198257
10,Centralized,-0.05092973665061129,-0.012908696809609857,0.13804885982263676,-0.041956872234459416,-0.0013881909531825273,-0.016297053101770494
11,0,-0.3644376584964875,-0.1657577980774847,0.7616752215754797,-0.0798755021012926,-0.0642890762045019,-0.13177519590969375
11,1,0.0030897176971147835,-0.03239253475024001,-0.0014378487278979887,0.024952492298519008,0.009168384172874534,0.00853608633680309
11,2,-0.008157121510895317,-0.023970328452405702,-0.030824050745298863,0.03146754025168155,0.01776331086052433,0.01657499289102847
11,3,-0.0026047292600036302,-0.04144506609381015,-0.0205585504999349,0.037477862332144334,0.02284408688851917,0.016213707769749133
11,4,-0.000469300172955734,-0.03548724380660088,-0.015717549604392214,0.030565137849932533,0.017660039649762652,0.0129773122116692
11,5,-0.005397588126094402,-0.023061965295632182,0.008638151772762847,0.025802186013248008,-0.0072548754109477065,0.026593398165331565
11,Aggregated,-0.06660979816891549,-0.05502934292982261,0.12469138538339579,0.010633432169472727,-0.0014471785048304382,-0.009958014644809195
11,Centralized,-0.06586461265645703,-0.05475230538884777,0.12309741612164796,0.01085993518168725,-0.001290125995429261,-0.00965328559072389
12,0,-0.1800779245336672,-0.2550324635730186,0.7075650289030714,-0.08270461031134083,-0.14478591425974932,-0.18481033988286777
12,1,0.013965145345835832,0.025663670334973337,-0.024846925808037008,-0.015877024135978666,0.011846813967785006,-0.010006988608537666
12,2,-0.009381233368718675,0.06144518712360984,-0.047725577730584404,0.016029488600703766,-0.01645052074439179,0.0013428462944466211
12,3,0.03355774332947596,0.023983618754657144,-0.023691305448524647,-0.030044404489382195,0.024016805253372474,-0.007283129112022593
12,4,0.013190196942267446,0.03749665696915149,-0.023055477949179896,-0.019566175666581313,0.0010265556041468538,0.003908281105407098
12,5,-0.006564161328211118,0.035753076592774276,-0.033616957892608615,-0.003927760360243128,-0.016199084826461495,0.009801218018153828
12,Aggregated,-0.024440131803146616,-0.014697801928626955,0.09981227930908133,-0.02340130252335129,-0.024879109563260397,-0.03301647143239216
12,Centralized,-0.024050669095435743,-0.014096508825571211,0.09829152515253521,-0.02325295542217544,-0.02457905259294998,-0.03263672214678391
13,0,0.0017293290919368765,-0.09175593972516008,0.7426380752516255,-0.08086218273536343,-0.08116566265013489,-0.04991360554926002
13,1,0.014253757463667456,-0.021570690854771552,-0.01879380564854583,0.027951766123350534,-0.0038828282755999292,-0.0374636300470495
13,2,0.008040765209858093,-0.02288646811745366,-0.010724289883283595,0.04142951765353612,0.0036645462978820167,-0.054987972815059405
13,3,0.023413170383500305,-0.031615217424631095,-0.0304115250285695,0.02643064786775135,-0.005857422007664017,-0.03947332173060753
13,4,0.013639498817553192,-0.03226631794798471,-0.010331645927042778,0.03276255184028734,-0.00793111865138211,-0.04632851345004379
13,5,-0.0003546312929720699,-0.03440407671890687,-0.00458013296288903,0.041895678029733804,-0.006737994950919266,-0.039993446960970805
13,Aggregated,0.010019723706585801,-0.039714560877529385,0.11886794102324304,0.013786249393236314,-0.017754477633368616,-0.04475599479794454
13,Centralized,0.010040435605767265,-0.03958419265458535,0.11730735022621218,0.014023333398415638,-0.017595432770657532,-0.04474268080949058
14,0,-0.16293331777183642,-0.1591598723137556,0.7028031170815615,-0.12873634552961216,-0.1742517360617774,-0.4214439703238772
14,1,0.018996866432444633,0.013928882464338719,0.023135386177423067,-0.002936924972528077,0.012690814943578063,-0.03475279715317876
14,2,0.02479388112326758,0.027773112094791823,0.05243791043355107,-0.05328037105658945,0.033391799181595926,-0.0598303160543806
14,3,0.035395340669388105,0.02449749289738395,0.032255076643640836,-0.002039300073695304,0.00784986808740253,-0.05726788440639948
14,4,0.029873341990654046,0.028554068936136476,0.0354645228059645,-0.018940056385284777,0.017703034750842787,-0.06131236926725869
14,5,0.032582766338704834,0.029844727557492658,0.03151599125174684,-0.028900498694297547,0.019036925487036352,-0.027299639857134746
14,Aggregated,-0.005459227066859526,-0.0075992210619718085,0.15294040905351775,-0.040213011176541344,-0.015851822573767098,-0.1140476134162278
14,Centralized,-0.005065291132520965,-0.00722004882128194,0.1515646250616399,-0.03999152675000788,-0.015455309861015034,-0.11327862259958876
15,0,-0.05404079486935599,-0.02288200596185709,0.7415246998008486,-0.10002040055426845,-0.0974431770511227,-0.26407483903384416
15,1,0.02579435081868925,-0.006844659451185072,0.02441150197627784,-0.0996484995438122,0.03980005141436704,0.001970120329415701
15,2,0.016906467281768055,0.02586996668138104,0.028279813677290253,-0.13401735715640098,0.04676954669542239,0.017314653867381378
15,3,0.03628346326107648,-0.016530821557024518,0.02371922323431502,-0.10123281817377543,0.045803427746865306,0.013793234058518577
15,4,0.03447184897014732,0.007233527053017493,0.030204515547267302,-0.12154567185689553,0.03615949963426727,0.011605170687492993
15,5,0.013880116715480837,0.016390385304534582,0.03177819809571275,-0.14645831660096725,0.04987668178895498,0.005202904099320399
15,Aggregated,0.011421622539669739,0.00025862259854398696,0.15378432121906827,-0.11694844805582415,0.01875116469339946,-0.03843590877226823
15,Centralized,0.011585413947159144,0.0003165230474240274,0.15231371932474513,-0.11699080362027213,0.01904185249694697,-0.03787130633626383
16,0,-0.276508460828539,-0.004487600098936494,0.7311058345995706,-0.2466330504703403,-0.22094252878336745,-0.12468482766733407
16,1,-0.01731284288305193,-0.02076787801473228,-0.01700753883535431,-0.0033733187921662733,-0.035035846425584646,0.05137421039151268
16,2,-0.022589540508631867,-0.02957874062596598,-0.01918871050571746,0.03415102141666263,-0.09219068417450796,0.052933802758476006
16,3,-0.012088556639908378,-0.0037037164628825844,-0.02407898947960247,0.006565415728801389,-0.04752290998144157,0.04504332046773258
16,4,-0.01042544514904425,-0.016741125623526015,-0.01937795856105699,-0.008719629088808826,-0.05043115172083937,0.05373375053701149
16,5,-0.02346614998212244,-0.04549480107433247,-0.023133722948689203,-0.007673004353424633,-0.055760751460919376,0.08702172786604201
16,Aggregated,-0.0629892281410337,-0.019941467969796057,0.11222894210845132,-0.04011948667532275,-0.08529320879471355,0.02574509406152261
16,Centralized,-0.06245504236582023,-0.01998028596587352,0.11068011716118079,-0.03960303264373313,-0.08495407334603795,0.026121572961530868
17,0,0.12211709869626927,-0.11822581665546926,0.6934172496522055,-0.10776199860310055,-0.38490355523770714,-0.03134947938272784
17,1,0.025030990315127545,-0.007798693792171337,0.029601953364415578,-0.01452164776706608,0.02267033373893352,-0.01519516596200834
17,2,0.02289000032612884,0.009461504063188027,0.02438902134959564,-0.024323227017727544,0.02289340396971648,-0.016346032570271188
17,3,0.030981512697659856,0.012169587987890659,0.03358385038228663,-0.02378787899724378,0.021324979409918263,-0.019138757175323397
17,4,0.04040992775482967,-0.015785991416316637,0.03426500148612068,-0.015151430877152604,0.03188598104299339,-0.015969134050796877
17,5,0.03266902635322633,-0.03807674228177203,0.03275527141082288,-0.0009507317247232528,0.033062993050934075,-0.010765496543364408
17,Aggregated,0.04659938447082871,-0.027477121748385486,0.14795375521084014,-0.03200205008684314,-0.04628624633667149,-0.01828585139485832
17,Centralized,0.04641055270779885,-0.02724963401831583,0.1465890184022866,-0.031812306849220436,-0.045438669176017535,-0.01825363213358266
18,0,-0.2513488203683697,-0.04875165981583958,0.7611284811750924,-0.45698870419818827,-0.14845885884950072,0.01823376131358393
18,1,0.018733740704329944,0.014269361163344247,-0.03467685681252654,0.02388418170424011,0.00046935542403944805,0.0008258410062338696
18,2,-0.026652343441183064,0.031243330938623318,0.03647114385395762,0.01166917088076927,0.008424637230403065,0.008472272702409281
18,3,0.0061637807275318,0.007438671800114196,-0.012577161374700194,0.02883936179130358,-0.015700808033763062,-0.00011804522613409288
18,4,0.006012783775329357,0.02174495997475672,-0.018302601070495448,0.01994823835941637,-0.0035959601420369994,0.0041048060849936605
18,5,0.011205213552300634,0.026344274371036144,-0.004569096534765977,0.011669655912585723,0.0016205418566040465,0.007579151759072088
18,Aggregated,-0.041856146856648846,0.008025914186237465,0.12891657457202235,-0.06492016703314922,-0.027672407314978602,0.006656767031417755
18,Centralized,-0.04133208652748594,0.008168019021198031,0.12733466794892334,-0.06393921605240778,-0.02737037407935978,0.006627650526594703
19,0,-0.11516001984982958,-0.40360086688251784,0.6528080590090964,-0.023155575700990427,0.08372033799241468,0.009106544472317854
19,1,-0.0015424432572738486,-0.010684362109232235,-0.011637882209141392,-0.009076114058675517,0.010503965178544492,0.0011137789665336872
19,2,-0.0018040051507257101,-0.009295999934528445,0.007031178952549321,-0.007878955017725061,-0.00671410964324208,-0.009653536432060641
19,3,-0.006563997628906886,-0.004857872528846387,-0.015630912525739192,0.002093056989970826,0.022131654165954584,0.0076256559156881055
19,4,0.009778083344149768,0.005608169371059688,0.005308016468954747,-0.012981465472550833,0.001248587528134899,-0.020164766198484264
19,5,0.001001402988326744,-0.0005382782509511334,0.009556405722665834,-0.02484113999863307,0.00074426041605063,0.004652467131301945
19,Aggregated,-0.020200682685373023,-0.07455401455825383,0.1144381055856541,-0.01276609267120059,0.019386376676872236,-0.0010961815726115032
19,Centralized,-0.019963000208005753,-0.07373077197732443,0.11309088514378973,-0.012740345071076898,0.019225736766484966,-0.0011218522074079211
20,0,-0.16155184175839613,-0.3539288149347083,0.5746038498050093,0.20954425812058936,-0.2756885159430345,-0.1383413510148965
20,1,0.0013849130186100113,-0.038612768286315664,0.030056602106049993,0.03790141430056981,-0.056540605229402366,0.01964855124775142
20,2,-0.007320367039707237,-0.03583968161878078,0.05290624748353574,0.05839979845684536,-0.0509362333343297,-0.0026067890205613503
20,3,0.0018133383458398952,-0.045932867397044747,0.03176500286958575,0.018282082847375706,-0.06281245493685722,0.03285185099184845
20,4,0.0011666958185243363,-0.03049565183737777,0.037731713179047596,0.03328166080705603,-0.06456933579999466,0.011112039195105986
20,5,-0.008227353526286755,-0.043609366647458514,0.0478240444555595,0.053155979710585534,-0.07856513606178835,0.0024204126646437418
20,Aggregated,-0.030380663833077727,-0.09455035210440331,0.13448804112984716,0.07011924137379805,-0.10031328993655443,-0.013994637872774492
20,Centralized,-0.030052258643476812,-0.09390141010254563,0.13338691065120226,0.0697703967956725,-0.09987439840512806,-0.013683360314537173
21,0,-0.08387579062716213,-0.10668927761155039,0.7236281980792711,-0.09121671227131779,-0.20441847135166188,0.05918796621867722
21,1,-0.004010193741325081,0.00265996186041722,0.0005176510862564909,0.008193342822631585,-0.021539843219986848,0.007130413044308472
21,2,-0.013058411011943796,0.004143825290441879,-0.022525551184449155,0.013513356370651992,-0.006181981934517173,0.011730972553273676
21,3,-0.015117310025910902,0.015885069030818197,-0.0010096964033364994,0.007102669150589179,-0.010004206566055702,-0.001541790286028545
21,4,-0.007809871300031795,-0.0003880426856035414,0.003391064880464651,0.010461401330680872,-0.02330178080220153,-0.001311489081969225
21,5,-0.01619074504454978,-0.0029009590640061184,-0.0010811950004626974,0.01954504152230014,-0.03491972625217986,0.024210289504767942
21,Aggregated,-0.02406937947665984,-0.015652825093663017,0.12442383891665272,-0.006428920154209091,-0.051911440884537134,0.01707865893095088
21,Centralized,-0.023919848483304782,-0.015424936389608911,0.12292448477027469,-0.006216664947200403,-0.051529918923882964,0.016973317746766088
22,0,-0.11294774152274256,-0.32950284621905784,0.6666296720159591,-0.15640372415706366,-0.16654798753748576,-0.14147664836213072
22,1,0.02575790252643954,-0.04286243405440226,-0.008565708624673813,0.0199031606879279,-0.0030444667928248253,0.012084845400660613
22,2,0.017245097017096808,-0.03506837398523862,0.007584005877736788,0.018640813363689154,-0.0335478355880281,-0.017983724682398568
22,3,0.027269198385858947,-0.03683139643768167,0.006969462523843112,0.004807247770126409,-0.00954616232768166,-0.00013250420461490082
22,4,0.03249705986736103,-0.04863633411981881,-0.004564122780730371,0.021300727856636052,-0.003782158477144885,-0.0061868927781776
22,5,0.04267389548663403,-0.07152346055531547,-0.013443506637790802,0.036236929755028145,-0.012647599057997986,0.008231161748083804
22,Aggregated,0.003996957183090776,-0.09689316966370301,0.11578528653569353,-0.011016525070097297,-0.039724839589788445,-0.02564934734748359
22,Centralized,0.004289368873514521,-0.09631132350640725,0.11440695414473348,-0.01065282219428807,-0.039407518329965203,-0.02535975244009386
23,0,-0.014915512341861266,-0.09301347194819178,0.6221962403733111,-0.012315537033140846,-0.17206303166459141,-0.1684874981728213
23,1,-0.00200949781061237,-0.02921659510192027,0.004208382350428389,0.0025459792511968496,-0.010927250103656324,0.023035561784931144
23,2,-0.03258619394679831,-0.044513906783451705,0.010927387668158694,0.030137248474765545,-0.006967076370359181,0.05023109661626892
23,3,0.017473710179048602,-0.033724185824293894,0.012800026393942955,-0.011291360672245917,-0.008548034499278084,0.02232320205179775
23,4,-0.012045768745138338,-0.032855642927527066,0.004676886624027195,0.015412692294728334,-0.00889782581197811,0.03129470528814558
23,5,-0.01781986860910839,-0.03946262829533092,-0.01586792685841241,0.020152577928263055,-0.005951341936858967,0.048420203987949724
23,Aggregated,-0.010372313306537616,-0.046034423929619976,0.11267245669268537,0.00720343389518842,-0.037195504246140314,-0.0008972391440709854
23,Centralized,-0.010360888832385074,-0.045916836245050975,0.11139745705335997,0.007252230031705673,-0.036858016264910934,-0.0004778804014538352
24,0,-0.22809737410147782,-0.10561330590971782,0.48366858788599437,-0.024748294732547853,-0.20681783769382933,0.015532326898519763
24,1,-0.003981431926821037,-0.02189462183733974,0.013820125977309214,-0.006866622221135613,0.011577701572583416,0.008178069050398192
24,2,0.0002122339438131316,-0.004216667714802179,0.03834467191721046,-0.03465085730055049,-0.0003026281869204171,0.009075444126349759
24,3,-0.0005646912410776813,-0.030342024393214203,0.015920723035117237,-0.0144067080352357,0.026685348840818232,0.008741440319885913
24,4,-0.009073221043681646,-0.02042297314768504,0.023400686862376188,-0.010336899960451418,0.012836703133230053,0.02113268044652704
24,5,-0.015503448057092325,-0.015159024289326233,0.02897753164095542,-0.009819623247063798,-0.0003151527961363953,0.026564729965016288
24,Aggregated,-0.04505558709706195,-0.033812627460434896,0.1052798884525884,-0.016900060548994584,-0.028222952868427797,0.014878712411674443
24,Centralized,-0.04459754646174916,-0.033632955985718,0.10433343521985859,-0.01688022592010407,-0.027775994303367333,0.014877183286905269
25,0,-0.26647666323759045,0.10729213388944309,0.4580317432474149,0.04686305423985205,-0.10919913577255923,-0.09327833257000122
25,1,-0.010343013082834437,0.03257100488003686,-0.0002514541900558074,-0.00838033223192893,-0.015062534981265922,-0.021515049735987786
25,2,-0.01677423990065541,0.056718564014044966,0.029834422115854985,-0.04381195260584877,-0.020034222688403266,-0.013187100901042246
25,3,-0.013801761420915491,0.024598308488904888,0.0006050145093668735,0.011333393703362211,-0.01570471983342247,-0.031056240799858543
25,4,-0.02126339118809297,0.041073360258757956,0.01505487532504616,-0.03595737207699276,-0.01970957253361573,-0.025906111531229608
25,5,-0.017517341054770333,0.051763307585081374,0.021243582025382717,-0.04688368381736792,-0.0255252460208775,-0.03141796614642199
25,Aggregated,-0.06019893258894975,0.052994926621050625,0.09186259882342002,-0.012090833676819282,-0.03510492505088858,-0.03674606606910615
25,Centralized,-0.05968277240820612,0.05285890874890703,0.09094668913529706,-0.012238216983296524,-0.03491963592554979,-0.03660468165527607
26,0,-0.03894403504943788,-0.030016114131514924,0.22580754164122405,0.00128418220134553,0.04213991800091603,-0.1491266709898704
26,1,0.01721714386563566,-0.0001525959636791956,-0.003121955546470436,0.01242752313762213,0.0041197747679047126,-0.0167692478212708
26,2,0.014062516722654999,-0.02361967589639485,-0.03171807855323635,0.02824362656545159,0.0038119066779173944,-0.018026586668063872
26,3,0.010058934256738589,0.0007171707079252898,-0.007589052966178963,0.02266332057238482,0.0054636892335939765,-0.033976030344534454
26,4,0.020554509124122874,-0.00916150654272175,-0.008168700955963688,0.03175885389015234,0.008615285254111572,-0.024304587065545603
26,5,0.038468017377226105,-0.009315380873030625,-0.007115260889307473,0.012841306405538634,0.008515386755717726,0.004996448570537178
26,Aggregated,0.009646608029323087,-0.01214156406713146,0.03038687917219523,0.018000310847568177,0.012470980555883382,-0.04084823863012194
26,Centralized,0.009768425618967961,-0.012096920612215139,0.02989822488577952,0.01804216872745484,0.012396804888601511,-0.04057720811176238
27,0,-0.30128661119131384,-0.06537863220885153,0.5584114252609872,0.1916461732512827,-0.3597119081600462,-0.29376843416847315
27,1,0.031204744621322403,-0.016662445677936726,-0.008684300806615003,0.004747219674834829,0.023996350470376685,-0.0006312444179832359
27,2,0.03948319608253719,-0.028540295370547947,-0.025100980211099626,0.004601850241206636,0.05584795790809254,0.01037739658668427
27,3,0.04075393268788183,-0.032620369131279074,-0.021346272497824944,0.02433627786903663,0.035629877758851715,0.018851990066948602
27,4,0.035541125274164496,-0.014662826048518096,-0.0073129976937380695,-0.009004100151499756,0.03798874829560006,0.0016254421394760145
27,5,0.04080759022007616,-0.014083816310975567,-0.004998119660496747,-0.009973844971062136,0.0335837678408144,-0.013798058657393884
27,Aggregated,-0.02230106594501294,-0.029098270735084426,0.08754141203991019,0.03627742441772219,-0.03274477955529217,-0.04919138590041847
27,Centralized,-0.02160301350853848,-0.029007483988623427,0.08636322332287594,0.03588878316789286,-0.031926555803744094,-0.04857948456700394
28,0,-0.4750141045301905,-0.2172183425270145,0.7270647261190928,0.08129939506201297,0.00775569802020223,-0.0629370631957046
28,1,-0.004376683219850192,-0.0005068788571457455,-0.002220091120056938,0.022283258025754687,-0.016307206889999742,-0.02970588289209576
28,2,0.01587584755014496,-0.009777932853868267,-3.584104537050646e-05,-0.0030402795389629063,-0.026534873990314064,-0.014410127100127398
28,3,-0.00689179809516584,0.02288130925381696,-0.016378910872537986,0.022722544520970864,-0.021438935821930457,-0.05816442911174068
28,4,0.010468405371530978,0.0001397725583552656,-0.0019569343579001787,0.015750711356137863,-0.02429745527718427,-0.030918837776975645
28,5,0.008203563054373383,-0.011305853139613554,0.01192670571290341,0.01771417591645204,-0.028578705425925922,-0.013241851384519032
28,Aggregated,-0.08008103611834336,-0.03813752564871707,0.12701397244720414,0.02678310588212861,-0.017922020122287878,-0.03523251746673011
28,Centralized,-0.07909288096970736,-0.037689576509523204,0.1255124188987199,0.026646598993903,-0.0179864040050931,-0.035163192973404485
29,0,-0.12250404796073619,0.018515455951035938,0.32997806215997694,-0.10231052134415436,0.04964194264873366,0.007570263987765695
29,1,0.016398434497399503,-0.010090268873300636,-0.011468913415620915,0.003929584551004818,0.0012732292182086027,-0.0025947414060273712
29,2,0.03643307293297462,0.006770436703841058,-0.009270264656118207,-0.03443389603027102,0.005394412876022316,0.013662104180439222
29,3,0.02577821208581521,-0.001270883328815561,-0.024383144187904653,-0.010898647462821974,0.013074293681131173,0.010195892358367478
29,4,0.02552954145572162,0.0029873604992094027,-0.014218557052071352,-0.02209239634598198,0.0005292765133368565,0.003948918864206361
29,5,0.020015386245396567,0.011121572639435215,-0.014679896871596754,-0.015664684325680023,-0.010489884795835116,-0.004264963756059775
29,Aggregated,-0.0011967780200506126,0.004838231103958465,0.04610392545894774,-0.031109014705985136,0.010380258748043414,0.004786686816399456
29,Centralized,-0.0008926983931728995,0.004804029089448264,0.045393773221078515,-0.030930753386787267,0.01028209782598747,0.004779723720331305
30,0,-0.12103859113002881,-0.1230995383308703,0.3179410234586258,-0.11024197729224819,0.00663255209364999,-0.0035991057601243675
30,1,0.014364177733287319,-0.021071971652967623,0.025203757258198903,-0.009378353825585857,-0.0051423611407713,-0.01069865198233586
30,2,-0.0027702675495462864,-0.01505060701163307,0.062085305946522874,-0.001042204118119285,-0.041468298783289774,-0.0560891282731433
30,3,0.008294560210589273,-0.02262666787852112,0.03024456482100429,-0.007703992535222578,-0.01263180327021074,-0.014090275893301012
30,4,0.01847409379567949,-0.011078768523297793,0.03999510355352081,0.002940176499757214,-0.018280274369370436,-0.049297166963828895
30,5,0.009157396059143662,-0.01579569093823304,0.04424918787124669,-0.00025073359344999504,-0.027219755393938314,-0.02831082758628243
30,Aggregated,-0.013557226856901064,-0.03584589667127121,0.08939290513255746,-0.02201665988950999,-0.016076121838775312,-0.026733492399716226
30,Centralized,-0.013288277076427704,-0.03562762862685964,0.08882109201983883,-0.02179580855083178,-0.016132993157658464,-0.026791229865138492
31,0,-0.23781658685864693,-0.09324818566119139,0.5009950663000988,0.009623320260548721,0.10537062625464383,-0.38137658927675017
31,1,-0.08652115270830976,0.023872232874906564,-0.026802164977138325,0.02931657430402113,-0.006437269056756021,0.05063723044060816
31,2,-0.09501607361985656,0.06798675801928822,-0.0512431078847513,0.024500615128976895,-0.03781502070479274,0.09174892054372526
31,3,-0.10962507923839959,0.013273641080547911,-0.0199063867836979,0.028282089015230077,-0.01071300820043651,0.08160763444630853
31,4,-0.08689286417063112,0.036351234277405484,-0.03757466246806899,0.03321658664308386,-0.011547396119811945,0.04654581468690315
31,5,-0.07688401144378554,0.05627419922395594,-0.0684969642251828,0.02335015116922106,-0.03227608715626756,0.07159338693990532
31,Aggregated,-0.11692611535881056,0.016091641986237578,0.05490788131123757,0.024533971508176714,0.002347007960661179,-0.01103413869843714
31,Centralized,-0.11662379569186986,0.016365232019172744,0.05379169902661282,0.024571133907135792,0.0020892018702125276,-0.0101073917082233
32,0,-0.7958305715412468,-0.02195732480712261,0.4490541033710666,0.13551260460204553,0.18355372964016006,0.02092609180141702
32,1,0.00928732459006864,-0.02136951924902821,-0.02782621089796566,0.027398407449586114,0.01379497751864874,0.004309223931467529
32,2,0.013799237354652575,0.010333645950920551,-0.041286453514448485,0.023450373788363434,0.006682726651826302,-0.0077595487881604855
32,3,0.01964855484890907,-0.023491616863688898,-0.04259962457697604,0.03299226875397043,0.01588251556622489,-0.0039045107872192498
32,4,0.018416458718739037,-0.008704131490812592,-0.04457809459054889,0.018794084040081403,0.02085911873526649,0.004680712084005772
32,5,0.018210568240266747,-0.006503758484292627,-0.061680364077711075,0.0281983317177086,0.01849834463321855,0.022389623654587295
32,Aggregated,-0.12752032571327102,-0.01206876666262953,0.04343545358696066,0.04548337847306585,0.04489432163490473,0.006943258906916889
32,Centralized,-0.12584813971420863,-0.012043991645426395,0.04242061075038029,0.045258129473451716,0.0445472446715465,0.006908411970823723
33,0,-0.18053772999511508,0.06543938774465988,0.3758651262167733,-0.07345684968479338,0.1121665984864526,-0.1446304973104588
33,1,-0.04228767508779752,0.033618693626172966,-0.025726123066803913,-0.0031520897568469352,0.019554304411582846,0.009141742690144679
33,2,-0.056154452890868116,0.043238051642886584,-0.03523899595954926,-0.0008042177922797289,0.04576032573095152,-0.007556908830861285
33,3,-0.030351918780762308,0.030490217183390803,-0.06723686385565183,0.004336310640150958,0.02271097859058373,0.009345501665699339
33,4,-0.04416557379236887,0.038760342253433715,-0.03695143536863431,-0.00486672672081414,0.019840738925352066,0.006225808305632947
33,5,-0.06485033128158005,0.04828298087700042,-0.007735497802007123,0.001752607554161776,0.016433423110742022,0.008992734455696946
33,Aggregated,-0.07105304260539907,0.043570293512913236,0.03792969712619533,-0.01342686618620745,0.04028325579168782,-0.021244042128077525
33,Centralized,-0.07077897115903889,0.043515583406469126,0.03708415010135644,-0.01327658512581584,0.040103449385104066,-0.020935358942192745
34,0,-0.20876228249865955,-0.24471531540498706,0.39642928086646356,0.05998986711995566,0.0607147458730974,-0.043784863011249835
34,1,-0.015560242462348065,-0.016218170775878754,0.021150653872661688,0.001568045383888109,0.011150707710518537,0.002762313006710141
34,2,0.03416167437779724,-0.00925204347369523,0.02928388946115938,-0.02635820359642566,0.03046868438211862,-0.00791593120191385
34,3,-0.005657576132184909,0.0046852666406496,0.01370052352245133,0.026722782765369355,0.004774409134296142,0.003403936113298586
34,4,-0.011652188288993311,-0.010688249031421324,0.018021654966536765,-0.0009927658734728232,0.024121350935090567,0.013377018860428993
34,5,0.014660254640695012,-0.0297548388350429,0.026330630709190478,-0.02090603920936113,0.014779594879341405,0.012256910271720519
34,Aggregated,-0.034252469320612135,-0.053312933188453315,0.08789634676214877,0.00730980627207806,0.024771037328549215,-0.0038019013190550076
34,Centralized,-0.033815810557536956,-0.05283396377052492,0.08712448094587548,0.007177910478665743,0.024680990535868055,-0.0037018618501679693
35,0,-0.14763855305392987,-0.0951061410999591,0.35360193220847796,-0.03156878191001798,-0.058683581207623514,-0.07844695678307254
35,1,0.014299867590685881,-0.026102533745269576,-0.008860642029282571,-0.007062864250614752,0.021302740721818543,0.01586700541107995
35,2,-0.029624595234593817,0.03722074668938666,-0.025405510638685458,-0.036414274003790874,0.04503747423036348,-0.013806116535966266
35,3,0.007587746042766887,-0.023051200157402165,-0.002138132496049785,-0.006567489141448562,0.028392043507263074,0.004900904843027109
35,4,0.016522720884689503,-0.007774606712451734,-0.019328350640659634,-0.008236145080596634,0.027742121600772243,-0.010978171330307977
35,5,0.00803324015755683,-0.00902633981065551,-0.034813737843897595,-0.02089962529187152,0.042572313800119575,-0.01770713429110988
35,Aggregated,-0.023311777243251165,-0.021532713315409357,0.047555991764028374,-0.01861536646676655,0.0168111722555086,-0.017435360376154015
35,Centralized,-0.02300089078940865,-0.021348784352634778,0.04679019973374799,-0.018582975749199405,0.017000032010155146,-0.017282585307458492
36,0,-0.16663423918455186,0.09771490086588555,0.5200655762547952,-0.18384102554239115,-0.04541781487636448,-0.28379345411278617
36,1,0.02261653371946659,-0.04327339209155413,0.027744416320124515,-0.014449684171426844,0.024840036550920475,-0.03238676985254225
36,2,0.04977900203431154,-0.001510582646251454,0.013778814469048502,-0.0006508264091191331,0.014853522104588266,-0.04574639331613436
36,3,0.03079143756428235,0.004445389659664703,0.03102828571297121,-0.04214962902553822,0.004745674168755592,-0.05453111681862102
36,4,0.03400109652330204,-0.036470240089681354,0.02349768773485949,-0.016084483246317966,0.02721247512653011,-0.040619008914948435
36,5,0.050914025326672094,-0.05164599273386387,0.02942074008734853,0.00797963917337154,0.03869030082103674,-0.05366553601404897
36,Aggregated,0.0015374699211416418,-0.0038904936873231724,0.11253402453265438,-0.04323866249734237,0.010146511004248808,-0.08750536840757275
36,Centralized,0.0019580424940779237,-0.004144935737308278,0.11151443817705595,-0.04288694484264334,0.010285392775522368,-0.08701403806126619
37,0,-0.1748642553467099,-0.45601214037272086,0.4214769595992244,0.0011367773725752114,0.1360763247678471,0.1382227066115984
37,1,-0.0033436543410373274,0.0012358144296721457,-0.013784217219757052,-0.004853790356434825,0.003315424837061307,0.01250699288810859
37,2,-0.030117877471592492,-0.0034033435637203235,-0.04698455488199848,-0.040890860296497175,0.001655442411161882,0.026671522965679654
37,3,-0.013553161784415879,0.013466157307656847,-0.012752417708963402,-0.026607033282201882,0.0007236669146190144,0.021161632735111638
37,4,-0.013361850213039823,0.015664124605788216,-0.022596199199795608,-0.012298902720812514,0.007026592473604713,0.014233812247218851
37,5,-0.016186540740235112,0.0071375439005758245,-0.047412494941838045,-0.023599941625683858,0.007501687115571856,0.02969756023608321
37,Aggregated,-0.04349847911140965,-0.0749423389142464,0.05082184463967706,-0.017624650629075925,0.027368855041530527,0.04158821612642585
37,Centralized,-0.043169722509575896,-0.07398890673568288,0.0498945205125761,-0.017671485280917436,0.027096690404329365,0.04134637616945638
38,0,-0.13860258201898043,-0.0004007985370428723,0.26690813809615055,0.08857127543267501,-0.00371112079955058,-0.1212258514521342
38,1,0.010329983528261128,-0.010531980416095914,0.010677852299829076,-0.007581330600488145,-0.012764342496195378,0.0028930771872117673
38,2,-0.0025798233916629314,-0.04514515273443344,0.03257400765809902,0.012084953235925382,-0.013880397936155222,0.041705153232337255
38,3,0.027076803289777143,-0.01162479931677912,0.01703746945409719,-0.013352349481281067,-0.03214435074891425,0.01064081190566228
38,4,0.021232013949922898,-0.013575193265391871,0.02245725658322854,-0.006663980156316534,-0.03219455233273727,0.007969806909978314
38,5,0.0039083363688944455,-0.01522802145929137,0.015315761755275584,0.0003401122214999821,-0.0246658569600854,0.015975563806965045
38,Aggregated,-0.014610334037319792,-0.015896309993453595,0.06329890050704118,0.013148256243089422,-0.019699443079786168,-0.008376164484186386
38,Centralized,-0.014300352110577704,-0.015935058644154496,0.06278940382167798,0.012959713980103019,-0.01973944340150469,-0.008092965134764873
39,0,-0.10929386635444927,0.0013029203421554953,0.3861192416928719,-0.08928834488471106,-0.20588543848437552,-0.032740870459517346
39,1,-0.010186971780767993,-0.018540232936624938,0.011450530972272503,0.0011184692778221461,0.01475097953187162,0.007145782281100816
39,2,-0.05393775050902709,-0.010467499292856983,0.027672135324180988,0.026863499937694414,-0.004580674523840052,0.05879963875513207
39,3,-0.006973997874709704,-0.01072086459929664,0.012668754632903297,0.006422480611203417,0.026306224454835013,0.007178668891903732
39,4,-0.017757433805925277,-0.013126164109532039,0.014072865737777255,0.012286894853094104,0.011250508770527367,0.01394640411725696
39,5,-0.0311992566324503,-0.005217470168673926,0.009828654441650654,0.018167127946311236,-0.00047620629561289437,0.03577632617248388
39,Aggregated,-0.039076855359360535,-0.009332507173123663,0.0806747975678863,-0.005093224191715033,-0.028590305934974518,0.014445128477844307
39,Centralized,-0.038901026194852466,-0.009359230439122193,0.07991049517527525,-0.00488262662249516,-0.02814656210331045,0.014563215695468994
40,0,-0.20958089212825004,0.0004649538983821903,0.239292104362053,-0.03945907394277896,0.03562270055667308,0.044314838110004806
40,1,0.0036426616664708028,-0.028783823229924337,-0.007389519708607712,0.015675975578192104,0.026110803314262063,-0.00998531491461048
40,2,-0.028311458894397054,-0.009183434362544202,-0.00017225356893888565,0.004242240532055445,0.014897005003262433,-0.05086807053658195
40,3,0.0074046218499532095,-0.025504370052487593,-0.017705036864793643,0.0012123301996589788,0.024068768187842416,-0.01647871284376052
40,4,-0.010707867997308423,-0.013456940603184113,0.0009242406911156864,0.02475118103514658,0.007469703148660906,-0.028707491571525304
40,5,-0.014900282573400068,-0.008422770091468272,0.0028843924409763916,0.026149307675576425,0.006199802581465266,-0.03415061095508656
40,Aggregated,-0.04408359255932723,-0.013972553701579973,0.03873905855228152,0.004890545484867488,0.019260000103485313,-0.015256421141826923
40,Centralized,-0.04366953589110831,-0.014008708594200238,0.03823724714332204,0.005001531333800919,0.01921905633349743,-0.015405492733343192
41,0,-0.14196706714091253,-0.035293700310235605,0.5105357740080702,0.14195794517451968,-0.3948332452436486,-0.24345884654748814
41,1,-0.008006109275638433,0.022383966026300432,0.0035920460960109923,0.02886695471606237,0.008318305263127792,-0.0019487923317068575
41,2,-0.012925484026583993,0.036043978220131605,0.01569267708031501,0.03574031991778382,0.009668691591320198,0.01008350792364026
41,3,0.00195334881238512,0.0266639743173073,0.0028187620698994233,0.007500148352456635,0.018452330906716146,-0.008773736600040685
41,4,-0.01829056323647981,0.02654458352382954,0.005967810760356042,0.029314528217370454,0.00675928255854584,-0.015317491058408962
41,5,-0.012196760247371171,0.007292311673085387,0.005005156273235159,0.04484761559706913,0.009753189089016425,0.019334376449543743
41,Aggregated,-0.033224859301113206,0.01334898114887231,0.09563620837950403,0.049163833066283656,-0.061030426837875594,-0.042452402316362096
41,Centralized,-0.03295252588901804,0.013471026651006641,0.09459826944269814,0.04893194313114215,-0.06019658598395963,-0.04194908624729469
42,0,-0.04520522761278561,-0.08751161834142483,0.3266148307195994,0.08589419340781188,-0.07415221862690083,-0.07836551999847462
42,1,0.003585140810173568,-0.0623987648874553,0.0045491224309840836,0.010732321019013618,-0.014494513945467179,0.0008258236484896628
42,2,-0.027229990249771473,-0.06558511768642329,-0.0036315106384672514,0.0141891476604212,-0.010067112724521168,-0.0008403620818001439
42,3,-0.011410259289594972,-0.05879733918923834,0.008496320881651486,0.012746738653252012,-0.02906035711859643,0.028117488337139625
42,4,0.02223475639785349,-0.0692290680920027,0.014790411298164191,0.018021052648311692,-0.025607348586174805,-0.00993005617148229
42,5,-0.00030168816574640455,-0.07526101862708903,-0.003360415437849012,0.02414437517129098,-0.02366228848277158,-0.007723299822345344
42,Aggregated,-0.010146594163966597,-0.07000951567585016,0.06113103241992993,0.028319880847702754,-0.030042510321551794,-0.0121230716519131
42,Centralized,-0.010059174381160553,-0.06996554686175799,0.0604665763281234,0.02817571074313815,-0.02993211596866807,-0.011957483706011574
43,0,0.0009298960456600231,0.010861771333617275,0.29236345541456854,-0.022670271867670577,-0.018811165319027358,-0.29731098910207443
43,1,0.0372418330905309,-0.05077863439583785,-0.025112207790692474,0.03520795911573234,-0.002282129983726045,0.013467205226751268
43,2,0.011372330710922963,-0.04073372159115249,-0.02221216200203433,0.08183181856560677,-0.017450173206582886,0.02360518560911095
43,3,0.04635811047845937,-0.06566869595905436,-0.03184353908391273,0.05039288944610105,-0.0011748664615802895,0.009030221459338569
43,4,0.029901405229979913,-0.06114290468875853,-0.02250493118544794,0.04675346532847793,-0.0006488428939721096,0.019924974517957206
43,5,0.015426473564115866,-0.05550679360072431,-0.028361668192699824,0.06190713075009973,-0.011861103634984943,0.026191180021350263
43,Aggregated,0.023267311204568798,-0.043172539560101364,0.030235347574237865,0.04145905408910308,-0.008825869847876288,-0.037336430076252466
43,Centralized,0.023323291281245044,-0.04330778538812175,0.02957951628538158,0.04161948684531288,-0.00880095812801216,-0.036685949265168896
44,0,-0.05415344029572702,-0.040102268365591755,0.20014202097621928,-0.07758984511731722,0.018113249721451827,-0.02267163644020664
44,1,-0.017991415366914936,-0.017207460319611297,-0.009475672012914342,0.005275499548205073,0.008427057605023245,0.014726706709929241
44,2,-0.05870136367649714,0.010566145796528327,-0.009909869635070232,-0.005525581765084402,0.004763731790579581,0.022750225274870552
44,3,-0.04034350901909126,-0.010670154508196777,-0.010938770563543188,0.013245943468046816,0.033330670754332506,0.005824984952712734
44,4,-0.03311909995134937,-0.0020089207124236253,0.0026938444888120095,0.015661191703827914,0.007115882955126654,0.00731400485772423
44,5,-0.021572249063609546,0.0014342010372869554,-0.01300952201657145,0.005732667671312174,-0.005685433706806114,0.01819670778189864
44,Aggregated,-0.03784472747641967,-0.01002962826615696,0.028664291442493113,-0.008043854806869028,0.01109600338816774,0.007326187876911032
44,Centralized,-0.037803903236090494,-0.009954595700365637,0.028235302457949307,-0.007869742401692909,0.011078502742466339,0.007401226901319941
45,0,-0.05690561736146318,-0.06620982942675117,0.35875755577199686,0.06101006902524709,0.007624872936001554,-0.3691192867310545
45,1,0.00811183737940836,-0.02334352169331644,-0.002959195508735216,0.02115757546547607,-0.0234038439814837,0.02608208477649594
45,2,0.01352025186694274,-0.04475811526769436,-0.011831268038522658,0.027792526805068354,0.030376152152819694,0.0007430652774859276
45,3,-0.003259560613812206,-0.026731858253030063,-0.02575648641898622,0.014347239816881277,0.0014899633950928588,0.026259145250940603
45,4,0.005385335408498394,-0.0267575009787436,-0.0187198575355139,0.02863486798483375,-0.019249466301727188,0.018320990954393306
45,5,0.005772542858995081,-0.032824984651967856,-0.0077590780892128905,0.033627832027437625,-0.02283723427333019,0.020749096670478726
45,Aggregated,-0.0051900245748219154,-0.03712388179774276,0.05233985444965343,0.031453640504893035,-0.004189905112293699,-0.05003244730337697
45,Centralized,-0.005060762822892157,-0.037051308884630894,0.05157316584781144,0.031379638898237784,-0.004219484706969542,-0.04923386121272038
46,0,-0.15018038107400158,0.06167433996852291,0.2589405974353465,0.05280196008872294,0.012989609130185181,-0.20397345313802234
46,1,-0.01225736981196389,-0.011407175908376267,0.0105618239178698,-0.009037303172142994,-0.007859658707279928,0.009840620800863243
46,2,-0.016914799109144008,0.0004395541430066286,0.008401488207450115,-0.03138336950532317,0.04623977983153333,0.009481313025442424
46,3,-0.01860378878270248,-0.006920881400924708,0.01742917424733966,-0.01521176783811551,-0.02263634199755522,0.02805982813465584
46,4,-0.016749365368658536,-0.0050267111490146475,0.017457296209296282,-0.014562454338266173,0.0002854673563226469,0.017272687008541607
46,5,-0.0013492595824705538,-0.012059709503572819,0.01525784780530717,-0.00718282237861885,0.01564978401140616,0.023594102205450322
46,Aggregated,-0.03737784658096084,0.005135909931689761,0.057123446608708925,-0.0034138665815475404,0.00751124482952294,-0.021501501276625503
46,Centralized,-0.03709531422133268,0.004994512825296242,0.05661846767385494,-0.003554151845971463,0.0074976829796459315,-0.02104528153781168
47,0,-0.03234878708703057,-0.333683531931393,0.5174259182174026,-0.0899960566253867,0.0659018220524418,-0.22986938901432535
47,1,0.014522951424083917,-0.01065665158132731,0.05614403069941825,0.021345067297766588,0.010298485493931987,-0.02039975936743625
47,2,0.008783522374323161,0.009968762736401479,0.05603573346199036,-0.009396905984865813,0.0025492009207939183,-0.03141660363222872
47,3,0.021735757958423793,0.009932717560035142,0.05102882233896502,0.018450557879369493,-0.0068148374129774,-0.027841268467975914
47,4,0.002093650167265337,0.005027578781677829,0.04484405453942577,0.02037989520315062,-0.0002941274789244305,-0.026455074615340173
47,5,-0.0060559291682675915,0.004356015041364103,0.05049698770533461,-0.001424293256576093,0.0025821999608632473,-0.01578017942162209
47,Aggregated,0.0010499517442848932,-0.05587990634182091,0.13398176524435593,-0.00777129411808488,0.013012191898935651,-0.06067990101702493
47,Centralized,0.0011335578504763917,-0.055184816109800486,0.13302224981708302,-0.007565509475271121,0.012879944585678404,-0.06025664066092202
48,0,-0.08752769246002305,-0.0616207242420086,0.34295097542869263,-0.0535742759328539,-0.04712363460999251,-0.05448251473058061
48,1,-0.006323426135768865,-0.01052343160474715,0.0017962705530218824,-0.008421099402500437,-0.016144732096250485,-0.0038135604204480073
48,2,-0.004951205549098493,0.006606265930832989,-0.005222002451583635,-0.014439911115030634,-0.01106222818356788,-0.03238180363993593
48,3,-0.0029784991397669215,0.003997799196579486,-0.002798275722270631,-0.017232846370853663,-0.023627200419039547,-0.013973354033081127
48,4,-0.004480445270903363,-0.0018187997978604566,0.003457939259085846,-0.006007987714142111,-0.02042900562634287,-0.015793596275921293
48,5,-0.012591653389729325,-0.005134298365349501,0.011562792091078479,-0.002486958874926599,-0.021538329064596125,-0.011199841398721674
48,Aggregated,-0.020620634975193723,-0.01201739193311185,0.062033124325366666,-0.017465306927066174,-0.02360620300727792,-0.02233088914149265
48,Centralized,-0.020453294342965382,-0.011893470861976249,0.06133031763401212,-0.01737501004777585,-0.023547370363063667,-0.022250286141911168
49,0,-0.05656409766576122,-0.07906782282250846,0.28023615448914474,-0.12266196851520171,0.01981585267767955,0.03863724622763135
49,1,0.05498581073148319,-0.06517452853769604,-0.03015471717380232,0.0022467056195543083,0.004213299267376715,0.036558418244472014
49,2,0.08242140405404175,-0.029088580181507784,0.0067011834119329455,0.01836917723709512,-0.01873813320667148,0.01674853298049878
49,3,0.058653249025156146,-0.06407841628775804,-0.01759087649206434,0.0111679398488361,-0.01713994709693537,0.04487538694583338
49,4,0.059139698797661545,-0.04442181596659255,-0.019523057718211338,-0.00896103560119637,-0.010236051526642457,0.028031616909640438
49,5,0.06732074046931975,-0.03766587465236919,-0.01642415014520962,-0.002491450989702011,-0.029841897273082476,0.020760313172890007
49,Aggregated,0.04311666092581343,-0.053559016694758564,0.03682748078503477,-0.01832112174114258,-0.008313176842614312,0.0310275840076698
49,Centralized,0.043366036441437314,-0.053495135238033883,0.036218530244840036,-0.018060003258937755,-0.008383514389350666,0.031008533718465372
50,0,0.19006997768866252,-0.04504599749791426,0.4167509605829818,-0.27794460191123144,0.042333997649900625,-0.4465049579911655
50,1,0.004546584672288686,-0.017872331457354437,0.02961842727752659,0.016301944559875707,-0.019652565407743648,-0.005033548388716633
50,2,-0.005606759612968933,-0.015705427479842514,-0.0009404528504523944,0.014796474923466607,-0.038475013154672714,0.005663173332085503
50,3,0.028089345058640393,-0.017886644749979395,0.008132570685315614,0.02502184964839468,-0.03964189108722746,-0.004062123009158392
50,4,-0.002217267908601687,-0.006843126307813387,0.022662569302723413,0.033929574462591434,-0.039109810047399954,-0.009722706225860534
50,5,-0.014530655337349341,-0.0032925467684924584,0.02073756057428736,0.02459278148078672,-0.040661383002430745,0.008021993552111143
50,Aggregated,0.03527012978423043,-0.018101278598796358,0.08683002443274408,-0.03022272168307154,-0.021756800516689268,-0.07972336094739105
50,Centralized,0.03488284922462451,-0.01803380181147674,0.08600449752118072,-0.029602973859217428,-0.021917273289843716,-0.07880527326346752
