Round,Evaluator,1,0,5,2,4,3
0,0,,,,,,
0,1,,,,,,
0,2,,,,,,
0,3,,,,,,
0,4,,,,,,
0,5,,,,,,
0,Aggregated,,,,,,
0,Centralized,,,,,,
1,0,,,,,,
1,1,,,,,,
1,2,,,,,,
1,3,,,,,,
1,4,,,,,,
1,5,,,,,,
1,Aggregated,,,,,,
1,Centralized,0.9900547862052917,0.9892987012863159,0.9886630177497864,0.9902887344360352,0.9857972860336304,0.9900200963020325
2,0,,,,,,
2,1,,,,,,
2,2,,,,,,
2,3,,,,,,
2,4,,,,,,
2,5,,,,,,
2,Aggregated,,,,,,
2,Centralized,-0.498879998922348,-0.9995732307434082,-0.5983692407608032,-0.3320029079914093,-0.9978890419006348,-0.3319837749004364
3,0,,,,,,
3,1,,,,,,
3,2,,,,,,
3,3,,,,,,
3,4,,,,,,
3,5,,,,,,
3,Aggregated,,,,,,
3,Centralized,0.9507101774215698,0.9430229067802429,0.9448961019515991,0.9531151652336121,0.9324330687522888,0.9529523849487305
4,0,,,,,,
4,1,,,,,,
4,2,,,,,,
4,3,,,,,,
4,4,,,,,,
4,5,,,,,,
4,Aggregated,,,,,,
4,Centralized,0.9443967342376709,0.9432549476623535,0.9378490447998047,0.946739673614502,0.9209262132644653,0.9450139403343201
5,0,,,,,,
5,1,,,,,,
5,2,,,,,,
5,3,,,,,,
5,4,,,,,,
5,5,,,,,,
5,Aggregated,,,,,,
5,Centralized,-0.2950485944747925,-0.7381900548934937,-0.3744910657405853,-0.15049411356449127,-0.7067087888717651,-0.14810438454151154
6,0,,,,,,
6,1,,,,,,
6,2,,,,,,
6,3,,,,,,
6,4,,,,,,
6,5,,,,,,
6,Aggregated,,,,,,
6,Centralized,-0.31087207794189453,-0.7854292988777161,-0.38682857155799866,-0.16000555455684662,-0.7195999026298523,-0.15588825941085815
7,0,,,,,,
7,1,,,,,,
7,2,,,,,,
7,3,,,,,,
7,4,,,,,,
7,5,,,,,,
7,Aggregated,,,,,,
7,Centralized,-0.3074408173561096,-0.7793789505958557,-0.38768941164016724,-0.16068096458911896,-0.7201659679412842,-0.15564315021038055
8,0,,,,,,
8,1,,,,,,
8,2,,,,,,
8,3,,,,,,
8,4,,,,,,
8,5,,,,,,
8,Aggregated,,,,,,
8,Centralized,-0.2878502607345581,-0.8208556175231934,-0.33501213788986206,-0.11651322990655899,-0.6554784774780273,-0.11343550682067871
9,0,,,,,,
9,1,,,,,,
9,2,,,,,,
9,3,,,,,,
9,4,,,,,,
9,5,,,,,,
9,Aggregated,,,,,,
9,Centralized,-0.3140483498573303,-0.7567092776298523,-0.3943559527397156,-0.16583168506622314,-0.7345579266548157,-0.16814279556274414
10,0,,,,,,
10,1,,,,,,
10,2,,,,,,
10,3,,,,,,
10,4,,,,,,
10,5,,,,,,
10,Aggregated,,,,,,
10,Centralized,-0.2913323938846588,-0.8083860874176025,-0.33727532625198364,-0.11822093278169632,-0.6666524410247803,-0.12099602073431015
11,0,,,,,,
11,1,,,,,,
11,2,,,,,,
11,3,,,,,,
11,4,,,,,,
11,5,,,,,,
11,Aggregated,,,,,,
11,Centralized,-0.3026074767112732,-0.7644121646881104,-0.37213021516799927,-0.14725181460380554,-0.7082430720329285,-0.15016601979732513
12,0,,,,,,
12,1,,,,,,
12,2,,,,,,
12,3,,,,,,
12,4,,,,,,
12,5,,,,,,
12,Aggregated,,,,,,
12,Centralized,-0.30799680948257446,-0.7847884893417358,-0.3793623149394989,-0.15279307961463928,-0.7141683101654053,-0.1518431305885315
13,0,,,,,,
13,1,,,,,,
13,2,,,,,,
13,3,,,,,,
13,4,,,,,,
13,5,,,,,,
13,Aggregated,,,,,,
13,Centralized,-0.21117907762527466,-0.537753701210022,-0.3046876788139343,-0.09283196926116943,-0.6217062473297119,-0.10358905792236328
14,0,,,,,,
14,1,,,,,,
14,2,,,,,,
14,3,,,,,,
14,4,,,,,,
14,5,,,,,,
14,Aggregated,,,,,,
14,Centralized,-0.23427227139472961,-0.7754004597663879,-0.26086631417274475,-0.054570239037275314,-0.564044713973999,-0.05530142784118652
15,0,,,,,,
15,1,,,,,,
15,2,,,,,,
15,3,,,,,,
15,4,,,,,,
15,5,,,,,,
15,Aggregated,,,,,,
15,Centralized,-0.09354524314403534,-0.8148218393325806,-0.046364203095436096,0.12457844614982605,-0.2661886215209961,0.14558617770671844
16,0,,,,,,
16,1,,,,,,
16,2,,,,,,
16,3,,,,,,
16,4,,,,,,
16,5,,,,,,
16,Aggregated,,,,,,
16,Centralized,-0.08959564566612244,-0.8243417143821716,-0.042960066348314285,0.12793338298797607,-0.2554590404033661,0.15396834909915924
17,0,,,,,,
17,1,,,,,,
17,2,,,,,,
17,3,,,,,,
17,4,,,,,,
17,5,,,,,,
17,Aggregated,,,,,,
17,Centralized,-0.19705301523208618,-0.7146178483963013,-0.2314184159040451,-0.029829492792487144,-0.5174077749252319,-0.02498006820678711
18,0,,,,,,
18,1,,,,,,
18,2,,,,,,
18,3,,,,,,
18,4,,,,,,
18,5,,,,,,
18,Aggregated,,,,,,
18,Centralized,-0.04206740856170654,-0.8302258849143982,0.04169749096035957,0.19881927967071533,-0.16026091575622559,0.21854443848133087
19,0,,,,,,
19,1,,,,,,
19,2,,,,,,
19,3,,,,,,
19,4,,,,,,
19,5,,,,,,
19,Aggregated,,,,,,
19,Centralized,-0.024953573942184448,-0.8060579895973206,0.05382079631090164,0.2091100960969925,-0.13968226313591003,0.23291976749897003
20,0,,,,,,
20,1,,,,,,
20,2,,,,,,
20,3,,,,,,
20,4,,,,,,
20,5,,,,,,
20,Aggregated,,,,,,
20,Centralized,-0.10923714935779572,-0.7754872441291809,-0.09034954011440277,0.0879468098282814,-0.317010760307312,0.11114683002233505
21,0,,,,,,
21,1,,,,,,
21,2,,,,,,
21,3,,,,,,
21,4,,,,,,
21,5,,,,,,
21,Aggregated,,,,,,
21,Centralized,-0.05949351191520691,-0.7725470662117004,-0.028443079441785812,0.13949109613895416,-0.21901623904705048,0.1766827553510666
22,0,,,,,,
22,1,,,,,,
22,2,,,,,,
22,3,,,,,,
22,4,,,,,,
22,5,,,,,,
22,Aggregated,,,,,,
22,Centralized,-0.09692992269992828,-0.7112779021263123,-0.109991654753685,0.0711345300078392,-0.32015812397003174,0.10694819688796997
23,0,,,,,,
23,1,,,,,,
23,2,,,,,,
23,3,,,,,,
23,4,,,,,,
23,5,,,,,,
23,Aggregated,,,,,,
23,Centralized,-0.06493400037288666,-0.6832437515258789,-0.06970220059156418,0.10458485037088394,-0.2684890329837799,0.14015628397464752
24,0,,,,,,
24,1,,,,,,
24,2,,,,,,
24,3,,,,,,
24,4,,,,,,
24,5,,,,,,
24,Aggregated,,,,,,
24,Centralized,-0.03709927201271057,-0.8131319284439087,0.007162040565162897,0.17034059762954712,-0.15783371031284332,0.22059805691242218
25,0,,,,,,
25,1,,,,,,
25,2,,,,,,
25,3,,,,,,
25,4,,,,,,
25,5,,,,,,
25,Aggregated,,,,,,
25,Centralized,-0.04282841086387634,-0.6882867217063904,-0.030886780470609665,0.1370767056941986,-0.22038252651691437,0.17298543453216553
26,0,,,,,,
26,1,,,,,,
26,2,,,,,,
26,3,,,,,,
26,4,,,,,,
26,5,,,,,,
26,Aggregated,,,,,,
26,Centralized,-0.0379692018032074,-0.7446097135543823,0.00046281516551971436,0.1636011302471161,-0.18663477897644043,0.1978016346693039
27,0,,,,,,
27,1,,,,,,
27,2,,,,,,
27,3,,,,,,
27,4,,,,,,
27,5,,,,,,
27,Aggregated,,,,,,
27,Centralized,0.003492802381515503,-0.7872501611709595,0.08036836981773376,0.23095129430294037,-0.08826592564582825,0.26669442653656006
28,0,,,,,,
28,1,,,,,,
28,2,,,,,,
28,3,,,,,,
28,4,,,,,,
28,5,,,,,,
28,Aggregated,,,,,,
28,Centralized,-0.0527118444442749,-0.7818253040313721,-0.018026884645223618,0.1487443894147873,-0.2009047269821167,0.19024990499019623
29,0,,,,,,
29,1,,,,,,
29,2,,,,,,
29,3,,,,,,
29,4,,,,,,
29,5,,,,,,
29,Aggregated,,,,,,
29,Centralized,-0.009912505745887756,-0.775425136089325,0.053782928735017776,0.20824193954467773,-0.11962628364562988,0.2446439266204834
30,0,,,,,,
30,1,,,,,,
30,2,,,,,,
30,3,,,,,,
30,4,,,,,,
30,5,,,,,,
30,Aggregated,,,,,,
30,Centralized,-0.05408046394586563,-0.6872096061706543,-0.047823917120695114,0.1224064752459526,-0.24481110274791718,0.15701928734779358
31,0,,,,,,
31,1,,,,,,
31,2,,,,,,
31,3,,,,,,
31,4,,,,,,
31,5,,,,,,
31,Aggregated,,,,,,
31,Centralized,-0.029623903334140778,-0.60954749584198,-0.04029431939125061,0.1279420107603073,-0.23254074156284332,0.16393731534481049
32,0,,,,,,
32,1,,,,,,
32,2,,,,,,
32,3,,,,,,
32,4,,,,,,
32,5,,,,,,
32,Aggregated,,,,,,
32,Centralized,-0.027530193328857422,-0.7258159518241882,0.0003091096878051758,0.16296426951885223,-0.17687760293483734,0.2052568644285202
33,0,,,,,,
33,1,,,,,,
33,2,,,,,,
33,3,,,,,,
33,4,,,,,,
33,5,,,,,,
33,Aggregated,,,,,,
33,Centralized,-0.04875993728637695,-0.7322626113891602,-0.03499654680490494,0.133657768368721,-0.21734893321990967,0.1786661595106125
34,0,,,,,,
34,1,,,,,,
34,2,,,,,,
34,3,,,,,,
34,4,,,,,,
34,5,,,,,,
34,Aggregated,,,,,,
34,Centralized,-0.0027570873498916626,-0.7286152243614197,0.03740694373846054,0.19400642812252045,-0.12740576267242432,0.23879112303256989
35,0,,,,,,
35,1,,,,,,
35,2,,,,,,
35,3,,,,,,
35,4,,,,,,
35,5,,,,,,
35,Aggregated,,,,,,
35,Centralized,0.00497087836265564,-0.7657697200775146,0.06725073605775833,0.21941637992858887,-0.09726110100746155,0.26073524355888367
36,0,,,,,,
36,1,,,,,,
36,2,,,,,,
36,3,,,,,,
36,4,,,,,,
36,5,,,,,,
36,Aggregated,,,,,,
36,Centralized,0.019555985927581787,-0.6965155005455017,0.06288594007492065,0.2151997685432434,-0.09940208494663239,0.25705215334892273
37,0,,,,,,
37,1,,,,,,
37,2,,,,,,
37,3,,,,,,
37,4,,,,,,
37,5,,,,,,
37,Aggregated,,,,,,
37,Centralized,0.00689542293548584,-0.6595957279205322,0.022620704025030136,0.18118971586227417,-0.1418071985244751,0.22791223227977753
38,0,,,,,,
38,1,,,,,,
38,2,,,,,,
38,3,,,,,,
38,4,,,,,,
38,5,,,,,,
38,Aggregated,,,,,,
38,Centralized,0.01520507037639618,-0.7340826392173767,0.06463922560214996,0.21679596602916718,-0.09261932969093323,0.2630062997341156
39,0,,,,,,
39,1,,,,,,
39,2,,,,,,
39,3,,,,,,
39,4,,,,,,
39,5,,,,,,
39,Aggregated,,,,,,
39,Centralized,0.026537522673606873,-0.7258788347244263,0.08438946306705475,0.23303020000457764,-0.07500502467155457,0.2753185033798218
40,0,,,,,,
40,1,,,,,,
40,2,,,,,,
40,3,,,,,,
40,4,,,,,,
40,5,,,,,,
40,Aggregated,,,,,,
40,Centralized,0.011386051774024963,-0.790759265422821,0.08810652047395706,0.23729537427425385,-0.07422640919685364,0.27780234813690186
41,0,,,,,,
41,1,,,,,,
41,2,,,,,,
41,3,,,,,,
41,4,,,,,,
41,5,,,,,,
41,Aggregated,,,,,,
41,Centralized,0.05154603719711304,-0.5954718589782715,0.07367191463708878,0.22211198508739471,-0.08729369938373566,0.2657037675380707
42,0,,,,,,
42,1,,,,,,
42,2,,,,,,
42,3,,,,,,
42,4,,,,,,
42,5,,,,,,
42,Aggregated,,,,,,
42,Centralized,0.0443849116563797,-0.6954225897789001,0.103219173848629,0.24867422878742218,-0.05462980270385742,0.2893970310688019
43,0,,,,,,
43,1,,,,,,
43,2,,,,,,
43,3,,,,,,
43,4,,,,,,
43,5,,,,,,
43,Aggregated,,,,,,
43,Centralized,0.04530759155750275,-0.7665089964866638,0.14484339952468872,0.284666508436203,-0.020298808813095093,0.3142754137516022
44,0,,,,,,
44,1,,,,,,
44,2,,,,,,
44,3,,,,,,
44,4,,,,,,
44,5,,,,,,
44,Aggregated,,,,,,
44,Centralized,0.06524761021137238,-0.6402994394302368,0.1140253096818924,0.2571392059326172,-0.04077720642089844,0.29867279529571533
45,0,,,,,,
45,1,,,,,,
45,2,,,,,,
45,3,,,,,,
45,4,,,,,,
45,5,,,,,,
45,Aggregated,,,,,,
45,Centralized,0.050090789794921875,-0.7277408838272095,0.1329089254140854,0.2743742763996124,-0.029359757900238037,0.30790913105010986
46,0,,,,,,
46,1,,,,,,
46,2,,,,,,
46,3,,,,,,
46,4,,,,,,
46,5,,,,,,
46,Aggregated,,,,,,
46,Centralized,0.04324302077293396,-0.7672528624534607,0.14233437180519104,0.28298839926719666,-0.02379932999610901,0.3126091957092285
47,0,,,,,,
47,1,,,,,,
47,2,,,,,,
47,3,,,,,,
47,4,,,,,,
47,5,,,,,,
47,Aggregated,,,,,,
47,Centralized,0.04707539081573486,-0.7617165446281433,0.14665019512176514,0.2864924967288971,-0.020048290491104126,0.3153166174888611
48,0,,,,,,
48,1,,,,,,
48,2,,,,,,
48,3,,,,,,
48,4,,,,,,
48,5,,,,,,
48,Aggregated,,,,,,
48,Centralized,0.07938919961452484,-0.628889799118042,0.1333073377609253,0.2738029360771179,-0.01894068717956543,0.3142109513282776
49,0,,,,,,
49,1,,,,,,
49,2,,,,,,
49,3,,,,,,
49,4,,,,,,
49,5,,,,,,
49,Aggregated,,,,,,
49,Centralized,0.07500718533992767,-0.6725332140922546,0.1454940289258957,0.2844637632369995,-0.0057742297649383545,0.3236302137374878
50,0,,,,,,
50,1,,,,,,
50,2,,,,,,
50,3,,,,,,
50,4,,,,,,
50,5,,,,,,
50,Aggregated,,,,,,
50,Centralized,0.06206439435482025,-0.7122633457183838,0.14404292404651642,0.2839479148387909,-0.013178467750549316,0.31949129700660706
