Round,Evaluator,1,0,5,2,4,3
0,0,,,,,,
0,1,,,,,,
0,2,,,,,,
0,3,,,,,,
0,4,,,,,,
0,5,,,,,,
0,Aggregated,,,,,,
0,Centralized,,,,,,
1,0,7.069067062622701,6.998635482651381,7.227180809191369,1.9305226324228872,7.189969115653432,1.890523968836798
1,1,7.1114844824705115,7.042864435809502,7.262744206011988,2.3961225757935494,7.24039290844732,2.3578972846250195
1,2,8.718477932915208,8.714757105071676,8.704349631966283,11.521233288098578,8.814273278717685,11.465776184476267
1,3,8.682818675217167,8.679267525184592,8.670003145180043,11.474467176203815,8.780283282900003,11.418908505795267
1,4,5.351102015374979,5.279720809368131,5.5230730652913635,-0.703554512202593,5.451891429988543,-0.7400724982531591
1,5,5.413768740400556,5.337730088896711,5.595896124777265,-1.213231662335684,5.514418771513354,-1.246885685623863
1,Aggregated,8.036970978338138,8.014912592490074,8.072068360669448,8.551803883293516,8.138052978806195,8.501276939428504
1,Centralized,8.02729399228838,8.005006916349952,8.063004883088126,8.512962934342303,8.128408089112604,8.462499658395869
2,0,-0.3405478522423972,-0.5108660461960781,1.3649175229019619,-13.190828187241088,0.16628211726941733,-9.890983889464648
2,1,-0.382902001104032,-0.5845787674299014,1.4731958215139398,-12.321955675516003,0.4067054797682337,-9.481452483026652
2,2,-0.00011567176458697759,-1.6834509277492875,1.0918901210228866,-5.942715498813007,0.5738961564374891,-4.336450192899101
2,3,-0.00567440223418182,-1.7040953312908809,1.1678970799935091,-5.767366056827896,0.6441732917972905,-4.242698533638271
2,4,-1.4753606442827636,-2.3114172654225316,3.972007997310581,-8.79041831423929,3.7005445960488186,-7.057856422806047
2,5,-1.458758920642106,-2.3395694178761133,4.18070841191344,-9.545109706489919,3.8897124834840375,-7.579729829893515
2,Aggregated,-0.24712232174810755,-1.6193314070998945,1.5615270455982366,-7.249332819459714,0.9879680575373841,-5.438193069008494
2,Centralized,-0.2511190037329993,-1.6200613612217962,1.5692428319548855,-7.263054115232331,0.9958228226884793,-5.450035027320803
3,0,5.665625695631161,6.964025749340504,6.452752962347189,-1.1006204621163733,5.603974119306429,-0.1137982511547495
3,1,5.525883630188442,6.6590163130541224,6.109914405812929,-0.6761184215608608,5.380458002254837,-0.016974783154141932
3,2,1.7748469331086836,1.5550894885209174,1.9092971089983228,4.83197706539685,1.5511226834787075,4.597600566329619
3,3,1.7302280287437681,1.495979855538195,1.8857138182475537,4.881374509312438,1.5213783675583663,4.633299125442665
3,4,3.7196309660055875,4.006043563498736,6.917287385678379,0.6524555385005588,6.9519967711225945,1.1084314700286069
3,5,4.004063068558215,4.285208695070695,7.201052775421185,0.5085511473029711,7.197011161758545,1.042222359065836
3,Aggregated,2.56415306201694,2.6044757252707162,3.189588905852155,3.494141152744537,2.8192513999709172,3.4978571328510086
3,Centralized,2.5724602530269824,2.6151907220904125,3.206081158882775,3.478856644506207,2.836372490241399,3.485266223084563
4,0,3.0733298714685886,2.87128028079201,2.039219092406214,-1.3384440869905634,0.26949969697471293,-2.53779928365808
4,1,2.7990196650987382,2.631085595793345,1.9175139946563262,-1.067549141404202,0.29580835326180865,-2.4382404887272866
4,2,-1.0011982067335243,-1.3267151824085068,0.21403385878953707,1.8157435125655834,-0.8862101748640258,1.8492012995305485
4,3,-1.029352759622244,-1.363389543323548,0.19371731764658975,1.8276996648290338,-0.9219300726109482,1.912344551624687
4,4,0.36680138779252647,0.6556941316558661,2.8326443829673056,-0.8674109474876563,2.3719701124607457,-1.913487049807435
4,5,0.4387762967133497,0.7745625706600041,3.0097428660590757,-1.022979340091107,2.4007004179427187,-1.9258595327761525
4,Aggregated,-0.28058258333590047,-0.5049920340567208,0.8103608131147919,1.0358289131740954,-0.3026493684414707,0.7717082532898638
4,Centralized,-0.2739460382931058,-0.49661177941929985,0.8186328797127261,1.0264701491952073,-0.29337027593406584,0.7586928674528696
5,0,2.6173916478983945,1.3807599723505262,-0.1523460895103761,-2.945708751984215,0.8264798443721251,0.3724428766255389
5,1,2.3452360470123628,1.2594806043416813,-0.13867712534995952,-2.7185550216774335,0.7519541985307215,0.35410248517844567
5,2,-2.184743610962474,-0.6618584291351446,0.5892013932857183,2.0050777211133592,-0.9888651582942597,1.4040696601675822
5,3,-2.1808511365038346,-0.6971691968817052,0.5855529915241584,1.988469988224257,-0.9809065356357242,1.4849517565588586
5,4,0.5780975126910709,-0.902058039375072,1.5873347560365394,-1.392634626774322,2.0412879848274077,0.017385395714369416
5,5,0.6491109420084115,-0.9111775450827273,1.637240829020724,-1.4456535091336766,2.067672918021633,0.06517852891561936
5,Aggregated,-1.166377402950552,-0.4333001078064332,0.6223108129605607,0.8752241740729206,-0.3356438497488762,1.1085274149058415
5,Centralized,-1.1556876714772462,-0.43234467039560626,0.6243567765180749,0.8628328316155718,-0.32655127056095185,1.1041292749974585
6,0,2.094603847698166,1.6909896369546111,0.3164887015552498,-3.0728357889410134,-0.3149377218314596,-0.6770732805104313
6,1,1.840622985591656,1.4974792481787749,0.3344807685732511,-2.907710564756518,-0.22553693935251454,-0.6554469310628427
6,2,-1.2699295573963922,-1.0066347110564127,0.3805747667070018,1.6735718222748952,-1.0409516230673865,1.450494792500554
6,3,-1.2520793824755756,-1.0296108267441824,0.38848382118880814,1.6118004201269298,-1.0431988756256954,1.5230392035273252
6,4,0.055566227928275126,-0.11055710022692058,1.5163232746492563,-1.4097443232445608,1.5131888888669216,-0.8661096534360709
6,5,0.10204582410118894,-0.0837082060723607,1.616049456525668,-1.4958101976927187,1.5094070098526036,-0.9782578976058307
6,Aggregated,-0.6366278070761059,-0.534601973457571,0.533441289615919,0.5908188410493804,-0.5959740308983121,0.8689479443002437
6,Centralized,-0.6307427868437595,-0.5302553480815854,0.5364014717648308,0.5793952784234688,-0.5888882592026776,0.8611722284731114
7,0,1.9444978444182135,1.5517040726354878,0.63787913427186,-3.1209919987157844,-0.3894807540944996,-0.014852299482235685
7,1,1.712007248102295,1.3749549468900577,0.6304180541738541,-2.891914347149922,-0.26776162545720816,0.007039286369416128
7,2,-1.5598944968776374,-0.6722982710408968,0.07100870359128,1.6642858285588233,-0.6878387001229482,1.214132548244101
7,3,-1.5629954926137954,-0.6946923813817342,0.08069078948533605,1.6037469244334457,-0.6712716628339127,1.2796323597760872
7,4,0.03492278444655113,-0.2201417954588986,1.4146930476036752,-1.3152295272590409,1.2848235630068188,-0.6363559033763432
7,5,0.12835638084600456,-0.2298254388641098,1.487077524654329,-1.3281732234245622,1.2982423845955582,-0.6380083172046694
7,Aggregated,-0.8744899428908495,-0.3257989727706718,0.33580033734454656,0.5996862975172359,-0.3690356571363699,0.8235470456769085
7,Centralized,-0.8677118453599448,-0.3229854572901383,0.3397255762799357,0.5886096980390217,-0.3637547279136653,0.817795877693174
8,0,2.0766435957970675,2.0313378697747124,0.03713297931311102,-2.478741012985562,-1.167763768801565,-2.6101208781057985
8,1,1.8787848545609225,1.8802863996379968,0.043893356959068694,-2.3757656394021356,-0.9743487932198669,-2.50981040008334
8,2,-0.8328978474722621,-1.0384430903579238,0.26856546896288686,1.1583190327416768,-0.5169318964386606,1.0471853600369234
8,3,-0.831712384623019,-1.0446280678085045,0.28480375365629523,1.1080138195342724,-0.49459527167568323,1.034299445462896
8,4,-0.009922371160117476,0.2204186593159166,1.1309155032346394,-1.187126373101054,1.061364410667332,-1.570219087956243
8,5,0.04099434637754965,0.2829235569737522,1.1122310232987325,-1.237964705690214,0.9835222638559189,-1.638136590244238
8,Aggregated,-0.33118595007230395,-0.45532159375633213,0.3563484324531873,0.3292143431178841,-0.3807607735048302,0.1914486432452877
8,Centralized,-0.32687488516910806,-0.44973444510985305,0.35831731133180683,0.3205194413554238,-0.3773082474941136,0.1819613426797062
9,0,2.6452717805340713,2.348567903256954,0.6218045299231103,-2.2677118331010124,-0.9587506715166758,-1.3998058169162468
9,1,2.3540529546299664,2.126496722420384,0.6161326474766976,-2.0971848622087803,-0.7651407873342074,-1.3001641531751622
9,2,-1.682573839210025,-1.9877749589683238,0.4716713941626733,1.7125261481301963,-0.34798113808187425,1.7622141320986922
9,3,-1.675859691775396,-1.9726861840074226,0.4873853343671717,1.6893365141491716,-0.33050075127848794,1.768171490683869
9,4,0.2874968071526173,0.27649201837285686,1.1070293157928472,-0.9135304125230332,0.9703646135898936,-0.8721994384586176
9,5,0.3456365914194549,0.2719487516925757,1.0958281617487138,-0.893291181436008,0.903572203557383,-0.8883479086494245
9,Aggregated,-0.8362924671131255,-1.0975469642868978,0.5814702863373211,0.8179580367858004,-0.24184881857732365,0.9829389799777627
9,Centralized,-0.828010485753337,-1.088578115367643,0.5831593352012486,0.8083553010466429,-0.23900417305458102,0.9738219329104381
10,0,2.6540889860223507,2.1831127741027934,0.2769785388871638,-2.117894110199216,-1.1518131359299353,-2.7094880391909575
10,1,2.403886818310381,2.025676896426799,0.2528269277865426,-1.9708550985191962,-0.9523902533612024,-2.6632088126328997
10,2,-0.9909424662976152,-1.1677622166924535,0.22962037271626984,1.0774867968328852,-0.3821399169027156,1.216200839858381
10,3,-0.9884999601599096,-1.1866707636434,0.245920890927953,1.076582492625919,-0.37066369131434335,1.1966186897388549
10,4,0.08415324903761431,0.27161168612199144,1.099151555013329,-0.7925779284464137,0.7903367779799588,-1.3850650670357907
10,5,0.15008222418835407,0.2879217540919416,1.0748188062916197,-0.7510284319016842,0.7066203775887225,-1.4564376865899018
10,Aggregated,-0.3562147807334638,-0.5299390097399421,0.35440499839856293,0.3998125889050003,-0.3202732051810268,0.3191077085875308
10,Centralized,-0.35069911853943,-0.5237182695404328,0.3565868872768085,0.39271629296501226,-0.31793128191643655,0.30944368699655767
11,0,2.234767591077829,2.41284239260476,0.35032849344440986,-0.35807627202685555,-0.8950493229009382,-3.576999427348854
11,1,2.0420968464115954,2.2421448038947114,0.33552474120648007,-0.26563204835087856,-0.7148875889611822,-3.5476182735265733
11,2,-0.6649745502454157,-1.3022451921255913,0.27128439305810936,1.177346261387202,-0.4469286563105476,1.0343773440695754
11,3,-0.6808487934077015,-1.2897133279066306,0.2880777341792336,1.1923959702338933,-0.432468048294972,0.9984060348543776
11,4,-0.07620399095643797,0.3310164658000084,0.9759740629461092,-0.14826778165413698,0.8025023237608834,-1.586764393022823
11,5,-0.05641343303041076,0.36487557512845215,0.9339408657150372,-0.0453704360988487,0.7052101979501729,-1.6706273634597297
11,Aggregated,-0.2036762518399057,-0.5765980078024181,0.37818630176925816,0.807611840403366,-0.3315314011134061,0.03189159912047013
11,Centralized,-0.1999782221014426,-0.5696386814390771,0.37995386124795494,0.8032021887004017,-0.32877769703920795,0.021658355349901914
12,0,2.9690415523080262,3.1555655903870323,0.9546005396529951,-1.578762668890829,-2.7460343714126743,-4.0211740451298255
12,1,2.7683626912573915,2.975128262036921,0.9519370039029666,-1.4745203282063184,-2.5334561058913705,-3.948338520089121
12,2,-1.2299726627098349,-1.5275330650663206,0.3097074929247232,1.432364742591718,-0.029238889023153726,0.9839357293302184
12,3,-1.2393566996617407,-1.5293670631586151,0.3327417497010406,1.4169701881354533,-0.014435714068587617,0.968232296566945
12,4,0.2080544777874265,0.4559909801877858,1.061267566602539,-0.42677408861274824,0.22788510366537146,-1.6112889696052235
12,5,0.3035766146907195,0.5309890690329497,1.0632718004621744,-0.42728891409640074,0.12643320311858686,-1.766762858592203
12,Aggregated,-0.4693470997151118,-0.6246964552297616,0.5070947916796119,0.7705778075450392,-0.35724789654447364,-0.06389866643915765
12,Centralized,-0.4624138755549241,-0.616035380237295,0.5094656356853403,0.7636083803818062,-0.35874868518227016,-0.07447390481767806
13,0,3.070972942428454,2.8028936498195427,0.13802561869297283,-0.2589072753242779,-1.2383706564914287,-3.7851088683481544
13,1,2.842872398211364,2.66337673088407,0.16727345350827838,-0.20164948423800821,-1.0531751337664705,-3.7275453996397383
13,2,-1.6840119407898853,-1.085678500605861,0.40572902881542133,1.5246799848517705,-0.2506539831002335,1.1376423768945092
13,3,-1.701201090290523,-1.084067177209375,0.4200627661936498,1.5240611111476303,-0.2207602734757607,1.123533422115656
13,4,0.19278461230886249,0.21346024316733253,0.8785190211485798,-0.23449275440586695,0.7464431902496291,-1.2951485386652624
13,5,0.23573609489804687,0.23333911704151358,0.8811236734831996,-0.16313916591944047,0.7359021317897823,-1.3628208037699217
13,Aggregated,-0.7964453203977917,-0.38321899098383055,0.4389901169750783,1.0527728559167975,-0.2316480505302599,0.12814432315177665
13,Centralized,-0.7880280086155947,-0.3769690468418619,0.4399812567393495,1.0470458580975914,-0.22986040405353697,0.11814182559518223
14,0,2.142479187626963,2.647016237340637,-1.5219702644635258,-1.8374751833065706,0.8354635040916539,-1.297612170593664
14,1,1.9915975922474394,2.4929471856304657,-1.4354459550658911,-1.7664789068437017,0.9293067729206204,-1.259529516875631
14,2,-0.9456807906379102,-1.522596420093568,0.43033891088088533,1.679230464996475,-1.4327344082843012,1.6922782347028273
14,3,-0.9530370599346105,-1.5140326801518353,0.4342132003697236,1.6574345247318616,-1.3950427156241452,1.7020498390811878
14,4,-0.05636215196811156,0.19922723911419607,0.3824696557679432,-0.5343738726994723,0.895515242617627,-0.5264963073485989
14,5,-0.050042247689295875,0.2171603094492661,0.3397692988906701,-0.440681303409765,0.8564082846501428,-0.512359148438205
14,Aggregated,-0.4132900211321908,-0.7237048118704212,0.1586696270194691,0.9020711378984649,-0.7920993386438835,0.9911937358577585
14,Centralized,-0.40869817507762934,-0.7161795929013868,0.1570252258653519,0.8939274827035236,-0.7845170205926206,0.983276004227744
15,0,2.8781766460523284,2.180011341184988,-0.5577458046675574,-1.5336818337597553,-1.4815730174994226,-1.6982357279713423
15,1,2.6978043715516935,2.1004743521053517,-0.5141239840864227,-1.4929420413193062,-1.3155416795285004,-1.6664112252811707
15,2,-2.215616179110917,-1.18226753782615,0.60913791291508,1.7413565957970547,-0.7044402972768252,1.7269625417362362
15,3,-2.221343459752119,-1.179484934166925,0.6126246065522717,1.7208030731539297,-0.675332176316545,1.7297389536311838
15,4,0.05643516251561668,0.04091073648909864,0.6007604575539981,-0.5277757554522184,0.6895750411112542,-0.6947004074817575
15,5,0.07304778737275103,0.034021530180031026,0.5973151686854925,-0.4466351251900138,0.5719716085724309,-0.6887666011933812
15,Aggregated,-1.2229519742205266,-0.5598594021550203,0.45078687473361273,0.9877483524330899,-0.61229041558907,0.9352107879712283
15,Centralized,-1.2133080176950224,-0.5542151000394959,0.4498790211986804,0.9796201845995335,-0.6094738773918055,0.9264426095453159
16,0,1.2441143300354989,2.9105651924422205,-1.2290766849990962,-0.6477913859750113,-1.5916585431151618,-2.032133853539196
16,1,1.1667064257173498,2.7986924314531563,-1.1501858793399977,-0.6847192909185168,-1.397100372778111,-2.043666247111024
16,2,-0.3987922932737536,-1.506035715066799,0.07375567174942917,1.2688254010192819,-0.5613361634816935,1.1117179322547424
16,3,-0.42025265649896515,-1.5050485725395721,0.07568624603074331,1.244395886231597,-0.5335238191139234,1.0967635220541816
16,4,-0.5178608944271589,0.23234613762828016,0.37601362925358617,-0.24249357567143623,0.6253093559869304,-0.585660516308558
16,5,-0.5442876525549033,0.21881878178253564,0.3594834067377557,-0.1424973337934136,0.5324540475725011,-0.601847984036943
16,Aggregated,-0.2024536560180809,-0.6727382591464145,-0.06109420635384798,0.7981934278749108,-0.5286048586039661,0.44420470157655334
16,Centralized,-0.2015225642758952,-0.6649927344901514,-0.06131612790742964,0.7930361806954219,-0.5264752402644799,0.4374818843960307
17,0,2.968792689286807,2.3617422967885777,0.8305211195287837,-2.1544933912599262,-1.9552479397575344,-0.3667172362715416
17,1,2.683460984751257,2.29733328782203,0.8368887837054779,-2.1139027042555756,-1.709578332001095,-0.37055914016882446
17,2,-2.1805567907347085,-0.9458370240529381,0.5394718698049149,1.4929504812859,-0.2521575359914766,1.350493076285581
17,3,-2.193813662436655,-0.94548471926807,0.566017126545615,1.4612825781849907,-0.2241937705510771,1.3768042018524729
17,4,0.059571454490377256,0.02948829640888146,0.6373447575559735,-0.5933472895132114,0.5008552301740377,-0.3055149156414349
17,5,0.08133377958110728,0.010882072516815762,0.6670329634041957,-0.5115031914029555,0.3900588896853961,-0.2573624449748568
17,Aggregated,-1.194112460651053,-0.36455497942050646,0.6047991963500867,0.7081558343957564,-0.36766665543976706,0.9055237067762261
17,Centralized,-1.1845257802406797,-0.359588912184534,0.6052666246092133,0.700226137916364,-0.36715092545061245,0.9000118870106194
18,0,2.4524039456455857,3.0384278613246005,0.04566638623590927,-1.6213203543106476,-1.69161184609782,-2.499287721546153
18,1,2.290302347925052,2.8665830536800216,0.11006590435293458,-1.5720699167956076,-1.4937802427552094,-2.4302211758983785
18,2,-1.4252130359125377,-2.2143733048159504,0.6464459696699689,1.6876870549254315,-0.4339958096924517,1.6919005027565674
18,3,-1.4609853319495352,-2.2221364700594486,0.6576181887363797,1.6897806552885477,-0.39789216719627113,1.6998606297740047
18,4,-0.09202883567724188,-0.004086767131163224,0.49797729655708406,-0.3347692274589021,0.5439698581829912,-0.474886399481085
18,5,-0.10662103946444729,-0.018081539440474536,0.48119399506147725,-0.1948098096202863,0.4314446417682098,-0.522016407813791
18,Aggregated,-0.737217354312417,-1.2101267531935491,0.5510738711869196,0.9749234732011955,-0.45848106679995293,0.8290854701712737
18,Centralized,-0.7308766190013297,-1.2005493361278026,0.5502205572448542,0.9674358188697233,-0.4570848363905896,0.8203175384949696
19,0,2.8710443574994082,2.365634588739418,-1.3883692934511733,-1.0116471485736513,-1.4605093721730253,-1.9376941475928025
19,1,2.704395058130777,2.2763085633194424,-1.3346819004757826,-0.9890506722420631,-1.2815389438071703,-1.9368045788037995
19,2,-0.9820757594797759,-1.0693468047622794,0.2171637730557043,1.2054367195004543,-0.46605886669186697,1.170077207165494
19,3,-0.9959257241117092,-1.0883810942886014,0.20682377311572372,1.194969447389042,-0.43927168708068165,1.1523378987516348
19,4,-0.16850954234350685,-0.007583552508810218,0.18133113767041856,-0.15555632947528153,0.4939888245869705,-0.3783396760012849
19,5,-0.17612738611230966,-0.024966313674782394,0.17508473429719074,-0.028167439627296093,0.3921985595748504,-0.4233835815628444
19,Aggregated,-0.35839940895625905,-0.46767020514899454,-0.009998914405851897,0.7242771604820563,-0.46053483375343823,0.5252783003690994
19,Centralized,-0.3534272170669747,-0.46236268924975676,-0.011290106612584162,0.7193036131705103,-0.45896015871980816,0.5189332087075231
20,0,2.506270905539244,3.335327323171345,-0.8221947570857768,-0.3939287186536558,-2.836670216262276,-1.4734377967303902
20,1,2.351192451358951,3.191112046289296,-0.7840632308522556,-0.3701867049447246,-2.6075484080868447,-1.496468577235503
20,2,-0.9545807202024681,-2.1045231897331886,0.40774941878014376,1.3568870959412545,-0.09032114669954276,1.3564726824111444
20,3,-0.9783074523207411,-2.101470816865828,0.4095167055846488,1.3689597720774034,-0.07595293811941745,1.353907482222223
20,4,-0.06326471504545388,0.27464721812807313,0.3657581696020615,-0.14578952445691445,-0.008838947260488518,-0.30468544620085086
20,5,-0.08765722394264704,0.2974042415859018,0.3929450374345911,-0.01839253972422185,-0.09062479211888158,-0.38017625444970954
20,Aggregated,-0.3787054801842057,-1.0436789284580619,0.2372431723646211,0.9296382038747425,-0.4434710630765448,0.7369483207757274
20,Centralized,-0.37383659915264944,-1.03349093476838,0.23623955739526464,0.924623994410119,-0.44540954693740176,0.7304564992461878
21,0,2.9681339134030584,2.8556171485705204,-1.7519958655810617,-2.6919822213636335,-1.4343349820824278,-0.39404921632378376
21,1,2.7538495347657634,2.742123674780975,-1.6664305904314445,-2.658521680029262,-1.223834441984992,-0.3886107192104822
21,2,-1.269168336394311,-1.2605164317434236,0.20591135308914596,1.1998833704358687,-0.35595007063760253,1.3959171267107928
21,3,-1.2967229290751552,-1.2794152886169958,0.21157985407236876,1.1750046672671375,-0.31561252583311283,1.4197074231308575
21,4,0.06646624818881644,0.15597153848135825,0.020058878891722667,-0.5691946599359541,0.4791308155615689,-0.14692512482887227
21,5,0.08940654425648992,0.15201406662094324,-0.0008657630275590201,-0.5416997226106502,0.4025643004731711,-0.11934710056158117
21,Aggregated,-0.5292465854689556,-0.5182628964238979,-0.08283880110327105,0.4218400032293925,-0.36984603511817465,0.9542892665250339
21,Centralized,-0.5226116156731607,-0.5115051420496435,-0.08481839945890002,0.41444525851401487,-0.3686370769704985,0.9489868277702246
22,0,2.837206626377367,1.6604374850795947,-0.021865866864630393,-1.097929680607407,-1.6548681140270411,-1.7020160217167302
22,1,2.6487785347219432,1.5934615650318635,0.010483661675890193,-1.0914279688476516,-1.4287288922533403,-1.7093628391927855
22,2,-1.5633554845362299,-0.555873388514403,0.30978335907651994,1.139999204644777,-0.5152593453301115,1.100404370397669
22,3,-1.5969973370551775,-0.5651865810093113,0.32073821602823877,1.132188618581679,-0.4861895370810595,1.1156076479492287
22,4,-0.014347447893554143,-0.023279118268712366,0.38977259560813476,-0.20629190270631761,0.23714514247297616,-0.33156932170965725
22,5,0.017868605665009727,-0.004925149856878382,0.4435613275110781,-0.15619855480089836,0.13959390523982207,-0.36058362757819473
22,Aggregated,-0.7723187020175046,-0.1855279000618555,0.2843759485291151,0.6526317908020203,-0.5530279117337892,0.5257924940449248
22,Centralized,-0.7649808768137736,-0.1824627753257528,0.284386805017015,0.6475712118329748,-0.5520759270369766,0.5199396055787774
23,0,2.1812459823973716,1.2459309020930065,0.5972409582819553,-1.5207222596159884,0.5321743836818554,-1.7459691518649938
23,1,2.033253686708991,1.1941610402340799,0.5724577449126639,-1.4579206322949856,0.6170045599898757,-1.6772097822241234
23,2,-1.2571181807136453,-0.5814482230006783,0.34050152159112673,1.2314543354548553,-0.9689819638601311,1.2477842509143087
23,3,-1.272395040719328,-0.5993924781628597,0.3513744211452393,1.2343623035617748,-0.9388685183608775,1.2639378633770912
23,4,-0.008388051472080379,-0.21857802555054728,0.34832443015550774,-0.23625717965366158,0.5800594892877855,-0.26766744952999816
23,5,-0.01410784602429795,-0.2180414747444415,0.37723162784225917,-0.1767282895351539,0.5511193846839354,-0.29033599449036096
23,Aggregated,-0.63203125926844,-0.290702733945986,0.38120002665339414,0.6652884893085219,-0.5406591738293851,0.6416565890563166
23,Centralized,-0.6262588498714736,-0.2883692938303287,0.3814255419315836,0.6595404914521846,-0.5356249462566006,0.6354790955245179
24,0,2.2089760633779485,2.5595224151856875,-1.5011961498667408,-0.8487899825752278,-0.6246628848413371,-2.4086892112835123
24,1,2.0209330782237496,2.3887829412252097,-1.441637028738173,-0.7770469523978971,-0.4583013854881813,-2.3860644062159864
24,2,-0.9459744743414422,-1.6301094878302984,0.28997244663581906,1.4001517635714864,-0.4343152632764091,1.2848072335621998
24,3,-0.9785855447596409,-1.6607237784577684,0.295160727159048,1.399554116037086,-0.40526476907847414,1.2838481647108493
24,4,-0.02185527696534205,0.19544831005962746,0.025202988492756984,-0.18081103573266902,0.4496965157649248,-0.47204727175839073
24,5,-0.03182419372836837,0.18838604806638432,0.076636499625803,-0.1366373279744626,0.4136901954480188,-0.5307345496191952
24,Aggregated,-0.41257978983499227,-0.8317521735922763,0.016615861945673008,0.8868120257221423,-0.3234253655393393,0.5380493386200877
24,Centralized,-0.4078442567775058,-0.8239179582257167,0.014650451705979409,0.8811467131099484,-0.3213536859345094,0.5306895492448439
25,0,2.3949149531850393,2.5543978434396477,-0.03408496391020721,-1.6629919197949643,-1.6263261585540445,-1.1462102345367862
25,1,2.2007578791469817,2.4025400963946613,-0.033878271033880074,-1.5747779120393608,-1.4338899749573557,-1.0936045294261416
25,2,-1.7234211022010275,-0.9355872177815682,0.37812189572045013,1.30218328734087,-0.3478583081884178,1.3407803575446036
25,3,-1.757459463022152,-0.9408711733525468,0.38813218318388937,1.2963099901404118,-0.32283995620136463,1.3530066488874226
25,4,-0.034118175733073866,0.10207226398320096,0.2513919386069006,-0.3032992772600351,0.3117272376731467,-0.20512236212215396
25,5,-0.033708592150308095,0.11181522345286178,0.2874853055741023,-0.2698641524285601,0.28930542012902394,-0.23328334104426077
25,Aggregated,-0.955400472206488,-0.32701991893464627,0.31035904164115374,0.6850841035688604,-0.41597211479227036,0.7977402170332122
25,Centralized,-0.9479644625695198,-0.3217430967819498,0.30974964992908666,0.6788133604081144,-0.4152727123530769,0.7918657858867875
26,0,2.377561314298655,2.6822790049043306,-0.6254784483010731,-1.1369192838474964,-0.5579930099442032,-2.0938703278187685
26,1,2.1853546036145164,2.4998121796960335,-0.6049517754179881,-1.0510891837624492,-0.39336964721434714,-2.0126604302075513
26,2,-1.5066418266193107,-2.155271895236783,0.5999641299034288,1.6882749834625723,-0.3025061887861752,1.655158766120916
26,3,-1.5331131331690206,-2.1795730562141795,0.6079113200889567,1.6988801169421097,-0.2793948410692697,1.679753262707485
26,4,-0.038132099416500205,0.033793217904609374,0.23739975431289903,-0.22953061938247776,0.45284444215563485,-0.3388302011531353
26,5,-0.016371540364048576,0.056461259102275285,0.2851777173419357,-0.19864951419555868,0.3786773277718783,-0.35732889658901174
26,Aggregated,-0.7960226803719437,-1.21556929086046,0.38987095195154425,1.054679231367396,-0.22254324951961846,0.8852351777008411
26,Centralized,-0.7893113727817125,-1.2062935655586067,0.38806541501369385,1.0476912740180502,-0.22088892176015978,0.8772579690410597
27,0,2.175731620468818,2.5171154961430418,-0.8491363250541314,-0.5617174708732157,-2.473724714319294,-1.1835363878710683
27,1,2.029741098665942,2.3776850969789667,-0.8336994117132387,-0.5134901720705665,-2.2719988433582095,-1.1442932216602621
27,2,-1.0164548646821265,-1.2761288020607202,0.16470048104561327,1.1570892458059323,-0.17381452659168592,1.1746474853495459
27,3,-1.0404548487868017,-1.3041174247328216,0.17709460119973328,1.1639031857731184,-0.15671759755291714,1.1846611153741486
27,4,0.047951070834342926,0.08254869647725324,0.16546992105647157,-0.11492889233635728,0.008692398036405837,-0.18800114004958435
27,5,0.07106628175646337,0.07805275928082635,0.21296674401527962,-0.09093003084517477,-0.042057368744172804,-0.21517352541695545
27,Aggregated,-0.4510222254909069,-0.5913325176828731,0.033403859525407184,0.7578302618320567,-0.45066246020778516,0.6721071049389754
27,Centralized,-0.44585447951111706,-0.5849820777275656,0.03267400538511073,0.7533142151995164,-0.45197788199155753,0.6667989380981176
28,0,2.111078840729821,1.9939552820469553,-0.4633432186916625,-1.1663257858595983,-1.2945487731623864,-0.700359747129279
28,1,1.90627046287375,1.8585641130764672,-0.4381645617049123,-1.1163203246803002,-1.112422178670098,-0.6800408024988698
28,2,-1.270188606899403,-1.0112331997100679,0.3476849130472451,1.1272412016128701,-0.32061272615770875,1.1224659696469779
28,3,-1.3017338375383576,-1.0256372788216401,0.35903279924232945,1.1215928078927295,-0.3060283111945513,1.1374506446829367
28,4,-0.010696933341124796,0.16711166004705705,0.16786062467574325,-0.25592274950130034,0.2582455513642738,-0.2173975519138192
28,5,0.00527873999629752,0.152580891975088,0.22801571854827263,-0.24986122997027976,0.17175546417089105,-0.21614338292585028
28,Aggregated,-0.6599770022314797,-0.45477521261030424,0.22154914988004093,0.6281502681958859,-0.36613560053935007,0.6993476193330354
28,Centralized,-0.6541866432049436,-0.44952098154957043,0.2205373052178588,0.622910349042934,-0.36547527845180794,0.6945256526925639
29,0,1.5132580544328518,2.0282890319267888,-2.295667080030868,-0.42320022949599856,-0.4928912696499686,-1.040059905289259
29,1,1.395373561187588,1.9245684191762185,-2.2031859000935885,-0.39073540674976853,-0.3826301300777342,-1.0285043479015756
29,2,-0.7146395859959009,-0.7317429161969579,-0.2215040549368763,0.9829030619120764,-0.2890749248582496,0.9669419308170529
29,3,-0.7442489484276434,-0.7479296261620314,-0.2070745767536158,0.9808365987779442,-0.27054012448639186,0.9762191595373567
29,4,-0.03499979605603239,0.19595903405840812,-0.49019864410409103,-0.019389030875514034,0.42571533317278776,-0.12628089348755248
29,5,-0.025338627813711004,0.21445206831907423,-0.5323565091864196,0.01495848445393305,0.3936778024419501,-0.14622020951125148
29,Aggregated,-0.3346386630334179,-0.23875548546988695,-0.5350761430239069,0.659083939002685,-0.20998660418540266,0.5470568918005861
29,Centralized,-0.331185004483721,-0.23427042475942905,-0.5373894169085016,0.6555165076667516,-0.20835482638489292,0.5427028433825342
30,0,2.203326200930756,2.1399746612984134,-1.3902599554098376,-0.4809495470057783,-1.1671207056163597,-1.3210448616405284
30,1,2.073004998281497,2.0285906677010694,-1.38262137374546,-0.44500388054697104,-1.0110556673547708,-1.2942906794108706
30,2,-0.9064113989291299,-0.8884804928013401,-0.1383771066772547,1.0578761264600098,-0.20211271686976479,1.024504632210308
30,3,-0.9272549897227366,-0.9120000838871161,-0.12082359456785055,1.0546189791637013,-0.17750903685480524,1.0319060857478273
30,4,0.056618068922055016,0.15476228613217793,-0.13046274547372835,-0.0662108415683991,0.2507161991632282,-0.229522662028687
30,5,0.11528228327091641,0.1538143837365222,-0.12837806005740074,-0.046499034921090386,0.1867400316757281,-0.24502289470705452
30,Aggregated,-0.36125545751169097,-0.3475252459374659,-0.30330477822235,0.6983554807483993,-0.25980803567841865,0.5371099643966282
30,Centralized,-0.3563634776184583,-0.3425550862661715,-0.30426596641102377,0.6943615584602736,-0.2594590345856836,0.5321027779062473
31,0,2.2842099216699756,1.451610772379945,0.2191797245642156,-0.9769965913033783,-0.9559474540525642,-1.3636936983293015
31,1,2.1061882117993287,1.4113235386409821,0.14886731165581904,-0.9220463640379721,-0.7967081166516246,-1.312099572102369
31,2,-1.4942909248056557,-0.5746182700502496,0.3278824569536063,1.018342600437448,-0.30631586122232246,1.016470972873549
31,3,-1.5228227966558683,-0.5902341249527981,0.33669018144133,1.018714250168609,-0.27344174348294525,1.0174662984455682
31,4,0.03236700537727642,0.008682075811917093,0.18266173061116278,-0.11581857479259382,0.2056093901180389,-0.2103834551898716
31,5,0.06690094585336194,0.005824167256396527,0.2273632857897788,-0.08897432312989378,0.13707772623660325,-0.22797405540366694
31,Aggregated,-0.7894748322792584,-0.2256687774782411,0.29487392642245,0.5974905281220155,-0.3096317745033147,0.527146904171737
31,Centralized,-0.7826726378606657,-0.22262635485582424,0.2944371229355314,0.5931306135885306,-0.30891053699691945,0.5221979135515202
32,0,2.195024911751779,2.4713451870944696,-2.0254287245458698,-0.630222587434407,-0.6982645231873208,-1.1864044502418067
32,1,2.025185007446872,2.342964835460911,-1.9702975451530997,-0.5802474719359693,-0.552480838489971,-1.1375336399909193
32,2,-1.0922274565011574,-1.058023862706471,-0.07914308511366926,1.2704082660266425,-0.2954170146918016,1.2470915121857127
32,3,-1.1133251305640997,-1.0751399417572554,-0.054745811500754665,1.2737979775162893,-0.2869363465222602,1.2491885093767656
32,4,0.10520921212572677,0.05062865482727899,-0.31783607292550903,-0.013154767842726903,0.3334231996147903,-0.15378934826308516
32,5,0.16382387731294495,0.04628003932710302,-0.32714228756145763,0.025789562328590844,0.27999931629984515,-0.17993671611490242
32,Aggregated,-0.49420235295364856,-0.43820150147544124,-0.36781687914064876,0.8443478992603117,-0.2578952287753159,0.7269074256685145
32,Centralized,-0.48859191283019743,-0.432702644596603,-0.3699454771663489,0.8396887456708116,-0.2566313485828472,0.721462376739968
33,0,1.6068812232981031,2.3570048961688865,-0.16433617081407942,-0.6578012449894547,-1.0313057096988538,-1.8729885097268304
33,1,1.4363571648113274,2.2112853867591733,-0.18364488129146872,-0.5963889512436241,-0.8681627628952171,-1.807051362604899
33,2,-0.9465736303245252,-1.536260460954086,0.3492568752343852,1.1420913457996156,-0.07502688318350821,1.0698578386812205
33,3,-0.9695976329437348,-1.5593836072205969,0.3671550983982774,1.1470072240214744,-0.05551094710719344,1.0787300476824357
33,4,0.0014708546202596058,0.08207921393721457,0.13814144278950297,-0.09125400308464125,0.25397514756980116,-0.29459051542601344
33,5,0.027753404895791513,0.0731980022436376,0.19151469723506262,-0.05894040638491423,0.1820000842100015,-0.3075695912620148
33,Aggregated,-0.4860275171858582,-0.8020754444079494,0.2589367556124711,0.7375369409120393,-0.14987204794519007,0.4886346709422737
33,Centralized,-0.4816517332444619,-0.7950035297003857,0.2580376755438343,0.7330762359965733,-0.14983127308573174,0.48290455101282437
34,0,2.3099897708764754,2.176473305431875,-1.1158183533166333,-0.7074724497433208,-1.3513762963150437,-0.9621422311118923
34,1,2.1672734160642815,2.0404167104438535,-1.0745986361437316,-0.6654185394987926,-1.1699457770866233,-0.9202548505012315
34,2,-1.5746231051515946,-1.3667282516952055,0.28722673108141317,1.3294584764611548,-0.050937675980009166,1.3289782631277083
34,3,-1.5868416835865797,-1.3969216376421887,0.3049912257899713,1.340671351422198,-0.05527739607628494,1.3477969999310382
34,4,0.0031891970147699053,0.15222301174269856,-0.07827155572050959,-0.035727728864482784,0.13588515029597564,-0.09750018635618243
34,5,0.06755615276605034,0.11009161048358453,-0.07394326648354158,0.012023721482192032,0.038058946871771006,-0.07446928150649058
34,Aggregated,-0.8379721974844465,-0.698261012870758,0.05431462869683512,0.8765966697190101,-0.2014018137799234,0.8339508334979682
34,Centralized,-0.8309355120859441,-0.6917365072429216,0.05230188287213743,0.8716211235881697,-0.20197280414359386,0.8285809716512241
35,0,2.139205600579096,2.2046453892155338,-0.6001006913201204,-1.1791007555795991,-1.261570171948941,-1.47389194564812
35,1,1.9145859265310918,2.0346886090863316,-0.6001201015029559,-1.0896814992146802,-1.0896334094964686,-1.3864027342502712
35,2,-1.5151967219281524,-1.8103858557581338,0.4829482692204467,1.3451878100664136,0.12900064264374075,1.3556011292596857
35,3,-1.5372420151071164,-1.837610522613048,0.4954287782317801,1.3447394370461676,0.1491400266095508,1.369617360845714
35,4,-0.11937509392164275,0.12321897565639678,0.09867302235451056,-0.13254657063019862,0.2466188715580399,-0.20471692907308509
35,5,-0.13458603925989535,0.09324096457754807,0.1506434325262313,-0.09290751470193138,0.18335985832213547,-0.18441754566950874
35,Aggregated,-0.8490884432060455,-1.022034035337017,0.29016230923343445,0.8084844960936193,-0.03255956230945842,0.7695855609862012
35,Centralized,-0.8428038160500582,-1.0140946114206617,0.28840103743260537,0.8028763898111886,-0.03337535629674576,0.7634839918300456
36,0,1.835828164602566,2.0130040354004186,-0.36157308372734287,-1.1589706495014742,-0.8680047184432594,-1.4734742017012226
36,1,1.662105504386665,1.8950344231206016,-0.3799919400381573,-1.081156172795242,-0.7335333109337144,-1.3966014309397272
36,2,-1.02423021260424,-1.0609696209468966,0.24707269919149596,0.9018329698514934,-0.03347262899560711,0.9075896750139847
36,3,-1.0443069476913776,-1.0845232412842598,0.2631899943605549,0.9047412997051615,-0.020966573502343912,0.9148971791980511
36,4,-0.019542966058145442,0.06481460899275493,0.061523844016247595,-0.11413252418156311,0.20914085717006117,-0.19210300688809978
36,5,0.016961121891423778,0.05620922866518767,0.08546717781035022,-0.09160849242797788,0.13790996832243466,-0.19865820215539948
36,Aggregated,-0.5122418240524403,-0.5037269379702045,0.14446903817823778,0.4898609719287311,-0.10745928107350296,0.4398253155884956
36,Centralized,-0.507480693786301,-0.4985240111036185,0.1435282805915391,0.48575168335338376,-0.10754305523136735,0.43521346355991386
37,0,1.5636400709740788,1.3452709767442306,-0.9319439408232624,-1.0283854324489434,0.2935286273328812,-0.8046917104574106
37,1,1.444616768530477,1.2858168436830002,-0.9045819175695895,-0.9794970519082576,0.3426664499955142,-0.7705489525752143
37,2,-1.0115939720607887,-0.8599554134017959,0.21514942365718567,0.9126834761028019,-0.3058573190626488,1.016787193184769
37,3,-1.0368915675999941,-0.8859412953509175,0.21975321089969677,0.9187471917158039,-0.28241589720833316,1.0342863237314124
37,4,-0.044897961867040724,0.09436514195216711,-0.07800783004751642,-0.08671916974388358,0.27044503030350997,-0.10075973389464353
37,5,-0.012049660548250232,0.0562544729670651,-0.07268074548484246,-0.06236941646795326,0.24456052864559408,-0.09121288483012333
37,Aggregated,-0.5423909569577737,-0.44439154324356595,0.021545222308470283,0.5187356626269617,-0.13618161593206,0.6258297613809549
37,Centralized,-0.5379207533442542,-0.44030119016355235,0.01993050868166095,0.5147463278521625,-0.13430946348329953,0.6215873351234678
38,0,1.9509059307883234,1.9034378556586578,-1.4376706910790376,-0.9683797153250817,-0.18135172540837313,-1.0328236540431697
38,1,1.7902969616832844,1.7734580560736681,-1.3946752388258095,-0.9028834488901041,-0.10108871619871668,-0.9764161334935306
38,2,-1.4865919796477831,-1.144795576722991,0.18517446240669144,1.21297099424721,0.020512219419286666,1.2156117376346491
38,3,-1.5147827815494266,-1.1731604890972507,0.20260137385051788,1.2164736021582612,0.046208446909735204,1.2214151564910334
38,4,-0.01688003541504315,0.10039470949718382,-0.15549267814247728,-0.06008265674280465,0.27947551807800963,-0.09550472721706214
38,5,0.006048566974076507,0.071569884453193,-0.14212238974894176,-0.023536146943733887,0.21797646147852173,-0.07996675100899589
38,Aggregated,-0.8359246003893909,-0.5791656231814022,-0.07421846139580604,0.7504592691138616,0.037857265077479454,0.7375817743812056
38,Centralized,-0.8295358366517995,-0.5737004182229742,-0.07632260519551312,0.7456147899891151,0.03827283501821776,0.7325570759897789
39,0,1.1034077791700627,1.8813312552045933,-0.8182592059063636,-0.9521072740848209,0.11000375510534133,-0.9902555125666759
39,1,1.0037637475542818,1.7598471291072242,-0.7970324625867887,-0.9060906572787919,0.21542800113503047,-0.9531641825819157
39,2,-0.7015049455605085,-1.3450018299193718,0.20530880688236014,0.991436322357248,-0.135982133246745,0.9841722317097922
39,3,-0.7303176683172633,-1.3744153233362142,0.2293395374056981,0.9947020720933182,-0.10841477942240847,0.9900619008823305
39,4,-0.028978378366222954,0.072370687790732,-0.06422652474733251,-0.05412544478445769,0.20474180079209198,-0.07838415977124441
39,5,-0.002237397938415331,0.04020305955442272,-0.06225565383579685,-0.016595021470555568,0.1462746185088935,-0.05832916699256854
39,Aggregated,-0.3782311893835285,-0.7318832233651261,0.0383516163700546,0.59066842681895,-0.04324193077925217,0.576054334080366
39,Centralized,-0.3750956959489517,-0.7258388255890863,0.03684895079240149,0.5865795135343015,-0.042263501838755116,0.571865275263529
40,0,1.9930448386961896,1.3419417643054576,-1.3541572253060359,-0.5039564006649919,-1.558190296448514,-0.43982655521550174
40,1,1.8388972751989772,1.2614679467961214,-1.315896484060633,-0.4831832304451755,-1.3862429828122882,-0.43905350531668513
40,2,-1.1133975393003546,-0.33719070996936795,-0.09523467660717427,0.7278370462199188,-0.012216039496712128,0.7771604659029355
40,3,-1.1355561794864435,-0.35404740532084,-0.08560750501080211,0.733603294508212,0.0034790774865112125,0.7841813416531321
40,4,0.03704377439628229,0.050193742396315175,-0.09274043713957998,0.03205071685177829,-0.12254396234902117,0.019963659737096674
40,5,0.0629267338097857,0.05938510035093132,-0.09836851222360223,0.060576825180869674,-0.21288101365594286,0.03856648992172514
40,Aggregated,-0.5480893408028908,-0.06469052690437847,-0.2631405963263352,0.4705146117292852,-0.22897565329804098,0.51213704237734
40,Centralized,-0.5427705034416924,-0.06240808549783841,-0.26410704538796226,0.4678354784780345,-0.2305177868763512,0.5092907737974084
41,0,1.7109914542565703,1.7459277835617772,-0.5633380894934703,-0.6799449516788723,-1.000634107149854,-0.7432221330544062
41,1,1.5797484215618163,1.656684678512567,-0.5865987340572346,-0.6372936120092864,-0.8666647521208759,-0.7112018225482023
41,2,-1.0044781296945804,-0.9681341023217312,0.2089988833438805,0.8692325193308835,0.015161412549850291,0.8715929056966508
41,3,-1.02109750814862,-0.9924648084810852,0.21358492104960444,0.8777602616743488,0.03109592510473094,0.8829228824576351
41,4,-0.05855801932054995,0.09355100335828025,0.04564892502577544,-0.03579279617940169,0.10982764669107298,-0.0651021506351427
41,5,-0.035755518368975836,0.09770388706305752,0.06295233017142422,0.002258518608870953,0.016652256531225755,-0.04210410360818227
41,Aggregated,-0.5170021501684487,-0.46661116545501147,0.08174150057196479,0.5433771251589561,-0.10379042151370704,0.5317410071224027
41,Centralized,-0.5125096640225654,-0.46182154821951843,0.08074482697958626,0.5399426256295831,-0.10442447305911248,0.5281413682453656
42,0,1.5933468808959181,1.8499807238630581,-1.0053849597066293,-1.1783994440839711,0.02337309250206819,-0.7417545844268087
42,1,1.4768447309398511,1.7019022451395887,-0.9578894199181502,-1.1056382304229688,0.1127490346318507,-0.7074011382657877
42,2,-1.301894132064461,-1.8311924336653376,0.4871728587275012,1.2807071664129668,0.013772112102634093,1.3011932464183482
42,3,-1.33722587526535,-1.8660644972896565,0.4959230835555682,1.2989247604671987,0.024895431302335586,1.323795533226279
42,4,-0.10745085791974915,-0.0538386002757785,0.018852097938546825,-0.03975649213941791,0.28081442026095776,-0.0067307195981640795
42,5,-0.10568644070958799,-0.09480923129973332,0.027629322964445653,0.0040327604505847655,0.2178007508528458,0.028400577052655116
42,Aggregated,-0.7637320178675481,-1.1117639010047886,0.22566421887374044,0.7798460978507548,0.056639547222692425,0.85789115936401
42,Centralized,-0.7584583723104389,-1.1044715369055702,0.22334437460316842,0.7746550097133007,0.057259607433426216,0.8530192943989996
43,0,0.9367577057646796,2.009366947944444,-0.04891466993177875,-0.7495458296807401,-1.8780363604242372,-0.7596692255145236
43,1,0.8798205559096195,1.8635994977880808,-0.06802883799726338,-0.7053799078539997,-1.710278356856737,-0.7383571956450361
43,2,-0.43074357462459717,-1.4206691695616194,0.3136958808348778,0.7525336505513809,0.030328316242282553,0.7624920403875161
43,3,-0.4503318603917769,-1.4517598596577257,0.33291562047474593,0.7651568265826104,0.045043110437142334,0.77700059554288
43,4,-0.004470567021725319,0.04652661757237095,0.11993042392452807,-0.025212987225003664,-0.1371173135112148,-0.05052327954763223
43,5,0.014378395140441242,0.03022256639479146,0.11701863162784189,0.007575419318262108,-0.19743647732213057,-0.029054840382168354
43,Aggregated,-0.1948766285793017,-0.7740058895158552,0.2433064494604653,0.45135464821623983,-0.24276764212912003,0.4522043511643241
43,Centralized,-0.19271006713707103,-0.7676697919335878,0.2424929979643351,0.44826212433624746,-0.24469414847575216,0.44897997710714826
44,0,1.2236860718226612,1.8015830343677628,-1.0481621078980266,-0.7930456613795783,0.048249882648635084,-0.907948564751748
44,1,1.1488159708384693,1.6902851773631262,-1.0273472889580615,-0.7462527700435768,0.11694419651378729,-0.8766820832260019
44,2,-0.6808245313107831,-1.259678100711518,0.22958432469589538,0.928545864498102,-0.17903336227257335,0.9639750491865023
44,3,-0.7007234469319886,-1.2882756626171878,0.2403715489978522,0.9407606677768194,-0.16740300469603714,0.9788274955922793
44,4,-0.03202960738398681,0.04346994993883756,-0.052141070417850995,-0.028535753221586063,0.2346654737807177,-0.0775525558326396
44,5,-0.006276229682528397,0.01693139905491514,-0.05124966299644467,0.012168416109381136,0.15940971693273492,-0.050388735706697343
44,Aggregated,-0.3420433440686851,-0.6831848923519134,0.02094616594753273,0.5737447991346313,-0.08864000554395013,0.5761572948588706
44,Centralized,-0.3388972220401894,-0.6775525802906627,0.019241615111365122,0.5700404493889639,-0.08750326770520044,0.572095518729567
45,0,1.5108317556782747,1.5544921764566817,-1.1993764035923344,-1.000133935862997,0.23619287708389902,-0.8847758243589606
45,1,1.395689800728401,1.4538871575316958,-1.1691293683848356,-0.9391397221065372,0.30050515638626996,-0.8401856300498952
45,2,-1.1650867651188592,-1.0928557360541122,0.26188130587781605,1.004480894796817,-0.11101672004270553,1.0586702636752403
45,3,-1.1935514374698843,-1.1248032975547453,0.27452810438541586,1.0209426371606753,-0.1005764036873889,1.0759492365864125
45,4,-0.10497193868670003,0.03851132254452419,-0.057080664742892306,-0.027523475256815585,0.24188308703078626,-0.03499701020223332
45,5,-0.1254576870806803,0.011963327071331095,-0.042316203873286724,0.013210721466016349,0.18133061315158,0.0020043105179017554
45,Aggregated,-0.6739787801757517,-0.5968930092752069,0.02517879939980895,0.6031304782437187,-0.011887681474027727,0.6564943114418562
45,Centralized,-0.6692537628487487,-0.5920056152901463,0.023257134371338178,0.5990156366762749,-0.010794140400019655,0.6522581898383609
46,0,1.611772664905199,1.7662612026065694,-0.44500263599406353,-0.8837933067964054,-1.5407509597268367,-0.4760425006455439
46,1,1.5027620819537693,1.6297964339474391,-0.41258470439940576,-0.8355766440320014,-1.383652987511891,-0.4632194649153989
46,2,-1.374666895422969,-1.3083678066031021,0.41444111273688683,0.9941838599257128,0.12000106620533854,1.113944034390997
46,3,-1.4068650283825725,-1.347469831125029,0.4278892623790953,1.012173880395353,0.14069687049466204,1.133805298720153
46,4,-0.07193986372663157,0.03364215681338574,-0.009084781768856439,0.025044563054009587,-0.027047368464534927,0.05043776038741355
46,5,-0.06263627122084155,0.009472794240686887,0.005158750752938652,0.05463067137633888,-0.09563098097501428,0.08019306302858041
46,Aggregated,-0.8073441479138318,-0.7302709909946317,0.24743314938038474,0.6176275817498743,-0.1152633161231753,0.7628986821940914
46,Centralized,-0.8017182255246064,-0.7245187964403803,0.24570518691646165,0.613750000943877,-0.11697176495484661,0.758985852541206
47,0,1.8506789369623764,1.7673163363177256,-1.0675019009349844,-0.5460411108828299,-1.9349520768375748,-0.4357764560745647
47,1,1.7287255289474164,1.6610229680422366,-1.0530315933590642,-0.5083350219280937,-1.7687350406803897,-0.42782708516475715
47,2,-1.3626557722916435,-0.8228679900690127,0.1393654710866898,0.9271888783716818,0.046217627346244475,1.010200324132581
47,3,-1.4032724062127697,-0.8479223696197568,0.15116129084391605,0.9499209399011742,0.05614777136539029,1.0329050401879432
47,4,-0.043654354101175526,0.17089277335112152,-0.07633869752531969,0.0834796357425936,-0.28805263846174634,0.0874000071834617
47,5,-0.018518547790766574,0.1643806216876733,-0.06747300471034168,0.11028094754396835,-0.39103232992716774,0.11541054483034965
47,Aggregated,-0.7647171480257915,-0.3496480381228411,-0.05024032811583712,0.6240689902979218,-0.26380255024311217,0.6983479977400266
47,Centralized,-0.7588458045349897,-0.34514239421190085,-0.0517161135688816,0.6208042179503567,-0.2662570176682953,0.6948948360284309
48,0,0.9965059634786309,1.50702644607298,-1.0281244900673163,-0.797424623048416,-0.03222359743308132,-0.5179192325257106
48,1,0.9336025000679655,1.4152855664179327,-0.9754675138433611,-0.7667102867374891,0.032840674408204665,-0.513944263750985
48,2,-0.6495934595993923,-1.358867161512366,0.3065132601753574,0.8535965443023071,-0.13850616003929622,0.9190623164549853
48,3,-0.6778824713327192,-1.4050736707531624,0.31872934820473875,0.8816556207972811,-0.13608921297603563,0.9469373441401113
48,4,-0.016421961690359706,0.06765301531905166,-0.18782288399004052,-0.0506027293999866,0.22220149080437082,-0.0032034581123593143
48,5,0.0059467064217076215,0.05930170364046005,-0.18705145872026238,-0.03528415955396624,0.1534556746277066,0.017222748513071574
48,Aggregated,-0.3510636834164928,-0.7968362023633012,0.06446291097357347,0.5185554629878193,-0.0750580992274796,0.6096299101069255
48,Centralized,-0.34814169371540454,-0.7909815807832357,0.062183332254644216,0.5149748420767831,-0.07412612142307026,0.6061636454220722
49,0,1.6485941124727974,1.68513779137411,-0.8826034598080919,-0.9369872050864526,-0.7398426123962101,-0.6183349413370128
49,1,1.555978576076695,1.5885029713990118,-0.8508991830225251,-0.8883748836639925,-0.644433847911901,-0.6070975830521849
49,2,-1.2603644143582,-1.1575848618816769,0.30321578924854675,0.8958224562896845,0.21416581635585324,1.0188283882528293
49,3,-1.2940253706393892,-1.1948310122174455,0.31787177613717343,0.9215340529932373,0.21931762859892842,1.044911471257898
49,4,-0.06490704946524972,0.036895364348185536,-0.0572830982195734,-0.027906063992405947,0.1169922812301419,0.025928732988000806
49,5,-0.05213222702698249,0.03671028883459401,-0.03262498145868966,-0.02011926104629824,0.05569592483482124,0.039988779140162065
49,Aggregated,-0.7171799394473326,-0.6261313649931468,0.1005551049278774,0.5329384550929055,0.0737778305677288,0.6717622777090088
49,Centralized,-0.7118741459228697,-0.6208888221526115,0.09874289615987898,0.5291706486870092,0.07275024851747429,0.6679625686203792
50,0,1.2413018144159358,1.676331615774785,-1.639999594463053,-0.5697054208393404,-0.6131799824746574,-0.43316148347999145
50,1,1.1922175983446857,1.6013724064055272,-1.603502437449241,-0.5483673863667862,-0.5418319470863193,-0.42867697356788304
50,2,-0.7364323297469431,-1.0299774097572445,-0.011290895553170937,0.7906403386988777,0.05602522195520427,0.8492451132915575
50,3,-0.7658222104942117,-1.07038314887666,0.0037808240150886945,0.817516774425399,0.058422306404425466,0.8754313134197048
50,4,-0.001025948373943702,0.11023108603136199,-0.3480159204975849,-0.0010397214661679113,0.1367210508157605,0.02888058686594587
50,5,0.034361482776169974,0.12121397084249638,-0.3690944563050334,0.01039269054824407,0.07179518731525315,0.04020881425559521
50,Aggregated,-0.3770530642687504,-0.5235052507646731,-0.2745669739803678,0.5093978426151721,-0.02425978789090173,0.5735396468206804
50,Centralized,-0.37359371462719415,-0.5184793843909102,-0.2767088494380181,0.50631982737304,-0.02462675739696785,0.5704438077078936
