Round,Evaluator,1,0,5,2,4,3
0,0,,,,,,
0,1,,,,,,
0,2,,,,,,
0,3,,,,,,
0,4,,,,,,
0,5,,,,,,
0,Aggregated,,,,,,
0,Centralized,,,,,,
1,0,5.710400471493032,5.681131570358776,5.769399602752762,4.524591830027262,5.78869619000646,4.488834239298229
1,1,5.62515719460963,5.598221877832741,5.678602524432057,4.6264203480140145,5.699765164870276,4.592159250851574
1,2,6.754692826873156,6.770847200000583,6.699606199990273,10.2460855478019,6.791091357692535,10.215492827722302
1,3,6.673629917207806,6.690058468024367,6.618078251418713,10.150716935951934,6.708428525923994,10.12106301947579
1,4,4.745617692918882,4.719489649030362,4.801427968695111,3.506854830452831,4.810963401597198,3.47570909230213
1,5,4.755730267829655,4.7236873650213855,4.825832411727198,2.962318092155255,4.8274921250430145,2.9299600814504845
1,Aggregated,40.298186903533065,40.377258590960324,39.92763096176029,80.10188138079401,40.85540083879311,79.58346254768232
1,Centralized,6.328646808022106,6.331254745489213,6.30811686595157,8.387878389527065,6.376499158131417,8.356268180212245
2,0,0.19664851684475543,-0.14756650528678925,1.2127545631917858,-9.02527186080984,0.4326034130694935,-5.124513839573041
2,1,0.09698074595736514,-0.2851101327188313,1.1686365808761006,-7.813692449809572,0.5564137194249993,-4.83803889884698
2,2,0.03699878872080426,-0.8304048623280512,0.8318241839588251,-1.1747999910918456,0.6160957836459237,-0.5983966842117996
2,3,-0.025421523970943286,-0.867306632886993,0.9125566104776335,-0.8328269666619783,0.7007476784228059,-0.33343501884486837
2,4,-0.5296367885692869,-1.058095054928698,2.602789823633737,-4.602224204718762,2.5224714040840044,-2.4373507203711346
2,5,-0.5374582337336741,-1.1039416564051598,2.7106195351700695,-5.137388794034958,2.561673701531854,-3.0346798228379557
2,Aggregated,0.04189979957630937,0.6879537498591333,1.6902634413503614,13.766830269897268,1.2106488798371164,4.6105587230720655
2,Centralized,-0.06002260337228678,-0.7984034308176262,1.2049947063468613,-2.716272684725434,0.9336719458227801,-1.484383835221828
3,0,4.286503780749728,5.0593727329813625,4.401549810551072,-0.9914207978184908,3.7700636101517344,0.9283806101516812
3,1,3.866750301455713,4.519830670940211,3.8313352325854155,-0.10601578477962899,3.483046075579966,1.059931275128441
3,2,0.9104999721607221,0.5862895286264367,0.5722824523988825,3.6064795647665018,0.5402190172739052,3.5223633714513856
3,3,0.8213769498659569,0.5461578157273231,0.5956508336760271,3.778973817716272,0.5083284372411039,3.73309710436899
3,4,2.2457727399995884,2.0749800831377754,3.812429149164304,-0.1804534999553728,4.172659179294626,1.236735862717222
3,5,2.4857066298130697,2.453904873436991,3.9697734846541297,0.07747897080333657,4.09336831303761,1.2241505943123658
3,Aggregated,3.597087304742346,4.1013440545004265,4.615560991948131,10.015412762033662,4.292155238223756,9.938492015936584
3,Centralized,1.5564424856683259,1.4288503200063563,1.6103600177357495,2.519792801739515,1.5345261151525786,2.901314390183054
4,0,2.4788144313699156,2.271721377596472,1.4633330478501638,-1.4647325924005656,0.29381511936680177,-1.2713410254764714
4,1,2.0325456665871835,1.89440890500168,1.1732448856170588,-0.9667437375470724,0.2649128352748011,-1.051023171801281
4,2,-0.8436826311396457,-1.0317646305110522,-0.1044353048282001,1.4394792367436284,-0.6310980352420307,1.7213666790253133
4,3,-0.8782503249965247,-1.0476178256861521,-0.07992409474190658,1.5399501241340245,-0.6645410541590943,1.898972134140237
4,4,0.3514820216117207,0.303915467346701,1.6878067268861527,-1.291502320253589,1.9266303979273043,-0.936114243801906
4,5,0.38829710436264675,0.41702090792569224,1.69339182445059,-1.302224773542104,1.664902996639818,-1.1350658103508229
4,Aggregated,1.2689066263826663,1.410300208837735,0.6293556917853937,2.055770548110611,0.7478417523745411,2.7258913606322324
4,Centralized,-0.24143694699502605,-0.3974196832749532,0.395064348121808,0.6847471150146363,-0.12752678485635194,0.9579923398891866
5,0,1.861725550600756,1.3835028796100348,0.15147824620372957,-2.298165722260134,0.5253205081484409,0.3034026472118028
5,1,1.4305389435192308,1.256222813582845,0.14193110641895945,-1.8037102542311276,0.2986612116372966,0.2008543648460591
5,2,-1.6199542769836335,-0.3887558229864671,0.2342135113149098,1.6197690131095372,-0.8792804642857311,1.078611048785671
5,3,-1.6125070613741028,-0.4376583968649074,0.23499332280089066,1.6497999800653165,-0.8468493574218878,1.29390559712244
5,4,0.10184352912053048,-0.2679924179953896,1.3976268841905122,-1.1761469716660404,1.5228847398650893,-0.31482726733999417
5,5,0.16242491555336533,-0.0839178744766245,1.3227151913857675,-1.2415579520657727,1.3146743488181858,-0.49365378969849905
5,Aggregated,2.2873302827519915,0.3714763608860893,0.2892055378741324,2.7322880543810153,0.8373531516340436,1.066018343099961
5,Centralized,-0.9162871186776678,-0.13998472806762596,0.41040686316433383,0.6882763770285721,-0.3303284550803835,0.8217722192070142
6,0,1.5954429229458527,1.3836479053607438,0.30834379219177566,-2.356125524922474,-0.1922627218814745,-0.39075889453418317
6,1,1.291730660364241,1.1750157255010296,0.23133466726430688,-1.8452067678093778,-0.17637358231533173,-0.5008364206553088
6,2,-0.9458928624047104,-0.6915383453530216,0.13266402202040567,1.4551730665391074,-0.8054068246495955,1.0025564023986733
6,3,-0.9362815195992485,-0.727171131402139,0.0954408803054179,1.4921581521436744,-0.8420631728332105,1.224928578476191
6,4,-0.025145615000411563,-0.09796353582414731,1.0304658045396677,-1.1636290522720385,1.3167218184933527,-0.5281568844164235
6,5,0.11202331869194151,0.08058781840634796,1.0098947318149214,-1.2268728837568688,1.090525454365433,-0.7286863735938023
6,Aggregated,0.9376352727960757,0.595782527566065,0.15836377835506354,2.39209793865251,0.6937790351622461,0.9948056484156604
6,Centralized,-0.4739839186635532,-0.33580308641879575,0.2848499779499796,0.5706405900322152,-0.4188154925918948,0.63808848360786
7,0,1.5177724213333477,1.3240958126655658,0.49138529402515896,-2.545371797952151,-0.2601609839698468,-0.13558727955878166
7,1,1.3513625162777432,1.0700455867779093,0.33649815915996345,-1.9859089821849225,-0.21857001646797336,-0.18147356078418433
7,2,-1.0262500001636083,-0.5025594639006928,-0.11030012630871598,1.5027746455157245,-0.5571116109139904,0.8608080179636223
7,3,-1.024862813950751,-0.5439896288496089,-0.16374913343163,1.5202727295303298,-0.5995393729178707,1.0427931877378593
7,4,-0.139515586529646,-0.08337008138005154,0.9728927322087575,-1.1892422526568405,1.2650048409560535,-0.6848589804035516
7,5,0.03452348551017376,0.08335258374272729,0.9272162423558623,-1.169248764203679,1.0811564752078864,-0.8126596325447942
7,Aggregated,1.0533736761997547,0.40111204521289645,0.1587697217762313,2.5704681804138247,0.4361287787029674,0.7449264233676841
7,Centralized,-0.5517114304193701,-0.2111462096509736,0.11306018168287543,0.5762256957600724,-0.25486518707284905,0.5427456861191229
8,0,1.6613407088298546,1.6485084518511899,0.23150767075861028,-2.2080659258397324,-0.7249620169746978,-1.9028236720418419
8,1,1.4678294987412759,1.3337339568263216,0.1106202563871685,-1.8892647345385374,-0.5833501100818229,-1.4932760374455816
8,2,-0.5970793989424626,-0.7727046524225459,-0.0042043795484851725,1.0948523787801305,-0.4278158631212149,1.11054246223096
8,3,-0.6046960953683558,-0.7756232471234766,-0.056136916536808815,1.1237888456377843,-0.46341924194843814,1.1627352514945564
8,4,0.04496727350604856,0.020482734574934863,1.0034668962038327,-1.1467936323633077,1.262710100130837,-1.1139008406605033
8,5,0.21777039426027905,0.1902901436725715,0.9145185734856582,-1.1466015411066972,1.033680429325243,-1.3142823868968243
8,Aggregated,0.606119989509105,0.7500172869515873,0.1282181290723519,1.6555052979826625,0.3817975547608026,1.5437490744571627
8,Centralized,-0.1956618857364152,-0.33379716513942836,0.1604509437976796,0.3210185362373267,-0.2186170624739546,0.37870239428908703
9,0,1.9469742926287499,1.67193015275731,0.5683732985861872,-2.059574885131042,-0.5848882087025526,-0.7902427732708924
9,1,1.621884131716542,1.1762547486508452,0.4510022943511261,-1.6306582958904736,-0.45780596403157614,-0.6568997147931966
9,2,-1.2568069800582116,-1.5015072056298528,0.17358416412248737,1.4456036118043616,-0.3512580049248899,1.3498334461920019
9,3,-1.2960054567372135,-1.487862547217252,0.14098872880006996,1.5111206189349256,-0.40856697971186384,1.4593976200001204
9,4,-0.060909649010633636,-0.20818795279948715,0.8824470812020143,-1.013997918349301,1.2413415009655178,-0.4294738572044404
9,5,0.05822586544122501,-0.05339508999151984,0.7974282459793566,-0.8851753282516727,1.0180047005611776,-0.5942487817658347
9,Aggregated,1.6319883091891114,1.9202265402618703,0.1486303506326378,2.1910745948612176,0.31522274447946663,1.5488726070731715
9,Centralized,-0.6740674076904221,-0.8976317304900046,0.3223302320565054,0.6501656800335228,-0.15586635512741026,0.8253515712841788
10,0,1.96042418484713,1.6385722491526078,0.37285572843602305,-1.9265907079826525,-0.6796254443573332,-1.8343500986430714
10,1,1.6872353430072558,1.2544934603154907,0.21067543983897694,-1.4972090980545214,-0.5596247336540623,-1.472697257562832
10,2,-0.8296292500756629,-0.9283377819171243,-0.04248789142375876,1.1239887035776335,-0.42187586470826116,1.235168209679549
10,3,-0.8177955208912934,-0.9734846379305181,-0.07654714725777217,1.1957868819176138,-0.4819760301385949,1.3102263465956563
10,4,-0.01341149331350273,-0.12446492390154802,0.9521427094095587,-0.8480472768205823,1.124179996286597,-0.897892553909538
10,5,0.10455348919292516,0.019513377014827426,0.85179004389232,-0.7221140684325358,0.8806326980826286,-1.0228026731124007
10,Aggregated,0.9576563965686022,0.9548030650100732,0.12394738583345187,1.4754014104821171,0.33862670203045564,1.68714220637847
10,Centralized,-0.3344186912867511,-0.4911422204732228,0.14628515710635387,0.46483733668033494,-0.24106193275825766,0.5238472724158609
11,0,1.769897314481135,1.7688054682578123,0.4404766894405517,-0.852899301421966,-0.5740454438441784,-2.4514849405945043
11,1,1.5436415494257192,1.2886365852221056,0.2573596971689398,-0.7109274949903504,-0.45110418212415937,-1.9268605198810678
11,2,-0.5631011773610968,-1.0239378131305146,-0.05237003247504688,0.8780936399473533,-0.4639912379524812,1.226793894216786
11,3,-0.5791690536148166,-1.0316870697058287,-0.11045885592047085,1.0052298120737369,-0.5095064160818212,1.2752559896992681
11,4,0.007839654046636764,-0.05777446672247809,0.8474611145846879,-0.8092511239237806,1.0522947882415001,-0.8544221284653241
11,5,0.11451298872851078,0.09654313216159917,0.7400575913776559,-0.6176881687366176,0.8245921618364327,-1.0101462671542838
11,Aggregated,0.6198530395025235,1.10180500799539,0.1075691070127931,0.8033265992801047,0.3286908250263315,1.929413472501944
11,Centralized,-0.17247752707537803,-0.5247059576604729,0.12204618196066477,0.45243108552789946,-0.26198203099867223,0.4362843461326697
12,0,2.128565381534425,2.242761127843121,0.8073139001985636,-1.549697748456484,-1.7231991805500615,-2.711437215178523
12,1,1.8728371307274043,1.7576154934007706,0.6271549279214519,-1.2973012152724226,-1.3518037262849592,-2.2490506773863483
12,2,-0.9556200739201929,-1.2623263604855166,0.02186510449982527,1.1852821262650755,-0.02955325611251924,1.187376834197618
12,3,-0.9612144418730673,-1.2718343693333019,-0.029431602784176173,1.267809892906528,-0.08074060907483441,1.2196625279530982
12,4,-0.1493441044076166,-0.18457425725878293,0.7680038958729994,-0.6329772596157376,1.0009199492544474,-0.7556743879604146
12,5,0.06092830379596153,0.014298771876879949,0.6818435320960989,-0.573724671555506,0.7472233226597855,-0.953529581388633
12,Aggregated,1.2267795702417374,1.7335948955030185,0.14282164408093773,1.428532117646964,0.43791468622131013,2.011977307089202
12,Centralized,-0.41833146971392665,-0.6464030647789912,0.21858445688640296,0.5823858942248625,-0.11007559593629901,0.376039972615156
13,0,2.2282815469883577,2.1529763660995194,0.3247668668193713,-0.7003807252264107,-0.7846831873343498,-2.750110489861127
13,1,1.9474812430122639,1.6021997148726421,0.25171302487163094,-0.6024745803517212,-0.5619490941997556,-2.270438462668101
13,2,-1.2232936363357292,-1.046684673205972,0.18868346028814342,1.1049318200478866,-0.2978428577579149,1.2534509639292561
13,3,-1.231610231044469,-1.077647609214524,0.14529325781744598,1.2024138101776458,-0.3215060218679059,1.3000383738056418
13,4,-0.23087469225501675,-0.008316242090141538,0.8074842849368726,-0.7084270763866667,0.9992217722504649,-0.7623588312062515
13,5,-0.04246942203835568,0.13600542115600486,0.74235156666873,-0.5663352546823547,0.7591928119588923,-0.9137633261258569
13,Aggregated,1.7070710327853762,1.3214678758860727,0.11230005142988692,1.085461378492399,0.23904911294341594,2.161572334798014
13,Centralized,-0.6174194667001768,-0.48965887949535647,0.2888043412907865,0.6338582338577093,-0.16591947019564918,0.424774565159889
14,0,1.6553252787183508,1.9088409968304902,-0.6260806871718898,-1.7299680618100202,0.46591577571315573,-0.9980252276016409
14,1,1.5616948416265186,1.527290466508663,-0.5822699055036122,-1.444095408494756,0.3450079333592957,-0.8865917392227292
14,2,-0.6044638219104825,-1.1711429707800731,0.24433354850198977,1.3613663524939505,-1.2579152967945586,1.314485404472166
14,3,-0.6148391151723325,-1.1443265726384118,0.17841315352446355,1.4097788829274709,-1.3136194129376464,1.3923665334247022
14,4,-0.11057310715614647,-0.17503983303598292,0.863399853574239,-0.7002382021922066,0.6349508213218241,-0.43140448788003344
14,5,0.045404825820107915,-0.0010005190916860585,0.7873385369362029,-0.5750125871258988,0.4137519405330471,-0.6098379945766713
14,Aggregated,0.6297996647556666,1.3921170947066583,0.17462651479577485,1.8052116093687305,1.2668979735838217,1.496430598329132
14,Centralized,-0.22080701424429255,-0.6101234803852777,0.20643046332231402,0.6678214926123104,-0.7750384481703178,0.7546713700403651
15,0,2.0305021318251595,1.6753385280757322,-0.11728374329088177,-1.4564273316083935,-0.9201539496009128,-1.2655165258767989
15,1,1.727001430810091,1.3450356071423235,-0.0916150416983286,-1.220457367361192,-0.7350628527336066,-1.0595695459193857
15,2,-1.653687215365367,-0.8999403957479679,0.32118218195310627,1.3899205375760855,-0.5983507048516195,1.4216339805951552
15,3,-1.6779313096135877,-0.9262480421115752,0.27321377959810866,1.4704177662819897,-0.6476695461053936,1.5077713718397243
15,4,-0.29646906274694784,-0.026363611373678826,0.7467733364623074,-0.6443261448351216,0.8956683831549365,-0.47046660014836605
15,5,-0.1553537030447682,0.11790585781835657,0.6760671331832678,-0.5349014399892872,0.6166849268393703,-0.561206689057526
15,Aggregated,2.521126018248031,0.9277832702462535,0.13377066435120022,1.7881085735447675,0.4577975041279325,1.7889079652414763
15,Centralized,-0.9813607387362222,-0.43979597988647073,0.3188118765086744,0.7435278871499909,-0.42940921757142897,0.804429238742077
16,0,1.1763479355707052,2.075632142433796,-0.5246199492973844,-0.9055519099085662,-1.1198334915044386,-1.4984672455500407
16,1,1.1961597109235447,1.6187505744295057,-0.5160777544935706,-0.7977096670267504,-0.8192983702350752,-1.3199454925483491
16,2,-0.2119187758022864,-1.2250096912302142,0.046945152359434375,0.9942071779714461,-0.4712587803162934,1.0001826948389363
16,3,-0.23332034596984846,-1.2662592075199193,0.00816722164333164,1.0613825838922564,-0.5086250387158253,1.0574322592919962
16,4,-0.14508570529014375,-0.0640553935046447,0.7055113414948585,-0.7102001653161447,0.8049530692596679,-0.47230563786726837
16,5,0.02844122844365518,0.046153146407439276,0.6808054591549895,-0.6006446861933245,0.5540166457913054,-0.6338074490747266
16,Aggregated,0.2321829957870537,1.6104636756970359,0.10214448838190199,0.9289050490676634,0.3717391327511102,1.0891644135166352
16,Centralized,-0.0014030048011880187,-0.6424462972757554,0.06243942955617249,0.5078695914685641,-0.36965423518078694,0.44650949780669236
17,0,1.9673868159921244,1.8357856550705731,0.6811455752353908,-1.7998124854156428,-1.2266072735051095,-0.4175481187559255
17,1,1.6604657164518553,1.5086531049646863,0.390055695174661,-1.4899963030363874,-0.8608366855955154,-0.30012733336413133
17,2,-1.5493327110448,-0.7924120190826514,0.06590680454717733,1.3163920986555704,-0.2159366879636212,1.0782447221002243
17,3,-1.573011525902683,-0.825148682316272,0.003367546553117023,1.383384570821646,-0.24945153407513124,1.1748633218067182
17,4,-0.49936546000417525,-0.01841168267862064,0.5550650937137237,-0.5700297468211656,0.9198354557519165,-0.4098726377211867
17,5,-0.3300301628939904,0.10654412156466528,0.5145172404363212,-0.5171059670756395,0.6964128988241292,-0.44281095555888084
17,Aggregated,2.2583686851521496,0.8679519627477136,0.08224032331228828,1.7456070205916918,0.2833423492008139,0.9691702211168209
17,Centralized,-0.9402982868699223,-0.34153517198148015,0.189879175364144,0.6486765916860645,-0.1749722031474794,0.6904878272279764
18,0,1.8340442300149047,2.0860200419858597,0.20629324160007553,-1.4393935259999473,-1.071112237391108,-1.661486551681463
18,1,1.6982116118140493,1.4822308511117213,0.11778495440806533,-1.1369235698240494,-0.8575733349753911,-1.3511238187996428
18,2,-0.9701168226889085,-1.7885865197079684,0.27570572127188264,1.4060847677802377,-0.41417691901771875,1.4366211045849906
18,3,-0.9936410897332566,-1.8384304349179845,0.22382860484367464,1.5079711086153313,-0.4631622857321212,1.5318210904729392
18,4,-0.21470508592665977,-0.37314123982135594,0.6210441249368015,-0.4922901655102032,0.8422416712875482,-0.19541335875614532
18,5,-0.036091666438245774,-0.2829573600367974,0.6085356865452606,-0.41329872592657196,0.5788847699371097,-0.24917071307098268
18,Aggregated,1.1377165854314335,2.8646549248422346,0.10010595012905556,1.8091706024037453,0.3402334858009367,1.9308583406244617
18,Centralized,-0.48606593134848924,-1.1108203726092145,0.30459278003190693,0.7935440182568442,-0.3259095218910127,0.8194442932844355
19,0,2.0708994685097872,1.7829531440808613,-0.6706305443105872,-1.0827879299292213,-0.9259212801636979,-1.475924112099804
19,1,1.8496418679146716,1.4155699547635716,-0.5804136807291487,-0.9125660462520248,-0.6864747478974762,-1.2549587170003105
19,2,-0.8243729099667879,-0.9029637852032011,0.22243419278699877,0.9952151781221267,-0.4110015079222939,1.0454282689118717
19,3,-0.8438568786263131,-0.9570925518667197,0.15907370373291596,1.0798989618677666,-0.44868399334056613,1.1077451582924707
19,4,-0.25282977240996446,-0.0735451008535239,0.6661096907220253,-0.5601029249153168,0.7686776893583516,-0.4266790490203299
19,5,-0.09261234639609704,0.02228607761801567,0.6481070844950346,-0.5181213465074183,0.5275372875254293,-0.48680187430326183
19,Aggregated,1.044829894767054,0.9895406884308215,0.13902607179581045,0.9632072404295335,0.28451661136385775,1.1327193280050574
19,Centralized,-0.3589356595769502,-0.4516507109659921,0.15863785613300146,0.5173194889732377,-0.3090762682020925,0.5065220667962352
20,0,1.8553890099791022,2.3641068396001335,-0.28497431973143905,-0.6252432094415052,-1.9041872033922098,-1.1903916151692446
20,1,1.7342887829758762,1.8201367670684363,-0.2693902039081454,-0.554420411276381,-1.4772536605439341,-1.0925878932743425
20,2,-0.665501581780337,-1.6808547712048927,0.26906713033611396,1.000055980152485,-0.016237394050032803,1.0940102737502335
20,3,-0.6763061689226163,-1.7259801099446614,0.22533215287335714,1.0872291809502963,-0.02349839816026557,1.1293738587923312
20,4,-0.22932760491766363,-0.2150841427218593,0.6929964991721175,-0.46360867675780015,0.5847596832242636,-0.40453528321190085
20,5,-0.08239150512592607,-0.11594450803091441,0.709208974968937,-0.420953236664667,0.37339609613414326,-0.5164008717630869
20,Aggregated,0.7778261198625748,2.7344211106687446,0.12086320629760126,0.8695623439121266,0.4337160838864972,1.110018309069793
20,Centralized,-0.25837173754433895,-0.965137392159099,0.25554387555998115,0.5971209113590551,-0.16943826111998378,0.5651690060773464
21,0,2.090999529528769,2.0408457805061726,-0.8735639411434422,-2.071061849129673,-0.9128652378235971,-0.4778328123780835
21,1,1.871743176118725,1.6190716824141744,-0.7530680831945787,-1.7564868279530041,-0.661918789476842,-0.43483271982064614
21,2,-0.9547306373300112,-1.08014978103016,0.24163693173473896,1.1211570329366627,-0.33409215303212486,1.0199011437987138
21,3,-0.9709722226847186,-1.1294737287503496,0.2076071241340357,1.1790068100372082,-0.36436322231828633,1.0933540462124829
21,4,-0.33358817922720185,-0.13061278944155338,0.6605699802450146,-0.3647892246673269,0.7983209331862527,-0.42720824926977724
21,5,-0.16833482348523357,-0.04273374953901798,0.6699023151357829,-0.36318292897525367,0.5648302428838906,-0.4763257588226635
21,Aggregated,1.2293437971102792,1.3603676516089955,0.18774933332177676,1.491935409469129,0.2404970688238116,0.8707698088385464
21,Centralized,-0.46218490423685027,-0.5575263152676619,0.1593922167968461,0.49919991522030277,-0.2437224592286031,0.6236683818599277
22,0,1.986771218320524,1.3420100859802984,0.17782863745471494,-1.1508510882580638,-0.9808042333419847,-1.4181241291782465
22,1,1.7912602995949616,1.1951868200657518,0.0456006785873858,-1.023401761547932,-0.72081853205994,-1.2664701286647777
22,2,-1.1274992739500047,-0.4088146398844543,0.07804698695723834,0.9347634996253072,-0.4210733025647809,0.9343432052854697
22,3,-1.1500230420517243,-0.4359386852331822,0.029341224124595774,1.000718418733448,-0.4426793523192627,0.9887009142409633
22,4,-0.31281484266793963,-0.026496720501621458,0.5726991427371276,-0.5249384761789855,0.7465057976257431,-0.38297988206130795
22,5,-0.11273592413785355,0.10971880271654282,0.5765182543023472,-0.555536126963288,0.5668225032833196,-0.4960540122481625
22,Aggregated,1.4471577436770013,0.354206675926111,0.04875256335651505,0.886123433771284,0.29681685109147843,0.9503226628378361
22,Centralized,-0.5969716021820208,-0.12006365777620377,0.14930880324820686,0.4559410007091806,-0.3160655759362789,0.43212206950838744
23,0,1.6282488725220554,1.1740568463879204,0.4420056521594336,-1.3608316202179822,0.32609280849655714,-1.3077497108440046
23,1,1.4698683447606788,0.9492733487211586,0.25350894868250057,-1.10651163649128,0.25997915382088504,-1.0597886003154835
23,2,-0.899733313993926,-0.47420341686620787,0.055263739379483874,1.0408032731987487,-0.8702084775280904,1.0258568975311364
23,3,-0.9022515010432611,-0.5153297318505804,-0.002837610058640689,1.1332628154357398,-0.9106441999725096,1.1101740716652428
23,4,-0.20887265027877014,0.07522317631972811,0.39885554930056233,-0.43350312236333727,0.5245058629733398,-0.20798286364908095
23,5,-0.06054625663748933,0.20779319404159707,0.40454086709180137,-0.43601756947164344,0.31526593925075563,-0.2607231031859451
23,Aggregated,0.927365308187037,0.3395163085961428,0.04051052079227033,1.1005260176510498,0.6150832326704122,1.0358745012651722
23,Centralized,-0.46090369903313183,-0.18620240936282445,0.13398378110624537,0.541059616305905,-0.5276976509600787,0.5665403013575555
24,0,1.652883629262942,1.7722248495306445,-0.7394749039626317,-0.8798097763230031,-0.2911748672314748,-1.9290072988075047
24,1,1.4884219283503177,1.3467795531814406,-0.6363745666996723,-0.7060775149426798,-0.1732347726184265,-1.6057394860765521
24,2,-0.6940202554074638,-1.2702181933561247,0.26685740673890324,1.0594397831143896,-0.38614478811935593,1.122288947941474
24,3,-0.7242547227344462,-1.3382774477849608,0.2242752709753921,1.1443185516171144,-0.3969767105416901,1.1543956652425673
24,4,-0.24197347308855405,-0.22343385875596428,0.5784433632934745,-0.391679676054108,0.7107551624809353,-0.39366767959014887
24,5,-0.10705328363609985,-0.13727310318440017,0.6125335420411813,-0.4117872078305846,0.5422471186082926,-0.4470743610412878
24,Aggregated,0.7132715688520451,1.5876557398880478,0.15723858406515243,0.9956532028632841,0.1728217477916739,1.4036041553581369
24,Centralized,-0.32472154873818226,-0.7576229224208954,0.18121206887863522,0.618510580625835,-0.20759518001370705,0.5060281495682271
25,0,1.7149704675264992,1.820395203245949,0.14034824807306384,-1.4018815750355562,-0.9875942525854877,-0.953807240432403
25,1,1.5047355589519134,1.3779373862094588,0.03760270076584336,-1.163742231559833,-0.6659793474217394,-0.7894561746322106
25,2,-1.2058742876059607,-0.8374286858557071,0.18716036594647897,1.058702620773714,-0.23717956734326656,1.0207870000853452
25,3,-1.2240762087115127,-0.875599129672287,0.12959842173328145,1.1265308338993982,-0.23927357206468147,1.0657046656615088
25,4,-0.3268474284729038,-0.21525819908155652,0.5226386197174955,-0.3364596438618834,0.6864394163159836,-0.26925780310976344
25,5,-0.19541172358951983,-0.14225842901175956,0.5253972227866226,-0.3545052111440518,0.544513168871852,-0.30407449931606473
25,Aggregated,1.4453550046688544,0.8996395773969275,0.056846592140040536,1.116245838744552,0.1904521820039452,0.9105297537470769
25,Centralized,-0.6994862570525646,-0.4262877583447068,0.21283319623197658,0.5528932418864283,-0.18081369313180054,0.584276238368598
26,0,1.694527685732363,1.826169137699527,-0.1808260539301013,-1.0457993798494623,-0.2130336308794119,-1.669352327969834
26,1,1.4752493761099863,1.2881928290378548,-0.18323532658483163,-0.7939826098092782,-0.11301891538133688,-1.328765786652279
26,2,-1.104622214151925,-1.7084850305903112,0.4015604310823289,1.3078215696036284,-0.32143181154169664,1.3714855295479536
26,3,-1.112564620706372,-1.7660530980046631,0.3705795464541563,1.3906061116370172,-0.3542595217901899,1.4266759040327281
26,4,-0.35612736714537785,-0.3993220213274885,0.5884293162779711,-0.27681255073750455,0.6895490845372483,-0.24387358776866316
26,5,-0.2295420642393126,-0.33992540853583403,0.6009759690071182,-0.2713476446189725,0.5156756809536737,-0.2831350744426423
26,Aggregated,1.256548971539652,2.563790671880342,0.16040747582640266,1.4571696086352763,0.13668413128855203,1.7511269944687429
26,Centralized,-0.6320710112700537,-1.1020234202529242,0.35217875322228387,0.8019429605099078,-0.16275402072264109,0.7592970823866814
27,0,1.6187122709243789,1.7754086872194828,-0.36458252801434454,-0.6751296744312653,-1.5517054923117235,-1.0037512662124963
27,1,1.4458069901540553,1.2640638337426813,-0.35168883702524184,-0.5266061691890198,-1.1678919434354842,-0.8125954704227951
27,2,-0.7514686783383859,-1.1083421457610703,0.1329402744395933,0.8901007890170578,-0.06224101705762699,0.9329346713712359
27,3,-0.7855079117575497,-1.1900966612219075,0.11054247346718958,0.9685418589453266,-0.058148698175431585,0.9911390312305662
27,4,-0.16548450877268667,-0.18265662561203747,0.5408521146222002,-0.3530269665099866,0.5632758826693091,-0.24931167924362896
27,5,-0.05080449914907573,-0.13263234050399633,0.5669319949672283,-0.3798453065621801,0.45175717752535915,-0.3018908927664932
27,Aggregated,0.7582044062978333,1.2954787664525296,0.06943235857390759,0.6991211480163183,0.29797503230749867,0.8006326059443521
27,Centralized,-0.3624869823945629,-0.6449766291110046,0.13057006825747813,0.5265830200477186,-0.14634256726313563,0.5218305269361093
28,0,1.5587168908391305,1.5150320670227668,-0.1566307715783066,-1.1173765139631153,-0.7348302208366053,-0.7612642014255717
28,1,1.3475610618148073,1.1994464088998937,-0.23906026943638992,-0.9081888575811137,-0.4914418056207652,-0.6229550156127124
28,2,-0.9010759628972302,-0.8161377720862433,0.1780851374580332,0.9235464412413443,-0.26814553456885193,0.8763412201161664
28,3,-0.9268828314101611,-0.841956283025311,0.13627368170365028,0.9706362153015884,-0.2882186704872417,0.9203792458607516
28,4,-0.277597222241834,-0.1361540269921416,0.4915235480575294,-0.3324524099892582,0.6027528651480173,-0.33951950690012134
28,5,-0.143244707803424,-0.09689962070484197,0.5026526351708481,-0.3430810781757977,0.4506460636597166,-0.3523062155952699
28,Aggregated,0.9088764461686876,0.7609957132685721,0.05682021319484991,0.8126299046323536,0.14813270140530987,0.6713541817687498
28,Centralized,-0.495558411783705,-0.43178252744395196,0.1679608812099985,0.48737651495247536,-0.19434251593200677,0.49555395848791894
29,0,1.1937409018708762,1.6008495804684195,-1.2573556092844795,-0.6196919855831474,-0.22960871701422458,-1.1102077955717888
29,1,1.1040322921814696,1.2755386847811119,-1.1571763095785832,-0.5181374628794206,-0.08762138434957946,-0.9522640960468921
29,2,-0.49483717723672055,-0.658783158299903,-0.03807066839546561,0.7509181615104458,-0.29889909262674963,0.787930199302792
29,3,-0.5140558994284379,-0.6965556785644703,-0.06344647249952115,0.8157912622237244,-0.32393590966968416,0.8214429633833741
29,4,-0.13555887483168183,-0.06331472255587671,0.42823241223462466,-0.2955309535425185,0.5496407618902861,-0.3771667150413936
29,5,-0.0007901436627516745,-0.021033299703010874,0.44174506527775503,-0.30528507118265413,0.42445056566099115,-0.43076512353563934
29,Aggregated,0.3694842570804505,0.6248328055228467,0.2289633120329558,0.5051139254710976,0.10702676573701392,0.6417933616526853
29,Centralized,-0.21684014941776708,-0.29990937697939046,-0.12903971803642256,0.4352249310268326,-0.16378306613502144,0.3703582688690962
30,0,1.6658748497520262,1.6282655593565927,-0.6536381765449093,-0.6426519871264849,-0.6749271844611541,-1.2694124945406782
30,1,1.4372956365339462,1.3191774337503528,-0.7011360772356197,-0.49263893649379786,-0.4367193884944695,-1.0552748487456045
30,2,-0.7421059994361662,-0.7632552395658517,-0.004833516508444902,0.8072799645875922,-0.17375985080270592,0.8563603362568624
30,3,-0.7461115360475371,-0.8042583571093788,-0.04694306868983008,0.8584586706440452,-0.18404452452285078,0.8929847865952087
30,4,-0.2067434253909224,-0.10789832972974898,0.4583925801889438,-0.26898195730663127,0.5459244954915234,-0.3099967671109758
30,5,-0.07404583364095318,-0.067882527899958,0.4527253534048392,-0.27237274037326625,0.4279511860541341,-0.34644877173608024
30,Aggregated,0.7413429879298602,0.7526071815179026,0.09190315211764376,0.5611137000732797,0.0999928965090675,0.7605483176798021
30,Centralized,-0.3488944387733166,-0.3793360603673408,-0.03408927928709013,0.4775196859956108,-0.12233585746134214,0.41617235178936673
31,0,1.614660806268097,1.2466436414020352,0.25498095046018193,-0.9309427593128539,-0.493930850788583,-1.198639282552354
31,1,1.3598250393271762,1.0097406340187696,0.05390794527374255,-0.7083068106803032,-0.3375033910560564,-0.9361622515430089
31,2,-1.0891124817125868,-0.5478657553937701,0.12637373117697698,0.8532542670863009,-0.28294763496985886,0.8807466421171725
31,3,-1.1059772276245257,-0.5586488382599881,0.07770481568333525,0.9052532935249273,-0.28393972829316755,0.90786553463514
31,4,-0.32397416718134076,-0.04469923528230735,0.3666259977356689,-0.23777052448915398,0.5807760182043323,-0.25954427834668187
31,5,-0.21837309792087722,-0.004761365438892422,0.39109127681622097,-0.24376992379177953,0.4399184558184761,-0.26754384598040853
31,Aggregated,1.1961553024767722,0.40112699103032495,0.03181389489933435,0.6662327278462806,0.11857206570423519,0.7521559729704971
31,Centralized,-0.6350921646861402,-0.24822653005553683,0.15679797147732716,0.48202609361640936,-0.17442640876381518,0.4552863519780274
32,0,1.6046475334760726,1.7394838985928784,-1.1119160809587245,-0.6904625710505131,-0.3861691790470484,-1.0376889500688327
32,1,1.362911548550232,1.2385858687714986,-1.0044713138334533,-0.5039762098615782,-0.18162108446105962,-0.7956380198731176
32,2,-0.8532383810646268,-1.0243709988712473,0.12092126441169194,0.9775283284273186,-0.24099095717500932,1.005495738087384
32,3,-0.8603979566314544,-1.041556001673125,0.09856480331228987,1.0283548455051676,-0.2677459480372063,1.0338767116081857
32,4,-0.2791595265034061,-0.24528176949375455,0.42591958315390205,-0.18141812973914395,0.5307219220285936,-0.18159319053442266
32,5,-0.1513238055697873,-0.20927526960718051,0.4341730956627719,-0.19744059579863718,0.4058473240226584,-0.19436865650910262
32,Aggregated,0.8481232734059969,1.0998014698192788,0.18863578969585132,0.7888928738703913,0.0895445943424074,0.8808470537845607
32,Centralized,-0.4537724676267071,-0.580682520109572,0.007882725547009509,0.6101268605116634,-0.14245189395584354,0.5787399745082499
33,0,1.2024660763902792,1.627570445780835,0.05797952864540203,-0.6572821428710853,-0.5622239038163956,-1.5665057138016143
33,1,1.0364241030406909,1.175178704411938,-0.07985039737101379,-0.46279359858212943,-0.34820691113254054,-1.2314672251365655
33,2,-0.6408700559082315,-1.2841627013405852,0.1780822107375575,0.8902257145067328,-0.09433944548067187,0.9702380168174725
33,3,-0.664670893892787,-1.3085457370164135,0.14692257672221565,0.9441234054898474,-0.09814659451934644,0.98966537552793
33,4,-0.21436628582635725,-0.331647211537522,0.41195321886914105,-0.15656802903400532,0.47616765887671675,-0.20402678752469336
33,5,-0.1154495759726747,-0.33278138370174287,0.42178329446136625,-0.1508281452059445,0.3654632029393925,-0.2143878358534578
33,Aggregated,0.48878381182122443,1.5181585554767705,0.043199706892679754,0.6614436744344181,0.06092759512230478,0.9802157055345109
33,Centralized,-0.34492416929197284,-0.800725331680341,0.18430624320310252,0.5594890223765258,-0.059775332567937385,0.4811308553618644
34,0,1.6633712751437486,1.533628827135585,-0.472331188229,-0.708767248781234,-0.8355560054346046,-0.917890767911951
34,1,1.3438273541827297,1.1541110181886485,-0.500497924297387,-0.5144292056385159,-0.5404650236722225,-0.6917037314333346
34,2,-1.23744311281572,-1.1036774827926017,0.21835708617806335,1.0259065742253215,-0.019181175224374986,1.0557747259042858
34,3,-1.2381817853767934,-1.1429614547193352,0.19270463020259104,1.0778316503935164,-0.04320105437624492,1.0869283426633085
34,4,-0.35346941112969005,-0.2228964567405628,0.43702219146501786,-0.11361581469759009,0.4590326464054398,-0.15467591801060868
34,5,-0.25254991654324915,-0.22702358358491834,0.4535444229038784,-0.11914524162056568,0.36770755753636714,-0.170568140637996
34,Aggregated,1.4452995162578288,1.181313310467905,0.09000552591333236,0.8617182891796833,0.09224571971842638,0.9315631574118381
34,Centralized,-0.7410259506190313,-0.6666467462619627,0.15749142362171517,0.6564288976487846,-0.04521532884581336,0.6368421336889212
35,0,1.444911028561228,1.5533047566468279,-0.17236631477595024,-0.9858308025578042,-0.7636474485018152,-1.2448143027810044
35,1,1.1123960258123924,1.1718334969516104,-0.24233250357981434,-0.7165872380603575,-0.49769075056489914,-0.951559218651946
35,2,-1.1128133086194534,-1.4341864153541601,0.32481175352928504,1.0793132884410763,0.06734967316376475,1.114083445642619
35,3,-1.120475421940569,-1.4599543117208302,0.29887026409081047,1.1093169826506735,0.06055872851050912,1.138257373924266
35,4,-0.4215543051132827,-0.34160935013113136,0.4476471687530958,-0.07487396372453119,0.5474878430660812,-0.11847577157821344
35,5,-0.3654849390753104,-0.3148536999537671,0.4741410316216656,-0.05303265339343376,0.41479753960714194,-0.12329527864737042
35,Aggregated,1.15930963640898,1.8023385256848843,0.10537114870573079,0.9761937654245096,0.0917711127790592,1.096091067634308
35,Centralized,-0.6961230504563927,-0.9179300995296121,0.27370724811885244,0.6635818002673547,0.04200873873755167,0.6436846563056088
36,0,1.3737202129342567,1.474135285279433,-0.07634909067654888,-0.9845867918951282,-0.4553125252718133,-1.243766892838752
36,1,1.1210141210558244,1.08716850246595,-0.21764016455754281,-0.6977316676923061,-0.282916701888914,-0.9273122682572287
36,2,-0.7504343842746067,-0.9366417514834622,0.11322659996609978,0.7827274998322571,-0.06857834512498187,0.8203140024939686
36,3,-0.7567095309078238,-0.9629024669738345,0.09308618151560985,0.8151493604785619,-0.07287148884444182,0.838334758094084
36,4,-0.2457533273326704,-0.2514027960472442,0.3954505420245198,-0.08245231497203548,0.43578179835129344,-0.12592930485710066
36,5,-0.11626643938843487,-0.22791168751478888,0.3755049959549594,-0.08420714483247756,0.33638608031250106,-0.13427021563965347
36,Aggregated,0.6360871309045046,0.8971225046779887,0.03127175531505311,0.5669846201719516,0.04365209267892057,0.6699425404248754
36,Centralized,-0.4056459263212438,-0.551876925259877,0.11832695607081171,0.44836340409899966,-0.03574389851007571,0.42945496353824447
37,0,1.2023599064416894,1.0846020312269007,-0.42136642854941153,-0.9211224079898107,0.2800644858358173,-0.8850076106179008
37,1,0.9925494205373178,0.8518820857940224,-0.4461337645971976,-0.6582629997778215,0.2032725655587484,-0.6556528960487051
37,2,-0.7460750817274754,-0.6992044433519506,0.1534499378428909,0.7514905477450422,-0.31789719318566556,0.8122291268654166
37,3,-0.7701954756400489,-0.7109399300358485,0.11828611382868028,0.7859166844725883,-0.31931557760889206,0.8444285530589357
37,4,-0.21923407102944317,-0.09022287525783612,0.36960583077311476,-0.09392706993176467,0.294866480624129,-0.2314463910259858
37,5,-0.08644281198254478,-0.08428787249643861,0.38194905048478484,-0.09166279295142118,0.1771592736137431,-0.2568747869134195
37,Aggregated,0.5907177748174528,0.49482506217326194,0.058482324553205435,0.5206275518679254,0.09012757039507566,0.5920595910536565
37,Centralized,-0.42489624648605784,-0.3925151446764342,0.10137456264358707,0.4322751190469374,-0.1566816902341348,0.4533385667367672
38,0,1.3773803104073334,1.2877084323958417,-0.7097728343890627,-0.8562011454160644,-0.03991582814351962,-0.9066625499651367
38,1,1.0779642021840654,0.9815076371979378,-0.6590391731811207,-0.6213063581764783,0.02116613776801112,-0.6652946052578842
38,2,-1.1225156025748588,-0.9448645122752782,0.22469249140377553,0.9478320236569588,-0.06902773297389504,0.9556758056734633
38,3,-1.133324435507136,-0.9540397643460966,0.20398514124297323,0.9684813590990635,-0.0690394572302533,0.9657414053636701
38,4,-0.37841211822987286,-0.3030176931091303,0.41585245604188464,-0.04385176169148762,0.3845480273765776,-0.05051464226298746
38,5,-0.29047705903448695,-0.289852022387891,0.4550825386511654,-0.04274261526567777,0.25565901677350744,-0.04659527279796939
38,Aggregated,1.1538179675740081,0.8499109925391941,0.12365596085906644,0.7467994591811654,0.017787895073488724,0.7604334412414546
38,Centralized,-0.7054265255768086,-0.5813355505310644,0.13492076871847555,0.5843600525704844,0.003440651797370759,0.5790130854413665
39,0,0.9196369667612774,1.258050580876285,-0.3538777572332897,-0.8179950812562669,0.1535371055971352,-0.8765611712888369
39,1,0.7764073632934325,0.8087183097188558,-0.4002732603128193,-0.5178518549201054,0.1170614359267501,-0.5615299616779231
39,2,-0.48702804839214986,-1.134099845315715,0.15769263294660266,0.8312512572839172,-0.2523978682818742,0.8403335565534313
39,3,-0.4936608025436277,-1.1673982375293743,0.135953834436158,0.8707152061356661,-0.24642710316403107,0.8646177164028794
39,4,-0.11530740023910767,-0.33321625878878225,0.359884327493792,-0.03821599024727261,0.27460764178743546,-0.07713154184785277
39,5,-0.01468347180656004,-0.35654072809788373,0.35890770698360724,-0.022523520584579248,0.15279828807542364,-0.05950941479350229
39,Aggregated,0.2762614615165231,1.1357724939093685,0.05269576637628863,0.5930039206526858,0.054486098388823755,0.6052979127279783
39,Centralized,-0.2506456133058618,-0.7480420941212511,0.11442719782025833,0.5178403644391502,-0.12454511778500474,0.5061338971219403
40,0,1.3823035873257015,1.0348589598453555,-0.721421733432261,-0.5215619602269835,-0.9710179958785927,-0.5586261892428115
40,1,1.110052097127551,0.8036862063657138,-0.6632437439757892,-0.3776762055441774,-0.7116022455730773,-0.41415511523340504
40,2,-0.8505240795644792,-0.3536381748244001,0.04425597992241703,0.5798406784114654,-0.00484963601077375,0.6179730032823
40,3,-0.8743522023005325,-0.35536486416364593,0.01495906935201444,0.6008776461318044,-0.01744268527727891,0.6280291766398083
40,4,-0.34991293572876336,-0.08959683000112116,0.32787451830827646,-0.04715721541735795,0.3412688817165584,-0.13319757676135532
40,5,-0.244770625176348,-0.040192342255738464,0.33830594224246785,-0.06028807771323649,0.24052311468979296,-0.15062312188353255
40,Aggregated,0.7715605820777152,0.21089311566851662,0.08191922551459355,0.2831493239734957,0.11186811587607956,0.3190151345908716
40,Centralized,-0.5041382602103438,-0.1424939721545855,-0.016650947135643957,0.35597253510045146,-0.07263828990681588,0.36039469952922837
41,0,1.209809904455404,1.2364946723402606,-0.22642549745548332,-0.6308578060277648,-0.5662898593747808,-0.7137756254329723
41,1,0.9528028028243105,0.9340889885693618,-0.2954984128036493,-0.43275274988480544,-0.3986425451705614,-0.5029110499349737
41,2,-0.7419658939615074,-0.821088385610452,0.161399300732861,0.6934553784657657,-0.03851388527240043,0.7091274636341365
41,3,-0.7497724528791454,-0.8248215400104464,0.1313789125722605,0.7259746911328065,-0.056979189967060015,0.7285695203643064
41,4,-0.3149187743223477,-0.26587821929724187,0.31812012602291956,-0.05183566551102169,0.43774341248280746,-0.0909341438875615
41,5,-0.22463782129218504,-0.24643416382402847,0.33848151029105494,-0.05001253683890959,0.29889753528260743,-0.0853583790388628
41,Aggregated,0.5793293162223283,0.6683232988169623,0.03970220554746249,0.40810306689975917,0.053544886538822695,0.43042067382473137
41,Centralized,-0.43724200832048676,-0.4904944222197027,0.12432438483940897,0.43189621507918646,-0.03776188689545281,0.42236255496514324
42,0,1.1147921346478729,1.202985079582576,-0.4780455813470705,-0.8889003402974733,0.0584846817230575,-0.664386795166917
42,1,0.8967135379838862,0.7964678380053241,-0.444674766816644,-0.6159607492586782,0.10554188611580856,-0.44594872059419954
42,2,-0.93272308403748,-1.4294582809289702,0.38524967044693076,1.002558226127981,-0.08604089170310054,0.9915875535054746
42,3,-0.9455954566642492,-1.4497763290973797,0.35525777975828593,1.0350584504586555,-0.09406545937536823,1.0196907683742327
42,4,-0.3983818690211827,-0.4698639243890967,0.387166993077557,0.12207717845271711,0.3173394749697781,0.03474897449203718
42,5,-0.307465121588491,-0.4815617098136433,0.4300089047575761,0.13109437093730003,0.19202467297522668,0.03346110118866765
42,Aggregated,0.8011841770003474,1.6845556537821964,0.151792350957858,0.839677618122306,0.016073147349290322,0.7816401606639827
42,Centralized,-0.6011241387961892,-0.9847957503405932,0.272676965647245,0.6549050909143488,-0.010094702482459776,0.6571843940063066
43,0,0.7822588898170261,1.3403584107881297,0.07997732197882118,-0.6502849785068764,-1.1203711208415605,-0.7083723427175486
43,1,0.6504304603222774,0.9463747296430528,-0.07707078587698052,-0.42396891085312904,-0.8483616664548114,-0.4771243014700484
43,2,-0.31888136991512184,-1.1442886913763899,0.15490694316588124,0.6266267072735081,0.08700774599369697,0.6435826150984266
43,3,-0.3250099048049717,-1.1642915361387216,0.11747053625669486,0.6550652166525569,0.09512761350412864,0.6616495175990144
43,4,-0.12034596872722979,-0.40985181299534823,0.2645398348236525,0.025016682806882774,0.34736326776935283,-0.019074294068855312
43,5,-0.05031406291567851,-0.3996414295659515,0.2273051202139403,0.0446627694057961,0.26204944309839084,0.0035192662279451468
43,Aggregated,0.14821332532208426,1.179022551493063,0.02271155624043074,0.34129574827622944,0.15513559695695586,0.3609196424029172
43,Centralized,-0.14892767974794432,-0.7468226207223302,0.13868834146780012,0.3954625563201978,-0.01634531782569986,0.38976225570142037
44,0,0.933039715855389,1.2072366345137062,-0.5106511858709895,-0.6527658348673111,0.041469669028286776,-0.805898882532793
44,1,0.7384840811346728,0.8256762418013841,-0.4779690075570713,-0.42796988950605624,0.06968791008126823,-0.5558869148752348
44,2,-0.5070668870372993,-1.0458601760804578,0.21871480706604401,0.7386065207779375,-0.22228766708553044,0.7871839393354133
44,3,-0.5083274730665949,-1.0515536430809087,0.19402138262148116,0.7653042057754776,-0.2407495427045263,0.8070610032932141
44,4,-0.24202013952203394,-0.38530192258030227,0.31697379232969397,0.04093130798417733,0.30436976505842583,-0.016023103977234845
44,5,-0.1717690904403545,-0.3999270005125854,0.3406885245314313,0.06606539002741801,0.15863035255510918,0.009970624428809869
44,Aggregated,0.2915782225937198,0.9699225591510137,0.07935448096511284,0.45475592574482243,0.04741375813594807,0.5294515796039214
44,Centralized,-0.2875930296999335,-0.6855949277518087,0.136588408454581,0.4780715775024296,-0.12008575853474718,0.48273192914339597
45,0,1.018391439794332,1.0772453367807742,-0.6230764388414092,-0.746663114715113,0.19198490749541922,-0.7357942910187408
45,1,0.7764281536822194,0.7489349528102967,-0.5969298771813325,-0.4777338053991786,0.15774258588568446,-0.46941944370873084
45,2,-0.8572997615630275,-0.9026234578409454,0.258890068857771,0.8010902461259826,-0.19453101260559705,0.8392490189595518
45,3,-0.8660627334600679,-0.9176464095391481,0.22687553495444002,0.8296043866917564,-0.2033020282486117,0.8656098859799768
45,4,-0.37526190021586575,-0.30903048591906657,0.3564273279162009,0.09597704199016187,0.269753685215006,0.023933848755465496
45,5,-0.3219437138646177,-0.3047154097254131,0.37214418582262315,0.13180581842897798,0.1214770120991481,0.05697411231311377
45,Aggregated,0.6707701005103656,0.7352650809781447,0.11228914791077794,0.5407503549365191,0.03893765603597879,0.5826332554564908
45,Centralized,-0.558776963921157,-0.5855703535739412,0.15353987933314694,0.5245482582829633,-0.08691267749905088,0.5407438067824466
46,0,1.1233778911364984,1.1790557337499668,-0.10735449175993435,-0.6648167019813328,-0.9332690738046571,-0.5373502092356149
46,1,0.8707614756800232,0.8128852851588549,-0.19025934238153333,-0.43049562114974455,-0.6762903842740307,-0.3290932083852904
46,2,-0.9952237520787367,-1.024469888473954,0.2228114494446388,0.7925651745756433,0.11879546359848218,0.8598439151109238
46,3,-1.0101085996566037,-1.0427911325255959,0.2029563462479724,0.8158707939918874,0.12229694317066123,0.8857105533427019
46,4,-0.3642880459162328,-0.39397832871135063,0.25487361335745695,0.14312460739688385,0.38689730656392907,-0.0021725607850135256
46,5,-0.27761247929360794,-0.3867288630689645,0.250191036360722,0.16624852075170082,0.27415583386615655,0.0026712162250629567
46,Aggregated,0.8863439715696962,0.9407595571704096,0.04487902232582405,0.5180460792382826,0.11734560050040439,0.5827554940129852
46,Centralized,-0.6442973401440494,-0.6773122375526286,0.1760933146161227,0.5322250443337507,0.034699868763933335,0.5720418243630289
47,0,1.2650400070166483,1.1897425191295075,-0.5722832722814754,-0.4486923717078977,-1.1686035655468856,-0.48585531174949653
47,1,0.9648235468394367,0.8610395056081075,-0.5310291419909154,-0.26427943765246426,-0.904012054543317,-0.29706754569243704
47,2,-1.0171798453552978,-0.7249758975952353,0.19145202007246792,0.7021843003939434,0.07952135611635792,0.7665648333827174
47,3,-1.0613334392094151,-0.7175763951409523,0.186766531793336,0.7301708099100039,0.04942630106309917,0.7915572899311886
47,4,-0.3715417074279163,-0.2894987364835043,0.3082503073268423,0.07370578623574639,0.3718875236100048,-0.005796942210823009
47,5,-0.28581275023693187,-0.2928524474283389,0.33061521877997896,0.08963874469112619,0.2559353734439072,0.005222843629993829
47,Aggregated,0.9770936690881346,0.5395233665175525,0.08177372274401774,0.39361196097727524,0.16760606062097885,0.46489482660014986
47,Centralized,-0.6569743101023368,-0.43100260489845155,0.11585455841991635,0.48262586147355757,-0.0398049228858352,0.5099958210247336
48,0,0.7458523900252819,1.0160544271069374,-0.4980804111725083,-0.6240085142488562,-0.01796113733686653,-0.518150856369002
48,1,0.5869795335196609,0.7947705924392621,-0.49232830118029386,-0.4444716422406045,0.009057041093506513,-0.36065028597432397
48,2,-0.45193120335231135,-1.0107667339052129,0.22756508559227998,0.6658752092679202,-0.18751370183469795,0.6965428475246132
48,3,-0.4704026729632355,-1.0189876403622824,0.2239277472994125,0.6920295094335241,-0.21589203064274076,0.7189024401864562
48,4,-0.16533361570398028,-0.3498710402049679,0.23797759922225006,0.05479685946731898,0.2665314857013456,-0.010430619048917638
48,5,-0.07648632012186632,-0.31582806897266125,0.22337268662305523,0.07264642039259774,0.12332289416312858,0.004254125074182981
48,Aggregated,0.21953529868118898,0.8804781659894364,0.07812382963291513,0.3772212841033621,0.035559982928261895,0.3927028087281764
48,Centralized,-0.26310000280143175,-0.667639216592071,0.1350040275919224,0.4286897385074566,-0.1127081210284501,0.45128512541851395
49,0,1.1053150999839243,1.1391868648087826,-0.40683247063561523,-0.6577765086170372,-0.47181446644941183,-0.5887374951898157
49,1,0.8235998139944897,0.7621023744262686,-0.4042247538411655,-0.4188443722067548,-0.3076512585137687,-0.36208158727159767
49,2,-0.9546541080124238,-0.9550239849275218,0.2393908531729364,0.7209281745790613,0.1422930468682205,0.7966493424299709
49,3,-0.9664263667107462,-0.9708775283950207,0.2309643105920133,0.7472944773438353,0.12275048582698748,0.8221838261788365
49,4,-0.4096681050266798,-0.3339408441691785,0.29391355765231336,0.14368333960658228,0.29622001600610454,0.042923972361672495
49,5,-0.36255437252965605,-0.3334346863894947,0.28270406635216433,0.17062421787301202,0.20802086865938074,0.06149675415368103
49,Aggregated,0.8236951125602419,0.8205196765736468,0.0741097731503875,0.4382509224472552,0.04350472622931203,0.5110165361143605
49,Centralized,-0.628286011897533,-0.62367273682948,0.16324130127412273,0.48349916066055254,0.08592550363520013,0.529123811855158
50,0,0.8992995482466043,1.1264541997935524,-0.9147153341923993,-0.4557465287669904,-0.4106665322951924,-0.43648130578331795
50,1,0.7292313349703599,0.8431130231039434,-0.815526152514095,-0.3176890462471661,-0.28303607428196936,-0.2984151394082342
50,2,-0.5493553536378927,-0.8471627275997674,0.13575843881833427,0.5906091976122815,0.017981197157670988,0.6263604536236609
50,3,-0.5716645787748863,-0.8491916519425639,0.13431034846054649,0.6131627437770962,-0.00794352019330336,0.6444676281025468
50,4,-0.24395940222691928,-0.31761975135411363,0.2224931470903795,0.08071315923566483,0.26428926389751456,0.03713837818719629
50,5,-0.15409713305883718,-0.29178371549749904,0.22080001862652512,0.08976717580829417,0.14430978645305612,0.047107383661824306
50,Aggregated,0.32725505398141974,0.673525864289958,0.12361402473482154,0.2864285224817681,0.02336014981457758,0.3138931776675539
50,Centralized,-0.32808558409594707,-0.5317312600240515,0.019137761047641276,0.3961269447015035,-0.007864243494162664,0.41586034846014136
