Round,Evaluator,1,0,5,2,4,3
0,0,,,,,,
0,1,,,,,,
0,2,,,,,,
0,3,,,,,,
0,4,,,,,,
0,5,,,,,,
0,Aggregated,,,,,,
0,Centralized,,,,,,
1,0,0.25616040839609766,0.25510655501458407,0.25827687483799194,0.21337135167408203,0.25896009704692324,0.21203361491465236
1,1,0.24185203877631015,0.24091707730173723,0.24369738462295404,0.20713175544212398,0.24442257678185805,0.2059039797432714
1,2,0.3715260568578177,0.372066249697073,0.36945797542652226,0.50504623378294,0.37310434228507866,0.5038928531301322
1,3,0.3518528854427515,0.3523901148842007,0.3498305965600089,0.4807492382210666,0.35331670958677425,0.4796634865195231
1,4,0.15535211534731716,0.1546134260211425,0.15692993962563018,0.12026302981419688,0.15719447230541742,0.11935668132367475
1,5,0.164260809019823,0.1633007885793913,0.16636716463779933,0.1104428693376649,0.1664112525434765,0.1094289323775628
1,Aggregated,0.31927784752551475,0.31942013169493544,0.31830589375488944,0.4036427093797601,0.3210229892293999,0.40252177879114004
1,Centralized,0.2994605555607963,0.2995184607095157,0.29873954984850654,0.37147066200254103,0.30118938143420876,0.3703871086479074
2,0,0.009226262926668201,-0.0037225883206493337,0.04680747665618457,-0.35131850314502855,0.01846990458292561,-0.2107325779749043
2,1,0.005238655367252794,-0.008621319808807395,0.04301612268574528,-0.29000718396456465,0.021502629987655168,-0.18801260499423283
2,2,0.003113003309583275,-0.029187592091862002,0.031213468708485105,-0.04501155825091953,0.023587558874719004,-0.02543107295911938
2,3,0.0009031118944568385,-0.029300075510164843,0.03292030052838517,-0.03133753072230642,0.025717028867060728,-0.01494134355323998
2,4,-0.012999357108726572,-0.027093860075076446,0.07055625489233107,-0.1275171819662046,0.06753428864093591,-0.07124316647509323
2,5,-0.013891476605045177,-0.02996447163494645,0.07802493284435164,-0.1523706041120555,0.07276150821097886,-0.09428233522088192
2,Aggregated,0.0006760273529739437,-0.025959668379751145,0.03945500092269613,-0.09074953069049022,0.030054883548734847,-0.05327238220268765
2,Centralized,-0.00031734781033619994,-0.025348210703570444,0.041071140010614036,-0.0940359355840737,0.03214615796782959,-0.05531887928993195
3,0,0.15224504590427865,0.17727948839535948,0.15762910620406337,-0.011959785912399254,0.13805055807936278,0.048165420156891466
3,1,0.13204018304519144,0.15228633092169125,0.1321562793214837,0.012460538457303251,0.12154582447314627,0.047516268636102685
3,2,0.03287841036163059,0.02165035809930306,0.021115190794876573,0.12127314886628303,0.02001191122750401,0.1185765515416297
3,3,0.028742907204980402,0.019527274285177247,0.02110615220200184,0.12179146459512753,0.018217459149343734,0.12033894266417787
3,4,0.060328891466445156,0.05630132355916835,0.09806432406465054,0.0017986700317403858,0.10628532960081556,0.03615902149542259
3,5,0.07095565372290605,0.07023397734403812,0.10863089617437612,0.009705929411798573,0.11154462725151873,0.03900948257332785
3,Aggregated,0.050829628924047326,0.04619327491247302,0.04915202835829828,0.08937756548922089,0.04635090946208217,0.0986751641990859
3,Centralized,0.0514708153687522,0.047362866303748634,0.05273630092471931,0.08044370709108482,0.05051182958308724,0.09150079471709083
4,0,0.07428076088346842,0.06809062352130238,0.044899261887592704,-0.04266476267881286,0.010135908504017084,-0.03662867350839409
4,1,0.05926716760999224,0.05517254920888935,0.03485190732279715,-0.027256625206918607,0.008495088675530877,-0.029693978647459214
4,2,-0.0273293175395799,-0.03385417560849976,-0.0028339240328800618,0.0462676561062074,-0.020174204685083956,0.05500593795592216
4,3,-0.02721408858869306,-0.032833556236734944,-0.0019318964169562722,0.04726058246323624,-0.020330778536325034,0.057869422594409275
4,4,0.00855121182420303,0.007437531853216795,0.039592921715711146,-0.030042672500863603,0.044858357441977935,-0.021633560476534208
4,5,0.0099187110506133,0.01061424092017892,0.041924834913145095,-0.032093552770376434,0.04110327410507408,-0.027928753316222663
4,Aggregated,-0.00941940459140592,-0.014583699580752195,0.009193021219423274,0.025121598054365382,-0.007759953009889535,0.033256606670271
4,Centralized,-0.007155380618738337,-0.011838920715152964,0.01152449053510264,0.019966387619102237,-0.003750045339050095,0.027738040535396427
5,0,0.05354566646468282,0.039945617456525764,0.004770151120796579,-0.06676989999530838,0.01568284916440213,0.009777250768984945
5,1,0.04041524481579807,0.03539658938473934,0.004195936472464123,-0.05121574313837762,0.008728281965107804,0.006257224069996655
5,2,-0.05354740325798807,-0.011955769265631045,0.008247497296853135,0.05169335932197682,-0.028000308693490385,0.03493952073576179
5,3,-0.05071332037257652,-0.012880963969768327,0.007874295824958133,0.05005332252863026,-0.025651659778857968,0.03958983142792827
5,4,0.002504465353067076,-0.006126807836332804,0.03201433560288733,-0.02696525176335223,0.03488517354765808,-0.0069540204971164695
5,5,0.004115445426801987,-0.001983309875349818,0.032111959754347025,-0.030275472533660693,0.031998620694204775,-0.011804794680036387
5,Aggregated,-0.031061130216750957,-0.004383014262472649,0.010756896081065075,0.025120103471752923,-0.01341952741059808,0.027021687419023444
5,Centralized,-0.027118047021615944,-0.0038872402508880275,0.01197376563901585,0.019887551455724344,-0.009466479896811113,0.023653044499238628
6,0,0.04495936310314152,0.0391463331142731,0.009088200538706485,-0.0676749828467239,-0.005175672426831102,-0.010296746508666505
6,1,0.0359361596899153,0.03271946986511276,0.006661500651992008,-0.05199137844758235,-0.00479542518421197,-0.01357227124294612
6,2,-0.030490505900420874,-0.022041237765876135,0.00467206191803488,0.04599636713504668,-0.025642344440387217,0.03205136550510084
6,3,-0.028608299714357653,-0.021980867964248887,0.003347759156866398,0.044735773420048315,-0.025475329012538343,0.036940124461431086
6,4,-0.00046199275960281765,-0.0021311997216463805,0.023374645597301846,-0.026455220249827525,0.029687326021108084,-0.011829634660007714
6,5,0.0028116619699918356,0.0020405596639374926,0.024366097723322693,-0.029738416269500103,0.026250897186403593,-0.017511718047113337
6,Aggregated,-0.015789899020618725,-0.011081871656608734,0.007184134176466752,0.021059581960233418,-0.015599711974824475,0.02154236053798892
6,Centralized,-0.013673553281183044,-0.009607172898251954,0.008201525361704771,0.016286088648940267,-0.011981125337829603,0.018179751063553
7,0,0.042488577593335505,0.03722497561125749,0.014158952688903858,-0.07261923286432369,-0.007092823693488014,-0.002939165013186052
7,1,0.03732211728996551,0.02971954326504064,0.009560391836000033,-0.05563588471169775,-0.0059890869599734465,-0.004537708462080024
7,2,-0.0330671274873751,-0.01577200123218874,-0.003145793935862261,0.047151527499401366,-0.01746068750241674,0.027432596564106685
7,3,-0.031230578514933268,-0.016165697643773225,-0.004557028438402408,0.04517012307379648,-0.017826929554387375,0.03131037519902648
7,4,-0.003063257084897082,-0.0017920849860213967,0.02198317495595708,-0.026961657947511045,0.02841624588989697,-0.015375420908846476
7,5,0.000923876536697035,0.0021007526167754562,0.022319926729067338,-0.02825218688176693,0.025934676406146526,-0.01952661328806463
7,Aggregated,-0.018057840277136146,-0.006991616218494427,0.0017767724983328,0.021110342276388513,-0.010151376336542806,0.018570877144673186
7,Centralized,-0.015865583978462085,-0.00596094744375488,0.003273886697928201,0.016310864431489932,-0.007184618446349116,0.015386350011603265
8,0,0.04726242818228323,0.046918750781976735,0.007225973299545478,-0.06356294118637226,-0.020714562219436097,-0.054534837051856924
8,1,0.04102772373253117,0.03743312449454893,0.0035057153717427316,-0.05336075576127927,-0.016421900145480776,-0.041965232423258364
8,2,-0.01887389060257424,-0.024586384611983057,0.00018649137223820326,0.03419057724580478,-0.013273482257917244,0.034672302597932775
8,3,-0.018065994670677734,-0.023342787677243886,-0.0013545011515273587,0.03321212286794867,-0.013639281803124589,0.034334919885328496
8,4,0.0011474906004789915,0.0005951442653432411,0.022619892747774928,-0.02589175919109216,0.02829849110442358,-0.025157810356749487
8,5,0.005355710666538983,0.004708145556642854,0.02202318289350697,-0.02764673489646228,0.024821014953590535,-0.03179769568493736
8,Aggregated,-0.006927557513478055,-0.011284245283220496,0.0032831972778693463,0.012923801796402148,-0.008843705561249648,0.014693006821955255
8,Centralized,-0.0055636010155599245,-0.009528641875717843,0.0045765633650515355,0.009094747780678149,-0.00616354356131907,0.010691360521294966
9,0,0.055046322622851154,0.04749160334873524,0.016514817945649126,-0.05867172157986232,-0.016881841956560006,-0.021626802208476074
9,1,0.045282315593449134,0.03314146990064473,0.012834533774984669,-0.04582583219113641,-0.013122837988977263,-0.01799112591417891
9,2,-0.040554582857121296,-0.04882184842020374,0.006360419304895172,0.04599397765526525,-0.010328561330725442,0.04307383749796182
9,3,-0.03956749810091875,-0.045770348795043984,0.005087540363781805,0.045455808654449106,-0.011495257569658412,0.043964822180158895
9,4,-0.001281392131934079,-0.004627011960891937,0.01982739172671749,-0.022798334413519226,0.027700744817076513,-0.0095177104916871
9,5,0.0014768693632166605,-0.0012300841062913717,0.019168052996581024,-0.021293461582552287,0.024356631052232795,-0.014232454148645579
9,Aggregated,-0.02225135633484462,-0.029288107097595644,0.008792113169208094,0.023173759611532375,-0.006566870183145996,0.027402313711499905
9,Centralized,-0.01944778682095549,-0.02605450802518692,0.009398661002720604,0.018664447571677737,-0.0041384154353401445,0.02352187951863815
10,0,0.055564885908966175,0.04648979382396202,0.01117390682771381,-0.055068092336061386,-0.019455899013844112,-0.05228584412219115
10,1,0.047222065514695315,0.03529999228820478,0.006255900846300359,-0.042159782232759145,-0.015904874963481596,-0.04141832042359076
10,2,-0.0263817829309622,-0.02962232280140258,-0.0008954071800964908,0.0352960177540469,-0.012918090575473138,0.038685170177879966
10,3,-0.024551247531046816,-0.029405801840943754,-0.0018236373844618971,0.03549556909365366,-0.014018334644173179,0.03878746525809383
10,4,-0.00020316980992745963,-0.0026988374181418705,0.02124041495150102,-0.018944389415113404,0.025036056988030134,-0.020097202368631932
10,5,0.0025859038363906513,0.0005533800078409482,0.0203750245711371,-0.017283062229762745,0.021081595453820514,-0.024624539201450097
10,Aggregated,-0.011298913522245532,-0.01600109814183881,0.002979666940879506,0.01667055331141691,-0.009194968993088576,0.0187843142854771
10,Centralized,-0.009541836107733832,-0.014040902598771618,0.0042331963058695726,0.013167977468494301,-0.006727521349570536,0.014797110494781156
11,0,0.050094696493340675,0.05009805234972926,0.013219918683684967,-0.0234089502674662,-0.016352592368377366,-0.07072035707239897
11,1,0.04317322716657804,0.03630556250864698,0.007634554471823148,-0.019529885033518542,-0.01277369189058032,-0.05478852071980145
11,2,-0.01764829714746148,-0.03274859491996045,-0.0012161721466269705,0.027656971719520564,-0.014300205349250725,0.03830148746825197
11,3,-0.017135722518076858,-0.03119691939362825,-0.0028454795343213655,0.02984873082851377,-0.014869409840203737,0.037621247169706336
11,4,0.00026897051208826935,-0.0012015372846369914,0.018889976997454205,-0.018039942314799492,0.023364599180363464,-0.019105968452761104
11,5,0.0028167439549837323,0.0024020401175802674,0.017716993776751244,-0.014742623201720149,0.019700585866507227,-0.024339089740946805
11,Aggregated,-0.006025003546558533,-0.017251851726567447,0.002394200915836771,0.015809897783102156,-0.009780791050952019,0.016106230906240925
11,Centralized,-0.004850440548529347,-0.015012439721627942,0.003538976219945253,0.012776931062286955,-0.007327551001317533,0.012298043386330683
12,0,0.0615237210882566,0.06495688641289141,0.024154746531990016,-0.043652743570579584,-0.05179755280573781,-0.078798331763257
12,1,0.053240826387184734,0.05035402518114051,0.018408462052094135,-0.0362059110919692,-0.03988598640633373,-0.06428198029818226
12,2,-0.03063869895829443,-0.040903031130889375,0.0013172663005813988,0.0374228377266353,-0.00023048724200861522,0.037492144471640614
12,3,-0.029078329939600547,-0.03893862161766407,-0.000256392432706962,0.037739670669182344,-0.001709083381037416,0.036365605931935885
12,4,-0.0032914113959800545,-0.004091851036711672,0.017125537632458693,-0.014065625160253762,0.02222525794510731,-0.01686407960454226
12,5,0.0015168662376585937,0.0003968921733483199,0.01632327679090819,-0.013692296892388052,0.017851641383564144,-0.02294770130952549
12,Aggregated,-0.013948524496099277,-0.021372278852310952,0.0055514208173437045,0.02002678765340219,-0.004379663109061522,0.0143807747237014
12,Centralized,-0.012017230435530503,-0.018737985725145543,0.00635589539514951,0.01655679579512651,-0.0028918567464765216,0.010795050324013393
13,0,0.063670285099654,0.06197879108350633,0.00995892289069822,-0.018872659780965372,-0.022680255847691767,-0.08020654631540777
13,1,0.054841859803124955,0.045723507953947744,0.0074973434975444085,-0.016332531885453562,-0.01604383242093944,-0.06514538568441022
13,2,-0.0395136731757043,-0.03337493403251092,0.006606090838260941,0.03495700920177182,-0.008791032186013176,0.0394877949506554
13,3,-0.037534799208404315,-0.03248255296226123,0.004994015406313619,0.03583734156912162,-0.008975977389748691,0.03864647356024068
13,4,-0.005103473680557276,-9.738631327890151e-05,0.017948516400625305,-0.01572900180574977,0.02213248339405051,-0.01698812319999765
13,5,-0.0009684588333259294,0.0033445569442954776,0.017714908069979017,-0.01348884262036329,0.018126309986825524,-0.021969814505218125
13,Aggregated,-0.02029111073953533,-0.016340569844506082,0.007804128417283426,0.02142402060062724,-0.006475270572677785,0.015838977683858894
13,Centralized,-0.017824851521201505,-0.014030319475889843,0.008333746637348233,0.017957939635360517,-0.004503951269940116,0.01211840328648878
14,0,0.04671431879002996,0.05392107538520806,-0.01797255134685001,-0.049163268154024296,0.013868970477284819,-0.02772618938091414
14,1,0.04350804970604195,0.042823534494648124,-0.01660490838326398,-0.04048657112748387,0.010089493297505664,-0.024478971248116228
14,2,-0.0188166222386183,-0.03759968864282931,0.008554538050705955,0.04306543089488709,-0.040282116223677375,0.041640058811992196
14,3,-0.018021191097249308,-0.0346277995096296,0.0061570453748565615,0.042064055974224836,-0.039770467099668215,0.04156489040450274
14,4,-0.0024341020955238263,-0.003872588830370572,0.019134689323419777,-0.015585243832619897,0.01412741868318362,-0.009559556555927655
14,5,0.0011067240525702749,9.87371498238169e-06,0.018738721392330716,-0.013737832674565291,0.009925037991077383,-0.01458983105323283
14,Aggregated,-0.007277261055328251,-0.019891819457128247,0.005488694748906373,0.02287824710863315,-0.025918524170741808,0.025108746693547505
14,Centralized,-0.006138645254607873,-0.017488668336612168,0.00608842172042807,0.018987842504410858,-0.022201465444862734,0.021384316381782637
15,0,0.05738699831829722,0.04735512912161185,-0.002995043707682448,-0.04119603060423309,-0.026513289731964502,-0.035583141685128765
15,1,0.04834741320902548,0.03774366527997141,-0.0023882315995745968,-0.03416373490101397,-0.020978336231240454,-0.029544006431910578
15,2,-0.054297582169686213,-0.028404052058299146,0.011137370081777422,0.04419563048008764,-0.018378738237213473,0.04516278194493555
15,3,-0.05197008196324374,-0.02761202737152527,0.009158000642901155,0.044072348309417385,-0.018806970662050945,0.045145983561335
15,4,-0.006579749958822832,-0.0005167625463861526,0.016521211106951685,-0.014245504697300706,0.019748384801539474,-0.010365971255918505
15,5,-0.003707772478832657,0.0028622101347376325,0.016065412318482717,-0.012720226474157251,0.014673061235451973,-0.013366770569651415
15,Aggregated,-0.03210254388997512,-0.014376262289704686,0.009189879451161708,0.025166298956750818,-0.014545809074549238,0.02683213614051113
15,Centralized,-0.028602925488290385,-0.012400093346628567,0.00935663932748339,0.021196949174965417,-0.011980523595805575,0.02287574847058917
16,0,0.0340130857039101,0.05928118056785261,-0.015022388282783284,-0.02549808541792604,-0.032898175212515424,-0.04307497969186818
16,1,0.033864293779977704,0.045828317344723896,-0.014656870153534417,-0.02225438099433915,-0.023597372960550558,-0.0374061613089839
16,2,-0.006326897567694967,-0.03943223232139698,0.001950406453399395,0.0310875122427769,-0.014513849565608552,0.03127530252468687
16,3,-0.006551293716180952,-0.03854846002377422,0.0007439126133518536,0.03131017263222967,-0.014767666698546735,0.031203998911286845
16,4,-0.003174014110666142,-0.0013680942695649238,0.015573507167818747,-0.01569859514891126,0.017700561710499663,-0.01039454734891604
16,5,0.0007030024418449244,0.0011414242786088105,0.01613724100946171,-0.01426835072712634,0.013149876804217041,-0.015074790202771315
16,Aggregated,-0.0001661632293177306,-0.021168619488642806,0.0010382523502190809,0.017447118651044608,-0.012524973881678243,0.015513865590574473
16,Centralized,7.203760730671814e-05,-0.018478688521510626,0.0019112890927738416,0.01430908010065886,-0.01033627238897388,0.01261374052315068
17,0,0.05584640842065816,0.05208678962286845,0.019893853866633303,-0.050916444078556375,-0.03597215071159018,-0.010714887356254414
17,1,0.04661249677729439,0.042347602728404064,0.011327073009723113,-0.0417498627904757,-0.024897166270482947,-0.007776094778357664
17,2,-0.05063663846967263,-0.02477710591016229,0.0028722483529020535,0.04146828785677252,-0.006089075272898029,0.034215881767304154
17,3,-0.04849219320122948,-0.02437466020639863,0.0008905455213367912,0.04109785210566741,-0.006696177651352433,0.03512062729554055
17,4,-0.011140534345916744,-0.00034196678786311765,0.012323022244739497,-0.01258420475545521,0.020244147457335313,-0.009005938294758169
17,5,-0.007915769546243932,0.0025846928732595137,0.012257750230063709,-0.012286732093727642,0.016516519773331777,-0.010500359766660623
17,Aggregated,-0.0303101763174868,-0.011236357605781306,0.0051627534715903214,0.022031546407397334,-0.006422829471272512,0.022693420351305626
17,Centralized,-0.027333585436893054,-0.009549380241978045,0.005619478837571593,0.018390288185865147,-0.004686278968029565,0.01954498501071496
18,0,0.05154585712451413,0.059191509264329874,0.006164829820666335,-0.040340944088933975,-0.03110489138391614,-0.04676804725741148
18,1,0.04717862888175163,0.041908238786935344,0.0035359298101919523,-0.03160755950401664,-0.02463611125579944,-0.03771699719032522
18,2,-0.03096370360204699,-0.05824235159764671,0.00963380556041707,0.044718503868698,-0.012463953750684612,0.04566282707296972
18,3,-0.029878588216399087,-0.056609794708868476,0.007628794736197962,0.045219178591671294,-0.013179220225032776,0.04591636169333442
18,4,-0.004726568177753734,-0.008289945325326816,0.013731273704757747,-0.010833602758789515,0.018517596468520473,-0.004238819218609009
18,5,-0.0008367204708170187,-0.006777899880624044,0.01443132912180303,-0.00978079265225433,0.013732260350664393,-0.005870904872246534
18,Aggregated,-0.01571898025503493,-0.035868949578845816,0.00883312486401188,0.02643267806006516,-0.011053915757944146,0.026862645505147727
18,Centralized,-0.013807691097461635,-0.03218755465117718,0.008938327434790658,0.022587878107038085,-0.008975308371729083,0.023301118563769496
19,0,0.05844194123989839,0.05053070337873556,-0.018998397043625555,-0.03020348438568954,-0.02676843855215288,-0.04169823635585614
19,1,0.05151925452518153,0.0397887617415981,-0.016272514694886157,-0.025229796345332005,-0.01954409637176822,-0.035048604330965696
19,2,-0.02619429211045984,-0.028663997520781182,0.007414100135808525,0.031148343515284428,-0.012597717283019127,0.03268052334489354
19,3,-0.025269600674200997,-0.028722258020927816,0.005184357811171388,0.03187230662522403,-0.012968862426486193,0.03267604531694309
19,4,-0.00556076012565173,-0.0015712618114099913,0.014635857482675742,-0.012300981471667407,0.016825735020403056,-0.009340737095483928
19,5,-0.002179028095765037,0.0005640738375571626,0.015270961299250995,-0.012235440733919889,0.012454927146473232,-0.01149426666445381
19,Aggregated,-0.01166932282405761,-0.014737586044601484,0.00414119771349137,0.01750424177812462,-0.01057171951519487,0.017128488643679392
19,Centralized,-0.010210889047404439,-0.012823268512925225,0.004591897880640081,0.014533711161092694,-0.00860141335253589,0.014234273461729095
20,0,0.05284400583233862,0.06743860567321379,-0.007585685772474641,-0.01653833265763574,-0.056989756506667,-0.032968847117792154
20,1,0.048491595439851785,0.051426541393455386,-0.00724611593335891,-0.014769513372778716,-0.04323456550334984,-0.030118997095418883
20,2,-0.020821925896392455,-0.05467449276390957,0.00915856006299049,0.03166154321138927,0.00016863397625425719,0.03452404197873375
20,3,-0.019908696278375722,-0.053073924379304575,0.007400984856222738,0.032408306856329325,1.2051316349667564e-05,0.03362184549182073
20,4,-0.00504880785313977,-0.004755130333437466,0.015225123863880847,-0.010183488605437805,0.012866576694996846,-0.008872705554556102
20,5,-0.001939837026602787,-0.002759136826846239,0.016719745126683998,-0.009930029781682033,0.008861722709310838,-0.01221102754543162
20,Aggregated,-0.00830408508983543,-0.03155032962900383,0.007132768782336647,0.01984793932701686,-0.005416790873100862,0.019072476912201538
20,Centralized,-0.007206486764561222,-0.027963126010830622,0.007437688310687754,0.01690045477454858,-0.004506728902554542,0.016020699845843395
21,0,0.05908965488930086,0.057885195579091164,-0.0250648134725124,-0.0590064292176141,-0.026402801451564702,-0.01237605462146029
21,1,0.05213182047724788,0.045491824327397436,-0.02133497455326187,-0.0492890038800891,-0.018842585603807728,-0.011423303875466355
21,2,-0.03059280677000943,-0.034641682141920316,0.008224597331227566,0.03526441808989186,-0.010011953862603128,0.03217339894320501
21,3,-0.02931017746686711,-0.03423666269105431,0.006808000182399402,0.034967109580510046,-0.010302765231724745,0.03250663545110134
21,4,-0.007355815495237666,-0.0028390889599822313,0.01449890870382713,-0.007949049825309628,0.017441842820857652,-0.009327601267806195
21,5,-0.00399329727063059,-0.0009889997795989093,0.015772688829225275,-0.008533488286448917,0.013321660453336088,-0.011217721560290154
21,Aggregated,-0.014897510651938619,-0.01821060664442471,0.004283341802627976,0.017013881019287032,-0.008485512883040348,0.020560560646650978
21,Centralized,-0.013220806530415663,-0.015967597528526355,0.004684835653422276,0.014130477735400406,-0.006675142249433941,0.017564316142843834
22,0,0.055782313502271495,0.038083631004964716,0.005457092016855438,-0.03217262967422322,-0.02843982488160282,-0.03996035958500743
22,1,0.0495602098914403,0.033358766650895516,0.0015772573035950069,-0.028242004490605547,-0.02048347646755477,-0.03516616267503182
22,2,-0.03614474641485495,-0.012563408583703141,0.0028838124051301334,0.029207057255541465,-0.012890222386322807,0.02919731040989681
22,3,-0.034761694047630055,-0.012631725174334255,0.0013120141380005613,0.029454582497223856,-0.012769501768918265,0.02911467145836803
22,4,-0.006880150413419737,-0.000536895354001128,0.012548141425004405,-0.011482167088013799,0.01628226153982383,-0.008348032485072246
22,5,-0.002649861356088311,0.002619924541950674,0.013548169559138769,-0.013071881576619848,0.013311989121688395,-0.011662317113197717
22,Aggregated,-0.019192842695991412,-0.004105668869908252,0.0037496687898130668,0.015570284266096576,-0.010765272721567205,0.014728083228127735
22,Centralized,-0.017030690338202203,-0.00327860148088498,0.004300354898107137,0.012778815461190954,-0.00877673627521462,0.012123907531963077
23,0,0.04496671969260901,0.03273008996087756,0.012595149496152744,-0.0377179867458723,0.009484118805806735,-0.036189835638812645
23,1,0.040112462623980896,0.026189400447745363,0.007208538116292408,-0.030364667966366592,0.0074157048679509684,-0.0290424544549098
23,2,-0.02855776408886325,-0.014602353383682192,0.0021785333212664365,0.03257549553719271,-0.027425629323628707,0.032121631597639845
23,3,-0.026959150032249257,-0.014987761489563005,0.0003809297229361166,0.033407512733158735,-0.027090807729637817,0.03274876576926152
23,4,-0.00458807039974057,0.0016638804922083797,0.008742517246254276,-0.009496614340921085,0.01146526210767189,-0.004532930406713765
23,5,-0.001423276863671717,0.004896931272919075,0.009509526742090893,-0.010267476694538985,0.007422227914788724,-0.006124361281856963
23,Aggregated,-0.014751131230588202,-0.006275190424806409,0.003514512511286286,0.018026750492765916,-0.017443687646170863,0.018423565541136853
23,Centralized,-0.013016596713383599,-0.005128388917136525,0.0038656061098934318,0.01512192997154129,-0.014834062997263496,0.01582028518315072
24,0,0.04609657256307194,0.04961207565534524,-0.02092514137576682,-0.02412663993646004,-0.007971467673332658,-0.054508437516991054
24,1,0.04089555720356435,0.03739844696185035,-0.01777007213201479,-0.019188617899401662,-0.004659363407272203,-0.044673592897947596
24,2,-0.02191646822629267,-0.04116560625191908,0.009025142779720646,0.0334119760738337,-0.011704303463306063,0.0353310318433234
24,3,-0.02152974593815806,-0.04097468673788918,0.007323443119760205,0.03400417356570405,-0.01131268871764277,0.03430147090217072
24,4,-0.005287075392696248,-0.00488262984462018,0.012632757228906754,-0.008517945497141716,0.01545960388824666,-0.00856213267922294
24,5,-0.0025034002060307765,-0.0032195290828286633,0.014335855950646886,-0.009630479137658365,0.012700546335844234,-0.010469630491573428
24,Aggregated,-0.010338321601738578,-0.024458777033815403,0.005075873401410997,0.02036815903481305,-0.007389231190738435,0.01725601988608795
24,Centralized,-0.009131738866729048,-0.021795056857047093,0.005306891220999257,0.017390765085574925,-0.005638121734779934,0.014299875215915296
25,0,0.047796729623196775,0.05073242865226176,0.004233367092896915,-0.03892182604700897,-0.02828759108217518,-0.02605929834391796
25,1,0.04128141673680458,0.03803032103810279,0.0012304046429233114,-0.0319479621018922,-0.01875486063104643,-0.021427392285449345
25,2,-0.038833693501241405,-0.026441420875134587,0.006441738848388412,0.03325790737743651,-0.006946414495265923,0.03210226365860589
25,3,-0.037150275973186576,-0.026115371756574732,0.004421128063691644,0.033332281349895174,-0.0065673157634376245,0.03159127658988157
25,4,-0.007169837562133002,-0.004707501800174464,0.011427405000200045,-0.007306607004652367,0.014928440901617757,-0.005830551166407396
25,5,-0.004601322179367356,-0.0033431065769995187,0.012316455473530424,-0.008283589814453861,0.012736765136717598,-0.0070948292082203225
25,Aggregated,-0.022316233390230346,-0.01355333103425593,0.00591439435407333,0.01833280777296247,-0.006337217527360649,0.019070396823512314
25,Centralized,-0.01997611607678127,-0.012021067880503016,0.006144046841967904,0.015525258241532877,-0.0048709157199293175,0.016385947255330102
26,0,0.04677560412158163,0.050721068469396564,-0.004913036040868065,-0.028646563511208503,-0.005812933959914166,-0.046461841325462404
26,1,0.04022906502033571,0.035557893819721395,-0.00501137557949584,-0.021578627455672662,-0.0030773365557063446,-0.03656110118497266
26,2,-0.035400485244965495,-0.05590429737823764,0.013687339874588941,0.04171447763295468,-0.009388002088823575,0.043661615714735265
26,3,-0.03356955793455911,-0.05461578961980882,0.01206371758041924,0.04179070290974506,-0.009787047068621326,0.042832843601307714
26,4,-0.007816130605502345,-0.008800697578424098,0.012869254781602307,-0.005983688184612344,0.015033858129984824,-0.005262264202644254
26,5,-0.005403069012361702,-0.008056840116488866,0.014091214954446022,-0.006314194401748368,0.012109592012964746,-0.006598050640959041
26,Aggregated,-0.019999740663092725,-0.03543349955650837,0.010490255922872678,0.026142649628911226,-0.005798188052678489,0.02499434894508147
26,Centralized,-0.01796257666124242,-0.03192913961118287,0.010289482110707517,0.022732486720479405,-0.004240344306290627,0.02156291093967838
27,0,0.045226465808779676,0.0497296881557439,-0.00986776612197199,-0.018115082741489784,-0.04516509211382842,-0.027490412982980158
27,1,0.03969849759124465,0.03509839533480573,-0.009531056313212927,-0.014061966579227453,-0.033273727478582406,-0.022054161836334154
27,2,-0.023771209647752926,-0.03544908166973529,0.004635857152594561,0.027905746996356603,-0.0015024062009127755,0.029211169984116356
27,3,-0.023405845974466075,-0.03601063030824591,0.0037765649879236782,0.02862658550698752,-0.0012220513053579631,0.029276640577702427
27,4,-0.0036047335680300238,-0.0040009049192682965,0.011773208676542838,-0.0076640607499498,0.012246996694218169,-0.00539245639403322
27,5,-0.001178881130989119,-0.0031217443850340217,0.013228999876966043,-0.008859051743062871,0.010557360049955578,-0.007027425442306778
27,Aggregated,-0.011640944991819654,-0.020652251127400153,0.003386692749095855,0.017279664473789248,-0.0048983313838033005,0.017064681897578777
27,Centralized,-0.010198876346563274,-0.018372050183776713,0.0038212477461377864,0.014738637435332366,-0.003909164585502702,0.014607929912332496
28,0,0.04302286611001431,0.04183125781180607,-0.004096440032958341,-0.03079043288226289,-0.02069787710342071,-0.020697074986126066
28,1,0.036664199557478044,0.03273453837605701,-0.0064281540436641905,-0.0246966293940007,-0.013606341092236747,-0.016775952847282255
28,2,-0.02860484548277908,-0.025791878258174764,0.0059640338335018705,0.028851857930312683,-0.00805765411294066,0.0274142653150222
28,3,-0.027733283234353638,-0.02509775436058051,0.004423278190075693,0.028576232102562125,-0.008154883750936202,0.027136543676374563
28,4,-0.006059183825585827,-0.0029502772111092436,0.010696193445481696,-0.0072069118803940735,0.013067500624009486,-0.0073606549288044885
28,5,-0.0033497762645279495,-0.0022565360825557317,0.011724499280596589,-0.00799796057577465,0.010509465891807864,-0.008213789355108502
28,Aggregated,-0.015648880354685493,-0.013737959751325008,0.004548141298628301,0.016082682667887017,-0.006712062388582485,0.016254578333324457
28,Centralized,-0.013976946502774605,-0.012138182988482833,0.00480084367824526,0.013593751638980694,-0.005299680729780487,0.01381757495980407
29,0,0.033408272882268227,0.044531146393180863,-0.03608439773404164,-0.016826217317172217,-0.006132769794264877,-0.030832809554465157
29,1,0.030330749249756518,0.03503825869379334,-0.03260507294554839,-0.013875686963029349,-0.0021743665548963195,-0.02600054333009023
29,2,-0.015483138880279045,-0.020749191833069957,-0.0009786652375400762,0.02333778062761455,-0.009126127576559756,0.0244636022695345
29,3,-0.015149773662277512,-0.020715655253126145,-0.0016537154041547442,0.023895496663286275,-0.009315809246253033,0.024059615092967605
29,4,-0.0029420623742323067,-0.0013651632105186674,0.009315404666504564,-0.006402061541367838,0.011897005618514287,-0.008185553797996263
29,5,-1.0930589137949581e-05,-0.00048256568802453325,0.010300120200194387,-0.007103515362948535,0.00987710673243599,-0.010047483378575955
29,Aggregated,-0.006954436403408055,-0.009734278641849855,-0.004402935014926479,0.014193376254264034,-0.005847596878880718,0.012543241031217242
29,Centralized,-0.006038605896344293,-0.008417312417341886,-0.0035747127719607257,0.012085102829733331,-0.004474506448708256,0.010311163015231424
30,0,0.04627472162165857,0.04528240339681166,-0.01836565637550514,-0.01739944065327859,-0.018961498657586354,-0.035311785313677166
30,1,0.03930285723727611,0.03618247104158719,-0.019503872982934215,-0.013153260353988012,-0.011996912140745311,-0.028869530276786456
30,2,-0.023509887105438373,-0.02418883198532174,0.00019476669390852794,0.025241846088625373,-0.005091586165360671,0.026737499682223647
30,3,-0.02227520129073903,-0.02407141769001112,-0.0010421453110575774,0.025305360715550857,-0.005067194421627114,0.02629675444873306
30,4,-0.004494537690783044,-0.002332056963723284,0.009945702870519608,-0.005807942528890307,0.011799570887945057,-0.00670201093307281
30,5,-0.0017203088878453806,-0.0015751671097902814,0.01052736033900298,-0.006319868144789894,0.009939744852932853,-0.008053581358088854
30,Aggregated,-0.011183703645531881,-0.012216559804090237,-0.0015653773675132004,0.015502930651954508,-0.004396836866199302,0.013910445797520269
30,Centralized,-0.009834537021800004,-0.010701774329725381,-0.0008673450512687481,0.013304877390891104,-0.0032795901750979554,0.01162497955272953
31,0,0.04434947623081238,0.03446811928638716,0.007304394691007647,-0.025468351775862017,-0.013707466001117717,-0.03304364994499775
31,1,0.03684822150991534,0.02752146272709364,0.0016395786755201186,-0.019132781764627946,-0.009245377637675196,-0.025446546594902055
31,2,-0.03481765514074967,-0.017034517986885416,0.004341390885286922,0.026691512681303393,-0.008518473796376288,0.02752981308195999
31,3,-0.03335184805579434,-0.016386137958072616,0.0026859196126751955,0.026681935726148378,-0.008038860080849383,0.026759271806733903
31,4,-0.007061777908558532,-0.000947306995939936,0.007961590021233885,-0.005123434550161208,0.012536753078367874,-0.005597313068799011
31,5,-0.005103342082386299,-9.448095313302115e-05,0.009093334166316826,-0.005648053422496667,0.010205387376124435,-0.006204327127503541
31,Aggregated,-0.020039280991145294,-0.007964218938626713,0.004312582779015107,0.015652093929697207,-0.00610867279033836,0.0149573896884806
31,Centralized,-0.017991896121671833,-0.00687779922993539,0.0044828076918850285,0.013422704440071003,-0.004735762687167434,0.01269190900136989
32,0,0.04420129289661286,0.04808277299008815,-0.03158138689666191,-0.01852139852966821,-0.010558133547665506,-0.028319309880391903
32,1,0.037002165383751465,0.033926085318153255,-0.02809021728116397,-0.013379655008502165,-0.004842728621488801,-0.021438705363251095
32,2,-0.027200902905480624,-0.0328338832102708,0.004315954406518794,0.030775543466778396,-0.007131454702376466,0.031629470041055575
32,3,-0.02585322793473747,-0.03154033710613641,0.0034373472883487736,0.030511530357023028,-0.0074825661663126914,0.03067269113463815
32,4,-0.006079032550420888,-0.005347516258664875,0.009243294869391603,-0.003888392467219127,0.011464547926652368,-0.0038919654585212898
32,5,-0.0035317202054181295,-0.004899751158951503,0.01008700682720395,-0.004553118602525705,0.009416666676926488,-0.004482429189559934
32,Aggregated,-0.014360722918286342,-0.01847264817007304,-1.3853694860246359e-05,0.019568605235348962,-0.0050022298803754535,0.01870883629989313
32,Centralized,-0.012820221489688748,-0.016525961160043,0.00038670636535318483,0.017069909653961386,-0.003781914503091262,0.01621242391634826
33,0,0.03303159635687612,0.0446624699040396,0.001826334624062753,-0.017683227750663322,-0.015657489849714094,-0.043328102402769006
33,1,0.028021577202689076,0.03195269308286492,-0.002067624499789672,-0.012338459163476334,-0.009557065254357637,-0.03356671594730144
33,2,-0.020075199544612884,-0.041474262868117055,0.0061049997193051465,0.028032247282089987,-0.002480442275982142,0.030475197800675962
33,3,-0.019629228173444032,-0.039911466483778496,0.004871389312579941,0.02801699397683492,-0.0024093216340037556,0.029328905327267524
33,4,-0.004646738691559702,-0.007241292695745986,0.008933311603546133,-0.0033548000798379446,0.010296140531792276,-0.00438749276000345
33,5,-0.002673636613297965,-0.007805958888208313,0.009800825224785342,-0.0034692759079028826,0.008493231692191346,-0.004953902046218007
33,Aggregated,-0.010736197813812317,-0.02536382740109991,0.005228505575086912,0.017897201648296657,-0.002275773410003023,0.015858706008120373
33,Centralized,-0.009592600051219952,-0.022882585298224175,0.00532769142452395,0.01564122756318091,-0.0014608025030245547,0.013498484368047866
34,0,0.04560361481689875,0.042073898978815576,-0.012996899819358145,-0.019008769128308227,-0.023497712840837078,-0.024866713867158205
34,1,0.036363596525204635,0.031306148025628075,-0.01370870283751716,-0.013663236583781992,-0.014924765558392188,-0.01853021759260611
34,2,-0.039842295454361173,-0.03540409750815611,0.007557000551389706,0.03246704239488164,1.1647093066115123e-05,0.03337895443586199
34,3,-0.03760707424398765,-0.034635508924333695,0.006405310654303197,0.032152785273487056,-0.0006449336876282601,0.03241607126236952
34,4,-0.007719265530180598,-0.0048504021263194785,0.009477134152277456,-0.0024178237106910892,0.00993366582439398,-0.0033091649585936245
34,5,-0.00591147520576965,-0.005306090883583249,0.010532128645853425,-0.0027273300535541533,0.008544309276382436,-0.0039245213460614515
34,Aggregated,-0.023465305577529294,-0.021127568949171265,0.004572361340914081,0.020948939807793915,-0.0016581555158899513,0.02049716755201351
34,Centralized,-0.021103429692391467,-0.01893415282553195,0.004664107246544591,0.018418506000225467,-0.0009870843803777112,0.01788414186681215
35,0,0.03967009670077411,0.04257914726239027,-0.004601815046274507,-0.026822478226081692,-0.02139886104672775,-0.034111071389156804
35,1,0.030144577076934728,0.03175387369652343,-0.006556587868593551,-0.019267064260995233,-0.013713948877714424,-0.02573731236686076
35,2,-0.03581703897441917,-0.04683240136561655,0.011099080070678667,0.03435638048172086,0.0029484803673564307,0.0354177861087498
35,3,-0.034013871711760395,-0.045032299170810024,0.009740635183515018,0.033302525955131126,0.0026290296269277586,0.03413455271468329
35,4,-0.009211811283814646,-0.007451887132603379,0.009716755581857302,-0.00155554934518192,0.011840626485552298,-0.0025016027187702867
35,5,-0.008571144513088531,-0.007374134070154683,0.011021146923596722,-0.0011699099822162038,0.009647693888056006,-0.0028046383257001465
35,Aggregated,-0.021804822222834447,-0.029325636286893525,0.00820158848534016,0.021289937948253436,0.0010340306980999568,0.020857510536755504
35,Centralized,-0.01982473919891493,-0.026428741114190125,0.0080088395373981,0.018739704560531055,0.0015525011589327302,0.018195698761064652
36,0,0.037428618229248076,0.04023910791243923,-0.0018779964195776806,-0.026780381228899856,-0.012511457209573425,-0.03405256024324911
36,1,0.03014547674778162,0.029375943767907822,-0.005823298684026177,-0.01873551284294054,-0.007672289176439211,-0.0250395824792727
36,2,-0.023724159491478557,-0.029849764027028255,0.0039383546460149965,0.024534887607369476,-0.0017781524669137781,0.0256813645335262
36,3,-0.022551278002899293,-0.02899673631141323,0.0031428793520544484,0.024098398573826868,-0.001772711518942036,0.0247650752488335
36,4,-0.0053299935364096475,-0.005463032303634256,0.008547686430972102,-0.001746627966033861,0.009398205799926902,-0.002687736436403303
36,5,-0.0026953593535184437,-0.005316443532517213,0.00869349603101506,-0.0019231910209592683,0.007784302226217874,-0.003084960697270217
36,Aggregated,-0.012727006827692035,-0.017350162939350378,0.003194215903382255,0.014333446132120058,-0.0015469520553181432,0.0139161416070557
36,Centralized,-0.011369694285952097,-0.015596034305054721,0.003424287976526532,0.012491362157508205,-0.0008460729669065527,0.011974563595176553
37,0,0.03257558893238776,0.029482514760008606,-0.011483500481563233,-0.02500979472439429,0.007848554097140045,-0.024006356371097083
37,1,0.026564433420538543,0.022877240692892924,-0.012074151869210296,-0.01761288810379446,0.005598627427999267,-0.017544128861813262
37,2,-0.023552631702123877,-0.02202029221127562,0.005088520858998907,0.0234840122426338,-0.009734161092100038,0.025334498403961535
37,3,-0.022940263038180066,-0.02114038997763382,0.0037896464031355395,0.023166752654726692,-0.009206590670946958,0.024845814678030296
37,4,-0.004747390502377514,-0.0019429598462664202,0.007965242402268936,-0.002008421970459617,0.006356262060903991,-0.004982534013017764
37,5,-0.0019987742645951557,-0.0019478838720345577,0.00880818548875513,-0.0021058333410841302,0.004099144829838872,-0.005933349999585207
37,Aggregated,-0.013304140017013575,-0.012368608794978779,0.0027220824757309067,0.013781388578632994,-0.005278147756627672,0.014689687984620673
37,Centralized,-0.011884562473704337,-0.010962546741356176,0.0029067507287290745,0.011994613459167509,-0.004271769007845829,0.012568719170013372
38,0,0.03736378476222581,0.03495303556732631,-0.0196397396188687,-0.023081833157165128,-0.0009086741329577041,-0.024483662994635152
38,1,0.028898449521972288,0.02634938646285293,-0.018003395024402756,-0.016534658861585214,0.0006714086471435732,-0.017732812678577757
38,2,-0.036152176956697396,-0.030212227180963166,0.007636318204254002,0.029945881029712792,-0.0016536073890413311,0.030185900538508385
38,3,-0.03444357675857348,-0.028783038049859242,0.006608538724630335,0.028854152046448884,-0.0015343701419311632,0.028776451044678148
38,4,-0.008233148294007812,-0.0065814807608326675,0.008991245208241603,-0.0009014278603240685,0.008301320675022143,-0.0010453709745201648
38,5,-0.006767641377814656,-0.0067522548435766955,0.01052334270806952,-0.0009471167780128703,0.0059294664461299615,-0.0010364678646657547
38,Aggregated,-0.022144163907443472,-0.01814865054207576,0.0038865181456446195,0.018567218375129545,-0.0002323190830665711,0.01843117191654545
38,Centralized,-0.020048369704792502,-0.016431037572091852,0.003983195341288904,0.016365116438041765,0.00031938853575457567,0.01621936874852927
39,0,0.02482158688831734,0.033948144209970166,-0.009604965332646957,-0.02205865490276843,0.004325807145451324,-0.023678193412709467
39,1,0.020704083499957,0.021702829098763605,-0.010823437324957927,-0.013807656843670298,0.0032105488615024897,-0.01499533477069451
39,2,-0.015132329348457343,-0.036417904564781646,0.0053346508844036,0.026086081066728398,-0.007582197756978948,0.026363614522954954
39,3,-0.01445564916890859,-0.03543155542288701,0.004420191645269967,0.025776880748384856,-0.006951130543553352,0.025602475453716265
39,4,-0.0024800261213167147,-0.007251305750494009,0.007762062873384373,-0.000797556040714708,0.005927673964097825,-0.001637644840841654
39,5,-0.0003243907340538045,-0.00831789176135189,0.008288727038685396,-0.0004939676326754198,0.0035463625093154353,-0.0013492026750042227
39,Aggregated,-0.007822537628458356,-0.02337217560999986,0.0032098093846541897,0.016335393417663886,-0.004145720123631004,0.01606628297188923
39,Centralized,-0.006894540889710815,-0.021222882717244325,0.003336457177903119,0.01441534890838248,-0.003317977397097765,0.014096466039320377
40,0,0.0376340450209575,0.02829778046396668,-0.019901446435355047,-0.013835105231126995,-0.027089097479868363,-0.01486054431394659
40,1,0.029802459752416084,0.02166030254647613,-0.01803949927069459,-0.009895373911456923,-0.01945451640213431,-0.01088524830108072
40,2,-0.027131930385915437,-0.010940063521917728,0.0016120451130749805,0.018101468726927243,0.00010203882459065314,0.01926371305916264
40,3,-0.02631325536348324,-0.010370559279409075,0.0006723781340785594,0.017695119935697144,-0.0002535461715175072,0.01847530089950388
40,4,-0.007600453664436927,-0.001924059500314177,0.007065447079159839,-0.0009864773030674166,0.007348920028896416,-0.0028416367388712223
40,5,-0.005688284262080912,-0.0009211486839076068,0.007791497620776765,-0.0013674986698333314,0.00555063173336966,-0.0034522174651881
40,Aggregated,-0.015699155886768155,-0.004502439214449931,-0.000802280793372947,0.011248571009105224,-0.002414619454009065,0.011555294856876643
40,Centralized,-0.014221229382358475,-0.003903387889636823,-0.0003775719631026183,0.009875553825055795,-0.001901741281889153,0.009996110409460223
41,0,0.03267898894279327,0.03341447750768096,-0.006046778017516795,-0.01686909420079515,-0.015542996801430101,-0.01915205104440041
41,1,0.02541906418947617,0.02495755493055959,-0.007912199004631443,-0.011432529798976472,-0.010780376294150242,-0.013328231239511476
41,2,-0.023481203403289946,-0.026078478055012653,0.005360704719373938,0.02172717330659509,-0.0008792504426705838,0.0222057499388539
41,3,-0.02239381623024876,-0.024749778353380266,0.004193252844725635,0.021457723081488963,-0.001351617461558931,0.021532997077533575
41,4,-0.006817550538717048,-0.005751253187071607,0.006859388763575847,-0.0010790545919920171,0.009405380006146586,-0.001921569899044553
41,5,-0.005201681991473692,-0.005708784252086807,0.007797697790685351,-0.0011244420326604655,0.006889624517330646,-0.0019397691778111031
41,Aggregated,-0.013501442280173092,-0.01525040033556776,0.0034910899987936972,0.013635114174898526,-0.0015492218092703508,0.013437963586799913
41,Centralized,-0.012248515984353251,-0.013785200531653372,0.003563779545282037,0.011998050604318602,-0.0009103071551734668,0.011738387142360373
42,0,0.02991528217033979,0.03237562671395327,-0.013039775693978293,-0.023848997554056197,0.0017079778530188438,-0.017709785347299726
42,1,0.023783037157386392,0.021261631172962196,-0.012004708808030869,-0.016329926494137066,0.002874922544471946,-0.011764109558117535
42,2,-0.029706765247876504,-0.04655335647003797,0.012824748486904767,0.03188186944712075,-0.0020897480421603466,0.03154358186921795
42,3,-0.028428854753604262,-0.044638707636462875,0.011262655937295042,0.031069438391258516,-0.002173109846388614,0.030623963931818515
42,4,-0.008647000440722483,-0.010240684445814845,0.008373943656190153,0.0026909470078762612,0.006864566646583055,0.0008094227132090865
42,5,-0.007133474146895945,-0.011244988716716146,0.009937580388988222,0.003083488619463585,0.004468547286449041,0.0008327047879337244
42,Aggregated,-0.018523554199394807,-0.030953475298643923,0.008264143006216645,0.02054781476999009,-0.0004834833897066364,0.020727406975681532
42,Centralized,-0.016895885676337805,-0.028220667740619713,0.007913352244880406,0.0184121684700974,1.1054002040017231e-05,0.018473789297761552
43,0,0.021331039540043006,0.03626089900825686,0.0024002162160883375,-0.017331319863917033,-0.031258247511524284,-0.018930350128390394
43,1,0.01743625978906129,0.025355044431600086,-0.0019430322561912075,-0.011162385369782405,-0.0232337655582861,-0.012597817437796975
43,2,-0.009771006878305184,-0.03687352818571954,0.005175279339771536,0.01968788710057867,0.003069244735811237,0.0202058613953452
43,3,-0.009395052103370095,-0.0354741769777365,0.0038114669717086726,0.01942883677752665,0.0031612922685393197,0.01961895251902933
43,4,-0.0025813636314122143,-0.008919056061411872,0.00570729625956713,0.000573027392679018,0.007480838322464902,-0.00037551116255343613
43,5,-0.0011445248934539457,-0.009313500650982586,0.005250297472656402,0.0010597858987613834,0.006050656952062892,0.0001126625893815793
43,Aggregated,-0.004552877676459432,-0.02331851286064704,0.004034862420392489,0.012394272310043664,-0.0005961951027932292,0.012316603007452354
43,Centralized,-0.004032648665628946,-0.02123780268744129,0.003987263424180553,0.011023454168192344,-0.00028669042039827444,0.010868111320536182
44,0,0.025110936607138278,0.03242905187897824,-0.013912227233302198,-0.017451329281906954,0.0012582962354838539,-0.021645682138954018
44,1,0.019622591228637784,0.022002843681207106,-0.012886681461425728,-0.011310630377189613,0.0019287079348147848,-0.014751857926955991
44,2,-0.015834552445288683,-0.03359251910407565,0.0072089304805596,0.023229468479891803,-0.006663015483314705,0.02471483116172085
44,3,-0.01498346889411895,-0.03191513946459422,0.006096605294218255,0.022717285641801574,-0.006822461618331498,0.023921875703290223
44,4,-0.00521760106903657,-0.008361220831617309,0.006828459198188873,0.000915295386938302,0.006551355788521835,-0.00030951686847606095
44,5,-0.003957422466535883,-0.009299626991950192,0.007849983598313586,0.0015548745294617096,0.003672547498861316,0.0002637667253740161
44,Aggregated,-0.008748946489776529,-0.021284349951206875,0.003972263089167758,0.014920406481961117,-0.004014612535869838,0.015205752377069504
44,Centralized,-0.007953759445033839,-0.01942498437852216,0.003939283419399859,0.013310268919489342,-0.0031959729706280593,0.013437247799456507
45,0,0.027308615038848,0.028863108784210823,-0.016994934965591516,-0.019924913794678093,0.005317282152774587,-0.019629243763642383
45,1,0.0206106923340825,0.019918182804641724,-0.016114926607132332,-0.012602179183826171,0.004278306647781525,-0.012380995123069349
45,2,-0.027338541156726372,-0.028817108452605173,0.008531664201340836,0.025271742907501164,-0.005772284018470694,0.026438212269737808
45,3,-0.026082492076455646,-0.027689280811710137,0.007133688110452643,0.02471042068767623,-0.005691151358179602,0.025748837765981705
45,4,-0.008128237243107315,-0.006685513329051253,0.0076737742159103065,0.002101867304682472,0.0058106708501332064,0.0005544533292327202
45,5,-0.00746331390639901,-0.007063488600873271,0.008571494076456448,0.003069151063843008,0.002818130146259847,0.0013489314926743334
45,Aggregated,-0.017192290260000295,-0.018134618928777307,0.004500203473531321,0.01631028845176363,-0.002940831437847018,0.01693234454706313
45,Centralized,-0.01572290796174311,-0.01649714809348121,0.004434917066854454,0.014633733734212834,-0.0022619001973288237,0.015075026598867636
46,0,0.030192573336296925,0.031690275371497406,-0.0027450221766223528,-0.017608245187044052,-0.0257759143091605,-0.014140056329976917
46,1,0.023139553381451388,0.021664128167378432,-0.005034340583444077,-0.011285267380493074,-0.01837852923916423,-0.008574509286549438
46,2,-0.03186941683648554,-0.03288964917383329,0.007490001939875921,0.02510127516892732,0.004225262704444003,0.027157765387766285
46,3,-0.03055992858481392,-0.03165344564986548,0.0065128573985830055,0.024405233847628265,0.004124297694237864,0.026419477360923482
46,4,-0.007884275275947893,-0.00854390376050872,0.005504806709175829,0.0031214411512318113,0.008324602145095705,2.0743860071664116e-06
46,5,-0.006424974705938438,-0.008981683463269816,0.005776953434191244,0.0038615249597601627,0.006329012112621831,0.00010331912521515879
46,Aggregated,-0.020015812801627557,-0.02099832415807115,0.005315135487224161,0.0165085077448415,0.0009650734569058178,0.017961921626690944
46,Centralized,-0.01818208259535679,-0.019175202244434322,0.00510952591360744,0.014891650919987273,0.0012012618094181535,0.01597653908722137
47,0,0.034242245620788515,0.03224867169889744,-0.015544249218942522,-0.01166805019685882,-0.03257371883351059,-0.01268551896048986
47,1,0.02581120313356962,0.02309102292557048,-0.014279827624483946,-0.006771116980997849,-0.024744277470865515,-0.007652446929893817
47,2,-0.03276658711514728,-0.02307619076558733,0.0064335175025824675,0.022213435979031637,0.0029381077915041458,0.024183329543760138
47,3,-0.03232539066620619,-0.02158356860171476,0.005966842221209482,0.021822302217583616,0.0019191955988633093,0.023595161531992554
47,4,-0.008050044818276984,-0.006258176970564581,0.006634304640455966,0.0016249495252655779,0.00799334112385027,-7.942997639097686e-05
47,5,-0.006620848194710763,-0.006780205148041205,0.007601727045061266,0.0020954369415458456,0.005900806237287648,0.00015934117449248949
47,Aggregated,-0.020545642157357675,-0.013316928204140665,0.003403913330357438,0.01502052386055392,-0.001267836462971459,0.01601128104778136
47,Centralized,-0.01864789745416428,-0.0121232383983417,0.003406906746399203,0.01349441821928127,-0.0008965243767671807,0.014240607994952746
48,0,0.02004959812845675,0.02721692761265644,-0.013562072025756116,-0.016696765731657005,-0.0003771756558589597,-0.013815877812060522
48,1,0.015582093422496623,0.02104814825440439,-0.013239403722015266,-0.011724647711081055,0.00030799975629381603,-0.009483626091349945
48,2,-0.014079879273625704,-0.032422376801078845,0.00742610907679985,0.02095300711345059,-0.005610737377522989,0.02189137226151175
48,3,-0.013848154585045775,-0.030907249197821812,0.0069267425096820314,0.020572173942255145,-0.006125363004474127,0.0213484016384811
48,4,-0.0035457945176002943,-0.007552479074755842,0.005109466934092501,0.0011977246868093477,0.005711326571660158,-0.0001993145897323333
48,5,-0.0017497625453814388,-0.007292855599015671,0.005126449653145335,0.0016816618921241292,0.002836292857424899,0.0001146843724623942
48,Aggregated,-0.00806698586941197,-0.02072971451932759,0.00405849493321655,0.013359818206315915,-0.003713555740431332,0.014141649146902892
48,Centralized,-0.007254567009589853,-0.018855152402931976,0.003866027615580334,0.011929042785759401,-0.003006090509682492,0.01254510010590079
49,0,0.029645868900801686,0.030550991634925615,-0.011017873600511171,-0.01749876310673171,-0.01282401774540826,-0.01562547379543783
49,1,0.0218568612369852,0.02027347579115875,-0.010861085659006058,-0.011028946165798963,-0.00825214642223858,-0.009514780619818789
49,2,-0.030602718135535726,-0.030587638650585842,0.007960511636579124,0.022852859315804455,0.004885641595092733,0.025172435913889287
49,3,-0.029282000446370155,-0.029425614235714073,0.007296942449362996,0.022382989385494694,0.0040708752383811,0.024548989288969522
49,4,-0.008863783300299459,-0.0072120485412505535,0.006324161329753839,0.00312429683109156,0.00636902086938466,0.0009673190633234549
49,5,-0.008390457983042138,-0.0077093514643512134,0.006506912761946321,0.003953868304716818,0.004799198012317807,0.001454618420736218
49,Aggregated,-0.019410652486491133,-0.019349311972306257,0.0049008456464421715,0.014983788114130024,0.0025496184821973836,0.01654308745452904
49,Centralized,-0.017751884514590102,-0.017618771338525723,0.004734591445247204,0.013534085048298533,0.002591515159537643,0.014778368921372591
50,0,0.024302656260225205,0.030348260700535624,-0.025241545135280603,-0.01202861390832062,-0.011073087176366262,-0.011505796841741543
50,1,0.019425459707648772,0.022458281904338653,-0.022134385498312675,-0.008274123994923168,-0.007507017809089365,-0.00775943405145381
50,2,-0.01728110604274692,-0.027095101740648907,0.004506787558421082,0.018580483625354773,0.0008224655374219792,0.01967602255835214
50,3,-0.017004037156785015,-0.025686847340551423,0.004231364861008385,0.018227208496027977,3.333624390116826e-05,0.019133123382740272
50,4,-0.005244219563251258,-0.006854304703073176,0.004779976616772065,0.0017546384011575516,0.005661806314524805,0.0008227657152123489
50,5,-0.003538000544238066,-0.0067356286226499815,0.00506693631191298,0.002074818076379429,0.003316102239000982,0.0010990537253522342
50,Aggregated,-0.010055830492505085,-0.016488581091325193,0.0005645460195488872,0.012264909296716413,-0.0003755285560483067,0.012939202861873968
50,Centralized,-0.009120787462321357,-0.01499564855109219,0.0006311349364566866,0.011021047188357983,-9.170055716003227e-05,0.011559487735116291
