Round,Evaluator,4,1,0,2,3,5
0,0,,,,,,
0,1,,,,,,
0,2,,,,,,
0,3,,,,,,
0,4,,,,,,
0,5,,,,,,
0,Aggregated,,,,,,
0,Centralized,,,,,,
1,0,0.3120136814623413,0.29248423108825644,0.28682105892082244,0.3142380632255976,0.2842609168836891,0.2808588841618303
1,1,0.3143785703556058,0.2958340711291019,0.28980768628303727,0.315857115040176,0.2846382233618176,0.2832183940850882
1,2,0.3140935719037361,0.2998173253918644,0.2842720171208395,0.31536771011771625,0.28468340882762583,0.2723081389593716
1,3,0.31588414280014904,0.30037669827855623,0.2912498046970228,0.3159270400600063,0.28988529826611914,0.2813785564382005
1,4,0.3157189235007442,0.3038605014772928,0.28927407531091964,0.32057803243247757,0.28736666248824994,0.28372943303187625
1,5,0.11956701909355782,0.14240878915395944,0.13386305041380714,0.16000893179009484,0.1277220830547006,0.44153038567646374
1,Aggregated,0.28122017929499177,0.2718849383990041,0.261975379721543,0.28974963539100734,0.2591719467228186,0.30776845076233195
1,Centralized,0.28072171340013785,0.2714858859934263,0.26158031529636366,0.2893496395452623,0.2587667428487244,0.3081807794379062
2,0,0.04996612721871821,0.05022638257587802,0.044332770177383046,0.04002279748117984,0.038915703897217345,0.0025967164856612796
2,1,0.04999819336164745,0.04837543507963602,0.04521543102498583,0.04186081530381368,0.035416102255108224,0.011300324924781354
2,2,0.04909913301804503,0.0494504204816,0.04342498240805115,0.04117916607936163,0.03463226227653368,0.0052203911749112465
2,3,0.048414912524713236,0.05162807264034983,0.04614073414091247,0.04072797633280457,0.037393332597005995,0.010904105923750849
2,4,0.04683313676625986,0.043399805047061944,0.038382124401954355,0.035557048891078843,0.03543802374583062,0.008183319047288749
2,5,-0.03606311075455717,-0.004741346010769492,-0.034847504364090676,-0.03999464176834471,-0.049173324881348505,0.3508088390183393
2,Aggregated,0.03439317691927335,0.03952528859455941,0.030150927181422392,0.026262738018884818,0.021786544235207365,0.0661080219819848
2,Centralized,0.03417575718522778,0.039388789359694615,0.02995062400080893,0.026058512099736895,0.0215677872359659,0.0669858373955475
3,0,0.008656299982763842,0.03302412451634318,0.010689046247130083,0.023131226916531224,-0.004135546071387073,-0.02543359078899775
3,1,0.008290167219047755,0.0335434154806417,0.01575654786932756,0.02085756782124843,-0.003334467178140259,-0.0225689058318367
3,2,0.009366254693537036,0.0335405364969845,0.012956727411407574,0.020364381893677723,-0.003300031682836645,-0.027441191438273598
3,3,0.01015386364087378,0.03432168525904427,0.01624054169734792,0.01872690701086047,-0.0028180445735320014,-0.02302993392245286
3,4,0.006907094618532228,0.026132487159442504,0.010194831921566276,0.016639359568623512,-0.004875353276751174,-0.02252960958196959
3,5,-0.0631550558815264,-0.04091852055863702,-0.05466369709725908,-0.0550463981434596,-0.06637874882007373,0.345640957473709
3,Aggregated,-0.0035632281454611335,0.019669835443689436,0.0016108267563934874,0.007167456763061391,-0.014372794114964213,0.038810928377637895
3,Centralized,-0.0037470398472565732,0.019483130922111996,0.0014371985743134171,0.006975609611598465,-0.014533192440549975,0.0397570981802786
4,0,-0.00038203190348488317,0.0311769970240909,0.025567946137011976,0.02744143358657176,0.015502056190563673,-0.030785340263808535
4,1,-0.004832323770990386,0.03491600655232258,0.02510384638403878,0.024137895075891782,0.01952964307921696,-0.025021082530410747
4,2,-0.0007763784093978512,0.03332630332174167,0.024791544437054835,0.02576975408570455,0.017460420328468295,-0.028624826547356343
4,3,-0.005157836311152366,0.03333010887087681,0.022560448061126934,0.021072618084811777,0.018707639182600676,-0.024957753488866433
4,4,-0.003828731358182683,0.029970617972691856,0.028379672214037328,0.02685040929901596,0.014899215066740669,-0.027922275432883965
4,5,-0.0944283433562846,-0.05097724273378239,-0.07108860520851891,-0.046931063611344595,-0.051156181741663045,0.345646116177727
4,Aggregated,-0.018573291177891516,0.018314116449109533,0.008861821660576127,0.012789931610921502,0.005570272631257871,0.03610589297768897
4,Centralized,-0.018807226226300107,0.018100454744339176,0.008615354735225522,0.012605852293745114,0.005395371451906363,0.03706025326640089
5,0,0.0030251700053323238,0.004696976869395012,-0.005842259487120035,0.0003780897607364164,0.025136329825682438,-0.04313254234820745
5,1,-0.002146561131698743,0.004261658511210414,-0.0075869166074027175,0.0003396656352160197,0.026027976077752132,-0.040237213900506025
5,2,0.0010079528612887889,0.005937063419841945,-0.007131981068112946,0.001554499016042327,0.024585469434983805,-0.04609801595076474
5,3,-0.003979957508249589,0.004722058834406341,-0.0073068895244000395,-0.0006547295807615879,0.025202187406919707,-0.036468086330196756
5,4,0.003555387710517407,0.0027984730563482257,-0.008359532099001303,-0.004349830949552021,0.02851944661197784,-0.040394184698976064
5,5,-0.07772242911775204,-0.046635035763458406,-0.06200619161873245,-0.05142885131410004,-0.050723223995558765,0.32028395371929275
5,Aggregated,-0.012999338074792158,-0.00422600507934604,-0.016575337988713065,-0.009215522494170061,0.012840613370945355,0.020332881864736252
5,Centralized,-0.013198850285254008,-0.004356665633287884,-0.016715455337450134,-0.009345561181229447,0.012644538971008982,0.021257805524402932
6,0,0.013909889853547207,0.006039847473458209,0.019719913658729812,0.0019530173631549957,0.017140400419837394,-0.01685622117112492
6,1,0.011467992308846462,0.00889887417210729,0.023081051859941592,-0.0010148726804880817,0.019789069455942512,-0.01195188410355468
6,2,0.013372652280406041,0.008348551967721255,0.021665297795217857,0.0028639910383369362,0.01900173695308547,-0.016219987663698
6,3,0.00979281215103089,0.00874648339705718,0.02348977469435696,-0.0012506547707585602,0.019246940758379058,-0.012345197268035056
6,4,0.014005337212778171,0.0019171832923848612,0.02467155400794383,-0.0012407995829945434,0.02023177784031284,-0.013971803324995497
6,5,-0.04485332227076958,-0.0796268081416634,-0.062943099312568,-0.05384025074317053,-0.031415691698700766,0.3279934308273073
6,Aggregated,0.002736534823892771,-0.007933063609797255,0.007963846234008178,-0.008955530331717521,0.010478469148416344,0.04404377163879961
6,Centralized,0.002589854175030994,-0.008154114894335178,0.007745227885698285,-0.009093900119957716,0.010349265513136077,0.044919223003521226
7,0,0.007966382081689788,0.0060147098302531735,0.016067179622754633,0.007339486930972472,0.004621260038798434,-0.03040787047335597
7,1,0.004550671180404587,0.007545549753857251,0.014596228053716234,0.003115703745836117,0.006639303815573941,-0.02737822603351775
7,2,0.007047375886007123,0.007229227502409581,0.014200633993803587,0.005822951588723491,0.005663558724268407,-0.032001778915638025
7,3,0.0038301977977606037,0.007581957986408922,0.012404710318294255,0.0008918362056583482,0.006550977735058819,-0.02490398693996939
7,4,0.010228212976141411,0.0032533372940282248,0.018915372423059088,0.006109365755155453,0.004604834567572477,-0.031807920087524665
7,5,-0.07676545466329474,-0.022169024964094623,-0.024860718225277325,-0.07358949838305825,-0.08600242571806721,0.3064266032351619
7,Aggregated,-0.007500002058838472,0.0014703089129446964,0.008405226418126997,-0.008675145704755463,-0.009993453377116287,0.02789928496113433
7,Centralized,-0.0077136044707162435,0.001397233636363889,0.008302569124904296,-0.008875342618368153,-0.01022767148768855,0.028757761993888922
8,0,0.0005311809296050552,0.01546285252407781,0.01680777474909565,-0.005691379445401577,0.00829294133778989,-0.04072548485918353
8,1,-0.0013407346280617488,0.016337263909817126,0.016485254351024714,-0.008275042916545225,0.008972824592965754,-0.030733195553081443
8,2,0.002520354258506594,0.015980916715899043,0.015531206399335818,-0.0038608778179505384,0.011041803100441025,-0.038525413299986454
8,3,0.0004926385221449029,0.01393432210901468,0.012044564728386525,-0.005960147496263373,0.01150700963814954,-0.0286143001794988
8,4,0.0004613970314651257,0.016940478524435164,0.018737296074754353,-0.008370322579346738,0.0127195973541518,-0.03995771162142353
8,5,-0.045305571239803034,-0.044703772842092024,-0.051319686485100706,-0.0708388210341184,-0.052150011017139196,0.28048198820731474
8,Aggregated,-0.007276750398155979,0.005434594733800639,0.004465084225253397,-0.017404909326850942,-0.00016829302627367434,0.018160035730113402
8,Centralized,-0.007394046421397436,0.005279933526872749,0.004293210095851896,-0.01756961055169095,-0.0003282912597652935,0.018968888163696115
9,0,-0.015265078560674189,0.024631874980968332,0.016969289311936243,-0.014366201379532999,0.02463271225959599,-0.05358814829367406
9,1,-0.01539993437124007,0.024609895830161526,0.019632106732172642,-0.013243601194711527,0.021803138576024436,-0.04874001634488026
9,2,-0.012496411963177434,0.02524048151014697,0.017896499346197785,-0.01155012438794226,0.023184163596978898,-0.05841233912728681
9,3,-0.009084947321168855,0.017701115016382586,0.017865015273055333,-0.00721126968385351,0.01705408056167277,-0.04342505154997066
9,4,-0.01566446105164639,0.023153536266991494,0.02103811556843812,-0.019965969762530376,0.027320736131528703,-0.05866870681612106
9,5,-0.06976160489080964,-0.06142918320679157,-0.0524904985543069,-0.055663047677265855,-0.04607789572884035,0.29496751018167383
9,Aggregated,-0.023153709801525906,0.008671321720267168,0.00655453287097758,-0.020490564469981102,0.011064105984943905,0.006644137421000807
9,Centralized,-0.023297420469046783,0.008455225047105443,0.006372595363169916,-0.020599023743503662,0.010888019463499512,0.007533150448945805
10,0,-0.012030293364338656,0.013674928001133695,0.005045386162995364,-0.0004496151769408305,0.019766848526908964,-0.0015795701385004585
10,1,-0.014292978862152488,0.013332261719542634,0.007305821632512158,-0.0013318673956059241,0.018872746344999736,-0.0012589670461784516
10,2,-0.012069624702883391,0.013169550032445356,0.007539635791156869,0.0007799905471040158,0.021648946652554093,-0.006205377246557828
10,3,-0.010284883256458125,0.006765060574167557,0.009127145969598434,0.0010192888916827113,0.01963466146811082,-0.005283528678372465
10,4,-0.013057909238440543,0.011095026465856996,0.008396159648267456,-0.002853135538593625,0.025604331784607536,0.00230021566750688
10,5,-0.045965255216571986,-0.09994425371780911,-0.04722560945369467,-0.05937135354784332,-0.025985709066699746,0.2946740049239092
10,Aggregated,-0.018074807485864694,-0.007398184869633053,-0.0018380926121414163,-0.010585817949986009,0.013082365033978506,0.04820931441683185
10,Centralized,-0.018160837497463667,-0.007683528209843542,-0.0019780599649188934,-0.010736259318714376,0.012961889797211466,0.048969161245549966
11,0,-0.006074301085666372,0.022196936589884135,0.005593523601994242,-0.013100582774056955,0.01728348567339772,-0.0323692370837452
11,1,-0.009067778818161067,0.021388944555285862,0.008234467863904884,-0.012107388969175736,0.01592143375938643,-0.028544060847284645
11,2,-0.004083522160843861,0.02179501088289565,0.007023525656423028,-0.011934644764005234,0.018532725216607274,-0.037802124179732326
11,3,-0.003833395100212559,0.015291028013893954,0.006506280401466973,-0.011224489999515542,0.015394645565443075,-0.027125142862790556
11,4,-0.005475347007516347,0.025347161663371864,0.008087739210962626,-0.020318922854527726,0.020557826300815638,-0.03650780732883873
11,5,-0.059731426858937606,-0.04373079182147241,-0.04593358371087308,-0.08165484165585823,-0.05371288154862374,0.31081345820941353
11,Aggregated,-0.014911275364787141,0.01014061558070792,-0.0019446066096940194,-0.02530863844272903,0.005398686714557221,0.02601701425358003
11,Centralized,-0.015049401714754638,0.009974593688557253,-0.002080285381858662,-0.025482546045872204,0.00521647042415369,0.026895030593144964
12,0,0.0139700535030545,0.017484276780453264,-0.009349798507057324,0.016885880860208556,0.010171817482912841,-0.031737416675242804
12,1,0.01033769152752221,0.014492670141097785,-0.0034208968504561388,0.009420214379305947,0.008063373041512356,-0.021915201129192936
12,2,0.012963541803464328,0.01698134259573974,-0.0048224512934281726,0.014634236077398293,0.010304502274931201,-0.02909319200821276
12,3,0.008278063333885336,0.011976321322050848,0.0019375447380391884,0.006133202666533402,0.005956401674162592,-0.016197866076858528
12,4,0.018056565706191012,0.019791100192247453,-0.0074210761634959,0.01634206715006442,0.00990374420956835,-0.031345175456955546
12,5,-0.016576875459829242,-0.05097598107227683,-0.10116034422135992,-0.020003673827715538,-0.057984282291845546,0.26806456560401315
12,Aggregated,0.007729541371848718,0.0047094150478030825,-0.02106414223541088,0.00711412435424943,-0.0025119947728666813,0.024053172753986676
12,Centralized,0.007654541101056917,0.004537763333006603,-0.02131123266845692,0.007030465980447558,-0.00268308256708753,0.024805443037765374
13,0,-0.003623424779776427,0.011107352931251853,1.2017112143339222e-05,0.002735262977126283,0.005996584155694904,-0.025631674355797034
13,1,-0.007125346552420215,0.008711662497059234,0.0029553005944891702,0.0004484532598035578,0.005022069866867651,-0.02036288165266261
13,2,-0.0045781543524953,0.00997905281654873,0.0021755310544937295,0.0022864966685389693,0.0072732137368721715,-0.02962115648486336
13,3,-0.004394894581003603,0.006787343342583104,0.005686027342920715,0.00043386632035733905,0.004734544477535677,-0.021325777704907727
13,4,-0.00402909607004887,0.009951457213467345,0.0027066970967343056,-3.442656666203047e-05,0.00541559074524074,-0.02389355966950758
13,5,-0.03308213867090259,-0.04523805910536568,-0.06292085052588108,-0.048060194941124,-0.07286848483489841,0.29302732725914654
13,Aggregated,-0.009577225724703507,1.4223444379612158e-05,-0.008474216466181959,-0.007214308494798122,-0.007695688708600792,0.029874813518637355
13,Centralized,-0.009649593765033335,-0.0001252247876075979,-0.008641756468198267,-0.007340122755974515,-0.007896520034067205,0.030686227491698043
14,0,0.007802157544181465,0.0030144392238828366,0.0016618590653745956,0.01815229307410935,0.017340280214202818,-0.05144087988268499
14,1,0.004352177633073122,0.0004925626821503659,0.00771100542675482,0.010655964466904403,0.016579024636491912,-0.04150418431081663
14,2,0.00848104617419295,0.002087811794364972,0.003683364241980736,0.015582129163904097,0.0197748197853298,-0.05206564579908109
14,3,0.003286239898385289,-0.000539333098924503,0.011027631231246095,0.0020657937059409045,0.01738386377404274,-0.03376795438202548
14,4,0.009748712050166026,-0.0005750686167983272,0.0036478156924158642,0.015178304068206843,0.020950235949067135,-0.055823020638517504
14,5,-0.08214024574437298,-0.06814951897217261,-0.05706397557145303,-0.04315648250798946,-0.05665026830921273,0.25798258739014646
14,Aggregated,-0.008407849005483832,-0.010867526735102372,-0.0051208646341229696,0.0028739444167447887,0.005618031929043157,0.0050273432934366145
14,Centralized,-0.00863512912651276,-0.011044090550146374,-0.005281014383528743,0.0027320968323726424,0.005425901271209069,0.0058072487021223074
15,0,-0.009443790020269354,0.014794250915151361,0.004639771248673902,-0.015465727210661336,0.0074476030257525205,-0.006262297545089969
15,1,-0.007749004082554973,0.010470509693710571,0.004907134418388788,-0.013668782248073772,0.011095773778116677,-0.0070957707230314
15,2,-0.006733740766974381,0.012482453877174459,0.0029079380558991756,-0.013531124137429993,0.010033672108278335,-0.009979826372837878
15,3,-0.0036543218627119877,0.0035780439429887066,0.0029648425740306677,-0.006796425172863501,0.009078508246272887,-0.00732235293386612
15,4,-0.009889306707196859,0.012858752505645474,0.0046262937910381665,-0.021254419401139493,0.010646405569517806,-0.0009916155814377995
15,5,-0.044507178093276284,-0.056315195989439085,-0.06468494908927433,-0.04172085099335705,-0.052936354133459436,0.28031376274001524
15,Aggregated,-0.013800128466121463,-0.0006041852665488248,-0.007694533932935783,-0.01884180756863099,-0.0010044962564227863,0.04250647579407091
15,Centralized,-0.013894723294825691,-0.0007758836168461193,-0.00787023632907607,-0.018912496514365502,-0.0011645827230831543,0.043239638824496995
16,0,-0.011599036465663683,0.010762557810068385,0.010221992989442335,0.015447990992924194,0.009767812324833277,-0.029071406712922344
16,1,-0.00942858074319762,0.008054840170656606,0.011481117638769783,0.008436229873933682,0.006352297502933494,-0.02144036105796345
16,2,-0.007148329014790969,0.011305155337546998,0.012643927518196658,0.014010843919878705,0.009467516890792012,-0.030892977725778002
16,3,-0.000541618684125038,0.005593563842439865,0.0124410991371179,0.005209805414491776,0.003764116897451997,-0.015598440786392855
16,4,-0.010291551148545236,0.010350152542537534,0.016103706282981252,0.014766480136852247,0.0100704421295324,-0.03094581425630413
16,5,-0.024352622153514872,-0.06178570314002041,-0.06935792127593474,-0.039352769623688465,-0.03825367503682131,0.2560880606672769
16,Aggregated,-0.010621657143027223,-0.0028831571748740366,-0.0013814849203855084,0.0028976016441254054,2.3679807827652944e-05,0.022400921815072222
16,Centralized,-0.010664106156114737,-0.0030649037121231256,-0.0015912243115370369,0.0027671386451354725,-9.450653921665689e-05,0.023121279982568157
17,0,0.008063588311448374,0.008874242079750672,0.009013510747849111,-0.0009252730220736851,0.005872607361692664,-0.028839327662900965
17,1,0.003415961089446647,0.007268651855058413,0.00775083650130043,0.0004708615380100468,0.006899774609771968,-0.023291536678816133
17,2,0.0079295514065114,0.008898894791788538,0.007108137486793821,0.00036262875132268043,0.00710141772588233,-0.03096980705417995
17,3,0.005276762812412626,0.006425611774929863,0.0025510429069164507,0.0016445791164229806,0.00365576573650888,-0.021233531840047566
17,4,0.011140748932023981,0.007480662678017006,0.010105532549636777,-0.0037484507905254853,0.004826090426916188,-0.028754082382465757
17,5,-0.02505009043059419,-0.04648919558990179,-0.04573181241720496,-0.02948168566296329,-0.07436914378441498,0.2483870326897346
17,Aggregated,0.0016766379547985635,-0.0014581116428304451,-0.0017304461881955714,-0.005387241345641112,-0.007965689866979308,0.020236126698811426
17,Centralized,0.0015942558323811945,-0.0015969566052186468,-0.0018661098594897434,-0.005461498213951048,-0.008170458604229441,0.020939590585801138
18,0,0.002321813848744427,0.0008426736722426514,0.009724791803470084,0.007955058617068205,0.012016826323105856,-0.013848054220455873
18,1,-0.002475446406036365,0.004521173651771086,0.012116694934077934,0.005003878506609359,0.006896069051853962,-0.011829917629694493
18,2,0.0030494327122672226,0.0026237187724233294,0.01218024431636707,0.008577636103884812,0.007652353824782956,-0.013587235332126376
18,3,0.0011103145234903143,0.006093594982514416,0.010835362792175163,0.004146316227930825,0.0009254720577632503,-0.008992853043015852
18,4,0.004622674059217877,-0.0012988845528090756,0.020674861267119534,0.00867519085669521,0.010821817346140763,-0.013235981820824794
18,5,-0.07867117244965208,-0.060429870241492455,-0.043226225166156554,-0.03467897964894737,-0.05342556411490875,0.26926270333626984
18,Aggregated,-0.011971828246385532,-0.00817480779774455,0.0035087502592927103,-0.00020754549832666005,-0.0027453413739965274,0.035672090607111025
18,Centralized,-0.012177513653712831,-0.008335844165906707,0.003364630719205246,-0.000313895433177199,-0.0029016067984259956,0.0363922012469987
19,0,-0.0022990934741673416,0.005544747300898367,0.012780168003341679,0.0006755840878091148,0.007296605982365864,-0.04019003195122208
19,1,-0.006009648296573879,0.008516082562703167,0.01229956601250295,0.0025836653346560127,0.007642082443317314,-0.03957020021639275
19,2,-0.0012012940057511356,0.00645950525356478,0.012059650930044725,0.0033229245464151736,0.008663348275621499,-0.04556046065725888
19,3,-0.004463204181945253,0.006749478743071463,0.0090584130366443,0.0013078421181466197,0.007570663907096285,-0.034252219462517705
19,4,-0.0027512248187939797,0.0028413286338170845,0.017063099028173306,-0.0015127973448632826,0.006957506091268855,-0.0459464189990671
19,5,-0.05112529879530836,-0.04908378278430829,-0.047901701369817536,-0.06315908935412294,-0.03668295257483058,0.2387755503675617
19,Aggregated,-0.011485455240732415,-0.003366430079087916,0.0023353428375454967,-0.00970255697853217,7.691909157122494e-05,0.00658044666043916
19,Centralized,-0.011607506849768936,-0.0035071561292756392,0.0021806121736016315,-0.009867139782101048,-3.626170590753128e-05,0.007296455438772734
20,0,-0.0034054101418356754,0.007794134424851535,0.0019426425620387142,-0.009823507822980975,0.004460264724608011,-0.0010655428058962758
20,1,-0.007927461488230963,0.007579858754273251,0.004648616070002579,-0.007345564605959391,0.003405144797706956,-0.0029971753410761724
20,2,-0.0012656178281879476,0.008158272811719054,0.002511025407835207,-0.008879391457426493,0.008071380324069587,-0.006563758361818032
20,3,-0.0006288210539517309,0.0065504646648766405,0.007242965373835985,-0.0027024614179083995,0.006435946008077389,-0.00735364398506624
20,4,-0.0023417376896440953,0.0068987717584310885,0.004848047676293183,-0.01606569701325111,0.0058869273689661685,0.0005017694290510133
20,5,-0.04986429509986502,-0.04168536924311374,-0.04674348622472969,-0.05205671391262128,-0.0706804688210402,0.277673346144456
20,Aggregated,-0.01107889976593105,-0.0009659639736291944,-0.004447397653869394,-0.016305338720779577,-0.007353161338814939,0.04440835760173413
20,Centralized,-0.011198445482352253,-0.001091350287437965,-0.004577875223158305,-0.016415491360601338,-0.007548626711863484,0.04512757099041587
21,0,0.006043449702270984,0.004266928114485094,0.012922991906158239,-0.009647447774163457,-0.017523559762415233,-0.0006447135110765662
21,1,0.0015874083462146138,0.004267522218925471,0.013065139448169415,-0.00525613633810422,-0.012546120863123865,0.0010532507280921804
21,2,0.003535034937242502,0.004536133897285312,0.01518983756118575,-0.010195569696965242,-0.01225098023979298,-0.003554728683707292
21,3,-0.001513939906366858,-0.0003974069725598802,0.009048118731433661,-0.0015460996324965703,-0.00074751198346652,-0.0036263440891012373
21,4,0.004712373443236113,0.0017717534648926737,0.022124920040980045,-0.015377741112839462,-0.01890704135695639,0.0035449951409450313
21,5,-0.05205089114061769,-0.05391960866964014,-0.03545120271199826,-0.06355061161002919,-0.07598490990581759,0.27013235899804133
21,Aggregated,-0.006484741698276423,-0.0067897492343879555,0.0059648677397790804,-0.017800072709669268,-0.02322913402254303,0.04548813297143328
21,Centralized,-0.006625241959942179,-0.006935018568832023,0.005837180765827129,-0.017941189169795826,-0.023391746564277578,0.04618075510599749
22,0,-0.0012605884819607645,0.015510103126794702,-0.015448122807256014,0.01140458956425411,0.0076158183767768145,-0.025143987360010157
22,1,-0.007256562522115496,0.01312883515099932,-0.010427998223792945,0.009699499542904156,0.004704921148318513,-0.018630177432084984
22,2,-0.0011988719789112715,0.013998241831282088,-0.014474907301249054,0.013087636411216533,0.008879098299534625,-0.025696217668437802
22,3,-0.001399475046954106,0.006513021323665385,-0.004423270091471237,0.007018529390806664,0.0020583309298294735,-0.016153375598555585
22,4,-0.0024814472136557805,0.015113938987115988,-0.01740279778127194,0.012656265310987999,0.008841089884485724,-0.025661650110739384
22,5,-0.0525513633162129,-0.03694970827164195,-0.0761724919187149,-0.03482674835832696,-0.051641228707850574,0.26557908985567374
22,Aggregated,-0.011209486258920903,0.0043677463429984235,-0.02329459050367276,0.0030042183640617707,-0.003472275250400216,0.02678285933729481
22,Centralized,-0.011337049253749822,0.004240263194736336,-0.023457609894816607,0.002887676230979683,-0.0036207847798448737,0.027519143483190393
23,0,0.012548868293015538,0.01434332812396395,0.0021685530221278123,0.010327371960862166,-0.0014110350506651138,-0.017287111955446556
23,1,0.004858804434248227,0.01140452601826947,0.0035697252331685653,0.008987751484446862,0.0035228742893884156,-0.018934067323073015
23,2,0.008128146232725524,0.011443953231633153,0.005026015854379655,0.010212710510388377,0.0003425003967151634,-0.018768142352341893
23,3,-0.004211529865213248,0.002523375480352756,0.006847041380843977,0.009407231316080488,0.0031502885061878753,-0.010845236912406225
23,4,0.012441265749764284,0.014152244156531666,0.00689200423694115,0.01296369677111114,-0.004982967073018611,-0.016297103369223985
23,5,-0.020537062850796386,-0.05357057344712782,-0.05613793263697832,-0.03394691368790645,-0.04406752897391476,0.23925992285153405
23,Aggregated,0.002103561517608771,-0.00018910082003862185,-0.005498752509696947,0.0028276192712643044,-0.007404833605973999,0.027136082997567614
23,Centralized,0.0020337603220934217,-0.0003534292808512793,-0.0056549364790488095,0.0027141807370383115,-0.007517775187598655,0.027790133539276615
24,0,-0.018519010880467875,0.009174053524495056,0.009251064729894507,0.0069211562342121925,0.007018141019947356,-0.034416077236567345
24,1,-0.018075147686373402,0.004754060988344335,0.008804438385414075,0.007660557164709545,0.01080282957676811,-0.027147201597242817
24,2,-0.01641118337238441,0.007523810370591997,0.009905373716916164,0.006257554316202726,0.011444279597311476,-0.035168524404946576
24,3,-0.0063225860942773444,0.0021743889061726727,0.010036187302593726,0.004166942076634445,0.008972147154483995,-0.022576372453680223
24,4,-0.022732943158109937,0.007380706419015116,0.016893028048779273,0.004103274199535066,0.010377943040370503,-0.03891327424828538
24,5,-0.04982595282487329,-0.030777096635606165,-0.055117689982573645,-0.04536888636468414,-0.03915984133374881,0.22615157401089928
24,Aggregated,-0.02210502972980203,-9.878915858507666e-05,-0.0002830041879245827,-0.002899706784749095,0.0013946673085527867,0.01227754890972746
24,Centralized,-0.02219053954058649,-0.0001933161015427149,-0.00045201801960419684,-0.003030645257155264,0.0012696130107142977,0.012936924900191372
25,0,-0.006336708806357758,0.011501664774387995,0.004519932184127206,0.004981253349122411,0.0060828529933608395,-0.008022545564718795
25,1,-0.0033613817578636044,0.008992823704768883,0.00932554421938927,0.0014567081031369388,0.004200281149513348,-0.007846207601324519
25,2,-0.0035897237429447486,0.010677125908383267,0.0038437346411351733,0.0058097064537726935,0.00684905850972791,-0.0104169291084632
25,3,0.00019071345105129152,0.005149711189554447,-0.0002910091502269016,0.0033150275747535255,0.005182471093120765,-0.009137267466223408
25,4,-0.004125949895382407,0.011236187967397877,0.005819897933154075,0.004723357559921235,0.004591202042259531,-0.005787084370637994
25,5,-0.04137186139548406,-0.055967671180178605,-0.05064379297410336,-0.07334028834914685,-0.03132781490850745,0.23757782489902948
25,Aggregated,-0.009906446244909132,-0.0016444781594852382,-0.004775944827126055,-0.009129348817470033,-0.0008731019689792554,0.03363942168196771
25,Centralized,-0.010003665765037698,-0.0018111331597247377,-0.004917535793842124,-0.00932746271987836,-0.0009671806274389695,0.0342680528235933
26,0,-0.014755414032653002,0.0008108159115688509,-0.0018411632610935147,0.0005844480986242824,0.006136340004786785,-0.005869642070616428
26,1,-0.019363195637785442,0.0034795958729001214,-0.0012736591909201513,-0.0015134896599271956,0.005936304368815163,-0.007592087734767205
26,2,-0.015163919770734986,0.0010236744651132687,-0.001517264406117185,-0.0012661035782232577,0.007135393563920984,-0.0071701975891413266
26,3,-0.012451973099007555,-0.00038953106476288547,0.0031294098966082387,-0.00018165913910736943,0.0071137041267304735,-0.008401431929121241
26,4,-0.018207666087261674,-0.004078040378569421,5.8241503224208215e-05,-0.005206487733974697,0.006823859570762657,-0.00317667121013923
26,5,-0.06596000722605505,-0.044977561619822054,-0.08455875838868755,-0.04940293635621544,-0.04021327604262587,0.25258972450817235
26,Aggregated,-0.024502315083853497,-0.007522571074716866,-0.014646323450941958,-0.009675258595225503,-0.00135162907301331,0.03769039293571977
26,Centralized,-0.024630177956947753,-0.007638075767193281,-0.014861827183847275,-0.009797756251344011,-0.001471343134329654,0.0383530814180134
27,0,0.0152322751103831,0.00983841372495406,-0.0002306212944230485,-0.0012854164850741945,0.004360380448956297,-0.019531164830355958
27,1,0.007370568468756601,0.01082348336997121,0.0010802217827835944,0.0011596558781773966,0.006844654997294649,-0.01746989797084313
27,2,0.012372815363577575,0.008550903922605812,-0.0013597779127784205,0.0013956404871312768,0.00707859726581929,-0.020855609838647704
27,3,0.007243430967249208,0.004024899473997397,-0.0008987905254771383,0.006712475931857973,0.004359108684759487,-0.014121964199960414
27,4,0.019412214752050468,0.00780033914821239,-0.0019285711215765128,-0.0007841580384580285,0.00600794565561633,-0.01750071540748959
27,5,-0.008647125100887892,-0.040882096766292834,-0.05754769614497897,-0.050284127055191585,-0.04432937932791515,0.25983221817752356
27,Aggregated,0.008752930979753281,-0.00015602548213849488,-0.010358440902151036,-0.007372770811330786,-0.002798727232186652,0.029421911057436696
27,Centralized,0.008699206056544694,-0.000281754262006195,-0.010504011369054385,-0.0075051288977285475,-0.0029268219400258723,0.030132125624219182
28,0,-0.004252776700696741,0.004570765869478686,0.002841270913385776,0.0032899672897634784,0.015086905317306961,-0.018350116573416248
28,1,-0.010343344656060394,0.001463898097321812,0.0033132253444176636,0.008325916888925441,0.011972739387503376,-0.01439235959378471
28,2,-0.002935947863263993,0.0020352618520778766,0.0020818856593915625,0.005187020534268376,0.01216627177920704,-0.01713149012842024
28,3,-0.0015736917430665095,-0.0027193019221271367,0.0033914619661916568,0.007522490229260252,0.0015666340172765993,-0.011015243650656833
28,4,-0.006773068717686787,-0.003083604379337951,0.004800299812706175,0.003326422499550871,0.015559112427632731,-0.013217890757180412
28,5,-0.018006719525210085,-0.048876302519891494,-0.08403364477381238,-0.06778887479693498,-0.02714842892466751,0.24154967843959582
28,Aggregated,-0.007361833112339854,-0.007951119678846014,-0.01159134796795152,-0.006961364354468024,0.004724755680315157,0.02885767507534172
28,Centralized,-0.007394671193203467,-0.008077352445413277,-0.011814677100526264,-0.007148902283661825,0.0046263520996511305,0.029513402271003044
29,0,-0.011711910630337379,0.011632860243307138,0.0004530465539146662,0.009084340167852563,0.003218173783332396,-0.018920465223373987
29,1,-0.014382886214012605,0.013234589789728508,0.0015517782557207883,0.005903111476525779,0.003961165208622577,-0.017414427708031442
29,2,-0.010056544892319195,0.01076049378634394,-0.00012907533927372972,0.011641327978571581,0.005521908513174319,-0.020151920526313653
29,3,-0.0032742873394461685,0.006839566920154495,0.0033982875664534877,0.009385319378848983,0.003273580320816256,-0.01814884128042379
29,4,-0.011759591991266923,0.010618938799665882,0.0027423099585136322,0.01259020040093115,0.0017694229138919915,-0.020133708450609727
29,5,-0.06761863375060875,-0.03249617586144992,-0.07023929366017573,-0.03811735757167995,-0.02630634716773241,0.23383378125204402
29,Aggregated,-0.020013403276254466,0.0032718551577514817,-0.010636870654965179,0.0015704479712772578,-0.0015377138737470313,0.024114695016072468
29,Centralized,-0.020160093235942457,0.003161705970591668,-0.010820610286665278,0.0014482096187425587,-0.0016139562863769006,0.024761346519672055
30,0,0.008064220149007898,0.012174089616719903,-0.0011868826862097691,0.003993178185679711,-0.004844105015136627,-0.01612997925412104
30,1,0.0031031363216912746,0.009846559699427134,-0.0018220389102680393,0.006486429099627997,-0.0011109580289618288,-0.01780718431802174
30,2,0.008575272577840198,0.008727733521557568,-0.0007926730070933937,0.005781593076285207,-0.0016867660705317253,-0.018362924590652818
30,3,0.005687449047952829,-0.002470338805585472,0.0006364318249704149,0.005274285411988901,0.0040856476987391355,-0.014007990784556962
30,4,0.011762618236164011,0.008628764320070025,0.0015514523825151509,0.0032904353214549538,-0.0038283507740880826,-0.01669919103668967
30,5,-0.028311834527374142,-0.06765972147999796,-0.06298778838805483,-0.0373218764244518,-0.03802075682345819,0.22971958717555527
30,Aggregated,0.0013475875578551112,-0.005403724613442498,-0.010999267395832226,-0.00223945217909034,-0.007703046316423693,0.025365367812127827
30,Centralized,0.001256161674372459,-0.005595664713915894,-0.011159568181490548,-0.002347516765252415,-0.007796696720939885,0.025995488583810837
31,0,0.015547675912891693,0.008650711624567384,-0.005060166272471918,-0.02412506377683197,0.0020729489209680525,-0.01924649567088665
31,1,0.01174701605684459,0.008375979949321129,-0.002044223659045366,-0.013666559366728634,0.0027872705530624466,-0.014361562447084713
31,2,0.01462002778216078,0.00818499198946351,-0.0041384221394847815,-0.021913750604745288,0.004845678228636499,-0.02080911858087545
31,3,0.009235244307156509,0.0021267006946197936,0.0029910183093713183,-0.011334031474425951,0.00556392073831316,-0.011664664490624081
31,4,0.020289006148218217,0.005506863805214739,-0.0026765251425222873,-0.034163426555477674,0.0034523601151590596,-0.017773563832774984
31,5,-0.002061738302959534,-0.05217708180640786,-0.11415673046993215,-0.045428950380745715,-0.03417103595571899,0.23846684706182364
31,Aggregated,0.01150225080368714,-0.003439792577593039,-0.02126267718225521,-0.02519572485009322,-0.002715393443745116,0.026714950862978468
31,Centralized,0.011460591487736546,-0.0035901204820601965,-0.021548890971172432,-0.025258168137086257,-0.0028123144638910326,0.02736801780705382
32,0,-0.003506484754934967,0.01675051535992037,0.018839209603385806,-0.007270005534266096,0.01677691287352686,-0.027656730081700564
32,1,-0.009654443792085136,0.012220472355137622,0.013343938959428783,-0.004117554316361846,0.01463780876277187,-0.021049764067413976
32,2,-0.0030637766879463234,0.013225993450773967,0.01876090286570928,-0.005791057253568794,0.014607553016341868,-0.026019374104813923
32,3,-0.0019213112169521721,0.007913496428182785,0.011739476248246995,-0.0029693754376969054,0.006404431956466472,-0.01610043999252542
32,4,-0.0048774531355864105,0.013921626679468951,0.02828550423670875,-0.013660762373016912,0.01866741249102634,-0.02592964047452614
32,5,-0.045497495054654016,-0.006176494915907243,-0.05552435087087208,-0.05332913358742512,-0.008472539347002967,0.2160073219893087
32,Aggregated,-0.01157178406304116,0.00957221625825902,0.005634112924032779,-0.014695645052964152,0.01035279438908485,0.017429394661271334
32,Centralized,-0.011676554508266148,0.009523546563643405,0.0054454452414716276,-0.014814729861916459,0.010294639719816066,0.018041501886031788
33,0,-0.001029489689042173,0.019666467770934684,0.011029839782818166,-0.014252548828491678,0.01292187331246,-0.02819296446650703
33,1,-0.0010722738043830477,0.015847471635925,0.013285067606529663,-0.013038837181220413,0.009245171422036704,-0.023936669380578455
33,2,0.00043261211325655504,0.01608012628131271,0.012482302964314735,-0.014424397946541625,0.014442388192460015,-0.02812486977985205
33,3,0.0025598632917621994,0.005419051268715321,0.010269113827999611,-0.00984660789030756,0.009316347404535897,-0.019821243264510447
33,4,0.0027993370461989278,0.017629692820128915,0.018489324524549277,-0.0233708247807036,0.016197477179524297,-0.030690972858827336
33,5,-0.03203746185930765,-0.04014501531103921,-0.04970132344331246,-0.06941579124422859,-0.028782411990522172,0.20251688795588238
33,Aggregated,-0.00484609448117899,0.00554542930656004,0.002409490053328716,-0.024259981652734172,0.005404019068051588,0.012806230228950593
33,Centralized,-0.004930024422108463,0.00540481156522599,0.0022488974755700175,-0.02439880972059898,0.00529874654942313,0.013390809135134029
34,0,-0.01151165143053301,0.017975402649555536,0.0025645088232127693,0.00943400987148285,-0.012320097767334654,-0.027337080842532446
34,1,-0.014005700112388454,0.017340594237669715,0.0032982669984320486,0.011153208408830197,-0.008809310473162012,-0.01852894450305876
34,2,-0.01146806569636439,0.018563793583424068,0.0028656744438680967,0.011057753450231387,-0.011885541595714505,-0.027269652484775177
34,3,-0.0054094855181058095,0.009099863231190072,0.0051062704988875185,0.009458995755004324,-0.008263702087229843,-0.016089774074451613
34,4,-0.014532598556853411,0.01993759014345491,0.007757108617723488,0.012765450244351221,-0.02151184659484996,-0.02928812694612532
34,5,-0.04924846343885073,-0.03306219428176117,-0.07586125293056711,-0.02118484700683517,-0.05888703589559581,0.2282003776330775
34,Aggregated,-0.01783638331044738,0.00812509764490172,-0.009342195800183587,0.005328931121427319,-0.020451368587675742,0.019215145341713744
34,Centralized,-0.01793311070880213,0.00799809143745543,-0.009547291585826666,0.005247216769291706,-0.020569879095460483,0.01985948351780247
35,0,0.002185744969671802,0.013004436989554884,0.01163643189190471,0.0036587532643571137,0.011840678253661878,-0.015696743273791895
35,1,-0.0019535600774722955,0.011145340956115166,0.010761166340831407,0.00018433253532492805,0.0054164817800860295,-0.015519656224395521
35,2,0.005091163454362382,0.012810577256796404,0.010991174400688114,0.003178837798987949,0.010551741381299707,-0.01887438505645187
35,3,0.0033934395971883945,0.008574892834816598,0.005238695872073119,0.0012720273637534846,0.001355127119838468,-0.014675767906777106
35,4,0.007916282237427519,0.013663531812757175,0.017580277756565687,0.0016994548643117853,0.010606038101431953,-0.019079687729234445
35,5,-0.0216323975269326,-0.044279355917962955,-0.06633660339074192,-0.031181805676698093,-0.049667761687065964,0.21522001350132183
35,Aggregated,-0.0009257648340928672,0.0022784908930622997,-0.001975788952826362,-0.0036544273641003874,-0.0018632672137391506,0.022755804122558815
35,Centralized,-0.000989785509759156,0.002134834085070434,-0.0021744724738479754,-0.0037394542473659894,-0.0020110204195959765,0.02334878766737483
36,0,0.003224197716089844,0.013731895862060957,-0.015892013482891938,-0.014718567367994267,0.0024818539680992124,-0.010910824090454681
36,1,-0.0015706729779623458,0.011659810336441263,-0.007046646012653441,-0.00866242039260918,0.005528442189159189,-0.011583614544673576
36,2,-0.000141449672748839,0.011721012660257274,-0.01074723449513532,-0.012383892041425475,0.00530764915627513,-0.013674683523299229
36,3,-0.0033981956204827165,0.005668146893269364,0.0012614140203532653,-0.004934240935950814,0.0035625275316843274,-0.009557537896575735
36,4,-0.00038628448959268614,0.013278800046716326,-0.01160357232942701,-0.01978348357098193,0.0032548360872432435,-0.01213237812290583
36,5,-0.034083712306857784,-0.04538441684867468,-0.0643108163221599,-0.056497886077311675,-0.029065560174286947,0.21268242027657472
36,Aggregated,-0.00618404414627473,0.0015693588813394336,-0.018262281610742524,-0.019661380823427905,-0.0016110768086053063,0.02663539211437589
36,Centralized,-0.006270018257324735,0.0014246192779127234,-0.01840436735533521,-0.01977496995939415,-0.0016957742743514655,0.02720907527482764
37,0,0.0068468938148606535,-0.0015279708135196054,0.00399831521684383,0.0117684954290564,0.020145408554645337,-0.02419422527249881
37,1,0.0009449798418218819,0.0003872183240903926,0.004811161384582194,0.01249701862985145,0.011134589800529095,-0.02017032052377738
37,2,0.0053040714924278655,-0.00039997677800389944,0.005878204022477773,0.010795029647113203,0.018238138024608656,-0.024354358365442665
37,3,0.003410553539995204,0.0004060607734340691,0.00699222927766413,0.008061007238666323,0.006773529189196002,-0.015487994346174788
37,4,0.009846958441184116,-0.006657338841767029,0.01301038936473749,0.010970956282109314,0.02294199975432475,-0.028347831313714815
37,5,-0.028442630746999414,-0.041913414695987375,-0.058332374889666944,-0.04112557828043968,-0.021302891459687705,0.21825977610087885
37,Aggregated,-0.0004731986512575377,-0.008433866271991663,-0.004182357189518091,0.0019685553445048147,0.009517384726159423,0.01851024305642716
37,Centralized,-0.0005596856678035332,-0.008537009068185643,-0.0043492466545590434,0.0018357053551231496,0.009422309876302853,0.019126193388322846
38,0,-0.008308927539228463,0.0006762775661311533,0.006833307140831065,0.005038138400525063,0.008004513076831657,-0.019275066255105628
38,1,-0.011743757302764304,-0.00033662406705419493,0.009474000027209228,0.007126927559374102,0.002931172884553658,-0.015409256128354738
38,2,-0.007566817442986678,-0.00015480063526675418,0.0062516657556057394,0.006266131065314981,0.007867264669169895,-0.020485495201170354
38,3,-0.00215985279812325,-0.0010946548171209022,0.004891687467831411,0.004584988415910853,0.002632118434418418,-0.014381778277251173
38,4,-0.008584210073796174,-0.004140095479745259,0.009490781247484564,0.004605706263877883,0.00617893395350708,-0.018090856454445164
38,5,-0.05733005242534266,-0.03219416495076976,-0.06926989076440387,-0.026442752853624966,-0.043910766370133955,0.2257230903900963
38,Aggregated,-0.016133056914036784,-0.006322969186567017,-0.005672309852728247,7.799466138232083e-05,-0.002899418166965679,0.02391537360871075
38,Centralized,-0.0162601286691511,-0.006402846249853048,-0.005868463132319395,-3.8629108617304865e-06,-0.003025915587592028,0.024537551077022324
39,0,-0.008618184225853986,0.005266049560740215,0.00741358615550456,0.0077090418719965425,0.0021770371028302948,-0.02215950638824194
39,1,-0.00840602901671165,0.008785916801194681,0.00546467053072023,0.003830050189973031,0.003651761380447199,-0.017044856843340464
39,2,-0.004731997002479014,0.005598207536437345,0.007805809368312951,0.004921310413788645,0.003082450842283871,-0.021255563127516884
39,3,-0.002163453947471591,0.004579739945469325,0.008037312477426227,0.0022496463269360127,0.0012268028583426816,-0.01400427310166284
39,4,-0.0066125139743581415,0.003431867360532589,0.01597811224686887,0.003147591053600527,0.0009079385481590257,-0.023026829738562366
39,5,-0.04571823760726846,-0.031501846943988165,-0.045923509281932805,-0.047272267579955396,-0.042506277572923384,0.21018237137170703
39,Aggregated,-0.012855276199561047,-0.0007773272457564436,-0.00040742691565458895,-0.004427257366443307,-0.005409178232169102,0.019633505405488198
39,Centralized,-0.012956606236649175,-0.0008721151818872823,-0.0005478652318055611,-0.004559402717975573,-0.005523612398390963,0.02022096146223242
40,0,-0.004686229029416826,0.01082141525351314,0.003863444882023417,0.014255533314132918,0.0028224114684285927,-0.016243980462390263
40,1,-0.010324271331828153,0.01332708475790008,0.00412785808027404,0.013052783936930035,0.003240459640068267,-0.015261474122469317
40,2,-0.0036042131236544675,0.010612403504717411,0.0035980202301269327,0.01226918606864944,0.004538921363550757,-0.018445623141420488
40,3,-0.00017616866194168488,0.00513405872742354,0.004305080646535161,0.005449267762074953,0.0012901463447752704,-0.013765277763201286
40,4,-0.0032416033181478627,0.0096527082867615,0.0073448435328994565,0.01432717064045733,0.0025619081062978446,-0.018304711093061272
40,5,-0.03591859608532351,-0.04451027228742609,-0.03099089965875171,-0.02354011815625083,-0.06437116786157172,0.20848329652212266
40,Aggregated,-0.009775354893136346,0.0006377873363900529,-0.0014240842396327415,0.00583767320278355,-0.008568948881830064,0.021910881518808874
40,Centralized,-0.009855845902605893,0.000498344781964965,-0.0015151535009320408,0.005747067956409607,-0.008740910380280069,0.022486175934749362
41,0,-0.0031124736321219934,0.004264998473759838,-0.004053088504229384,0.013028849819065323,-0.00900646675536041,-0.012750533116002858
41,1,-0.007281815472079258,0.007809130304673653,0.0013622623575183569,0.006974430473786555,-0.004431650330124109,-0.012958411296245632
41,2,-0.003359134474236126,0.003868620066345421,-0.0034470940138696675,0.011850301613817569,-0.004237719343388101,-0.01655772254823681
41,3,-0.00543093525126524,0.0017623180025388475,0.0012859897886456084,0.006911582320892072,-5.389042228448604e-05,-0.01108095322959869
41,4,-0.005332211902656334,0.0027557726924071005,-0.0017275494056733928,0.011435147697820426,-0.010044628473628102,-0.01334439778260632
41,5,-0.057687904358294566,-0.05881903611045955,-0.050865767735281536,-0.0028658460154975967,-0.057085870846928614,0.22494919533666405
41,Aggregated,-0.013896461792868737,-0.006626296402940039,-0.009757930098198614,0.007841224821092797,-0.014334438880980748,0.027259724588215878
41,Centralized,-0.014031383903537462,-0.006787257094010656,-0.009884715599987055,0.007808180286696339,-0.014466135898610614,0.02786917012785797
42,0,0.0032319952672786594,0.013475001820727415,0.000720852675879046,-0.004229172007695826,0.01085425462347044,-0.016980759186515655
42,1,0.002389241507698551,0.009981016468139719,0.0029954518933696657,-0.0030374451429321775,0.007678156589645798,-0.017508781788552228
42,2,0.002490747027667657,0.012401053016163661,0.0026318018796103898,-0.0032717843267016994,0.010295807065445176,-0.017476946962669236
42,3,0.0004280891089759059,0.0051098253011663776,0.005985373613409766,0.000667058108834074,0.0016009326363474988,-0.010199801258619851
42,4,0.00258427407631941,0.011924870224050555,0.007417685805433432,-0.008555990218367508,0.009622533293812328,-0.015024198886504237
42,5,-0.015423773409357147,-0.0369948963593374,-0.04038661707841513,-0.05759551258451406,-0.03254440895199222,0.20388502983422038
42,Aggregated,-0.0007820091229130057,0.002473085198153623,-0.003603635084069326,-0.012870363297258236,0.0011008427029893697,0.021928968406282487
42,Centralized,-0.0008271263758897456,0.002351493239056074,-0.00371685697897584,-0.01300812263783281,0.0009972038176056645,0.022489891259798802
43,0,0.0008133338030632724,0.022760264680192054,0.002486457273943758,-0.0022441577766240343,-0.0037160797779623505,-0.030670530385699078
43,1,-0.0038695397439222185,0.015590965908064577,0.004017686044633216,-0.0006756649911976011,-0.0006611678300882946,-0.0233934855058805
43,2,0.0014302059893604514,0.020865038036846157,0.004016078549871851,-0.002051449818188039,-0.0014064352397448823,-0.030506520959230364
43,3,0.006091873154779521,0.009751986130936623,0.0014356466495571293,0.0003238127808302337,-0.0014116664807562807,-0.01746926310401933
43,4,0.007154557960860379,0.0237740014362833,0.007552902432195165,-0.007498291255595532,-0.005358208472029522,-0.032291910852327535
43,5,-0.044322737796787005,-0.039296830763138425,-0.06962443434825286,-0.029751297878588406,-0.05038670462120627,0.20049661974116353
43,Aggregated,-0.005623342629466204,0.008693090808454691,-0.008625232696628543,-0.007084147191289645,-0.010667559469486254,0.011870506557234694
43,Centralized,-0.005742615503578328,0.008545148643256496,-0.008813299622323672,-0.0071541568342095435,-0.010790039029838537,0.012452082970976951
44,0,-0.008491367458222147,0.021208250299592994,0.0029909042046771276,-0.011535256130509531,0.0022128291576606913,-0.0035553352805674098
44,1,-0.009336016596652917,0.014848105673904136,0.003748641889152604,-0.008697795995001515,0.008610446992239864,-0.005878938959651137
44,2,-0.008386533177181096,0.01952966516342771,0.0031791383264983394,-0.008577339912094249,0.0038445569310205795,-0.007070234315553113
44,3,-0.0022622181618529463,0.006179794679885593,0.006081816852885365,-0.0025641685598184073,0.0018964639230350403,-0.008772109507665807
44,4,-0.011774696010681731,0.022931637197648375,0.007765752764160048,-0.013501243657967506,0.001934830833285548,-0.004575909815678524
44,5,-0.05736822926219623,-0.01752577032137073,-0.04974793822516735,-0.04898256321119025,-0.036518817463366285,0.22096494513184547
44,Aggregated,-0.016452706117735843,0.011067489344197427,-0.004532361487853082,-0.01579140163137912,-0.003152405234427564,0.032693506140963516
44,Centralized,-0.016578824064183945,0.010979338501412493,-0.0046718185510949695,-0.015893774158197874,-0.0032552224900979734,0.03327397150689443
45,0,0.0059714910363827525,0.008768390505670182,0.012637143229897816,-0.005235625203072045,0.00879951876563421,-0.025059895521210556
45,1,0.0030790911519269124,0.010120913898266021,0.0065191663666306085,-0.000736332710220781,0.006619362002870703,-0.024050359324856316
45,2,0.003742319168118027,0.010843437042679134,0.011399138471642105,-0.0030770645736407946,0.007413652034865824,-0.025507260736311526
45,3,-4.669372777718833e-05,0.005798912324457544,0.008497810422680729,-0.0008985286769217156,0.00313804305950427,-0.015523226381783273
45,4,0.003703889832027578,0.010674277118966423,0.020924998867069722,-0.010452268248377713,0.00865465035253649,-0.025515731083121676
45,5,-0.003599713360051107,-0.041164479717045684,-0.04308416994373076,-0.04580956072648786,-0.03734192074158694,0.18945581683110702
45,Aggregated,0.0021161847700074,0.0006533465492436397,0.0026114549790601993,-0.011189622669927868,-0.0006169165181173727,0.0130881261198496
45,Centralized,0.002098523903996191,0.0005243897882263122,0.0024705765917839295,-0.01129648675042974,-0.0007302428650666523,0.013631777282830038
46,0,-0.005323147486976359,0.010132947380707708,-0.006276892431546573,0.004061714750688968,0.01052306875088373,-0.014423114979850653
46,1,-0.0037095373192855352,0.01010194383925293,-0.003838482991549894,0.007739091225485675,0.008450693959706134,-0.014449400728936652
46,2,-0.004797888151892757,0.009602010355467604,-0.006193056976079417,0.005579135883482304,0.010076140351802331,-0.016190837502535346
46,3,-0.0022319568518205904,0.0037909678175406603,-0.0006181376316051826,0.00783601481194789,0.003510474668113191,-0.011625414260379004
46,4,-0.006034556142203219,0.00779025474707101,-0.005232296933223039,0.0058433594261375465,0.008880005509781474,-0.015058266183844352
46,5,-0.02135439130843405,-0.030252185410742018,-0.05514043619751627,-0.033064360733919176,-0.04022324876827546,0.18959886720239089
46,Aggregated,-0.007304704771904082,0.0017181058051286256,-0.013071235965573066,-0.0004798034124939354,2.2984312571670785e-05,0.020398176462232763
46,Centralized,-0.007347823056580506,0.0016196017692691942,-0.013200907599585957,-0.0005803562492075273,-0.00010099101863544578,0.020919921129668458
47,0,-0.009160275476410242,0.01185865500838085,-0.010953359704127632,0.006770885930248727,0.004629941256021015,-0.004292819047574689
47,1,-0.009684661701590002,0.011707732851101953,-0.005359203346989637,0.006454767538581676,0.0013376300248567972,-0.015612069824237166
47,2,-0.008064427190537833,0.01215161450218177,-0.009522988271310649,0.00708088232815651,0.0058265419387455025,-0.009322152833056539
47,3,-0.0015226006505777822,0.006659640658024838,-0.003300456294691813,0.0071967667090217105,-0.00024146569989799712,-0.014257328662455982
47,4,-0.008696727136002922,0.012837148121190866,-0.012157150149735254,0.007369233850004458,0.005466644235626616,-0.00606431900181204
47,5,-0.06694776208105742,-0.038275157033204214,-0.02349486999269227,-0.01638315424132372,-0.07012905569016593,0.1822459691285436
47,Aggregated,-0.017566772864538945,0.00264040948416262,-0.01085449790964394,0.0029949575993428275,-0.009124274389733502,0.022828692740777617
47,Centralized,-0.017719039563710934,0.002514294798745594,-0.01089363744312878,0.002935227304255598,-0.009312254580598733,0.02332022936794199
48,0,0.006813967487977967,0.006706179347774457,-0.015176087178263778,0.001681760479784853,0.008727154911100479,-0.024262999272681298
48,1,0.0008052326411670333,0.007917139311444218,-0.010377100753763661,0.007192052706795678,0.010344608601752363,-0.02180612761388343
48,2,0.003263129259137727,0.008826035743661262,-0.014186907249656593,0.0032009779261202966,0.010666397331165778,-0.02222519323532227
48,3,-0.0011842363719117848,0.00762324457812281,-0.004011984806603077,0.005555427806458804,0.004169435122702436,-0.01604057153984696
48,4,0.004328230029352776,0.009017657222708664,-0.015811424658857196,-0.00048164056621420007,0.013091445534353244,-0.025841630960908496
48,5,-0.030238827746218458,-0.027492484541587123,-0.05208292844945288,-0.0467149413872191,-0.039759573120884725,0.17848332161620956
48,Aggregated,-0.002824605779171678,0.0019679618110128184,-0.01875668296333729,-0.005113654710598478,0.0010243037533126508,0.012127954174644344
48,Centralized,-0.002909075612500859,0.0018771444098693263,-0.018859411509384284,-0.005241982610578902,0.0008985565701732602,0.012640793502512038
49,0,0.003939466606203973,0.011246507702344057,-0.0029105425009147657,0.005370954332633161,0.008228135021480891,-0.015754637010807367
49,1,-0.00033548537950912297,0.009810908433400914,-0.0010500308387571718,0.007204603049108295,0.009587969862915519,-0.01803526311455946
49,2,0.0033960267747654336,0.008130668267846721,-0.00017532516253596897,0.005534447473424838,0.009914423751651249,-0.01662607604106539
49,3,-0.0017438178181761986,0.005100659637868813,0.004935348957397852,0.006479986763533622,0.008445433722302957,-0.01408077696915001
49,4,0.002736981488939892,0.006280857854423566,0.005348473432022608,0.004394086704306551,0.01287465515009258,-0.016373232580246446
49,5,-0.016775703364653543,-0.03895761229221877,-0.041879701922433524,-0.02484196181614693,-0.028894954980980245,0.19348764698276943
49,Aggregated,-0.0015318840833289111,9.413199856640611e-05,-0.0061151379658252085,0.0005767495717559798,0.0032157654880489083,0.01954699858388922
49,Centralized,-0.001578803970633712,-2.6413504057724934e-05,-0.006225403625152965,0.000498464165248134,0.0031167917880689185,0.020083226979663707
50,0,0.002056577251043225,0.0070293645384200834,-0.006434809699513486,0.006911217841740985,0.0157912042081839,-0.01984911751263349
50,1,-0.002226153455848116,0.005652245571465644,0.0018047877709655034,0.00541096497182117,0.010959880731512614,-0.015236233297588123
50,2,0.0019931290462259495,0.00561330109166456,-0.0016126009728301249,0.005081308749981034,0.01226642803999674,-0.021230157153833435
50,3,-0.001159065567097162,0.0039962915591921135,0.004939316954393095,0.005426719179278092,0.004495411268243468,-0.018073614161660406
50,4,0.0014977587691733765,0.0017883727885973978,0.00273043356877975,0.003630076778295761,0.01607230088343523,-0.02395469742023628
50,5,-0.043767694990701655,-0.05043486225109789,-0.048639125935941684,-0.019858377312150587,-0.025839315154062292,0.2075165432050011
50,Aggregated,-0.0070981278249026255,-0.004597407914738568,-0.008050069987694499,0.0010070649947225372,0.005484324409713506,0.019037816965474453
50,Centralized,-0.007211251598357813,-0.0047389034523180155,-0.008175267676314421,0.0009427163331659087,0.005387624582226591,0.019618708924245217
