Round,Evaluator,4,1,0,2,3,5
0,0,,,,,,
0,1,,,,,,
0,2,,,,,,
0,3,,,,,,
0,4,,,,,,
0,5,,,,,,
0,Aggregated,,,,,,
0,Centralized,,,,,,
1,0,,,,,,
1,1,,,,,,
1,2,,,,,,
1,3,,,,,,
1,4,,,,,,
1,5,,,,,,
1,Aggregated,,,,,,
1,Centralized,0.9969525337219238,0.9968230724334717,0.9962661266326904,0.9969220757484436,0.9963721036911011,0.9858279824256897
2,0,,,,,,
2,1,,,,,,
2,2,,,,,,
2,3,,,,,,
2,4,,,,,,
2,5,,,,,,
2,Aggregated,,,,,,
2,Centralized,0.9691570401191711,0.9718778133392334,0.9706592559814453,0.9716551899909973,0.9699592590332031,0.8683225512504578
3,0,,,,,,
3,1,,,,,,
3,2,,,,,,
3,3,,,,,,
3,4,,,,,,
3,5,,,,,,
3,Aggregated,,,,,,
3,Centralized,0.967926561832428,0.9693213701248169,0.963786780834198,0.9673627018928528,0.9593191146850586,0.8336930274963379
4,0,,,,,,
4,1,,,,,,
4,2,,,,,,
4,3,,,,,,
4,4,,,,,,
4,5,,,,,,
4,Aggregated,,,,,,
4,Centralized,0.98091721534729,0.9807258248329163,0.9801424145698547,0.9801557660102844,0.9793232083320618,0.8778075575828552
5,0,,,,,,
5,1,,,,,,
5,2,,,,,,
5,3,,,,,,
5,4,,,,,,
5,5,,,,,,
5,Aggregated,,,,,,
5,Centralized,0.9635257124900818,0.9627481698989868,0.9610010385513306,0.9645521640777588,0.9608559608459473,0.817290723323822
6,0,,,,,,
6,1,,,,,,
6,2,,,,,,
6,3,,,,,,
6,4,,,,,,
6,5,,,,,,
6,Aggregated,,,,,,
6,Centralized,0.9766936898231506,0.9786199331283569,0.9771818518638611,0.9775645136833191,0.9769174456596375,0.8678076863288879
7,0,,,,,,
7,1,,,,,,
7,2,,,,,,
7,3,,,,,,
7,4,,,,,,
7,5,,,,,,
7,Aggregated,,,,,,
7,Centralized,0.9719418287277222,0.9723207950592041,0.969944417476654,0.9724339842796326,0.9708197712898254,0.8330109715461731
8,0,,,,,,
8,1,,,,,,
8,2,,,,,,
8,3,,,,,,
8,4,,,,,,
8,5,,,,,,
8,Aggregated,,,,,,
8,Centralized,0.9188822507858276,0.93510901927948,0.946653425693512,0.9454860091209412,0.951299786567688,0.807177722454071
9,0,,,,,,
9,1,,,,,,
9,2,,,,,,
9,3,,,,,,
9,4,,,,,,
9,5,,,,,,
9,Aggregated,,,,,,
9,Centralized,0.9748316407203674,0.9765481948852539,0.9755352735519409,0.9764130115509033,0.9757436513900757,0.8538729548454285
10,0,,,,,,
10,1,,,,,,
10,2,,,,,,
10,3,,,,,,
10,4,,,,,,
10,5,,,,,,
10,Aggregated,,,,,,
10,Centralized,0.9798180460929871,0.9798771142959595,0.9783833026885986,0.9793307185173035,0.9783584475517273,0.869549572467804
11,0,,,,,,
11,1,,,,,,
11,2,,,,,,
11,3,,,,,,
11,4,,,,,,
11,5,,,,,,
11,Aggregated,,,,,,
11,Centralized,0.9771065711975098,0.9767244458198547,0.9752936363220215,0.9766455292701721,0.9754434823989868,0.8453660607337952
12,0,,,,,,
12,1,,,,,,
12,2,,,,,,
12,3,,,,,,
12,4,,,,,,
12,5,,,,,,
12,Aggregated,,,,,,
12,Centralized,0.9768211245536804,0.9770834445953369,0.9756941199302673,0.9768226742744446,0.9756649136543274,0.8541486263275146
13,0,,,,,,
13,1,,,,,,
13,2,,,,,,
13,3,,,,,,
13,4,,,,,,
13,5,,,,,,
13,Aggregated,,,,,,
13,Centralized,0.9594619274139404,0.9622447490692139,0.9657565951347351,0.9666290283203125,0.9674426913261414,0.8285778164863586
14,0,,,,,,
14,1,,,,,,
14,2,,,,,,
14,3,,,,,,
14,4,,,,,,
14,5,,,,,,
14,Aggregated,,,,,,
14,Centralized,0.9754288196563721,0.9750399589538574,0.9740462303161621,0.9750460982322693,0.9739444851875305,0.8471922874450684
15,0,,,,,,
15,1,,,,,,
15,2,,,,,,
15,3,,,,,,
15,4,,,,,,
15,5,,,,,,
15,Aggregated,,,,,,
15,Centralized,0.9735455513000488,0.9741320610046387,0.974341869354248,0.9750555157661438,0.9741741418838501,0.8488709330558777
16,0,,,,,,
16,1,,,,,,
16,2,,,,,,
16,3,,,,,,
16,4,,,,,,
16,5,,,,,,
16,Aggregated,,,,,,
16,Centralized,0.9644979238510132,0.966964602470398,0.9686705470085144,0.969285249710083,0.9695740938186646,0.8376357555389404
17,0,,,,,,
17,1,,,,,,
17,2,,,,,,
17,3,,,,,,
17,4,,,,,,
17,5,,,,,,
17,Aggregated,,,,,,
17,Centralized,0.9697582721710205,0.9715344905853271,0.9727622866630554,0.9731197357177734,0.9730411767959595,0.8459952473640442
18,0,,,,,,
18,1,,,,,,
18,2,,,,,,
18,3,,,,,,
18,4,,,,,,
18,5,,,,,,
18,Aggregated,,,,,,
18,Centralized,0.9536447525024414,0.9592289924621582,0.9646048545837402,0.9646067023277283,0.966018557548523,0.8283231258392334
19,0,,,,,,
19,1,,,,,,
19,2,,,,,,
19,3,,,,,,
19,4,,,,,,
19,5,,,,,,
19,Aggregated,,,,,,
19,Centralized,0.6747106313705444,0.7600600719451904,0.8432223796844482,0.8164563179016113,0.8657352328300476,0.7405024170875549
20,0,,,,,,
20,1,,,,,,
20,2,,,,,,
20,3,,,,,,
20,4,,,,,,
20,5,,,,,,
20,Aggregated,,,,,,
20,Centralized,0.9523214101791382,0.958393931388855,0.9631173014640808,0.9639110565185547,0.9647501111030579,0.8348314166069031
21,0,,,,,,
21,1,,,,,,
21,2,,,,,,
21,3,,,,,,
21,4,,,,,,
21,5,,,,,,
21,Aggregated,,,,,,
21,Centralized,0.9642249941825867,0.9648387432098389,0.9667505621910095,0.9673895239830017,0.9674825668334961,0.837028443813324
22,0,,,,,,
22,1,,,,,,
22,2,,,,,,
22,3,,,,,,
22,4,,,,,,
22,5,,,,,,
22,Aggregated,,,,,,
22,Centralized,0.9581639170646667,0.9604505896568298,0.9661746025085449,0.9662723541259766,0.9667402505874634,0.8289815783500671
23,0,,,,,,
23,1,,,,,,
23,2,,,,,,
23,3,,,,,,
23,4,,,,,,
23,5,,,,,,
23,Aggregated,,,,,,
23,Centralized,0.9681702852249146,0.9697513580322266,0.9714479446411133,0.9712471961975098,0.9718486666679382,0.8497185111045837
24,0,,,,,,
24,1,,,,,,
24,2,,,,,,
24,3,,,,,,
24,4,,,,,,
24,5,,,,,,
24,Aggregated,,,,,,
24,Centralized,0.5360941886901855,0.6830198168754578,0.7961357831954956,0.7666196823120117,0.826863169670105,0.7061976790428162
25,0,,,,,,
25,1,,,,,,
25,2,,,,,,
25,3,,,,,,
25,4,,,,,,
25,5,,,,,,
25,Aggregated,,,,,,
25,Centralized,0.9599595665931702,0.9637837409973145,0.967528760433197,0.9678025245666504,0.9681421518325806,0.8398501873016357
26,0,,,,,,
26,1,,,,,,
26,2,,,,,,
26,3,,,,,,
26,4,,,,,,
26,5,,,,,,
26,Aggregated,,,,,,
26,Centralized,0.6757184863090515,0.7714862823486328,0.8527355194091797,0.8328636288642883,0.8746536374092102,0.7456817030906677
27,0,,,,,,
27,1,,,,,,
27,2,,,,,,
27,3,,,,,,
27,4,,,,,,
27,5,,,,,,
27,Aggregated,,,,,,
27,Centralized,0.9603912830352783,0.963351845741272,0.9656598567962646,0.966978132724762,0.9667378664016724,0.8393966555595398
28,0,,,,,,
28,1,,,,,,
28,2,,,,,,
28,3,,,,,,
28,4,,,,,,
28,5,,,,,,
28,Aggregated,,,,,,
28,Centralized,0.8213984370231628,0.8669377565383911,0.9080790877342224,0.9017252922058105,0.9200018048286438,0.7811101078987122
29,0,,,,,,
29,1,,,,,,
29,2,,,,,,
29,3,,,,,,
29,4,,,,,,
29,5,,,,,,
29,Aggregated,,,,,,
29,Centralized,0.7092598676681519,0.793156623840332,0.8669546842575073,0.8478376865386963,0.886151909828186,0.7565252184867859
30,0,,,,,,
30,1,,,,,,
30,2,,,,,,
30,3,,,,,,
30,4,,,,,,
30,5,,,,,,
30,Aggregated,,,,,,
30,Centralized,0.9296153783798218,0.940328061580658,0.9528045058250427,0.9513184428215027,0.9554317593574524,0.8217673301696777
31,0,,,,,,
31,1,,,,,,
31,2,,,,,,
31,3,,,,,,
31,4,,,,,,
31,5,,,,,,
31,Aggregated,,,,,,
31,Centralized,0.9041563272476196,0.9230045080184937,0.940545380115509,0.9388620853424072,0.9450167417526245,0.80814528465271
32,0,,,,,,
32,1,,,,,,
32,2,,,,,,
32,3,,,,,,
32,4,,,,,,
32,5,,,,,,
32,Aggregated,,,,,,
32,Centralized,0.964207649230957,0.9661084413528442,0.9689990282058716,0.9696982502937317,0.9687703847885132,0.846613883972168
33,0,,,,,,
33,1,,,,,,
33,2,,,,,,
33,3,,,,,,
33,4,,,,,,
33,5,,,,,,
33,Aggregated,,,,,,
33,Centralized,0.9174036979675293,0.9317784309387207,0.9488437175750732,0.94599848985672,0.952070415019989,0.8178174495697021
34,0,,,,,,
34,1,,,,,,
34,2,,,,,,
34,3,,,,,,
34,4,,,,,,
34,5,,,,,,
34,Aggregated,,,,,,
34,Centralized,0.8869997262954712,0.9110422134399414,0.93487948179245,0.9310522675514221,0.940569281578064,0.8074271082878113
35,0,,,,,,
35,1,,,,,,
35,2,,,,,,
35,3,,,,,,
35,4,,,,,,
35,5,,,,,,
35,Aggregated,,,,,,
35,Centralized,0.9568873643875122,0.9594811201095581,0.9649291038513184,0.9650532603263855,0.9651539921760559,0.8398314118385315
36,0,,,,,,
36,1,,,,,,
36,2,,,,,,
36,3,,,,,,
36,4,,,,,,
36,5,,,,,,
36,Aggregated,,,,,,
36,Centralized,0.8279435038566589,0.8695952892303467,0.9109746217727661,0.9017414450645447,0.9200695157051086,0.7885909676551819
37,0,,,,,,
37,1,,,,,,
37,2,,,,,,
37,3,,,,,,
37,4,,,,,,
37,5,,,,,,
37,Aggregated,,,,,,
37,Centralized,0.9466983079910278,0.9513629674911499,0.9589346647262573,0.9589764475822449,0.96025550365448,0.8345975279808044
38,0,,,,,,
38,1,,,,,,
38,2,,,,,,
38,3,,,,,,
38,4,,,,,,
38,5,,,,,,
38,Aggregated,,,,,,
38,Centralized,0.8315758109092712,0.871774435043335,0.9103643894195557,0.9032097458839417,0.9202526807785034,0.7877857685089111
39,0,,,,,,
39,1,,,,,,
39,2,,,,,,
39,3,,,,,,
39,4,,,,,,
39,5,,,,,,
39,Aggregated,,,,,,
39,Centralized,0.8843238353729248,0.9078277945518494,0.9325079917907715,0.9283332228660583,0.9380094408988953,0.8067271113395691
40,0,,,,,,
40,1,,,,,,
40,2,,,,,,
40,3,,,,,,
40,4,,,,,,
40,5,,,,,,
40,Aggregated,,,,,,
40,Centralized,0.9211493730545044,0.9335016012191772,0.9488064646720886,0.9468245506286621,0.9511284828186035,0.820002019405365
41,0,,,,,,
41,1,,,,,,
41,2,,,,,,
41,3,,,,,,
41,4,,,,,,
41,5,,,,,,
41,Aggregated,,,,,,
41,Centralized,0.7081692814826965,0.7909982204437256,0.863900899887085,0.8487200736999512,0.8821846842765808,0.7566268444061279
42,0,,,,,,
42,1,,,,,,
42,2,,,,,,
42,3,,,,,,
42,4,,,,,,
42,5,,,,,,
42,Aggregated,,,,,,
42,Centralized,0.873560905456543,0.8993685245513916,0.9297627210617065,0.9239721298217773,0.9356783032417297,0.8052723407745361
43,0,,,,,,
43,1,,,,,,
43,2,,,,,,
43,3,,,,,,
43,4,,,,,,
43,5,,,,,,
43,Aggregated,,,,,,
43,Centralized,0.824641227722168,0.8673704862594604,0.9071706533432007,0.899340808391571,0.917392373085022,0.7893660664558411
44,0,,,,,,
44,1,,,,,,
44,2,,,,,,
44,3,,,,,,
44,4,,,,,,
44,5,,,,,,
44,Aggregated,,,,,,
44,Centralized,0.9331641793251038,0.9428742527961731,0.9544147253036499,0.9535319209098816,0.9553254842758179,0.8261184692382812
45,0,,,,,,
45,1,,,,,,
45,2,,,,,,
45,3,,,,,,
45,4,,,,,,
45,5,,,,,,
45,Aggregated,,,,,,
45,Centralized,0.8741219639778137,0.8983889818191528,0.9266276955604553,0.9216744899749756,0.9312908053398132,0.80224609375
46,0,,,,,,
46,1,,,,,,
46,2,,,,,,
46,3,,,,,,
46,4,,,,,,
46,5,,,,,,
46,Aggregated,,,,,,
46,Centralized,0.8135871887207031,0.8607864379882812,0.9046249985694885,0.8967259526252747,0.913750171661377,0.786273717880249
47,0,,,,,,
47,1,,,,,,
47,2,,,,,,
47,3,,,,,,
47,4,,,,,,
47,5,,,,,,
47,Aggregated,,,,,,
47,Centralized,0.6936572790145874,0.7836864590644836,0.8568986654281616,0.8439480662345886,0.8754745721817017,0.7518818378448486
48,0,,,,,,
48,1,,,,,,
48,2,,,,,,
48,3,,,,,,
48,4,,,,,,
48,5,,,,,,
48,Aggregated,,,,,,
48,Centralized,0.8519206047058105,0.8827290534973145,0.9181366562843323,0.9100949168205261,0.9247367978096008,0.7980680465698242
49,0,,,,,,
49,1,,,,,,
49,2,,,,,,
49,3,,,,,,
49,4,,,,,,
49,5,,,,,,
49,Aggregated,,,,,,
49,Centralized,0.9247289896011353,0.9346922636032104,0.9490385055541992,0.94725102186203,0.9508116841316223,0.8256282210350037
50,0,,,,,,
50,1,,,,,,
50,2,,,,,,
50,3,,,,,,
50,4,,,,,,
50,5,,,,,,
50,Aggregated,,,,,,
50,Centralized,0.895354151725769,0.9167026877403259,0.9352860450744629,0.9334880709648132,0.9390169382095337,0.8077983260154724
