Round,Evaluator,4,1,0,2,3,5
0,0,,,,,,
0,1,,,,,,
0,2,,,,,,
0,3,,,,,,
0,4,,,,,,
0,5,,,,,,
0,Aggregated,,,,,,
0,Centralized,,,,,,
1,0,0.09804501990569435,0.07533573053096396,0.05864582803347459,0.09966309484626944,0.10570895059084617,0.12299745879126607
1,1,0.09749792928717582,0.07652196464861667,0.047223364489243164,0.09257206058447903,0.09960942570275998,0.118365095638836
1,2,0.10263225707475748,0.07876082600907142,0.06380841558008146,0.09608735170513467,0.10290688215991899,0.1166736707574666
1,3,0.09963873107985982,0.08866347633300407,0.05697351519306821,0.10023584207759766,0.11526903967444016,0.11964552664768054
1,4,0.09887093662502705,0.08618875225925719,0.05989879355574334,0.09969486804992955,0.11155585642280876,0.11376467149492313
1,5,0.08662729793491106,0.07158028033743201,0.0405728027141723,0.08287107991476339,0.09364546891951758,0.14247089896279488
1,Aggregated,0.09717157007927026,0.07947322927030356,0.054458394749076,0.09513258284991098,0.10473305047459758,0.1224092148734358
1,Centralized,0.09398719253631879,0.07635172793247523,0.051632639849280494,0.09197815367520815,0.10174546978433187,0.13412270683038438
2,0,0.027092646115753686,0.031845768269341664,0.017391017206274163,0.013455383489218377,0.028001524566793633,-0.017522825577789662
2,1,0.036740684599515724,0.03987202155761185,0.023843212447769598,0.020566691186134203,0.02187328872419487,-0.0017623172884938371
2,2,0.02451032781148018,0.03320584392192433,0.021516085931452173,0.013456247368594612,0.01910635015079538,-0.00954188982044339
2,3,0.02375036552875304,0.02246149911724521,0.021429583283139427,0.020776962890499392,0.01640629922205196,-0.0045284313849248544
2,4,0.02407551557728522,0.022030765735045702,0.015000439405249881,0.008691755251924763,0.018958041738511868,-0.010440344392073793
2,5,0.01531022154778954,0.021359652009407787,0.010319710749914082,-0.004280353180868417,0.013493616201349057,0.02870449478838489
2,Aggregated,0.02520241593877711,0.028430988032015533,0.018214723198794646,0.012038182497883625,0.019612506438476267,-0.0023763103197086835
2,Centralized,0.022364639835676867,0.025737164661805506,0.015278909537698023,0.008953811481168441,0.016388692454947392,0.01225656164825551
3,0,-0.011824852453915319,0.014568404666225646,-0.008990229762915518,0.012871465980388954,-0.012650365046753712,-0.012927338622159177
3,1,-0.016754367548924756,0.016709547170779004,-0.012428243457160983,0.008636590861289322,-0.025011432427951372,-0.024471900316908515
3,2,-0.005926355868307286,0.012250661557766293,-0.008866200112278257,0.005475066492644985,-0.016551487529143954,-0.018340159773332396
3,3,-0.005706074816203204,0.011840682360659983,-0.005599450032636189,0.004331846926890338,-0.00936494366676386,-0.014544080541999634
3,4,-0.01895447785046578,0.01599345077338605,-0.0121343645891359,0.0074227817305246736,-0.01671548927230594,-0.015876518924271114
3,5,-0.028385138774007796,0.011010476515169667,-0.019926551878513464,0.0009170594099476665,-0.03165232401563541,0.021523056340416038
3,Aggregated,-0.014653249457667555,0.013716775317154636,-0.011362448627233481,0.006583808978559077,-0.01871549190383413,-0.010629126732122369
3,Centralized,-0.018668051146432534,0.010536113163492409,-0.014042041754242228,0.0028166157974752466,-0.021821085590135108,0.006744533044719141
4,0,-0.003645151977290194,0.013825350395634338,0.011621015680906894,0.016447375677761625,0.0033628609452454506,-0.013122728659362185
4,1,-0.007847448121893724,0.02794365861345605,0.014878448326694866,0.020376369795463523,0.014887932276668204,-0.013608393388446959
4,2,-0.005334747797035401,0.023994984436777826,0.018196561667094546,0.02271597516157531,0.004788399726197671,-0.020010231426533378
4,3,-0.004345493470531373,0.019176865179397973,0.01090155548630388,0.01144528295271504,0.008183671977927028,-0.008448760807922341
4,4,-0.00766606820239439,0.025653362313604003,0.021085660783642452,0.021050856316398327,0.008956752976086087,-0.016359017306017163
4,5,-0.014991537390244957,0.022778814670091435,0.006580067239599973,0.018601649293720466,0.005195974787572888,0.025317454757416997
4,Aggregated,-0.007339274550615492,0.022231286322228927,0.01384475033994207,0.01844030595382499,0.0075520687527217,-0.0075583485074983674
4,Centralized,-0.011324488114523013,0.0182298379606129,0.009734511702768043,0.014738481807104206,0.0045745434512276615,0.010492018387251386
5,0,0.0015295991285066424,0.0016344308905538597,-0.0038453211251139935,-0.00225266086424333,0.011748562293823064,-0.016240634313420006
5,1,-0.0027462953187536226,0.0010851015257966226,-0.008260355937057496,-0.0008829993736461438,0.019194875989436103,-0.029184600946106032
5,2,0.0016128424137263335,0.0003855348269718145,-0.01435815754578623,-0.0028478506407375653,0.01757422562129103,-0.03139548643842287
5,3,-0.007500336564416919,-0.001008929258775075,-0.012120901653006411,-0.0016411705026553906,0.010241256015237897,-0.024030350738763466
5,4,0.0006485530395647008,0.0016201974847012235,-0.007588071307408866,-0.011691331048609234,0.014708174808104619,-0.02077987642589243
5,5,-0.00677675743224012,-0.009960910386019105,-0.020911185856994016,-0.018595354139187528,0.00819957162791529,0.013847775439531343
5,Aggregated,-0.0022257388700328853,-0.0010804516870178346,-0.011223960433124089,-0.006373185313063844,0.01358703301956213,-0.017822319911587316
5,Centralized,-0.0067122821230942474,-0.00513861456822578,-0.015229126262418843,-0.010216072554224886,0.009246592586241418,0.0031167925081628913
6,0,0.005950339855161999,0.0010454779804461448,0.004469313193907797,-0.00020749148519734565,0.003944165798839838,-0.0007300600746668088
6,1,0.006405018980891709,0.0032681651359073183,0.011966078488708355,-0.0033897247456092954,0.013102113981512268,-0.0010055316850969998
6,2,0.009990452281112476,-0.00016030079846987783,0.010832249194545323,0.0007298178760222113,0.012222498284747805,-0.006974067974367215
6,3,0.00929042406378626,0.0025647479359998007,0.011235284912957612,-0.0004570770256875917,0.011963614960914016,-0.003115402589409841
6,4,0.009533882786763398,0.0016293498968085961,0.011080558162287197,-0.0033977003042539936,0.0104286809018249,-0.0011184845668352182
6,5,-0.0011140044030421262,-0.009559878323164952,-0.0016396262858670188,-0.007144032797722598,0.007595992609066484,0.04758058930692595
6,Aggregated,0.006641358089490167,-0.00024370953728573732,0.007947794138059294,-0.002332538631616027,0.009866032327242834,0.005958859307782416
6,Centralized,0.0022088326415450744,-0.0061673133344929965,0.0036291919386146503,-0.006711807633720572,0.006161370454341059,0.02886896959125018
7,0,0.0019204080342387483,-0.001766911864198428,0.0073391834134840595,0.003508243703215496,0.0010055954923154438,-0.0071995773595067095
7,1,-0.0010342703457609096,0.0010953468754747934,0.007107287084420354,-0.0012849978472844158,0.0011935224287304,-0.00961272096465053
7,2,0.0052142791656922885,-6.790374466392005e-05,0.009537537171101134,0.005406096056769739,0.004081658220141672,-0.014663975245211871
7,3,0.002302851555454275,9.232959393747908e-05,0.004348384898507024,0.0009805679887388656,0.0007503422985370046,-0.009462852748920912
7,4,0.0032225079772492424,-0.0022677931708162636,0.011048006386850462,0.0030489769989269612,0.0006093635153751386,-0.013050178700368942
7,5,-0.007862438495757143,-0.012868141442649701,0.0015034184977804304,-0.007461817337576781,-0.006943199210737847,0.033636632313646136
7,Aggregated,0.0005894491821748419,-0.002676063478584251,0.0067903408720087375,0.0006631986730802903,8.480372175493384e-05,-0.0032273568586316226
7,Centralized,-0.004398758233958642,-0.006627523253372062,0.0030797836490910613,-0.004979060989033144,-0.005576942716920304,0.020507920271183214
8,0,-0.0011462294048211166,0.008558685538454205,0.009285696011271773,-0.003088054394377707,-0.0026068675678290114,-0.018300512307726377
8,1,-0.0020495938211046874,0.00937397272766082,0.00698609126754327,-0.009341856372449598,0.007451161261800351,-0.014945640575649224
8,2,-0.0017624546983738166,0.009116733953636259,0.009645240235749485,-0.007424244064145754,0.0038952109131090754,-0.02785172799979442
8,3,-0.0010348917785696207,0.006253856022237407,0.006025476364648615,-0.005663887371135174,0.004707012152289434,-0.01515464978074392
8,4,-0.0013624510738207696,0.008572511584487649,0.013616801724863303,-0.0064502562654415625,0.0045622419364315485,-0.016758229640197807
8,5,-0.01293476717823829,-0.0033441256766971517,0.002292279374019341,-0.018232971646102804,-0.006735035022424554,0.030588877756028362
8,Aggregated,-0.0034242364909044397,0.006378486011830114,0.007949978357503187,-0.008410776431447078,0.001840626964615144,-0.010221255434629208
8,Centralized,-0.008403155686982609,0.0005318448008683411,0.002821797366722873,-0.013307922164842955,-0.003939559134007181,0.016526159501184523
9,0,-0.009221852554425505,0.014614813240094233,0.004655989608385931,-0.009345383640696592,0.010999752598976582,-0.01649329797726833
9,1,-0.011362509899960176,0.015159377563336168,0.010414736795845233,-0.009572003698895347,0.014780569630276729,-0.024068680394776186
9,2,-0.011881050419992456,0.015462496647431542,0.009749714762299713,-0.012161631691177026,0.014037008586614396,-0.027084190941268405
9,3,-0.0045096323301974245,0.005890789863649358,0.005056591967172841,-0.004379665538990765,0.00723020021117781,-0.018454277474603008
9,4,-0.014431936606364269,0.009424888782378293,0.00889298518043011,-0.01632864184593308,0.013243003822483862,-0.02657315055903621
9,5,-0.026166104935994323,0.002080779929534254,-0.00014782985078737136,-0.020507932314675844,0.005193274645465974,0.029116645972018143
9,Aggregated,-0.012987745487017043,0.01040166933851653,0.006407732806502814,-0.012086845928667439,0.010888514662497593,-0.013734644415505651
9,Centralized,-0.01937471497684083,0.003901078356284725,0.0010884329729772642,-0.016810509496946253,0.005119666137484062,0.01498567255408264
10,0,-0.004997927359758782,0.009017427750622881,-0.0024277420531213932,-0.004481030395175182,0.006710889166765186,0.00832857917151549
10,1,-0.010334173925889112,0.003343147349724299,0.003060248923806926,-0.0017061083130644529,0.008996102376643665,-0.0011668079613311082
10,2,-0.009270058793072964,0.011135970870275097,-0.00016278314606796851,-0.004347110845504219,0.012324889821512332,0.007170815940730498
10,3,-0.0024986131242734967,0.006576660170013027,0.002922014658391018,0.0007975105311672636,0.011265267722193675,0.002306356936457959
10,4,-0.0071969467274525765,0.007060329886725461,0.005323377264155858,-0.0022550628120397783,0.014722821775024948,0.008340254981457964
10,5,-0.021977570942796325,-0.002099259275780453,-0.007203002324012872,-0.010831572446991842,0.0062547040248459645,0.06035651480437062
10,Aggregated,-0.009435270121279165,0.005803725522811577,0.00021884860371604466,-0.003835164575596432,0.010028911182878858,0.014427886590993727
10,Centralized,-0.01309660727374686,-0.0005951549696705191,-0.0039555763268178164,-0.00829442513299287,0.005619177248375462,0.04244732079950396
11,0,-0.004565103725068583,0.00831847710729908,0.0012033031266515393,-0.006131609214492187,0.0054881272462996445,-0.00929876634730948
11,1,-0.004114980719939555,0.00918713130437845,0.003962145551916648,-0.004490291389751122,0.010482250581676067,-0.010122213926548274
11,2,-0.004877302341984687,0.012981228611391914,0.0019489344034162792,-0.006440458548486683,0.010834558915541297,-0.01681231799967621
11,3,-0.002608865514835744,0.007788866563580266,0.003467761286483269,-0.005958156244544909,0.006763999304977454,-0.012424675713386488
11,4,-0.0064208682134506345,0.01459601606735408,0.0025790748710112963,-0.01203439759166343,0.01325691963134941,-0.013447396356413899
11,5,-0.019778610072460685,0.0035790854650449497,-0.008237848563438637,-0.021852348654360625,7.169911346963253e-05,0.04678040077786867
11,Aggregated,-0.007117540882047879,0.009382530336060381,0.0007802573951675245,-0.009539572773165965,0.007781800578186663,-0.002334652974123643
11,Centralized,-0.013852786806898228,0.002792660309894436,-0.00555247602601896,-0.016510178048641265,-9.594278280712755e-05,0.03184344037933032
12,0,0.006324208309698355,0.005709382974739102,-0.005571173214164209,0.007411607646208848,0.0066168091017171395,-0.010943107665887072
12,1,0.003611352260963003,0.006863937689813276,-0.00021123649003363943,0.0031742205850065564,0.00391372199009035,-0.006840361906879928
12,2,0.008120756684997949,0.008088687199917231,-0.00701928138114886,0.008512329526482445,0.0067898947455669635,-0.014658380092560581
12,3,0.003453655834862074,0.0025746901248558563,-0.0003529194234024258,0.003845354179349599,0.003039780364170246,-0.004609344387893142
12,4,0.009205797604989525,0.007847799773399057,-0.005069213740126078,0.00628573609772286,0.005993951957206441,-0.01278102746338864
12,5,-0.003419269896500758,-0.006943038032256575,-0.02322733469686065,-0.002002368060401652,-0.00541356250203987,0.051321216377755996
12,Aggregated,0.0045139610192061665,0.003974781895809168,-0.006981135203774242,0.0045087135231016515,0.0034504834283848036,0.0004754096391902823
12,Centralized,-0.0014201650968359233,-0.003913383419943339,-0.015815285105258627,-0.0005063558166667407,-0.0043430793560317186,0.03606023178690451
13,0,0.0011801221914151856,0.002152573605523642,-0.0019402423649822025,0.0007594308386873749,0.0008669116270912935,-0.005444037931410304
13,1,-0.008348381919108723,0.003932788086034101,0.0026689525139423735,-0.0010824325017605514,0.0031159158169928266,-0.005681178797141713
13,2,-0.004019307765324109,0.005549061580162072,0.0007592484564417283,0.001373571034186168,0.0031146331480863296,-0.009468499993573468
13,3,-0.0018354079152447837,0.002042735366232355,0.00026220078567970964,-0.00032322342762110544,0.00139102864544991,-0.006838458754672098
13,4,-0.004369522962118196,0.0015613844235818982,0.0012975138439572456,-0.0006397107029814109,0.0031314285503652667,-0.006090533965864686
13,5,-0.016688752472532778,-0.008888290719783658,-0.018251711508179575,-0.011157858608933337,-0.01041651568258199,0.06955565573923693
13,Aggregated,-0.00572918975968637,0.0010141188113814998,-0.00260394055073364,-0.0018864735857161406,0.00015332749498596322,0.006288250402887655
13,Centralized,-0.01227362368758892,-0.006660890278945727,-0.009581261649803345,-0.009226395105210191,-0.00960049670328734,0.048819415238353946
14,0,0.0032619036029596124,0.0018086010137008447,-0.0031755597757097158,0.011024165580692339,0.005377390678006805,-0.01829650109964988
14,1,-0.0005538826171991394,-0.004396652783066089,0.007554263485796365,0.001302274414161795,0.00671722808071371,-0.010353644480076637
14,2,0.003304674405655942,-0.0011111264927449126,0.0015035411547434207,0.007493954519455748,0.009096018546357932,-0.022507680919242073
14,3,0.002134696928254173,0.0006729150169655825,0.004685884958666798,-0.0013138414484448514,0.006542171725628454,-0.010411680566504076
14,4,0.0024583444466509193,-0.0025710018051904484,-0.0016823318403188777,0.007526194096696839,0.010765312930398355,-0.02287012124498011
14,5,-0.011652393734456812,-0.019202235000819474,-0.0142857464326979,-0.0030000907936166142,-0.0030777049736544783,0.042351648399018275
14,Aggregated,-0.00022551268745051224,-0.004200297772673885,-0.0009595498288292678,0.0038083472879420093,0.0058634423960698435,-0.0067950134332883634
14,Centralized,-0.0102260310255695,-0.012281452833437716,-0.007420749122714206,-0.0032364831861075756,-0.002327237889286684,0.028556851619441274
15,0,-0.003322696418940279,0.004410668990673637,0.0038274517819195863,-0.008173707861424094,0.0004100751098278026,0.0013603609407800143
15,1,-0.0013483982371627484,-0.0004588328411990361,-0.003016880759587622,-0.0035230392045637955,0.006224075611608827,-0.0031444130330390385
15,2,-0.0028214652833976036,0.005392869749065279,0.0020822262660553053,-0.008021188263476507,0.0064231720784926755,0.0012684804714926852
15,3,-0.0006221232791103241,0.0005116152394156933,0.0014923514550621699,-0.0036337514600461233,0.003025644045789576,0.0015307810322878572
15,4,-0.0033757067408337416,0.009563567859702114,0.0017749203144676244,-0.013226407217859445,0.0068135605936364835,0.003325228426494864
15,5,-0.018933905316811776,-0.005232410779141341,-0.014955566013438696,-0.022948924144095266,-0.00719293827446751,0.07207684496919285
15,Aggregated,-0.005132398590999819,0.0023307777432096284,-0.0015259368482599903,-0.009979135228961747,0.002573615458655434,0.01300024330584221
15,Centralized,-0.01215946045865513,-0.004714818021708324,-0.011106559513812928,-0.01684871646259514,-0.006603491824239684,0.052644795191875704
16,0,-0.0046475593599632995,0.0044899107572894505,0.002886739150094347,0.00540651234131369,0.005357433251999628,-0.007124031540824865
16,1,0.0005692289658648579,0.0034281863119512905,0.006087583221570865,0.002689663880213105,-0.00023377206494072748,0.0005478248002221369
16,2,-0.0034578066539519632,0.0019404527185915067,0.0044000040021134525,0.0052859556690772625,0.003744352366023677,-0.01361128267197648
16,3,3.704639869876458e-05,0.0016358499640983348,0.0032380907302111497,0.0030232083399683346,0.002191454416918915,-0.007519263862774237
16,4,-0.007240968225557709,0.0021132232334851835,0.005728077768130841,0.009473105086371314,0.006896398530777895,-0.014634797688914845
16,5,-0.01513090938817959,-0.011180717070618629,-0.011702632445552294,-0.00730356963521624,-0.009832467803639337,0.06240716238009253
16,Aggregated,-0.005023666744675735,0.00035293726066900076,0.0017130188530006356,0.003049541724861122,0.0013041272908144235,0.003607062312622343
16,Centralized,-0.009546089126398455,-0.008198888667429374,-0.006265869197899167,-0.0037107384596342984,-0.006055231984172679,0.047854567406684805
17,0,1.1697669718396808e-05,-0.0008870051662260496,-0.000136163697317702,-0.0021029458483042083,0.000583869276345722,-0.006090690689617122
17,1,-0.0014038663025297642,0.0035031649666051336,-7.4774270859664e-05,-0.0010402259008230293,0.0013985629074107905,-0.004876714803653139
17,2,0.002846735987882696,0.0037134330699774825,0.004559591558372386,0.0007356896274918386,0.004114944564086298,-0.011217954861067815
17,3,-0.00017215611725716987,0.0012998791907358476,-0.0007334572941383843,0.00019380771420371608,0.00044403597485202507,-0.003638495455517285
17,4,0.006078085797114179,0.002061918782516231,0.004991060121418276,-0.00044079840355424525,0.0033041441533437107,-0.008876770818018943
17,5,-0.005456597777663667,-0.012204799623326266,-0.010897311861698941,-0.011824158239718233,-0.012050368043186536,0.07794861060600801
17,Aggregated,0.0002916261565791533,-0.0004713414995934557,-0.0004286299790992367,-0.0024549786036584097,-0.00041945028320984927,0.00752274978030661
17,Centralized,-0.004091721350741813,-0.00847738668671823,-0.007727820041656035,-0.009315318738295972,-0.010022951836166654,0.055559404471038104
18,0,0.0017519735715335052,0.00017464656424168908,0.002149687429054355,0.002685418674127201,0.0041011414208556385,-0.0020543209493492248
18,1,-0.0004129383450541572,0.0003139789770762513,-0.0002998132850978219,0.0010184437970512273,0.001182133242486481,-0.0040135871529005055
18,2,0.0012505713784059255,0.0013268947429825539,0.0032112256425111544,0.003069357695730642,0.004233890346949509,-0.003732884420871742
18,3,-0.000147774219949894,0.0023826740718094984,0.0015797737229940579,0.0003243070597741908,-0.0054020093355040925,0.001996746220637594
18,4,0.00022722819792160657,-0.0014684832421058484,0.005156126260192222,0.0021367541648780815,0.003459357407220916,-0.004585125782461887
18,5,-0.02125701645302572,-0.017382746382731955,-0.017993045265867487,-0.01465826068354432,-0.016925917428640927,0.06722794089887416
18,Aggregated,-0.003178789191448579,-0.0025086489578600214,-0.0011081375241920504,-0.0009651946093307063,-0.0016269426971678626,0.009398251514653113
18,Centralized,-0.015558524006625508,-0.012549852351536002,-0.01384856521438147,-0.010082415277543073,-0.014217383476526114,0.05003886825655032
19,0,-0.0006332310189513447,-0.0002519323999674546,0.004086052577464061,-0.0013517489912863927,0.0004963858739681841,-0.007413991439034872
19,1,-0.002212089028351166,0.005553868159628584,0.003610708457471417,0.0020102391481031973,0.0037759110489321204,-0.010526855019345607
19,2,-0.0012198079912877002,0.0009895040920751238,0.004070075234163718,0.0026488438934079003,0.003056312129160238,-0.019065527456225393
19,3,-0.0010232329828829137,0.0026261517174008065,0.0012822235210287526,0.0025429232250308454,0.0025291748530471116,-0.0064155137850846
19,4,-0.0013326113246561763,0.00041434719360552616,0.005191640878761376,0.0021518777228278973,0.00359960501211706,-0.010779774237069276
19,5,-0.012112234662604101,-0.009913392146467668,-0.006783528041417811,-0.009783166147698946,-0.007931645242378785,0.06617586736181003
19,Aggregated,-0.003129016296759157,-0.00014058624211145225,0.0018708499867617677,-0.00033904687920849943,0.000881568613861701,0.002281263380071086
19,Centralized,-0.008798645813065921,-0.005370244602103979,-0.0035258965495381864,-0.006643103198002166,-0.004406615706716802,0.04645149382197548
20,0,7.324732424855244e-08,0.0017837972974953135,-0.00012383025060385132,-0.0037375604539984877,0.000426525497757152,-0.0023959410548705486
20,1,0.0003072368423802004,0.0036434052491756564,0.0025245100887026596,-0.0002524829238020628,0.0011353707606626276,0.0023404192999798073
20,2,0.0014705287568514821,0.0026344947972075277,0.002628626388725383,-0.0028058689512170487,0.002455564605370491,0.0012531059462094353
20,3,0.002220941478224068,0.0022301774627641823,0.0014681300931839558,-0.0017927371664304933,0.0026857517804931464,-0.0015490712237788066
20,4,0.000688087270638893,0.0009304019851728777,0.004569473994410361,-0.010378197089124786,0.001772493675733818,-0.0013918993726993864
20,5,-0.017890240844629368,-0.016326517655155918,-0.021505343952724652,-0.020210938897108417,-0.015986714995095398,0.08737801988473248
20,Aggregated,-0.002270371679331568,-0.0009195647008552771,-0.0018276837896087118,-0.006590504364040667,-0.001317395981475203,0.014597714023257585
20,Centralized,-0.010389309191851477,-0.010591272297028942,-0.0132838523815907,-0.014072860763760004,-0.012468221875632537,0.0628202473734851
21,0,0.0019567941324236857,0.0007297138206370346,0.0018645823043470014,-0.0018956523704607097,-0.0028630954781456953,0.0002076575911986789
21,1,-0.0006552928544366861,0.002108227850527462,0.0008752534194695331,-0.0007270973999522512,-0.0013015474896777394,-0.00029954352593033074
21,2,0.003790808267594382,0.0019648293986032515,0.0035436608908952297,-0.006744736438404563,-0.00814385777625357,0.0007665563219511025
21,3,0.00029642758570812527,-7.61463098138663e-05,0.0021199866296884484,-0.0015100229432221989,-0.0010412396247046472,0.00021099466234416052
21,4,0.0015298454614949034,0.0021903610605975583,0.00783371384268944,-0.006185111284809934,-0.008488915244960486,0.005391081282897269
21,5,-0.014163433241792145,-0.014143308345890997,-0.009774943816707146,-0.019808106456066538,-0.022003503088090164,0.08413332194061228
21,Aggregated,-0.0012651211955255716,-0.001261957371242174,0.0010287575130499393,-0.006205913074546828,-0.007372416780173169,0.015375641607522278
21,Centralized,-0.011765670046361566,-0.010724176682586043,-0.007113249774517938,-0.015471918330958196,-0.015382017902413569,0.060612958613421634
22,0,0.000773945703760424,0.005100496390106826,-0.003649656097435981,0.0026736939911096522,0.0014854238763777412,-0.006383903863918667
22,1,0.00016877189539529585,0.0025098385171505853,-0.00262638002541169,-0.00048318487858267645,0.0011302601844174309,-0.0030611117793759583
22,2,8.208310983788269e-05,0.003192446369209588,-0.004639434937929861,0.0048286009179781915,0.003552179247742371,-0.009710718235379421
22,3,0.00011000999321597963,0.001786619440342718,-0.005572461098646718,0.0022727092876615486,0.0017825366394149092,-0.007949086743971406
22,4,-0.0008662969357204287,0.0048730805967431646,-0.008097936179601127,0.004169108361232716,0.0034744304978865264,-0.010557697975518837
22,5,-0.01713215973814618,-0.010283446903474982,-0.02486779240657864,-0.010786897937605691,-0.009858843785681443,0.08194709641333657
22,Aggregated,-0.0028743298068870126,0.0011454269691020245,-0.008316250164084812,0.0003956935610683836,0.000215970672967119,0.007712537534019148
22,Centralized,-0.010800645944090118,-0.007960331803076547,-0.016983011277938435,-0.006838600175939457,-0.007089523716567974,0.05922127618837155
23,0,0.005997909591746198,0.0037426660113488103,0.00010563035243148684,0.0023523118532285153,-0.0015649480180472944,-0.006043966103621552
23,1,-0.0037977445751759603,0.0007759069486933594,-0.0001439782300700169,0.0003605802863578811,0.0018218283293654051,-0.0010772303470552081
23,2,0.0024954662527261503,0.004298745399043147,0.0017131821685621197,0.004897096037005245,0.001270630897892013,-0.0025797887553060403
23,3,-0.0055422431577726175,-0.002160655553748453,0.0038399157289311574,0.0038679336695736162,0.0031299075450599155,0.0021825859499626996
23,4,0.005460884332340536,0.004191656085707396,0.0020882249704804994,0.004208299953995207,-0.0009073398508116892,-0.00371509394400465
23,5,-0.006958404413027427,-0.012393332486767787,-0.018650595957318897,-0.010736899086166742,-0.014586655410428515,0.07812970757847655
23,Aggregated,-0.0004199109785527717,-0.0003114992858463078,-0.0019160613771646313,0.000773444243781309,-0.00186296175446581,0.011447390591508677
23,Centralized,-0.007644890401621611,-0.011197980258202551,-0.011567742072065075,-0.006662506273317595,-0.010924489242232025,0.059136567118772146
24,0,-0.00213319463840429,0.0025467420631508585,0.0021160588946130933,0.0019079143674740747,0.0005691463740744733,-0.007341326007402654
24,1,-0.001386724669757313,0.002277754793011407,0.001996434097470247,0.0011444310647045486,0.0021452265369043175,-0.001754678148041642
24,2,-0.007613627186628018,0.0014146170922703443,0.0023062909288019597,0.0021771294578863997,0.0043491797083977015,-0.011562938003876954
24,3,-0.0036364893532214566,-4.3142504835902426e-05,0.0048087695510842035,0.0016601986558684525,0.004966129228012355,-0.007626400733143138
24,4,-0.010421840588847348,0.00038098876328795445,0.006969854902133637,0.0034375329073987287,0.003930112615768994,-0.010711343389159803
24,5,-0.02431023561622536,-0.016513701922298243,-0.016262711658343573,-0.013186486170941477,-0.013066557977196237,0.07570804450173792
24,Aggregated,-0.008321808665609824,-0.0017222307529533396,0.0002486556323330675,-0.0005330980747799213,0.0004219223699449252,0.0064281903364930455
24,Centralized,-0.01616496283470737,-0.010893193997427757,-0.010368662398456463,-0.009888316262506483,-0.008732301101355412,0.0526788036743657
25,0,-0.0024102829571472305,0.0035429192498566894,0.003658816575513094,0.0006134225636431474,0.0014483841293435145,-0.004518600614714794
25,1,-0.001276579513616651,0.001007203334872118,-0.0031247773376031894,0.0023808227691984006,0.0005200721147749276,-0.0016729562346573178
25,2,-0.0036554140254992165,0.0017213096886427195,0.0002292072805431052,0.003231348209853534,0.0014621501575608062,-0.0008311777481043076
25,3,-0.000267552904120677,0.0005937419152713989,-0.004434931134195225,0.0020755312462516257,-0.0001329359211633685,-9.780825145489503e-05
25,4,-0.0005783866837630029,0.002946628794953321,-0.001855392652169323,0.003735817973200271,0.0012883483697172311,-0.0029556391277450523
25,5,-0.015766250653382743,-0.013458898781664109,-0.014374806706043788,-0.020213115617055275,-0.013691934550929815,0.07690139729019145
25,Aggregated,-0.004044797505704506,-0.00066502860771796,-0.00336618122314332,-0.001446568312931452,-0.0015718207232750954,0.011430144835105783
25,Centralized,-0.012693049577043355,-0.010074418659539992,-0.013635194356074036,-0.012407603259161513,-0.009630512596080377,0.05519837486719144
26,0,0.00020774681423613346,-0.0008230819814776451,0.0011435023234511435,0.0008223775054282663,0.0002622719303748059,-0.001388387278774286
26,1,-0.00800678286137449,0.0010553949731517834,0.0027070536668497448,-0.001071756566685598,0.0046086753226776255,-0.0023137841165788214
26,2,-0.004923223639487174,-0.0011029049478509024,-0.00042121975800992194,0.002407938012117731,0.003007413866838192,-0.00578993100878491
26,3,-0.004456023552151461,-0.000795034309553307,-0.0016539438461674475,0.0017145480525214913,-0.00011251620835256993,-0.0022891967464142558
26,4,-0.004649211086834856,-0.0024450311796826094,0.0005282306979791892,0.00208758069759992,-5.6883920568837994e-05,-0.0006834838590329943
26,5,-0.021186693899741742,-0.018664413886105128,-0.024260462037836467,-0.017759318440201552,-0.01303836418762248,0.08438783342148257
26,Aggregated,-0.007231401393267569,-0.0038620012560205714,-0.0037511349559695563,-0.002036707110524009,-0.0009422945127007065,0.012309313704257262
26,Centralized,-0.016988677611092552,-0.014832676397109452,-0.01670992743180372,-0.012433593260080486,-0.00960441957692445,0.06139126059951072
27,0,0.005176736693491525,0.0012923212034426142,-0.0028297783018667324,-0.0025591393593718684,0.0008987146323828891,-0.006558522065211975
27,1,-3.918189174652031e-05,0.001749997292570122,0.0028512933529924035,0.001619864221511565,0.0016849256702991644,-0.0003276654305284177
27,2,0.005159216571608067,0.0034240197177009928,0.0011015531627816858,0.000427009277360485,0.0019330363846887062,-0.002654494228756699
27,3,0.0009329825343768176,0.0016457171689524726,0.00015285282764937087,0.005332393725792323,0.0015818901320963058,0.0024982463445812233
27,4,0.004681338161667942,1.4291197348540822e-05,0.00044284808900357054,0.005191290909566865,-0.0004264700389055853,-0.002764310049158357
27,5,-0.009581902949937,-0.014859287606343294,-0.02032297657793411,-0.01656385876702872,-0.013932282059502726,0.09197559108930507
27,Aggregated,0.00100753774399684,-0.001183278665390488,-0.003177329830046344,-0.00116091331171677,-0.001432562216181031,0.014043109205051895
27,Centralized,-0.006051565459929108,-0.011037544058251227,-0.013749939309300177,-0.009667325763540891,-0.00980830093111291,0.06557727715314952
28,0,-0.00020760730321831936,0.0024719309331934394,0.00032402359949400364,0.0013514684133503227,0.006441543134901199,-0.0034670326340928382
28,1,0.0006775545470631213,-0.002176487664767877,-7.965045714467915e-08,0.000998851346162601,-0.001248817689562435,-0.000511182799791963
28,2,-0.0011363776665323326,6.324113181554273e-05,-0.00043650258548179056,0.0027689221907192447,0.0036138406908029865,-0.0048731237613236856
28,3,0.0015195619119989959,-0.0024363281604215486,-0.0012238441605963049,0.0029992077959772605,-0.005196772636388998,-0.00021374087390035323
28,4,-0.0012518624754602563,-0.003250069447905498,0.00032854818416955256,0.004277171645062513,0.0011423535949183347,-0.003952135104570835
28,5,-0.008211065865338948,-0.019094951155739417,-0.023065879746868977,-0.02300666782364767,-0.010987746503121263,0.08210544638561952
28,Aggregated,-0.001465115640127857,-0.004137293925354364,-0.004097065881700546,-0.0018630045577945533,-0.0010835312173967033,0.011828790813485545
28,Centralized,-0.0026522116282978866,-0.014786920812173681,-0.018286835192428134,-0.015275640349884581,-0.010152495396715137,0.06031893849529428
29,0,-0.003299150829063634,0.0006935343346423965,-0.00034320513380338517,0.0004006038257668191,-0.0014180435380699667,-0.00543466446178298
29,1,-0.0018722475819300999,0.002440250974490493,0.002359684556616229,0.0005337122905078336,0.002045042816967467,-0.0032462811452982207
29,2,-0.003524239526516124,5.0746904829385156e-05,0.0001246638419741412,0.005480391485954434,0.0002488264476716184,-0.004638521312965697
29,3,-0.0008846674824687854,0.0012052053544319688,-0.001349464845678955,0.005684323072845244,-0.0009471802960247318,-0.001444260753693625
29,4,-0.002589424479544388,0.0023874968643653434,0.00011455330546603452,0.005957784811334108,0.000903480905825051,-0.006305660689916374
29,5,-0.01960437405122877,-0.010727876179889054,-0.020067407491271318,-0.011346946691628057,-0.010094517453162163,0.08590037078494629
29,Aggregated,-0.005359348908630395,-0.0007032431205039322,-0.0032686077291406287,0.001062848693127432,-0.001581777617427768,0.011139291465682743
29,Centralized,-0.014397445664593765,-0.008017739583752528,-0.013297718598486928,-0.00560278639231673,-0.008587747825650695,0.0611818129970102
30,0,0.002488326523983318,0.00369847987212205,2.8555753344502072e-06,-0.0003494018919836972,-0.0004471060874858268,-0.003103780370849724
30,1,-0.0002459674453105761,0.0009130522968195288,0.001979948233010566,0.0007846698981403068,-0.0013457110133086906,-0.002085991969351136
30,2,0.0006642402700288559,0.0021099869912243863,-0.0005202594064785163,0.00446365356607263,-0.0008451599657650855,-0.005859319765135996
30,3,0.002142263168514376,-0.002242573958313033,-0.0008771996089427543,0.001523476551339616,-0.000336128654705925,-0.0025032481875109087
30,4,0.004117857169396606,0.0018906553481703706,0.0002994867055910418,7.319302431320802e-05,0.0003195809676682019,-0.002202654953365714
30,5,-0.015255295339622894,-0.014542729911197608,-0.016787596101606954,-0.016944938533924606,-0.01784877252562621,0.08137933241197853
30,Aggregated,-0.0010781242672590252,-0.0014208335736224961,-0.0027133623704497694,-0.0018092036402154732,-0.003481427809699684,0.011250813077724733
30,Centralized,-0.010816686865485151,-0.012407913760992997,-0.010710796200258032,-0.011238263542586772,-0.013437662759351494,0.05940096833190441
31,0,0.0031245593605327268,0.0031950292807694197,0.0004010241221657662,-0.005794856426424384,-0.0010596556340300223,-0.00612968392248881
31,1,0.003768784334447298,0.0012690076195990756,-0.0007267866820953835,-0.004633987445721083,-0.0009116877773736215,-0.0034789549013701107
31,2,0.005413669688027959,0.0036451026658492584,-0.00045708267513032327,-0.004848766491515,-0.0005501096748158524,-0.005494195147075629
31,3,0.0030561336783334397,-0.0015687007920246168,0.0008495900384703825,-0.0030258359361816263,0.0013246562064747392,-0.0029353617405262766
31,4,0.008351877291847618,0.0008183596422317826,0.002180452236769964,-0.013750911212795765,0.00030843505534705514,-0.004694060293306662
31,5,-0.009653361008532908,-0.016906418838569186,-0.03156851007697197,-0.014331609248459746,-0.012709991646897543,0.08189339392940137
31,Aggregated,0.0022902313736118743,-0.0016594131127075974,-0.005005602411897622,-0.007760363157794845,-0.002312859873254502,0.01018069334387337
31,Centralized,-0.004116428724591978,-0.01194519804516739,-0.022604576284438516,-0.01249985304960967,-0.008774909803495726,0.05565266632279234
32,0,0.0007131500258240719,0.004594255463237321,0.0047650970752832296,-0.0015695071074518711,0.003974069995229905,-0.008585228075710542
32,1,0.0009593175004163087,0.0034865236439959534,0.0016764309905659054,0.00018882284717158064,-0.00010159464413800704,-0.0014958754854979318
32,2,-0.0008372096642532912,0.002809066026357677,0.0038808933405761474,0.0007564758362133328,0.002688259172057913,-0.0070192447662384685
32,3,0.0008047296450103437,0.00037389656672878746,0.0022728923259127862,-0.000183970791285315,0.0015806844048850482,-0.0025487136057976843
32,4,-0.00118491774500842,0.003760002781854943,0.0067524756690050414,-0.0015108005523230513,0.0030207595031420003,-0.00854979063853815
32,5,-0.01510556643486128,-0.011432138183931285,-0.024684893328937755,-0.012152955292637959,-0.009082653051424465,0.0766160223820618
32,Aggregated,-0.0024980956834737395,0.0005450716204140691,-0.000995392186705917,-0.0024553305165005003,0.000304633211279979,0.008374518264250874
32,Centralized,-0.0088018016517326,-0.005518560203078004,-0.01682000480462739,-0.006799145376627402,-0.0065560513622981015,0.05103430796350196
33,0,-0.0010465221549310585,0.0053091243560764384,0.0035638468611837283,-0.002502425858884688,0.003251310806077233,-0.0060211005101254
33,1,0.0022457969072248543,0.0019891040286081378,0.0014616433480925623,-0.004107416124768881,0.002463664557628888,-0.004052792716785558
33,2,0.00011448810249857592,0.003766903222609745,0.002841764894791712,-0.003928738973734445,0.0031186698398372316,-0.00589994539605657
33,3,0.0006662705020948086,-0.00039610870476677515,0.0012852511546159924,-0.0009261264453317597,0.0016259817029624904,-0.0022552682095747616
33,4,0.0025380517101576553,0.0032665623585817587,0.005038824778786378,-0.006109281267954581,0.004690654980583872,-0.007171056784219374
33,5,-0.01180702816804838,-0.015993668649323146,-0.0183918653680392,-0.015606530346536387,-0.01284276855913796,0.0782564451579024
33,Aggregated,-0.0012619526791678405,-0.0004126497367510462,-0.00077880663602003,-0.005574920513296345,0.00032573192122682757,0.009118377208585578
33,Centralized,-0.007923978382987851,-0.012404086178552322,-0.012768590156334652,-0.010245725788368545,-0.008298579334910535,0.05294659923980564
34,0,-0.0019752984081209384,0.0032950742137449604,0.0004287505526471928,0.002333913067884779,-0.0012057004236044114,-0.007038500122818595
34,1,-0.002530779696276823,0.004500137744434858,0.0029022569112177104,0.0013421021743352014,-0.0023330615096923395,-0.003880655624018597
34,2,-0.0026287060330103767,0.002941547349039159,0.0010189382763718113,0.0042616503685081065,-0.0028500825019889546,-0.0050347290935793335
34,3,-0.0015253420549337278,0.0004608200018578386,0.0010400973333972662,0.0027640388117968146,-0.0032141704205605605,-0.0016374348285566344
34,4,-0.0038858584789629564,0.004491776522561813,0.003904573662840996,0.006526132870830437,-0.004320250519516043,-0.006712672731325226
34,5,-0.010211960572136181,-0.016893471807473835,-0.02667139729656794,-0.014250852661019494,-0.012685464531342037,0.07676790982952715
34,Aggregated,-0.003821551361996842,-0.00027495868033961473,-0.0030019154869115367,0.00043054890286913503,-0.0044714987792459394,0.009046651081770187
34,Centralized,-0.0068749854678222195,-0.010101571059663307,-0.016048254683040566,-0.008029670931634538,-0.009116394529019037,0.05134133303311432
35,0,-0.0010079305667399434,0.0019434309025773366,0.002735647439353918,0.0016181550192671725,0.0029415277933552927,-0.004054331086317421
35,1,0.0008846443836375155,0.0012822182857011959,-0.0018094906442183275,0.0006438730410011972,-0.0003189574029652272,-0.0006822876631563446
35,2,-0.0010312481093489923,0.002938849532088051,0.0008727299122482102,0.0031375531173702914,0.002281249990475862,-0.003662762339067866
35,3,0.00043447887148379547,0.0005220350418113603,0.0007084809854215409,0.002165635941564853,-0.002250973089887159,-0.0020746489772405434
35,4,0.0014592491512280502,0.00376461130182547,0.00107886225318863,0.0011004056058307157,-0.00022023711371873164,-0.005097039126994105
35,5,-0.008814522555607015,-0.020335615472187017,-0.020124041474159936,-0.008644519429598428,-0.013855914184005107,0.07445709705732627
35,Aggregated,-0.0013791189914756704,-0.0017305628080565099,-0.0028335777369463064,-3.49612563765886e-05,-0.00195706322329495,0.010101958707480176
35,Centralized,-0.004961523650838064,-0.015215803669426127,-0.01707522653836962,-0.004751289296184794,-0.013083237622808556,0.05077820293347204
36,0,0.0024009461273084547,0.003889843876679058,-0.0032926606409083223,-0.002599142398093209,4.665912712110513e-05,-0.0023716750261810883
36,1,-0.0011547614268299898,0.002348919569639348,-0.000950376852489034,-0.0012698387182764484,0.0025537295998348322,-0.001527672171878704
36,2,0.000585882782193664,0.0020293794063481647,-0.0017027081965767742,-0.00407919401908039,0.002172922739115694,-0.005791163842246149
36,3,-0.0009719668010247743,0.00049617852143648,0.0013722604326849538,-0.0017541379203994123,0.00039324609714364765,-0.001666359551104047
36,4,0.0014254935359235407,0.002084941858439865,0.0012437229719523784,-0.003174929973865633,0.001852318476985428,-0.0010133360579679322
36,5,-0.0073497473664744465,-0.014989202266697735,-0.023376752627710603,-0.012801580609649171,-0.008323179772544148,0.06579813335951552
36,Aggregated,-0.0008729720068713507,-0.0007536125862012072,-0.004535293457590374,-0.004317720632529217,-0.00025344978772496083,0.009157795625917967
36,Centralized,-0.004646313981514144,-0.010945781172997597,-0.015279337039075896,-0.00814599730234202,-0.005453805540098702,0.04616179452021944
37,0,0.0016289145900420419,-0.0003722636986502141,0.0005709171928187891,0.0032942801041593323,0.004158104304719479,-0.0076504584878401985
37,1,-0.0007044061803415103,0.0021990301119961192,-0.0004781931891113811,-8.290967354720827e-05,-0.00021512159081734465,-0.0007183994781786663
37,2,0.0014521699252022717,0.0006125161702042914,0.0014468838605392331,0.004939416415643913,0.0033357714370750536,-0.005308643790087283
37,3,0.0003725313495059853,-0.00021279605782127212,0.002120902837297584,0.0017140205948872114,-5.579448289951457e-05,-0.0014736885178496585
37,4,0.002055297972244342,-0.0010389386697633118,0.0013352972026062875,0.0027869010597383545,0.0015900325712369376,-0.006794700390362195
37,5,-0.013630849294708924,-0.015090259441377306,-0.021325559593043407,-0.019218731941210057,-0.007761828688256232,0.07634409360427746
37,Aggregated,-0.0015251605764058122,-0.0023739512598325027,-0.002804401407451276,-0.0011751456332374877,0.0001398790303446609,0.009365711879452425
37,Centralized,-0.010185925315828593,-0.008590061066159036,-0.016974594463003083,-0.013724905630572746,-0.006185547547199215,0.054170397921389835
38,0,-0.0008030717475682495,0.001547711259257926,0.0016381125263154348,-2.839396578986723e-05,0.0031843974646807586,-0.005073787210097238
38,1,0.00029547875554972923,-0.00015404944272184677,0.0004103565418052679,0.0009029647438215882,0.0004509323615508487,-0.0019056829600055873
38,2,-0.0015236594906155958,-0.0006562714392680414,0.0018376070418353744,0.004769233181463036,0.0011645933791540905,-0.005272572632229846
38,3,0.0008786886945108763,0.0006729792974582576,-0.00022684773880167578,0.002346212674357373,0.00028609829256427596,-0.0016845453381011306
38,4,-0.0011138020460354817,-0.0023402425794695667,0.0004409274898723762,0.0037694133406864696,0.0007867738226459105,-0.0015047467051281201
38,5,-0.013669233385847083,-0.010194530991075625,-0.020619073246251778,-0.010279200143366167,-0.007288115771787277,0.06944212396487419
38,Aggregated,-0.0027049356513098853,-0.0018911772767044358,-0.002832645312882169,0.00019987113375204645,-0.00026726484655898987,0.009269061408405907
38,Centralized,-0.008036543158783572,-0.004975908386323464,-0.015189468724968654,-0.005140647146511296,-0.005630404935224428,0.046936057392492625
39,0,-0.0028126656025157836,0.00021806616022250944,0.0030190255265580934,0.0015417348914301813,-0.0008024171625596432,-0.005812439644579576
39,1,0.0003191892436436213,0.0007203426060946835,-0.00021499631336119134,0.0007457885212783917,0.0010311959225387931,-0.002601519980194298
39,2,-0.0011890403341203633,0.00224679571088556,0.002592820260924813,0.003403929162173776,-0.0001380467130712326,-0.004630095249489767
39,3,-0.0005831770565043378,-0.0016333198019487553,0.00018259592109337214,0.0015961138397544137,-0.0011600286707713718,-0.0005141753886223251
39,4,-0.002251943923046804,0.0012877591433038385,0.00500622554454617,0.001601946767514767,-0.0004568310372470852,-0.005159369563342883
39,5,-0.012550318105632284,-0.01286021060455808,-0.0195650892023672,-0.014767801343749531,-0.00976052204330864,0.06630640456172691
39,Aggregated,-0.0032196937441606693,-0.0017198836351463873,-0.0015769635680180072,-0.0010410632437671857,-0.001916166854745008,0.008191200212783132
39,Centralized,-0.008452975030626938,-0.007848394048113808,-0.011948929418440021,-0.007890022223988855,-0.008389790450468762,0.043339826924829114
40,0,0.0002178368634407161,0.002074663604476999,0.0008887638005677693,0.0037233170213078334,0.00095850222222707,-0.005768621179972373
40,1,0.0006826414658101872,0.0009212889546149183,0.000680030059415665,-0.0010445016959603575,0.0005512232175299725,-0.0017906820014103751
40,2,5.67708399095516e-05,0.0015179355083093722,0.0004240400537337763,0.00201924518185466,0.00040999955656917755,-0.00443777773039678
40,3,0.0006160641391768529,-0.0015064171772470158,0.0006983785370469952,0.00013383182824377264,-0.0014683570094445072,-0.0009053047957873761
40,4,0.0012243408034068259,-0.0006613614475713236,0.0028154286565007292,-0.00034999736049020627,0.0001096314567706184,-0.005467962432872697
40,5,-0.010074394022329947,-0.017053478956957954,-0.007015785618683015,-0.00865419286774698,-0.018382133437725566,0.06713665220990407
40,Aggregated,-0.0012522187016147984,-0.002516199334507345,-0.0002816209107466766,-0.000730794816995573,-0.003038762722877449,0.00839027100393185
40,Centralized,-0.004313444273348853,-0.01245330570397005,-0.004349852632379041,-0.006838971466402455,-0.014839664280095526,0.043177646776784
41,0,0.0028467736487077233,0.0006541063080990247,-0.00025389765555809777,0.0025212724778839366,-0.0017625223285512007,-0.0035459612832331967
41,1,-0.0012924224544376879,0.0011517477437621771,-0.00037009034185846076,0.0007880685772473565,0.0015256571347139146,-0.0018029606594272996
41,2,-0.0006133505182318792,0.0016540135880969689,-0.00045698415208203687,0.0028464505825934777,-0.0019392278607780497,-0.0037674778868809814
41,3,-0.0033994663986673984,-0.0017509359448492647,-0.0008406050413296821,0.00472415273908622,0.0026315629629747573,0.001067096160796649
41,4,-0.0014939497834246254,-0.000355227151472289,0.0018120767061713746,0.004576360430771491,0.0007815649127592661,-0.0007911871328416272
41,5,-0.01374213294237953,-0.015144841787160388,-0.014965484080223832,-0.005118941462376799,-0.021079700917092038,0.0677481918294898
41,Aggregated,-0.0029971138398155353,-0.0023556811338238085,-0.0025679055994611844,0.0016924519093181396,-0.003386188167947044,0.01007570430550264
41,Centralized,-0.01174988972389708,-0.011664024123087395,-0.010283174217447252,0.0016937133919120652,-0.013083933212519914,0.045617115163230144
42,0,0.00040668879776900406,0.00266345982647823,0.000940307599558358,-0.0015117803342153788,0.0019544428178855724,-0.004912889874823975
42,1,-0.0003548659633594575,0.001861297067520934,0.00022937101504279893,-0.001111228707319184,2.171317905438156e-05,-0.0006462865909394729
42,2,-0.0004984479173746743,0.001934126549366175,0.00017742284871119323,-0.0004680550019076596,5.244536576800944e-05,-0.0037659052547694563
42,3,-0.0029844418060918747,0.0008369979155336382,0.00026126209779720654,0.0021300002002005583,-0.001986052529212094,0.0015816393967836037
42,4,-0.0014769373294278446,0.0005154459652490266,0.004108465226978379,0.0005411419742157031,-0.0038716620307787763,-0.0020822817182436144
42,5,-0.005399580334572333,-0.014890985717351812,-0.014007054544912152,-0.015387931626662061,-0.010206168806046311,0.06375130835808093
42,Aggregated,-0.0017343118470552303,-0.0012409488170437245,-0.0014378793773517917,-0.002691386584664566,-0.002374216804657909,0.009231262395901505
42,Centralized,-0.004716454838133441,-0.008247110760758366,-0.008114923503335056,-0.008819724829365251,-0.009772132406829122,0.04243219788504235
43,0,0.0018795452807275144,0.0057837405007282175,0.0013755588976017696,-0.0025345306843137737,-0.00026632806280451986,-0.008332448263987168
43,1,-0.0011327654993135057,0.002141163247788202,0.001958691627324599,-0.00039832710674825484,0.001886930729297065,-0.004455692998348108
43,2,-0.00032760101755016646,0.004562129477304581,0.0014862069895874744,0.0015218800459009594,-0.00029716877838449894,-0.006620235516959765
43,3,0.0033460144410297704,-0.0014084869732813238,-0.00014747445457428122,0.00043127608985784975,-0.0007679442908790412,-0.001292790087164001
43,4,0.00501938028269637,0.00487702983301639,0.0023699081259679934,0.0007220888230273614,-0.001344867748490138,-0.009339174657664671
43,5,-0.017114607518075923,-0.015440854434884537,-0.016339561808429506,-0.00845255617837004,-0.012858614086300407,0.06305926097761655
43,Aggregated,-0.0014583112787761843,1.6702886710009187e-05,-0.0016152520746309702,-0.001482844385022054,-0.0023217574695381512,0.005759242709369464
43,Centralized,-0.010504145264120603,-0.010023945254223496,-0.010627680779092753,-0.0033340136594294904,-0.009574627730300175,0.04004115215798539
44,0,-0.0005759270161304527,0.0022158037200018595,0.0021092308750581823,-0.0017139574552236232,0.0010849400628894835,-0.003120090186595439
44,1,0.0010265756793004103,0.001014039817902664,0.0001117539106762988,-0.00010256279431902215,-0.0009053540839985756,-0.0011444525295617755
44,2,-0.0007803020772861398,0.0011811691986936836,0.0028295478521936147,-0.00010013220625054534,0.0017816825574950427,-0.0026416702371227416
44,3,-6.296324758338819e-05,-0.0028201203536806206,0.002372278051379286,0.0012414019527526503,-0.0019326242582795663,-0.001069592163683227
44,4,-0.0011767413991970157,0.000233002896418949,0.0047435802749786335,0.001472055697240878,-0.0016663776410285696,-0.00328411403885702
44,5,-0.015476110212831861,-0.006046272048694274,-0.01827058596548296,-0.012219075182750037,-0.01149672745144553,0.06864380163583707
44,Aggregated,-0.0028971302836660966,-0.0007275005075535483,-0.0010941321077572964,-0.0019496087215680347,-0.002230490153447126,0.00982684947328053
44,Centralized,-0.01045426934927186,-0.0050677657105251085,-0.01112561979660804,-0.006643789375475145,-0.009993993019296366,0.04406460314057797
45,0,0.0015759087211927813,0.001346875250813604,0.005715816781864952,-0.002185817048322329,0.0012818601687561789,-0.0056401815422572
45,1,0.0002621262313600511,0.0018311823449162744,-0.0003555334043070938,0.0007562111782561738,-0.0004031392264984427,-0.00209084712372696
45,2,-0.0005082759402083932,0.0005941426507469909,0.0008112177524816041,9.415942380177992e-05,0.0009828192725434743,-0.004569569446986978
45,3,-0.0015968688606055226,0.0005968608715525477,0.003571040989142298,0.0014568505693106023,-0.0009665616412924183,-0.0009502966340016202
45,4,-0.0027557180848823285,0.0009624964220032117,0.004953742885150977,-0.00028647184087033127,-0.00046893168738087093,-0.0027650602301227153
45,5,-0.0021266691077225955,-0.013320398968107404,-0.012594334998948539,-0.01102845397043187,-0.011455298046946243,0.059091603384416394
45,Aggregated,-0.0008638931980275155,-0.0013848169546461812,0.0002927291833229688,-0.0019063561005338266,-0.0018809986915200424,0.0074102528375562145
45,Centralized,-0.001979823472354448,-0.008265676743190203,-0.006227715876391739,-0.005207073585536686,-0.008868440677641356,0.03815114037293542
46,0,-0.001795112634826762,0.001146092900686041,-0.0005150711020343941,0.0032499514368236376,0.0009753846427025722,-0.0051557075753991
46,1,-0.001379341944277111,0.001767935416337194,0.001578715687711137,-0.0013539951951587008,-8.440427776124452e-05,-0.0005289096868512736
46,2,0.0005583443851705875,0.0008308612230405336,0.0009809422462592995,0.004396112654479172,0.00121877992229182,-0.0031400507737524845
46,3,-0.0033093872895292825,-0.003613860556555839,0.0003086599645683974,0.003600382856082873,-0.0006684563082701563,0.0015716360395981066
46,4,-0.001525877559656626,-0.0024214260853214903,0.0010130670736173666,0.004786808096207565,-0.0011305160850433964,-0.0026259229736577162
46,5,-0.005529255289485615,-0.009082895768301229,-0.014950932605913519,-0.011914738037771534,-0.011331214453964612,0.05697040039382248
46,Aggregated,-0.0021784142147995844,-0.0019275281084894262,-0.0019887015482157044,0.0004056902683791027,-0.0018789823726613722,0.008067136311404701
46,Centralized,-0.005142301172220268,-0.007271989217186618,-0.007786024030752988,-0.0037517773281658616,-0.009051049206508567,0.036287617937603316
47,0,0.000540364275543583,0.0019919719573752454,-0.000955268844641044,0.0018890062198076282,0.0012973131301679875,-0.0005796592336079376
47,1,-2.738264317378632e-05,0.001115692782405181,0.0003236998789458656,0.0006636604001344415,0.0005974216060933364,-0.002673092024405038
47,2,-0.0017708893264312927,-0.00013508433382531938,-0.0007189967679441837,0.0028540959049314614,-0.0002243650168583781,-0.004849750117361206
47,3,0.002176378030042417,-0.0001504726440110867,0.0012608098693391615,0.0037594911409741076,-0.0004671642559998153,-0.0021954309642509048
47,4,0.002191655729694381,0.0013809715666581346,0.0007607017691799445,0.002842665057777394,0.00045496945485687943,-0.003458630466539943
47,5,-0.01994606231592279,-0.012808738724321714,-0.007725554243305843,-0.009135352282196625,-0.017989114816383746,0.05530426504958622
47,Aggregated,-0.002882252213487884,-0.0014848859637658,-0.0012049105978366146,0.0004361500760670572,-0.002789753423139406,0.00713987687598295
47,Centralized,-0.013010573377057232,-0.00858980727434133,-0.0032932262461734516,-0.003216322395007112,-0.01452654824583986,0.03318615212138148
48,0,0.0012933655381832886,-0.0002595809028719383,-0.0007752615849074866,-7.91978685788693e-05,-0.0005402362690383522,-0.0038228164174321016
48,1,-0.0007888888286834058,0.002385024417621684,0.00159615229303476,0.0010356364529285123,0.00026374373710314294,-0.004491668072004693
48,2,0.0006115819071796887,0.0009039689136548494,-0.0002715179249176414,0.0030699888122251904,0.0011006813211468754,-0.005414703029288961
48,3,-0.003415886467973429,0.0008228927669177821,0.0023427307259632304,0.0020288569988064675,-0.0013198148800057927,-0.0025707703007072564
48,4,-0.0009696654808600517,0.0027168418981399814,-0.002443160663237481,0.0029946523476758894,0.0006407170409851171,-0.0051693139739297485
48,5,-0.004890751061259029,-0.010147894081592683,-0.01489895097191608,-0.014072497079783886,-0.008894374451316297,0.05290446764586813
48,Aggregated,-0.0013757502331432695,-0.0006389558791870347,-0.0024639102884832613,-0.0008959828385771609,-0.001491300281857386,0.005451280591674665
48,Centralized,-0.00642582582957377,-0.00379743798825183,-0.007737053244158318,-0.008537027911568972,-0.009216232815387764,0.034249199095095176
49,0,0.0004042728046109075,0.0020712991438509576,0.0018590846185279836,0.0012769681182720149,0.0029085539866557115,-0.005911759417691049
49,1,-0.0006188990226398387,0.0014641302728255182,-0.0013139718415280703,-0.00210220290174389,-0.0016663257876461809,0.0016611324430186093
49,2,-0.0005854759029461661,0.0011134860220027984,0.00171059159716474,0.0024167668781789583,0.0035405259674681174,-0.005600388274246949
49,3,-0.003010172335217256,0.0006713947357930184,0.004352446862313339,0.003004977846696239,0.0015185928125393397,-0.001316659017383374
49,4,-0.0026403350509156486,0.0008848389620419672,0.002697422468169377,0.0034477828060409887,0.002534345168159312,-0.00398752741433619
49,5,-0.0011365845359548525,-0.011555554210046596,-0.013386900232867045,-0.006384933287514595,-0.014452977140093427,0.05884784788707949
49,Aggregated,-0.0012639630510575027,-0.0009391816540327324,-0.0007367580364007081,0.0002469203407001754,-0.000996355491290892,0.0075115436974516475
49,Centralized,-0.002684792910953767,-0.005430529445405165,-0.006907258229330012,-0.0015873398448166887,-0.01033834023096085,0.03948236644290602
50,0,-0.0005625743185086722,0.0016468633405192531,0.0013012327113208987,0.002577708292434463,0.004377278759475139,-0.007099208033085818
50,1,0.0008732541050881504,0.002028535501783975,-0.0023039158451250295,0.0007780154010853505,-0.002813437559728191,-0.0008226135144579695
50,2,4.8494814957517066e-05,0.0005256958012829049,0.0010731686824299962,0.0016521600485268555,-0.00016887248859371874,-0.0031428097872741234
50,3,-0.003995043450377568,-0.0013537547581828494,0.0009068693514955872,0.0002594589083878847,-0.001531269743815202,-0.003702762012466307
50,4,7.180420768830668e-05,0.00018345932907281963,0.000863605044821808,0.001646607342928617,-0.0017623226887044478,-0.0032669633057635728
50,5,-0.012602017463298688,-0.015466478247132449,-0.015970227993172163,-0.005819914534665173,-0.010840669156427547,0.06038650676778724
50,Aggregated,-0.0027384300894702954,-0.0021322076774487587,-0.0024154579857250643,0.00015563288592931835,-0.002162002815235421,0.007295967837433948
50,Centralized,-0.00879684347254324,-0.008449259544175112,-0.011855661904534874,-0.0009317828472190534,-0.01002769720021675,0.038047784321407985
