Round,Evaluator,4,1,0,2,3,5
0,0,,,,,,
0,1,,,,,,
0,2,,,,,,
0,3,,,,,,
0,4,,,,,,
0,5,,,,,,
0,Aggregated,,,,,,
0,Centralized,,,,,,
1,0,0.14140269996293592,0.12485905203397275,0.1028071797512168,0.1474413458536142,0.14537390509963014,0.16319015439351542
1,1,0.1424965940643227,0.12950823510097262,0.09561293131331815,0.14275882049935895,0.14182737688044247,0.16474510150536467
1,2,0.14506084453821202,0.1301765266263474,0.10709483381836651,0.14289229288488084,0.14287449440815425,0.15809255992946172
1,3,0.14788108825724577,0.14121319385270728,0.10478297288846988,0.15067635187157405,0.15907855261873852,0.1631157555071786
1,4,0.14306532152091406,0.13861040659248045,0.1087401247236811,0.15295644456547292,0.15470506487433808,0.15506148658272853
1,5,0.11644469250712218,0.10762762089305979,0.07517894655733684,0.11392179372992824,0.11889190278982013,0.1608792989795262
1,Aggregated,0.13928977255869382,0.1285722319828554,0.09893001481632638,0.14165058069463116,0.1436810931011515,0.16084753477920233
1,Centralized,0.1384913230478231,0.1277908776604305,0.09808914937708371,0.14078757828601782,0.14293917341162665,0.16090342214695014
2,0,0.033699466582386574,0.03940048706448553,0.02120463702588293,0.01651025634446534,0.03551110578721678,-0.02409038485699637
2,1,0.04516476116768373,0.048994743890691715,0.027551424612522555,0.02484370122742721,0.026704637823595202,-0.0057798941251386415
2,2,0.029745946513185025,0.04059059401548294,0.02644093563996361,0.01830138045286504,0.023647459953432207,-0.012140459914488965
2,3,0.029522845026269055,0.026879543626996735,0.026489819638645114,0.027742940758903725,0.020765227899524428,-0.004231442979940717
2,4,0.028981927031128802,0.023502589530244065,0.01575855195618278,0.011934503924750957,0.023263362735823554,-0.01246879554916005
2,5,0.018481992897019767,0.026840857313457495,0.015175515978784122,-0.0016874491275425025,0.014947115629957342,0.02235168760223806
2,Aggregated,0.03087742462538854,0.03433464412227268,0.022072655603636245,0.016194303814574974,0.024098916402032964,-0.005933467536070981
2,Centralized,0.03059559646747456,0.03424031107962682,0.022003149114566717,0.01603119494079478,0.02383381862876596,-0.0049135075764696196
3,0,-0.011280077950369057,0.01775806346134603,-0.00897586428586886,0.016051399666647738,-0.013400946381636919,-0.0184180370505263
3,1,-0.019556388546783196,0.019644850658386066,-0.01345795417992035,0.009625965038056438,-0.02989788671906852,-0.032310720017857286
3,2,-0.0031540406673598734,0.013346685843999007,-0.007408793226297403,0.00561275192361851,-0.017649440201389695,-0.025497896602095234
3,3,-0.007114242052381894,0.015223393660510204,-0.006913507117526923,0.005764140692785042,-0.011840327842851248,-0.021001456385436545
3,4,-0.020197076754970646,0.015603645140075565,-0.010553287096347869,0.006292067139832759,-0.017523373404670313,-0.021979041583601134
3,5,-0.02347312580132941,0.014025595604110423,-0.014939045491120328,0.0031824610248716734,-0.030702636464741632,0.006504978567736583
3,Aggregated,-0.014170733566229256,0.01592521580538396,-0.010395050258096967,0.0077344534806078604,-0.0202159696205051,-0.01867117638368879
3,Centralized,-0.01437494529502876,0.01583701930822595,-0.010543875826070293,0.0076236748946669685,-0.020461258129962148,-0.017841959691906627
4,0,-0.005218642010218325,0.017445462617262344,0.015432497890791104,0.02197079682288539,0.0033110986107801094,-0.02016897581324907
4,1,-0.011172891504148463,0.03653990425526879,0.018578252129090603,0.02543247738958151,0.018845585057655607,-0.01914066510538851
4,2,-0.0072079924135612814,0.029932168677279162,0.02388370120366224,0.029458426146176424,0.004798524696221716,-0.0293893290693593
4,3,-0.004998851953571766,0.025894577693025906,0.01525941948828613,0.015600713291379773,0.011247664023140619,-0.012653239067635182
4,4,-0.010998823802727875,0.03255439469041821,0.02789052687370004,0.02764355586201735,0.010354381616159161,-0.02127438618970191
4,5,-0.015418688515263988,0.03064106654493137,0.00954923829920298,0.024097973842154247,0.008974221548632573,0.011072381941210605
4,Aggregated,-0.00919712092193389,0.028842633436235564,0.01839274857916518,0.024034275245497953,0.009585845742813319,-0.015141876852169327
4,Centralized,-0.00936038847721864,0.028675724663074827,0.01816521232983375,0.02387868808346968,0.009496520554326865,-0.014186455771348624
5,0,0.0027304889211100525,0.0028530668629557663,-0.004159711429859538,-0.0024853317765622775,0.015951991417574866,-0.02322102294742443
5,1,-0.004134663929022903,0.0015863743244706914,-0.009963107286160712,-0.0005033728129622396,0.024833699997809194,-0.03754928465511588
5,2,0.002948469704457251,0.000925667496227589,-0.01673550324160601,-0.0026866483776784604,0.02248367254812991,-0.042244448575260364
5,3,-0.008850317618273474,-0.0011468503653264163,-0.015661089701508014,-0.002532495615279969,0.013816172085969127,-0.03306238353583924
5,4,0.0008333746303229035,0.0023283932970868133,-0.009305943967974729,-0.014455578881935714,0.01935276475685933,-0.028350040340171058
5,5,-0.0064766020471366675,-0.008493911108772522,-0.02128026428523898,-0.016174779266933566,0.013975374438221855,-0.003264446591754074
5,Aggregated,-0.002177422599578628,-0.00036089193792473496,-0.012888442003039891,-0.006516201284198489,0.01838258218954437,-0.027838775040041307
5,Centralized,-0.002432094191120741,-0.0006143409141386616,-0.013188144154891251,-0.006716545655181917,0.01819518441375914,-0.026954220001032994
6,0,0.008472716391071779,0.0015164606720804873,0.006544235712057726,-0.0001568135725274274,0.0056369552653002565,-0.0026927265175158764
6,1,0.008685951645903349,0.004826105133772875,0.016332146511196525,-0.004738229671066213,0.01790032329362901,-0.003223036017262736
6,2,0.01323243514707907,-0.0005885819274808122,0.01506109541767625,0.0008148553777799235,0.017148007845277854,-0.013547082463707633
6,3,0.012961170776390443,0.00325854971439999,0.01509790685780905,-0.0007539351757368455,0.016286755020532156,-0.006536470183105202
6,4,0.013047303323940732,0.002403313343962432,0.01545148081108144,-0.004995561772749267,0.014193177355864011,-0.00369398904231731
6,5,0.0038804521135050135,-0.00561365661082233,0.0048592855830803345,-0.004736812592955494,0.014973691298865763,0.032150717438868916
6,Aggregated,0.010019235662186876,0.000937751683913993,0.01219158841363378,-0.0024380234856737943,0.014359231203614679,0.0005507975613500549
6,Centralized,0.009883867736945728,0.0007287580992328877,0.012046801534310604,-0.0025975668688744398,0.014269379302541003,0.0015801831233696385
7,0,0.002873796737338055,-0.0022861470126130565,0.01125074730389573,0.005194878439545926,0.0016346435648701512,-0.01238749093834191
7,1,-0.0013279608523800277,0.002035114661488404,0.009719888076140156,-0.0017546387910922136,0.0012269749991083323,-0.013699872203232606
7,2,0.00789867442714747,0.0003471201596703684,0.01472150321478611,0.008065703858370084,0.0059833925044681865,-0.023189106235147767
7,3,0.0037633888347176365,0.0004359447216833919,0.006642554086998293,0.001688432188341545,0.0012336800755973025,-0.01368921700327213
7,4,0.005052399555920412,-0.0026681020367632373,0.016512253766679683,0.004549236437014103,0.0005439466554009676,-0.020544474871358742
7,5,-0.004699379442072394,-0.01109954460136692,0.0065096970061322475,-0.0037002892396981782,-0.0024687303858045508,0.012927858447316773
7,Aggregated,0.0022291875475882357,-0.00224550680330075,0.01087327189841361,0.002313675759550978,0.0013419535791525472,-0.011653854728749899
7,Centralized,0.0020044743656953846,-0.00243182083132938,0.010667609542977317,0.0020841252340678585,0.0011157054877323233,-0.010737138421591004
8,0,-0.001748748873993175,0.01293862315168353,0.013634993279073417,-0.003783742664259527,-0.002786117067208409,-0.02743458648604682
8,1,-0.0027815374198535323,0.013282650493234288,0.009811554676094243,-0.012392235176006617,0.010645791001978435,-0.021386874197689924
8,2,-0.0024019461426689668,0.013175988206942144,0.013348950703791489,-0.00969520747771069,0.005893369197005602,-0.04061803935161144
8,3,-0.0016085963880302571,0.009060483893641466,0.008786577589837816,-0.0075546594987987905,0.006901402291869869,-0.022557909006738482
8,4,-0.0022068339471623603,0.0124521288852267,0.018661523749178555,-0.007906924030084491,0.006833838093751835,-0.023898934466624562
8,5,-0.01015955330723948,0.002518206642583051,0.0075378339521283404,-0.017092281220211288,-0.0001506770460635027,0.008523670392427154
8,Aggregated,-0.0035142357564019286,0.010535515331671394,0.011943880496884322,-0.009770232584225802,0.004535324720566974,-0.021096398655850206
8,Centralized,-0.0036976935277026435,0.010306175082909236,0.011743162394304658,-0.010054604441861351,0.004342201115866903,-0.020065071087974357
9,0,-0.011162772439639356,0.019922074395856568,0.0062552781767428655,-0.012491867220503841,0.01504380398714895,-0.024173092357970813
9,1,-0.014420590098118392,0.020569059965837924,0.013980609248613832,-0.01284225072323916,0.01991540166306208,-0.033164184093949826
9,2,-0.014432507835890573,0.020063233573732884,0.012778341809272644,-0.015517994059605125,0.018750829595880304,-0.03780372208910977
9,3,-0.006069846208644234,0.008129846215591189,0.007264266131121729,-0.0062891286494128895,0.010250471672495919,-0.02678208995189341
9,4,-0.01705008152613103,0.01062970513290078,0.011198438515491658,-0.02098037757807809,0.016929339442328738,-0.03572460648264889
9,5,-0.022026977167413024,0.007368680230182318,0.005315818810570027,-0.017477300305549295,0.010950384733215196,0.0036490873077316905
9,Aggregated,-0.014228648743769313,0.014415605281914231,0.009446995422807953,-0.014280772580163293,0.01528732222151364,-0.025535998473736034
9,Centralized,-0.014463095191530788,0.014159019244559938,0.00927336319073423,-0.014475827892725572,0.015085640185798027,-0.024444802420003905
10,0,-0.00643242484992273,0.012943048234842193,-0.003080452470985193,-0.00594297617314456,0.009642072399554965,0.0096596224007806
10,1,-0.01390997587999222,0.004936748318705233,0.004230133114031724,-0.002551580912049695,0.012088093557487488,-0.0027733478915492053
10,2,-0.012429607199149319,0.016063070255064933,-4.82019391222644e-05,-0.00575048614769548,0.017570017303730437,0.007815830990078562
10,3,-0.0031459655940265117,0.010155727684582123,0.0038182113409248506,0.0011921617619333792,0.016302201637949258,0.002697175221358856
10,4,-0.008840509540070237,0.009352761517661554,0.007450168123036543,-0.0027363785346009896,0.020386595426935043,0.009647441031826107
10,5,-0.021633088409824072,0.002112489676675438,-0.0017598614101329458,-0.006481184804323534,0.013261887464457972,0.040719051735272876
10,Aggregated,-0.011112282274778909,0.009228836047938612,0.0017526344872720594,-0.0037240631331381447,0.014867966624267715,0.01142521774438241
10,Centralized,-0.011291596628121273,0.008912915014338095,0.0016628346948045652,-0.0038449031033116563,0.014742338375784354,0.012506066889436795
11,0,-0.005811983974060142,0.012300569464815883,0.0022842606801046325,-0.00874344310377509,0.008070949159918381,-0.014955314575468356
11,1,-0.0053069968043427266,0.012675870177059347,0.005825903841827324,-0.005662897150734331,0.014442074089777174,-0.013991441741887987
11,2,-0.006327236217513682,0.018728127905443082,0.002933305117499827,-0.008284715226903145,0.015360194210155045,-0.025774515037980193
11,3,-0.0035527223724063275,0.011580644418932098,0.005424559725271995,-0.008410026739616928,0.009966854911485443,-0.018420509211483308
11,4,-0.008066115713570146,0.02000918440538104,0.0033199695136121254,-0.01623264162574703,0.017933074734125292,-0.019969219147196432
11,5,-0.015855108403984297,0.010751793825812598,-0.0037756325972108135,-0.01931933931068473,0.008443110152431101,0.017990247366103815
11,Aggregated,-0.00752392823907227,0.014325061786898763,0.0026400542527356312,-0.011145375541228077,0.012351906727747882,-0.012384372898515973
11,Centralized,-0.007776505820384259,0.014077486545635634,0.002364506966583279,-0.011455692077630506,0.012101779713506672,-0.011229748956547147
12,0,0.009121010530800864,0.008358236198068724,-0.007548519888738641,0.010647151259168703,0.009507337447175444,-0.017204773624933396
12,1,0.004599496089305723,0.009580979956492285,-4.764587179337069e-05,0.00433325229144119,0.0054390759151373945,-0.010826427190080638
12,2,0.011461397584755487,0.011782241803079874,-0.009514456789483311,0.012459285535426096,0.009736903117692146,-0.02278070023522455
12,3,0.0049353726499319975,0.00361920295899501,-0.00027185326526896946,0.005563920249039515,0.004511435220114438,-0.008035558460294414
12,4,0.012795828938570156,0.01125346793930792,-0.006275080491062983,0.009055701063523023,0.008697573509766864,-0.019008277588094945
12,5,0.002625097799152092,0.00031848804971433027,-0.017821483193098998,0.0032212453935527184,0.0006779630391379619,0.02535356646981762
12,Aggregated,0.007567611153593207,0.007453547616566032,-0.006961708555550387,0.007527513408123959,0.006402795531297,-0.008598620155266891
12,Centralized,0.007416209359859828,0.007214812025995291,-0.0073169744403167244,0.007401359055925176,0.006107755241277513,-0.0072850818008817035
13,0,0.0023080650278593405,0.003444912218122953,-0.0021160078585105856,0.00149807630897707,0.0014440322037401097,-0.009701720028959455
13,1,-0.010974771847958162,0.006264494634725531,0.0042987468148666,-0.001195774534917935,0.004716255920212135,-0.009686115607146675
13,2,-0.005316511216749291,0.008486066166512192,0.001565472768951189,0.0025727847401825913,0.005130841792735198,-0.015720355790240597
13,3,-0.0018316797713126283,0.0034249655988682903,0.0005946769101969581,-0.0002861410618378579,0.0024094567914370447,-0.011187477477897589
13,4,-0.005294379706739748,0.002658737278344984,0.0025959757858159773,-0.0002918339308572363,0.005144883676180883,-0.01114181731024673
13,5,-0.014150883219691022,-0.0025030558344111154,-0.012901246513647787,-0.005537784559179127,-0.0029840334061436314,0.03595600231586212
13,Aggregated,-0.005913508538140894,0.0036020678746032384,-0.0010467115107454196,-0.000562348757527138,0.0026185334248623113,-0.003404335193491323
13,Centralized,-0.00619109626105978,0.0033361780047438654,-0.0013042269369113217,-0.0007993032910329045,0.002150938279431119,-0.0018904916832648345
14,0,0.004612298736444313,0.0029894122074330606,-0.004388040030102865,0.01583164557204522,0.007671498984915163,-0.0267168154707349
14,1,-0.0006959190014789828,-0.00535571914732352,0.01069971617331532,0.0013437866948387846,0.008574154757271312,-0.014506783261189454
14,2,0.004603940214935996,-0.0011010569064425412,0.0021389221493554413,0.010451223548246883,0.012673583373850248,-0.03175591232774618
14,3,0.003544069725877252,0.001909579811235046,0.006745050483913205,-0.0017705509981214155,0.009271948974454288,-0.016182014247284243
14,4,0.003087703840456181,-0.002993075896270288,-0.0030848827060201583,0.009812088473493637,0.014407864994555573,-0.03142047787072314
14,5,-0.004557817189933164,-0.01541415216812563,-0.007979940264399616,0.002125491723756431,0.005201209861735393,0.014805394838236731
14,Aggregated,0.0017375768816243102,-0.0033812802152543625,0.0006499018409490724,0.006280378177443907,0.009613656393038843,-0.017485119575024504
14,Centralized,0.0013482673432838655,-0.0037394452971016307,0.0004430206742779737,0.006035218171494453,0.009354678908592842,-0.016192988549258977
15,0,-0.005111613294128708,0.0065835763065876735,0.005834382284246382,-0.011193632157560394,0.00031680508361967935,0.00019138342376087507
15,1,-0.0019701909794814826,-4.4644627144718727e-05,-0.0034628651662874424,-0.00397763085213248,0.00835721822295104,-0.00582512910396998
15,2,-0.0037229657520335717,0.008336020965982772,0.0035495011259491158,-0.010230884923253865,0.009489679769811491,-0.0006765157215601296
15,3,-0.0008424413323642768,0.0012061259434722397,0.002841962797781667,-0.005016929034112933,0.004337405206441929,0.0010102228149201308
15,4,-0.0044400113002255786,0.014007399091707924,0.0029979548276660006,-0.01755382894270608,0.009211785548115168,0.00250331005902156
15,5,-0.01428001218065331,-0.0004820222963155374,-0.008249404456477339,-0.018670561106373926,0.0012245328747417395,0.043681014142061346
15,Aggregated,-0.0051022238548645675,0.004910309424143177,0.000545946404814738,-0.011140896634408228,0.005470594306744223,0.006978083048600061
15,Centralized,-0.005344455280056338,0.0045915742574084975,0.00019091300304656665,-0.011379406433860264,0.005175194007368511,0.008418515923888422
16,0,-0.006576047494092481,0.007187273163764766,0.00498169997960853,0.008393046264352472,0.008256022858043412,-0.011640040341041071
16,1,0.000992362546832487,0.00474855320120567,0.008374861473000601,0.0035827435410820934,-0.00035214905841000254,9.237557885124357e-05
16,2,-0.0048214130026542745,0.003059175753498943,0.00630732426776082,0.007867723295833148,0.005508806010521227,-0.021172933992729136
16,3,-3.2105618935388915e-05,0.002845995244981848,0.00489241083692583,0.004549159205520964,0.003723632449297256,-0.012447889561006223
16,4,-0.00998461039370069,0.003158701176860074,0.00811142728979379,0.013978959102850963,0.010237852733273274,-0.021625976402356327
16,5,-0.011544247269531462,-0.005271651069400478,-0.00423414875543765,-0.0021047541354463793,-0.005368650142208974,0.02959870284523678
16,Aggregated,-0.005355336807041523,0.0025862222582127502,0.0046990044747678835,0.006008220441444615,0.0036273800867258022,-0.006040014462011374
16,Centralized,-0.005511474347635136,0.0022730269497312845,0.004467959165416956,0.005772333759743014,0.0033125626631691535,-0.004543428364306401
17,0,0.0002518304823474223,-0.0011241304192538418,1.1805656732736628e-05,-0.003252672901029397,0.001060504949915614,-0.011263096771948181
17,1,-0.0019981222743747176,0.005240577510376385,0.0002123972929117479,-0.0012178203725281536,0.0021414341076591552,-0.008194435400096713
17,2,0.004395919507967616,0.005650696755185177,0.007037276482033278,0.0014008294992351252,0.006430273102747738,-0.01858000157950789
17,3,-0.00012622314192209939,0.002165705449050819,-0.0008141276894124398,0.00046735557836412404,0.0010193268451606377,-0.0062432395980253
17,4,0.008960649047250193,0.002981454161449626,0.007592243708057087,-0.000483093242558195,0.004841983310373599,-0.014057603862463084
17,5,-0.0008748961380806602,-0.005497306273033211,-0.006157449922331552,-0.006224728040090415,-0.0053584854986493905,0.04015516506498583
17,Aggregated,0.0017564327846012427,0.0015380565682101938,0.0012804489153533298,-0.0015724804145931324,0.0016578150351192057,-0.002838385411578581
17,Centralized,0.0016225201011185455,0.0012634748040148062,0.0009460222110448891,-0.0017955705879530526,0.0012322112826344174,-0.0012245949035999404
18,0,0.003161764137232564,0.0005460247875309965,0.003786904918506699,0.0044756793158455465,0.006530213191987179,-0.004883515390874891
18,1,-0.00039178300442768526,0.0008202839386540835,-0.00040558333463956985,0.0015667602165965115,0.001628796242097395,-0.006943127372298705
18,2,0.0021846077229105824,0.002282016543787037,0.0049875109222828964,0.005035750066242864,0.006869106205504677,-0.007432159637665612
18,3,-5.81415434484626e-05,0.0038013775575239605,0.002172524539513515,0.0005700479344965222,-0.007978633933408526,0.0014051567732352443
18,4,0.0005121921986153947,-0.002462011249563833,0.007691619982632,0.0033610899450382007,0.005668313329863716,-0.008338325699100785
18,5,-0.011836767407988405,-0.00947433983271567,-0.006669333998640549,-0.007248441931146984,-0.00665527279793313,0.03768266080029757
18,Aggregated,-0.0011192541501115318,-0.0007866025850975793,0.001889024192727817,0.0012554745936749173,0.0009763127282089779,0.0020742586092088837
18,Centralized,-0.0014876619438797944,-0.0010816046896077439,0.0015534856837002584,0.0009922593705956365,0.0006078044146517137,0.00351672328913212
19,0,-0.0003248725054718515,4.266016226744015e-05,0.006869950608206017,-0.0018259521654015152,0.0012614354483467187,-0.012547389582100478
19,1,-0.002581701968062401,0.00813115746416147,0.004809056394577135,0.002910450283415495,0.0055634437332913915,-0.015107752593365142
19,2,-0.0012994998207977392,0.001601646294531897,0.006030885962144808,0.004392434999633222,0.004577282924595756,-0.029303120725182378
19,3,-0.0009963684822260695,0.004102494147044979,0.0019317284066244238,0.004049031097246885,0.00394233256172608,-0.009355268461608031
19,4,-0.001476648984246931,0.0007885779443163007,0.007859121567828756,0.0036355237813733535,0.005670100227474843,-0.016038834380415923
19,5,-0.00964258511254982,-0.006364273726076972,-0.0015710420155111168,-0.005378648802301743,-0.003953304083528242,0.028745453753235232
19,Aggregated,-0.0027510795039587975,0.0013492365919101836,0.004295398093899037,0.0012674366902751311,0.002813306633046289,-0.008766832654888434
19,Centralized,-0.0030653447535809336,0.001058821954961777,0.0040921002239271195,0.0009420660205233689,0.0025355050805362174,-0.007270114954031543
20,0,0.00018172118059541406,0.0029136860717119666,-4.613850301784887e-05,-0.005193206501053376,0.0007777687497214673,-0.005612872394571607
20,1,0.0006245047981554896,0.005671927425792419,0.004082918406645816,0.0004681611830369396,0.0020556266525184703,0.0015786938043970923
20,2,0.0027080018120737882,0.004218896266179802,0.004002629837530986,-0.0033129287521364396,0.0038347933712149875,-0.0007022889216257849
20,3,0.0034499491379722845,0.0033805735544180314,0.002340081949287844,-0.002503277648328141,0.0041975804754419395,-0.003924898633874778
20,4,0.001103814260794637,0.0012385483880940204,0.00701987685826712,-0.014320387018005448,0.002536176497107833,-0.004090512560861181
20,5,-0.012304009381509494,-0.008320759561349707,-0.01228311362657608,-0.015390576824201611,-0.006943619601531323,0.052987096138177155
20,Aggregated,-0.0007576070646871951,0.00147337269932615,0.0007942627786940191,-0.006747331622283401,0.001040703564862239,0.006911792715727633
20,Centralized,-0.001031776841078578,0.0012052061083044974,0.0004463268673691438,-0.007029006361682098,0.0006816461240409873,0.008572201364571484
21,0,0.0030208118779549258,0.0012617746449879155,0.0031861517211861107,-0.0024466693663794834,-0.0032583519924482313,-0.0017637168853012525
21,1,-0.0011988365016644908,0.003224547129903826,0.0011789235078045542,-0.0003447385524003264,-0.0008101282190714815,-0.0020497673645720675
21,2,0.005736692193806523,0.003206470886814401,0.005472306408564793,-0.009187188124865624,-0.010945998188893578,-0.001508626036405032
21,3,0.0007788690268002915,0.0004711070713789826,0.003532215108908063,-0.001901869872469922,-0.0011578287746248027,-0.0017224925599926147
21,4,0.0019185694078640958,0.0032178216965775513,0.011402003646127784,-0.007746378705596755,-0.010402456958098872,0.005007537995904085
21,5,-0.007660222338679982,-0.008650161210301639,-0.00289201462574433,-0.013713428592477634,-0.01640143606328578,0.05309680060044253
21,Aggregated,0.0003966389590312384,0.0004147464826253039,0.0036175048035428582,-0.0059248548040265634,-0.007203806755898631,0.008708340139178407
21,Centralized,1.3803370920960191e-05,4.033947385001143e-05,0.0033590043948941756,-0.006249507441272713,-0.007533451179429559,0.01032697685714473
22,0,0.001524964233507318,0.007582542137161322,-0.004334200297277145,0.0040807320504903455,0.002310453313764533,-0.011164491437646352
22,1,0.000482029744059694,0.0034573229541023155,-0.0030082260408351566,-0.0005254976579682491,0.0017766696810365505,-0.005567229543340133
22,2,0.000663101111922452,0.00464954320115127,-0.005562660182506777,0.007558739085368916,0.005614939389202108,-0.016181583216438294
22,3,0.00042859392381658,0.003135917242281867,-0.0079745926486878,0.0036656157116762007,0.0034170523512241555,-0.01312988544929995
22,4,-0.0010146568550994696,0.006992341250747219,-0.010573418637344258,0.006046740208392596,0.005513451124871758,-0.016816039199695692
22,5,-0.012096701002955958,-0.0033389019759588793,-0.01952288471922698,-0.004366205399936379,-0.0047320954582762455,0.04327757428153385
22,Aggregated,-0.0017151760178201042,0.0037149352719811203,-0.008545059991457613,0.002711720809905913,0.0022853820390494675,-0.0030565293015974537
22,Centralized,-0.0020083361456747334,0.0033866742437769766,-0.008843536801558121,0.0024922251310811653,0.001961357411573163,-0.0013485540091435896
23,0,0.009536219877981455,0.005981964816823551,0.00033531267537246037,0.00363242812184604,-0.002335765490334022,-0.010520135136720385
23,1,-0.006260387059013528,0.0008863896410220747,0.00020154593005799654,0.0007811574903301254,0.0029814264599390392,-0.002846198478445232
23,2,0.003997679718530402,0.006604569818018108,0.0028173970291137636,0.007563742099842218,0.0020312220887376024,-0.0056539320850814605
23,3,-0.008276263230044222,-0.0032038455822792707,0.0059140160563184605,0.005805967879959728,0.004817733303335952,0.0018206557138214575
23,4,0.008411177489164728,0.00668784990716965,0.003407218115080325,0.006139805571773807,-0.001445779874060404,-0.0069856685380866685
23,5,-0.0005597674660824889,-0.004018676268101008,-0.011834115502169786,-0.003528058320666982,-0.008657196483157926,0.04350685053080017
23,Aggregated,0.001133873874980358,0.0021289001867426964,8.695054316369265e-05,0.0033683518622293312,-0.0004713116261779523,0.003399512673037979
23,Centralized,0.0009424350200164226,0.0017548433337713672,-0.0002626165671272736,0.0031602814442747676,-0.000834658647257223,0.005059760969662416
24,0,-0.0021995340096357965,0.004186396008495443,0.004020678642256288,0.0028383219410679267,0.0013176595556973795,-0.01306096668963179
24,1,-0.0010857119774229948,0.003897710348715459,0.0033226443670153483,0.0019286957788384796,0.003703613776501545,-0.0041259554145933325
24,2,-0.010107614410486769,0.002485672953585096,0.0035129664924835554,0.003280004824027068,0.0068945387466720345,-0.019846450290260508
24,3,-0.005068311790106636,0.0006199592525380548,0.007230581367124143,0.0025207495290799735,0.0075904669748131015,-0.012845533994649432
24,4,-0.013465417240265665,0.0008315676804143481,0.01035347473869571,0.00471742249256579,0.005775920959200289,-0.01759401563065192
24,5,-0.01973844407537191,-0.011135633266374912,-0.00732156806391888,-0.005660860596205768,-0.005566405921236545,0.04026191857508312
24,Aggregated,-0.008660349952401421,9.74086237219641e-05,0.003471558818694515,0.0015717312288246786,0.0032465780441073614,-0.004335847615351865
24,Centralized,-0.009007919490636684,-0.0002833877214223698,0.003111269272643658,0.0012353955328477206,0.002897096948215279,-0.0026312202551065015
25,0,-0.003655726912280923,0.005553440937797133,0.005696340987991658,0.0012847913016467186,0.0023924000155019633,-0.008373801778905914
25,1,-0.0015455406476879172,0.0015098237865088736,-0.005254329700260011,0.003984784145960853,0.0009387404729395735,-0.0036137992686931983
25,2,-0.005401396619072115,0.0033334192122768842,0.0006875339467910673,0.00572267321934512,0.0025817733501696,-0.0036896749624043485
25,3,-0.0002335641821805475,0.0012527371865908262,-0.006576673267156613,0.0035363750478481916,6.676814373718365e-07,-0.0015865689487711296
25,4,-0.0005151958274352349,0.004400047386774388,-0.0026209102164493725,0.00630438138919455,0.0015915017206019752,-0.0067219836751412874
25,5,-0.010123598995440701,-0.005571801261649778,-0.007330440974667238,-0.012309833338822733,-0.007200533216578321,0.04531840536788187
25,Aggregated,-0.0036082892335294373,0.001713716899693624,-0.002587610212949336,0.0013594369168887324,1.8494526204432054e-05,0.003741249148262649
25,Centralized,-0.003917090328968989,0.0014298017213279347,-0.0029352551071233665,0.0009536814522246492,-0.00022700548216808742,0.005337144090681524
26,0,0.0010516480966245672,-0.0010553530515150789,0.002238396322382193,0.0012011279074332097,0.0008453385602506376,-0.0035771432995095726
26,1,-0.010643067801955933,0.0018894396623830747,0.004189997754454337,-0.0010170145095671583,0.006837510135896428,-0.004338146782893543
26,2,-0.006381995535658061,-0.0015690977518855696,-0.00017908795806096173,0.003625376180101023,0.004849725766254355,-0.01053748100000404
26,3,-0.005828566097848915,-0.0007650344844643516,-0.0022181304071040653,0.0027931255266668447,0.00010225175918572304,-0.00441678933345473
26,4,-0.005797323376775021,-0.0031682846331592377,0.0016952439393112207,0.003698070254146182,0.00044476352225579957,-0.0027876373419103836
26,5,-0.016297009848091116,-0.011807539300120849,-0.01460111942245233,-0.010595110883300935,-0.006293961573737114,0.048697893342832956
26,Aggregated,-0.007356012193338838,-0.0027862966626427325,-0.001537501513089387,-9.599434661575245e-05,0.0010979017676075319,0.004039705596747739
26,Centralized,-0.007758808149675041,-0.0031532144789491352,-0.0019489833846801307,-0.000467668607786161,0.0007658553476833085,0.005710904565494257
27,0,0.008340899229041724,0.002258313328582457,-0.003998627299602934,-0.003600426637337654,0.0019528667784925017,-0.012563265430477453
27,1,-0.0001541280036645609,0.002699356421741455,0.00481217835572559,0.0030550601067720574,0.0030240162314661874,-0.002972411496177337
27,2,0.008397532490497525,0.005453837560202892,0.0021504127952560164,0.0014034743818797768,0.003502665685877477,-0.007137126389937356
27,3,0.001512791747809279,0.0028472204835049567,0.0007986991983602532,0.008289018080836803,0.002805673403305316,0.0012112444243051542
27,4,0.00699217635044148,0.0003748151558109055,0.0019229669335327842,0.008248859093584084,0.00030512955300700896,-0.007910842570795835
27,5,-0.002454247771212672,-0.007404184240964769,-0.013373359305800737,-0.008836836589468338,-0.008536515324904124,0.054862923079762
27,Aggregated,0.0037447987712083478,0.001000662888888128,-0.0013350905389326465,0.001380859060495269,0.00046872583334927877,0.00447362384146128
27,Centralized,0.0035116303394324565,0.000640838996489194,-0.0017403067912055096,0.0010928585009855256,4.7203681587482114e-05,0.006403939297479808
28,0,0.0001732595515745561,0.003971492595117648,0.0009993506964046661,0.0023405057175207547,0.010414248353261765,-0.007394710098416958
28,1,0.0016760216007031944,-0.002894077252510141,-1.4189847125848734e-05,0.0019147593228675606,-0.0023773723957510404,-0.0020068585570696467
28,2,-0.0010740533447742284,0.0005656579997962281,-0.0002404659598331249,0.00465282395175425,0.006082579578043972,-0.009986542224987063
28,3,0.002664358553584522,-0.003013711942541427,-0.0015179096612504689,0.004394039712233552,-0.007463105131413191,-0.0021951758317151596
28,4,-0.001235465725863196,-0.004139467198454919,0.0010215015640839913,0.006978830941954102,0.0020571633856962816,-0.008536278795545603
28,5,-0.00868299838819541,-0.012812540642481022,-0.012327333750522472,-0.011669319583553304,-0.004158371419848216,0.046571779857529555
28,Aggregated,-0.0011136424824296151,-0.003097194946270012,-0.002059066191627782,0.0013769659225398702,0.0007373102534416589,0.002937051271718085
28,Centralized,-0.0012951235632970514,-0.0035364002617019855,-0.0024931128669535537,0.000946657444467273,0.0003868759311867846,0.0047444980782464586
29,0,-0.004388764652252856,0.0012110726442413492,-6.723054564559313e-05,0.001143494682004185,-0.001788543284022749,-0.010050343674294242
29,1,-0.002138795011305976,0.003720429127531811,0.00380840440603621,0.001178382809830164,0.003331563874935119,-0.006198268078141424
29,2,-0.004515727375778615,0.0002057943949676196,0.0007905661096697158,0.008772097651397092,0.0007173356188709031,-0.009091397005695175
29,3,-0.00077878009007142,0.0019896881676075085,-0.0016434626372318615,0.008535624259303942,-0.0010999978823856339,-0.003396045334990643
29,4,-0.002879354111973161,0.0035356628860922514,0.0009102119690075908,0.009031458852701641,0.0015907676768922283,-0.011419863066964384
29,5,-0.013732959050985078,-0.004869850373303475,-0.012957297396835063,-0.0045156702385549365,-0.004421455411588819,0.04864517500334293
29,Aggregated,-0.00477908071540456,0.0009395025526934351,-0.0015773282133014735,0.003986233998740294,-0.00029682234879693965,0.001625022241341361
29,Centralized,-0.005125321721016359,0.0006798133009055722,-0.0019303428811251655,0.0037505191704271528,-0.0005414548765662922,0.0034144533393348194
30,0,0.00387823631928103,0.005490716799422701,0.0005872864308451273,-4.0749134722730305e-05,-0.0002648333915004223,-0.006220223837210343
30,1,-0.0004698498914840091,0.0014336831476077468,0.0031436410566240643,0.0014934341668596267,-0.001492130534759715,-0.004108777944847709
30,2,0.0010125882307300067,0.004063365273801335,-0.00012911640029319437,0.00723155960055934,-0.000983899182786474,-0.011425333472249664
30,3,0.0031052991203901685,-0.0027054563433198194,-0.0007638359055365733,0.002575781628148182,-0.0004713506618195603,-0.005246520107519919
30,4,0.006045492370743919,0.003743236383709582,0.0014821720157443409,0.00045540738440089286,0.0007531615817198467,-0.005687558827472099
30,5,-0.007235536445404536,-0.007673738126409464,-0.011937381703674718,-0.009889793331443353,-0.010052716927442138,0.04678916653437436
30,Aggregated,0.0010191458492065123,0.0006879306026368161,-0.0013170044575488687,0.0002589160253797019,-0.002120745006600906,0.0025478519365344406
30,Centralized,0.0007325439168485566,0.00022053322855939786,-0.0016731558777376865,-8.122361802737806e-05,-0.002414784065638933,0.004303347791203478
31,0,0.004791690226255155,0.004915308888386542,0.001104220890893931,-0.008148977475903577,-0.0009069108101735538,-0.01126704608967384
31,1,0.0054892257909210035,0.0022182833829024733,-0.0006433472854918946,-0.006401717185837492,-0.0010294024012691067,-0.006420442027118667
31,2,0.007740313462064359,0.005590068420196031,-5.5007865351906e-05,-0.005241340888819869,-0.0003155510797329582,-0.010906993424629186
31,3,0.004647632213273811,-0.0017264370103216129,0.0016385964573992515,-0.0041067778810691714,0.002432670402136457,-0.006373570359912673
31,4,0.011661663047526204,0.0015636291260289093,0.003709070655374119,-0.017463270132686583,0.0008130966346965458,-0.009999651897182
31,5,-0.004477786795645629,-0.010463455577403871,-0.018295504161034922,-0.011821377285754324,-0.008172907193267997,0.05008867125419248
31,Aggregated,0.004933395175591017,0.0003014548733413031,-0.0021624316686529588,-0.008877069061118216,-0.001227541481878,0.0010725609905322103
31,Centralized,0.004692949080961751,-8.355465197091078e-05,-0.0026989978994656637,-0.00916997659987676,-0.0015109236845083952,0.0028224842479301878
32,0,0.0018048990171000256,0.007403409787933763,0.007875317997244977,-0.001984966103376548,0.006291944594078795,-0.01518986076566058
32,1,0.00178024099618684,0.005230520321319955,0.00300872056370748,0.0006136568603752683,-0.00017274610211436868,-0.003672992913581467
32,2,-0.0005891584690094117,0.004445950227122019,0.006374970567391309,0.0021149346328818283,0.004143161436415133,-0.013070511068288746
32,3,0.0019876935784742256,0.0010174040942482606,0.0036238993951525165,0.00034717994673782077,0.0027178223827630187,-0.0062061132188818875
32,4,-0.000651426328605,0.005776691994468125,0.010475468373447025,-0.00109901982911809,0.004424994013991809,-0.016003156566787396
32,5,-0.011738583327504435,-0.0064195413514901494,-0.011758829614545708,-0.01035322952192002,-0.003767890093652668,0.04624398180110193
32,Aggregated,-0.0012811263268845562,0.0028675658877341495,0.0031997372834625054,-0.0017652891919599089,0.0022460033027305293,-0.0011048273325920267
32,Centralized,-0.0016063593343434383,0.0026353422660673866,0.002686617820007807,-0.00204727058443892,0.001961966644017414,0.0006544407628810889
33,0,-0.001438093343779629,0.008273827949407614,0.005822054552070691,-0.0031260543769064133,0.0054233389467755735,-0.01137481628639855
33,1,0.003469262456955211,0.002722019358826843,0.002406471663960865,-0.005150401288238261,0.0037553588943112187,-0.0072027110858158775
33,2,0.000358405365183298,0.005784720438224972,0.004478664103879615,-0.004280459446834358,0.005004891798911674,-0.011577058209603874
33,3,0.001191302631341784,-0.0002799197649722714,0.0020659852634349668,-0.0005744565744876778,0.002666195298270123,-0.005069106853586896
33,4,0.0041130502898936725,0.004924426663149027,0.007729842458783902,-0.0072794390742374985,0.007134820358484977,-0.013235141476112695
33,5,-0.006979108233389714,-0.006821871938999454,-0.008489290518460854,-0.014794540690997301,-0.00575704930083885,0.04647947633673623
33,Aggregated,8.75536811553177e-05,0.002392684741380958,0.0022874570191399445,-0.005907278184252277,0.002998793739919084,-0.00012161987344232856
33,Centralized,-0.00019459569233654477,0.001975551839233039,0.0019041054705898858,-0.006273834298308724,0.0026843598513916767,0.0016099056252527567
34,0,-0.0025021333046595707,0.005089473460013574,0.0011812138510638411,0.0035356773034163342,-0.001340230470915763,-0.012761689682281054
34,1,-0.003115077642686063,0.0067566878583159625,0.004698851537001002,0.0023305238051076244,-0.0029443152198525852,-0.007726670337885941
34,2,-0.0029989910852259013,0.00455902251544656,0.002034023085295193,0.00656586148054946,-0.003169147638543499,-0.010179279733795342
34,3,-0.0015752291679500393,0.0011394107761242389,0.002122181107300395,0.004070832211677232,-0.0038963269448738774,-0.005364191256364035
34,4,-0.004452413041128964,0.007021299045141036,0.006831913564732187,0.00957872952801404,-0.005022756725208891,-0.013579629101969776
34,5,-0.009379264008002392,-0.009976098296786497,-0.017632864696103714,-0.006755547947278405,-0.011390808762917743,0.048298686570196876
34,Aggregated,-0.004027768672530854,0.002376425748334304,-0.00020533532454447925,0.003176623138801547,-0.0046573579287318475,-2.92247728849056e-06
34,Centralized,-0.004273696343741126,0.0019794865887268567,-0.0006912150431768054,0.0028850569837788054,-0.004982687951997561,0.0018054727648605094
35,0,-0.0009924721087719358,0.0034262774702810807,0.004654568623451234,0.002847073969232856,0.004800442425621937,-0.008201754306334871
35,1,0.001704017514892873,0.0021621212045810764,-0.0025150597733141268,0.0011972362636936905,-0.00033292019660955405,-0.0022153950132439396
35,2,-0.001167148490905782,0.004544750446163556,0.0015637088120536362,0.005315030408260255,0.004124836829277384,-0.007840500071768397
35,3,0.0009430148401659417,0.0009677505687865721,0.0014412708713209118,0.0036239612441689587,-0.0025613445943427422,-0.0044800531778059075
35,4,0.0024821265359807367,0.005760009584320006,0.0017081558230664798,0.0019260827987133504,0.0004885040381323499,-0.00963781442882147
35,5,-0.006585820986980669,-0.009541199926661102,-0.009312949122368214,-0.005766163621633052,-0.006352843820803353,0.0451610467214343
35,Aggregated,-0.0006293349492522049,0.0011720710173798382,-0.0004496632451462658,0.0014914339866446196,-6.10754904938754e-07,0.0023223793518373868
35,Centralized,-0.0008184090358987983,0.0007544126698370531,-0.000929969169643798,0.001215708434599951,-0.0004516269947133722,0.003939322083123574
36,0,0.003541026404716452,0.006071460597699468,-0.004332205797024915,-0.0034299608516697036,0.00028457377280675884,-0.005263682183502856
36,1,-0.0014467515252238035,0.0035738403860938943,-0.0009284825304555557,-0.001563142091106882,0.003903200962723491,-0.0035386652020311295
36,2,0.001112069991731235,0.0033675889098040497,-0.002135894910774268,-0.005181541951893673,0.003493575761740104,-0.01090098216389406
36,3,-0.0010036091964372542,0.0010039408764717908,0.0018271421526760488,-0.002077748463828203,0.0008017108217623544,-0.003967673366343361
36,4,0.0026472974293087702,0.003418524237462252,0.0024342127599383157,-0.0037604411404180303,0.003225399202209489,-0.003937465541259733
36,5,-0.005672072848784568,-0.007138797017178356,-0.0148004093677675,-0.0113512792305634,-0.004624515787059593,0.03986331985285358
36,Aggregated,-0.0001616342825116121,0.0016766941551638382,-0.0030418252800197385,-0.004590899608716727,0.0011548279863188731,0.002210754852749272
36,Centralized,-0.00039279886926248955,0.0013015033724031362,-0.0033606517170409952,-0.004818913269507113,0.0009041842395385558,0.0037265041538369244
37,0,0.0027226465867681558,-0.00015876946880725903,0.001243700878770584,0.005275223222050013,0.007108977162949778,-0.012958385144806954
37,1,-0.0009042107239078612,0.0036123222108840965,-0.00022715041754688784,0.00012124583266326928,-0.00036109799895301574,-0.002241108903139578
37,2,0.002488251425047755,0.0016575610958996278,0.002708429487035653,0.008025061839272053,0.005432002511603025,-0.01003496941806631
37,3,0.0008203756561414274,0.0002638813638344358,0.0032188841739525537,0.0027050914775454864,0.00025428674593468983,-0.0038914356169339123
37,4,0.003094508366697881,-0.0006459061502144083,0.002176799434578257,0.004344010991238101,0.0026857442433010055,-0.012192553658478069
37,5,-0.0067023695426235465,-0.012012667681574246,-0.009673921563977136,-0.009246098243096256,-0.003363397578604447,0.0438095809041917
37,Aggregated,0.00022225226426545163,-0.0012619775487927088,-0.00013484242379825656,0.0018212926537398454,0.0019357359029088376,0.0006082665271369958
37,Centralized,-6.593194118953797e-05,-0.0015633336774632562,-0.0005643897995224874,0.0013778628641219943,0.001636160730639985,0.0023426198137226303
38,0,-0.0009171864102220965,0.0027175650924386027,0.002873725797282339,0.00013925500490504598,0.005381667722941245,-0.010030379135283513
38,1,0.0007976444821419922,0.00023634890607845035,0.0008788756152445676,0.00163002864185382,0.000889685216076641,-0.0044325828613954715
38,2,-0.0017571396300093739,-0.0002901919146776048,0.003212423301685711,0.007682897911200988,0.002186680817108731,-0.010945529175329934
38,3,0.0019141886867981024,0.0015806604717913135,9.987677565909865e-05,0.0038687374300226444,0.0009461788569863738,-0.004795765324241214
38,4,-0.0005790539679237446,-0.0025928510573343276,0.0015090029988304964,0.0060901278516891375,0.0019227600629041072,-0.006118645748423868
38,5,-0.010756019469455504,-0.008869079052931104,-0.011503739813330065,-0.006327504085754622,-0.003980271477921598,0.044295233477841416
38,Aggregated,-0.00192240754792865,-0.001237034289704927,-0.0005373178292661936,0.0021427346434367105,0.0012012923724184935,0.0015198965623198055
38,Centralized,-0.0022189958486355096,-0.0014668530739433744,-0.0009710285049617314,0.001881202782656761,0.0008828848198087454,0.0031987602585189425
39,0,-0.0037893787259995937,0.000689399029668325,0.0049971736638948095,0.002645394512967003,-0.0006943455662025885,-0.010826544582698125
39,1,0.0007845527970912943,0.0012271855850051435,8.44561039633059e-05,0.0012840020970804463,0.0017434553073252608,-0.005123651890465451
39,2,-0.0010450351502026315,0.004010543126406889,0.004290362073970507,0.005842363680272127,0.0002747939765017582,-0.009746124143681988
39,3,-0.00039568377754324683,-0.002155846962346127,0.0005943066060927056,0.0031209433275250264,-0.0012541756099704593,-0.0034128668578439912
39,4,-0.0024771662855211313,0.0025701361310405653,0.007864787590027065,0.0030937461240006315,5.858469307910748e-05,-0.01080403161949077
39,5,-0.009767621207968005,-0.008566789274097517,-0.011549347459511604,-0.010996267067799133,-0.005803950460269351,0.04326776091611332
39,Aggregated,-0.0028128050356636073,-0.00040736210764686243,0.0009909105837361228,0.0007790699079799927,-0.0009675547861200274,0.000749117759105811
39,Centralized,-0.0031050776168539845,-0.0006635250518883233,0.0006212153260178303,0.00040841405246593113,-0.0012765092772823135,0.002331049961672375
40,0,0.0006506937996603661,0.003561967973163656,0.0016307189156199145,0.006100121610070911,0.001764466046693136,-0.010309699942876711
40,1,0.001408038046103659,0.0016680370738778674,0.0014220257541351898,-0.0015457790807228706,0.0012437415665357042,-0.004196063359929525
40,2,0.0006787552986224595,0.0028213414049059306,0.0010655290951756935,0.0033810191789075067,0.001142782607327804,-0.009247947805702155
40,3,0.0014081949044304069,-0.0018515262009407693,0.0013509678453376306,0.00039244881299245195,-0.0017827023283437024,-0.0032219769648776536
40,4,0.002358017592994232,-0.0004243750439504812,0.004461571253518052,-0.0005654557299088944,0.0007295634925396607,-0.010746695087664657
40,5,-0.008300585257960352,-0.010310725773237774,-0.0032912506773200506,-0.004076025055752367,-0.010643172298701707,0.043248389529241184
40,Aggregated,-0.0003350809552548403,-0.0007983933120671511,0.0010870259808364428,0.0005935188194312334,-0.0012993137473402464,0.001109332044536943
40,Centralized,-0.0005143490287926212,-0.0012095826682488246,0.0009224598745142125,0.0003210580144031953,-0.001796015388331561,0.0026340279625266085
41,0,0.00442693253350648,0.0013516057228246245,3.4195922869240113e-06,0.004355100902162684,-0.002157646502754338,-0.007797420290973346
41,1,-0.0014452666962322946,0.002076689448019272,-0.00022926611303605293,0.0013708617749249642,0.0026115691533984105,-0.004384587567074298
41,2,-0.0003291525615173985,0.0031859548939085765,-0.00020245661080094094,0.004984614257324123,-0.002324264998093374,-0.008783078323324856
41,3,-0.0044500512477791436,-0.0020366972430737626,-0.0012039086554257985,0.007624246509792939,0.004703403636555206,-0.0009323990686677996
41,4,-0.001117781280651477,0.0006123629761051982,0.0031967789697899323,0.007467585070880716,0.0023489021856849005,-0.00518804528739885
41,5,-0.008819825828254147,-0.009201899679304968,-0.009435545582849914,-0.004827600586385192,-0.014707100025745138,0.044017580907906625
41,Aggregated,-0.0019863979731754994,-0.0007066316585585218,-0.0013479752988543722,0.0034587672751415395,-0.0016458968508939581,0.0030053034896844917
41,Centralized,-0.0024070032421649513,-0.0011180026897548822,-0.0016415818965249173,0.003353498669642802,-0.0020467500990598653,0.004633725826827747
42,0,0.000836052719677303,0.004739361657824077,0.001725801181400553,-0.001645465032983673,0.003500640426023822,-0.009338382908995128
42,1,-0.0005908512883888884,0.00304699120851621,0.0008391180093591059,-0.001153052726115588,2.5069357245864157e-05,-0.0021672745606166987
42,2,-0.0003087404408159763,0.0035038338386398082,0.0007291045071899279,0.000161444426319529,0.0006306360300488682,-0.008295503438624563
42,3,-0.004131306016345457,0.0020520455795384456,0.0005452569232257435,0.00403525988814315,-0.00228351977582314,-0.000328290221668972
42,4,-0.0018949652929497204,0.0018523395083679547,0.0064986191784548635,0.0020056490352281103,-0.004951443139629028,-0.007180025174287765
42,5,-0.0031385934607405445,-0.010425722178701415,-0.00858260675894462,-0.011803142262932666,-0.005724058538925314,0.04216135142138806
42,Aggregated,-0.0015451886588370247,0.0007448837731566207,0.00025305982743769326,-0.0014461725780600112,-0.0014860534118802276,0.0026518911130891318
42,Centralized,-0.0016966650741246203,0.00039518293949608596,-2.3248531677918145e-06,-0.0017751520665983905,-0.0018317971600693484,0.004200595652175504
43,0,0.003145025131543111,0.009330492744799199,0.0024613161564772073,-0.0033660119734423622,-0.00022020795507993556,-0.014748882506628577
43,1,-0.0011950548178129552,0.00331520792699365,0.0030867685783084373,-0.00027214030821178604,0.0029965782936372492,-0.007931359672914595
43,2,-0.0002487896284561327,0.007222304958086328,0.002521903169528286,0.0031581645019672414,-2.644423310779742e-05,-0.012309706303965821
43,3,0.0052946766433926325,-0.0016331575802645373,0.00025664743299527726,0.001217593845916389,-0.0005985693831391581,-0.0044266373359703615
43,4,0.0077580346348344,0.007760144531352876,0.004747840300514667,0.0020031092096127454,-0.0011096746838156646,-0.017219443000610287
43,5,-0.009719666053209222,-0.00783367955696313,-0.01088836851964032,-0.007908479553846784,-0.008857559234035781,0.039583062431911134
43,Aggregated,0.0007920578799470099,0.002978562633874084,0.0003142834679834844,-0.0008926497104387098,-0.0013362609402347296,-0.002653394775501278
43,Centralized,0.0004862928901937957,0.0025912868379330497,-0.0001245550483555772,-0.001068193849650149,-0.0017048003449649904,-0.0011074250884606173
44,0,-0.0004123250578651927,0.003971631593821866,0.003351643840905225,-0.0022678864156775243,0.0018170153065875402,-0.006460079267771937
44,1,0.0018258377684769991,0.0014965121461202916,0.0007099474397929221,0.00024215947418997907,-0.001238539964776747,-0.0030359168638034425
44,2,-0.0004493662577128003,0.002063137639353307,0.004765797636360281,0.0005882406421582719,0.0030566354572928505,-0.00678347519459698
44,3,0.0006119139951238047,-0.0036824246974378632,0.0037845818181485654,0.002524834390373285,-0.0027179212632535738,-0.004144138634202596
44,4,-0.0010000110474698476,0.0006272000710926095,0.00759941010880533,0.0029197793827447126,-0.002144282350678212,-0.008455037107453415
44,5,-0.01101089554187609,-0.0033124203562742965,-0.010129923078399118,-0.009483577242524426,-0.006650102427106125,0.04671387830462973
44,Aggregated,-0.0017803946587855442,0.0001783382436919466,0.0016276949474123544,-0.0009508766030476526,-0.0013366133110459244,0.003167160740869174
44,Centralized,-0.0021075370178438037,-4.253760492156829e-05,0.0012752080616160084,-0.0012016455816309785,-0.0016781286138296014,0.004714166797740074
45,0,0.002656316005224605,0.0025306943760266443,0.009151533284024009,-0.0029238080048268294,0.002291525776896463,-0.010307993035013676
45,1,0.0003742251800441336,0.003055296307034069,-7.015030885570057e-05,0.0015679402687507748,-0.0006241706123256788,-0.0043031408346475945
45,2,-0.00029505182297593355,0.001652436607924066,0.0015950175267941255,0.0010031075023687866,0.0018599327744541678,-0.009373844975472192
45,3,-0.002108583508963523,0.0015148972271633548,0.005622155327427913,0.002948612337542313,-0.001001729071351511,-0.00346275154350039
45,4,-0.004044188809957226,0.0025716352528620634,0.007738767506923237,0.0009135960153627048,0.00011102598016033755,-0.007108080109465655
45,5,-0.001376571146045213,-0.00878174327252275,-0.007052531421955903,-0.009560936355464268,-0.0070532232283079315,0.03929190440623184
45,Aggregated,-0.0008015456302183093,0.00038291007185867995,0.0027868238800932855,-0.0010466341201315677,-0.0007642137018916866,0.0009606618008023741
45,Centralized,-0.0009082516729208919,4.558307630481521e-05,0.0025103372446191943,-0.0012729765623393004,-0.0010839072449197924,0.0024393593635994495
46,0,-0.002513409903425457,0.00223831668634472,-0.0004913084523870459,0.005021315131797107,0.0020944740468587003,-0.009747655911519293
46,1,-0.0021619633637355376,0.002676276187674313,0.0027052930762846705,-0.0014370820015828345,-2.4626665281764677e-05,-0.001757897233358834
46,2,0.0012023086096317156,0.0018503396237794752,0.0022011323490948864,0.007114987123601749,0.002322876959867615,-0.007644036246229158
46,3,-0.00478080468902871,-0.004862467256572291,0.0007656189496941764,0.005682990700518409,-0.0004034987525825373,8.556027965280581e-05
46,4,-0.0020906884539079883,-0.0033117647020802486,0.0023585662671738424,0.00764139576391667,-0.0008960206563960609,-0.007534054878023862
46,5,-0.0034855463650868296,-0.005508593727203828,-0.011399721188230611,-0.008568986920782888,-0.0069523328537939005,0.038665628262971326
46,Aggregated,-0.0023102699927571094,-0.0011723620045911523,-0.0006912622009749272,0.0025261826163580385,-0.0006712598216684405,0.0021743469045397727
46,Centralized,-0.0024603624637603385,-0.0014260581108953198,-0.0009834431052156108,0.002270484336899674,-0.0010070140422019202,0.0035531894694718932
47,0,0.0011495801215368048,0.0034704470176962193,-0.0011427105461156994,0.0031861964584331574,0.0026357250326281448,-0.002485584487870037
47,1,0.00029049969854621306,0.0018483634680369436,0.0006063402304346543,0.0011080200422597644,0.0011715818193162235,-0.0050248052585937985
47,2,-0.002137044742029025,0.00029234563391090836,-0.0005428250510027525,0.004638720843499553,0.00040403952146592017,-0.009702844625590857
47,3,0.0037219009018239387,-4.5399366288099525e-05,0.002287259790620318,0.00579565740596628,0.00017648672751817882,-0.004809427794306128
47,4,0.004307088368662296,0.002392165694671896,0.0018401918964933502,0.004665657698731335,0.0020757392627001473,-0.007758356474350358
47,5,-0.01357513338032896,-0.007736722913062944,-0.006749030862235324,-0.006432860410286955,-0.011057381834699499,0.03755587390102314
47,Aggregated,-0.001096289541078756,2.2788716870774017e-06,-0.0006440804515405133,0.002121998002355009,-0.0008114268892549554,0.0014571443143499745
47,Centralized,-0.001535903994349699,-0.00030372777013546647,-0.0007929737105126548,0.0019174700508651542,-0.001312808239276351,0.0027255445519799846
48,0,0.002149358038574263,-6.685862322498756e-05,-0.0007785622348339201,0.0002662376414151439,-0.0005923738503139024,-0.007791454567925186
48,1,-0.0012022128998269322,0.0037475848645545503,0.0026704121706154554,0.0017386469475896245,0.0004000991429448875,-0.007354530225877583
48,2,0.0011985501365210283,0.0015674018585471138,0.00017790612470713896,0.00537366722899968,0.001959340746512971,-0.010276866095287926
48,3,-0.004873363995696729,0.0015523904146893333,0.003844075223557438,0.003480183357284542,-0.0020784886570097702,-0.0054281196169108864
48,4,-0.0010669453494144487,0.004424087187313723,-0.003174588170796816,0.004821620543186395,0.0013699871060406932,-0.009793895996847279
48,5,-0.0013628263679437544,-0.007333219311894663,-0.011730244414267742,-0.00877735032016371,-0.0031935682276485996,0.03239720864191854
48,Aggregated,-0.0008618125740915153,0.0006130503440028117,-0.0015440252188272036,0.0011063280355589583,-0.0003684601379852699,-0.0012243457134087114
48,Centralized,-0.001084088443552647,0.000452135979063741,-0.0018032944409055135,0.0007521904488988836,-0.0006684737416899085,8.997689831522956e-05
49,0,0.0010131104266884498,0.0036093195021042824,0.00278026379518436,0.002250113635399255,0.004484973564442139,-0.010574382057323493
49,1,-0.0009588992665614767,0.002208887478115706,-0.0012507842304270895,-0.002835620573637958,-0.001959787260202224,0.0012305201007234126
49,2,-0.00056521906861009,0.0022378179824341206,0.0031047301400730326,0.004100046650625314,0.005745906080250817,-0.011064879397866241
49,3,-0.004341452294097186,0.0017033489029732328,0.006449276887942622,0.004990660538189801,0.0020829220890896502,-0.003867915965465879
49,4,-0.0038309402253773046,0.0021613334988230893,0.004646053573415366,0.005186644066842327,0.0038084058336439364,-0.008919988399298326
49,5,-0.0006012394867983291,-0.00871380153470739,-0.007810791543415325,-0.004836490382363849,-0.00649309832308243,0.036264840207298296
49,Aggregated,-0.001543229972448966,0.000493335090987587,0.0012791659288727913,0.0014478060813306254,0.001243642717102894,0.0006704468357055639
49,Centralized,-0.0016773415347949646,0.00023362592846028484,0.001024261786271032,0.00130461548905344,0.0009156887539363834,0.0020999715559689987
50,0,-0.0003455956933857418,0.0033558611867287253,0.0021728651567401655,0.004472869475238877,0.006933833459741839,-0.013168529236774822
50,1,0.0013999057100263076,0.003368181406514655,-0.002588185592181732,0.0012890923079806086,-0.004089049491077079,-0.003080468548100885
50,2,0.0007510791503386054,0.001588679545587083,0.002170811738547555,0.0031410991867980857,0.00014315652699353938,-0.007915026724351393
50,3,-0.0052660168813301374,-0.001061348225830707,0.0014169273504136789,0.000997193018625662,-0.002168681566581446,-0.008244901677328529
50,4,0.0009691809087056912,0.0012910274332493313,0.002026442396158405,0.003232707946156943,-0.002356141809263029,-0.008812941531707672
50,5,-0.009330519964792509,-0.012369680481460262,-0.008147707857718066,-0.0050504930113776094,-0.004404282761753107,0.038894121104069354
50,Aggregated,-0.0020030761473297807,-0.0006900791912437978,-0.0005255400225771279,0.001318612876193944,-0.0010053848787203803,-0.00021317655046457565
50,Centralized,-0.002323247125142495,-0.0010379992446434042,-0.0008666320028882143,0.001176828049876877,-0.0012932619630510863,0.0012611791013951413
