Round,Evaluator,2,1,3,4,0
0,0,,,,,
0,1,,,,,
0,2,,,,,
0,3,,,,,
0,4,,,,,
0,Aggregated,,,,,
0,Centralized,,,,,
1,0,0.17359933470579375,0.1730148760715072,0.1721396419972781,0.17090093862312014,0.17541377345103923
1,1,0.17423148051223036,0.17368482268513652,0.17277469555811437,0.17170464193912321,0.17546436837758933
1,2,0.17362167632074813,0.17294414590457566,0.17219682694768204,0.17163561076604564,0.1749447507385954
1,3,0.17432770372438158,0.17400202386768107,0.17359201619094133,0.17284469723404752,0.1754966617814688
1,4,0.17624452061182613,0.1750029145681775,0.1745628147733629,0.17435588043275507,0.17675748461108
1,Aggregated,0.17440457694376305,0.17372950290749903,0.1730528973896731,0.17228793958114633,0.1756151811857808
1,Centralized,0.1744040886431234,0.17372916463025767,0.17305249512425583,0.17228738729932627,0.1756148790489624
2,0,0.0015230817544227024,0.0038027612035777185,0.0005315375042162617,0.0014707421752328828,0.0020581085639182688
2,1,0.001504472126266328,0.0030543052211637798,0.0007978878072042265,0.0016963839166288426,0.001705107179827155
2,2,0.001334124270128184,0.0031515341847535333,0.0007496452415846751,0.0017150533882336375,0.0016336334240584357
2,3,0.0009758764277571941,0.002365831530462675,0.0007141694000511623,0.0012492148789168618,0.0013248191313652827
2,4,0.001188560902816647,0.0023631318783808824,0.0009524808804327563,0.0016199169930983027,0.0012905707890318733
2,Aggregated,0.0013052473842226995,0.0029476310928552973,0.0007491035040643868,0.001550248713473697,0.0016025110814743477
2,Centralized,0.0013052797676399608,0.0029477888092944047,0.0007490492880715294,0.0015502306378264608,0.0016025954319281055
3,0,-9.014038638240352e-05,0.00040127010712167434,-9.014038638241276e-05,-5.815508798854655e-06,0.0007967247054444719
3,1,0.0002459960221919947,0.0002343650045942632,-0.00018435162892399732,-0.00010293450573989523,0.0004001070053618864
3,2,-0.0001349245120617848,0.0002925302998580922,-0.00016109521483237781,8.898038942002732e-05,0.0004030288226673099
3,3,-0.0002774094493683821,0.0001907553446391097,-3.0241700979362813e-05,7.153325423966961e-05,0.0004640937957987497
3,4,-0.00022791923148665627,3.439190449543624e-05,-0.00014922589069204148,8.393956351427738e-05,0.0002937884722999569
3,Aggregated,-9.685258599202742e-05,0.00023070181557984507,-0.00012300587231871233,2.7128933363408665e-05,0.00047158442573394803
3,Centralized,-9.681668598346775e-05,0.0002307541926744742,-0.00012299908303429013,2.711332672371373e-05,0.00047163224554200853
4,0,0.00016341579724812131,-0.0009328076113379028,-2.558823871500193e-05,0.00011398397245774849,0.0009601405026925913
4,1,0.00020586901147980896,-0.0007914907475255066,-0.0001983088500412918,0.00013899066029286663,0.0005751538202077337
4,2,-4.652569381439024e-05,-0.00047979621746108516,-2.0354991043797234e-05,5.81571172680558e-05,0.0006280968664945152
4,3,8.665410472935194e-05,-0.0008118733570614489,9.828552818295089e-05,0.0002843883034405525,0.000586805313234227
4,4,-3.788938630849096e-05,-0.00037597929490764493,-1.7487409065460498e-05,0.00018361779518746661,0.0006324612945346087
4,Aggregated,7.432758442490411e-05,-0.0006784502689286953,-3.269426900689416e-05,0.00015582190579647642,0.0006765408082416119
4,Centralized,7.43580076243163e-05,-0.0006785313653479915,-3.2698904761233975e-05,0.00015581435400461864,0.0006765531397930828
5,0,0.0002936831943426902,0.00012503343917559252,-0.0001686497551671051,-5.815508798866498e-05,0.00022680484315571088
5,1,0.0004129011247194022,-4.3616315991471904e-05,-6.978610558638169e-05,-0.00015992649196876855,-1.8503717077085942e-18
5,2,0.00023437318259007336,-3.314955684278568e-05,8.898038942002177e-05,0.00031579314676529374,9.188824528344464e-05
5,3,0.0001041012399097337,-5.583083257729345e-05,0.0001041012399097337,0.0001738897806313644,2.2681275734541077e-05
5,4,0.00021917552695389087,8.801995896284461e-05,-0.0001218289498228072,0.00011425107256109271,-0.00012474351800037902
5,Aggregated,0.00025285410464102626,1.6077280553087007e-05,-3.341969285434017e-05,7.716204648560919e-05,4.33597810071591e-05
5,Centralized,0.00025286377240633283,1.6058536857819587e-05,-3.339710201592516e-05,7.715079664309029e-05,4.3404595999800104e-05
6,0,0.00042104283703782533,0.0003367179594542857,1.1049466717831061e-05,1.3957221117268566e-05,-0.00018958558684295895
6,1,0.00024308826779253684,0.0003099666189794977,0.00015004012701070324,0.00013840910941297172,-3.89639089524015e-05
6,2,0.0002710121664689276,0.0002826435899225728,0.0001285272291623174,0.00010526438225511026,-0.00047339893456159005
6,3,0.00021111033568286622,0.00024600460604369084,0.0002692674529508517,0.00011515109219065178,-0.00021343662037360636
6,4,0.00024365789964559588,0.00022617049058013723,0.0002669744450662259,0.0002669744450662259,-0.00019935646334636551
6,Aggregated,0.0002779894037819692,0.00028031160084918637,0.0001651511325189348,0.00012792348424861582,-0.00022295231164355493
6,Centralized,0.00027799887357509155,0.00028032619775738936,0.00016512365073378759,0.00012788646381707846,-0.00022295765666383212
7,0,0.00033904416297380425,-8.54879793433035e-05,-0.00021342917291834092,0.00021401072379823212,-0.0003239238400967811
7,1,0.0002692580573874744,-0.00041115647207973596,-0.0002017981553206057,0.00036230619816928026,-0.00043732626167463653
7,2,0.00013550608323445828,-0.00019017377346638626,-5.641240374999838e-05,0.00027217530881428755,-0.0002657780259148072
7,3,0.00019482634284783695,-0.0002733384511596456,-4.070998208759262e-05,0.00038092911810549415,-0.0005059669202317263
7,4,-2.4482372691679113e-05,-0.0002139293042342912,-0.00014689423615000068,0.00036315519492630675,-0.0002226730087670344
7,Aggregated,0.00018287212340070778,-0.00023482140206736575,-0.00013184627211485842,0.00031850631107522307,-0.00035115915775401225
7,Centralized,0.000182927680728386,-0.00023482700999353975,-0.00013184291492698285,0.0003184943143470472,-0.0003511932191082719
8,0,0.00033613640857437416,0.0004320923037556453,0.0006414506205147663,-0.00024832222571153734,-9.88636495810602e-06
8,1,0.0005489840306128406,0.00038033427544573357,0.00052281424101794,0.00019714574828150384,-0.0002884492364237083
8,2,0.0004041919650126698,0.0002529834601158372,0.0006658989927187201,0.00010177495521901392,-0.00027333845115966776
8,3,0.0002948565845488212,8.549096238399389e-05,0.001100332658710775,0.00022797589969062265,-0.00013841393909785522
8,4,0.0003375069949636415,0.0002879593359448096,0.0003491652676739287,0.00045408972206677315,-0.00027455232232793855
8,Aggregated,0.00038434479338439904,0.0002877727393687469,0.0006559924984649526,0.00014647104985065712,-0.00019691244680842418
8,Centralized,0.00038435758870595247,0.00028777363514072377,0.0006560726869888308,0.00014638869106632738,-0.00019689162582212465
9,0,-0.0002721658117868823,-0.00035649068937041264,-0.00016457889900784267,-0.00025181153099083827,0.0016382288286402277
9,1,-0.0004524465845516616,-0.0004466310757528051,-0.00011514707421750314,0.0002628609977086878,0.0014143317398839228
9,2,-0.00034312699188124665,-0.00044199409123687474,-6.688068485822078e-05,0.00038965268569569054,0.0014393886523832963
9,3,-0.00019889734105659935,-0.0005013143508502737,7.153325423966405e-05,-2.442598925255964e-05,0.0014207783748575213
9,4,-0.000795094198843473,-0.0006231346763663566,-0.00027921563141204974,0.000778772617049082,0.0012684200708823034
9,Aggregated,-0.00041227029654004334,-0.00047388307364684397,-0.00011082473133685735,0.00023090022790130306,0.0014362632132490913
9,Centralized,-0.00041216911268435186,-0.00047384320351518777,-0.00011078063107723228,0.00023075419267452416,0.0014363081191031228
10,0,-1.9772729916123223e-05,9.072193726229841e-05,-0.00028437838026447356,0.00015178477965036575,0.0002012166044407108
10,1,3.372995103340659e-05,-1.2794119357500966e-05,-0.0003122928224990551,0.00022273398699651132,0.00010351605661977717
10,2,-0.00021052876451022235,-0.0002105287645102131,-0.00030939586386582264,0.0004466466606183125,7.444111010305361e-05
10,3,9.30513876288841e-06,-0.0001767976364947595,-0.00031346686207459805,0.00038441854514156083,6.164654430405591e-05
10,4,-0.00031419044954301333,-6.062301809364549e-05,-0.000354994404029102,0.0006243005036373687,0.00017545700429022666
10,Aggregated,-0.00010024848554100061,-7.400628686707906e-05,-0.00031489765018230314,0.0003659248088474913,0.0001232453287895491
10,Centralized,-0.00010019130604779769,-7.400890899696606e-05,-0.0003148869618644634,0.0003658553614567239,0.00012323181545250325
11,0,-0.0009095455761424638,0.000753689940332893,0.00013724600765322448,0.0037864777789408904,0.0021988438768507793
11,1,-0.0009054747199832495,0.00029833560138178654,0.00018493317980389963,0.003511404212754576,0.002179652697814531
11,2,-0.0007845395119454572,0.00031172214855653503,0.0002506571754251452,0.0034114964989415244,0.0022541698653081145
11,3,-0.0006885802684532501,0.0005356270500383953,0.00023030218438131652,0.0031526973270988895,0.0019691999906948773
11,4,-0.0008761191941801749,0.0005607629173661625,-1.7487409065208848e-06,0.0043147267300876905,0.0024027700055959814
11,Aggregated,-0.0008328437559938872,0.0004920141602445267,0.0001603099650824332,0.0036352264215444444,0.0022008873550661417
11,Centralized,-0.0008328329586341425,0.0004919963321370791,0.0001603526361600882,0.003635047640326015,0.0022008341129869267
12,0,0.0005315375042162396,0.0005082754690207858,-0.00044837572839246016,0.0005024599602219016,-0.0010241110994800777
12,1,0.000664712655710246,0.00044663107575281246,-0.0005972527536433921,0.0007257754980983226,-0.0008560428951929044
12,2,0.000361737269407029,0.00016691092655919578,-0.0002634517412240855,0.0006437992881568728,-0.0009089957428990122
12,3,0.0003454532765719979,0.0004501360876543977,-0.00028264358992253027,0.00048503035801520376,-0.0011724474841231089
12,4,0.0006639386308524601,0.00010142697257973973,-0.0006272150718149349,0.0011419278119753759,-0.0011052042529378877
12,Aggregated,0.0005134466587733688,0.00033472302558158496,-0.00044375202454495673,0.0006997107536069152,-0.0010133417179217599
12,Centralized,0.0005134077146142169,0.00033478558362307433,-0.0004437043553544721,0.0006995936491977809,-0.0010133169489710972
13,0,0.0001954010956418506,6.455214766739418e-05,0.00014306151645207728,0.00047454551798736995,-0.0009473463833350811
13,1,0.0002570454889098258,0.00011456552333763785,0.0001320120497342629,0.0006670388592298016,-0.0012753410795910561
13,2,0.00015760578779632587,-0.00010700909577315657,0.0001023565263916985,0.000622862725940404,-0.0010200758368809051
13,3,0.00017040035359528656,0.00010642752460046459,0.00016458464186845933,0.0004437388047549451,-0.0007804685137367095
13,4,0.000150391717963048,-1.5738668158934062e-05,0.00014164801343032328,0.0008790337623577505,-0.0010853851893303532
13,Aggregated,0.00018617619419069188,3.2569365945128264e-05,0.00013673158362431412,0.0006173919930019047,-0.0010217113642321423
13,Centralized,0.0001861859345835918,3.2582538552122786e-05,0.00013673029570982856,0.0006173227393536651,-0.0010216953160273508
14,0,0.0008734894215895035,0.00017562836572568668,-0.00011514707421755495,0.000434418507275199,6.222594414786453e-05
14,1,0.001027600404759423,0.0001407353129325199,1.8609628156375976e-05,0.0005390976656547734,-1.6283424636837073e-05
14,2,0.0009561030078860833,-0.00014597436434269918,0.00013608765440715394,0.0006391467187754333,-0.00015469793193291227
14,3,0.001152674064251961,-3.954683974228268e-05,4.070998208745754e-06,0.0006786935585176882,-8.607253355667847e-05
14,4,0.0010725610893489964,-0.00023316545420628553,-0.0002477382950941909,0.0009472346577131215,-0.00017487409065470121
14,Aggregated,0.001016474128485661,-2.042152011213191e-05,-4.078259826243665e-05,0.0006476581062488451,-7.391989376873598e-05
14,Centralized,0.0010164588366172011,-2.0364086595076047e-05,-4.07281731901817e-05,0.0006475779537234734,-7.389254278787894e-05
15,0,-0.0002576270397897207,0.00043151075287577444,-0.00021982623259707014,0.0004983891040627445,-0.0004873396373448672
15,1,-0.0003064773137001819,0.00036812170696811644,-0.00014073531293254022,0.0004989706549426005,-0.0004896658408643839
15,2,-0.00030765115034778374,0.00022448647265453,6.3972828994988495e-06,0.0004745620769069629,-0.00039779468211320796
15,3,-0.00045944122641725647,0.0004827040733244895,-0.00014248493730661577,0.0007793053713913645,-0.0005205061995486834
15,4,-0.0004634163402350363,0.00024482372691660793,-4.371852266371416e-05,0.0006441195672449181,-0.00045175806752472124
15,Aggregated,-0.0003589015173994021,0.00035035047920755757,-0.00010808668624412936,0.0005790560269237311,-0.000469416486407062
15,Centralized,-0.0003588733889098509,0.00035037865564445657,-0.00010810420826758797,0.0005790382565549275,-0.0004694212875688386
16,0,0.00010584226013931237,-5.408423182947283e-05,6.804145294671733e-05,-1.0467915837965766e-05,-0.00028379682938461936
16,1,0.0002268048431557368,-0.00017446526396592646,0.0001570187375693477,-2.035428079603478e-05,-0.00043325540551542957
16,2,0.00015004536255147638,-0.00010293809756437937,0.00010061181287366698,-0.00010293809756437937,-0.00046351222462605773
16,3,-2.9660129806707847e-05,-0.0001546979319329289,0.0001971526275385549,-0.00016923721124990446,-0.00022739432851794547
16,4,3.089442268234821e-05,-3.614064540197933e-05,-9.151744077597335e-05,0.0002086830815146823,-0.00035674314493566543
16,Aggregated,9.679878082456372e-05,-0.00010447878639463593,8.629670511819302e-05,-1.890780260378596e-05,-0.00035293966901052464
16,Centralized,9.681668598344925e-05,-0.00010449685578500419,8.634372716313695e-05,-1.8967692085689972e-05,-0.00035293871224496934
17,0,0.0003140374751386991,0.0012532421461553755,-0.0007065843190620795,0.0013957221117275541,-0.0005466578270932942
17,1,0.0003029880084208588,0.0010357421170778054,-0.0006245856449980676,0.001131698012259095,-0.0005896925922049101
17,2,0.00010119338404634414,0.0011800079093679658,-0.0004891013562239643,0.0013515714053085734,-0.0006781119873450074
17,3,0.00020296833926535622,0.0012556121618163662,-0.0007159141135691827,0.0015812920185172385,-0.0007537162397934209
17,4,0.00015330628614065867,0.0011238574892743862,-0.0006248834172729034,0.0014619473978735216,-0.0006802602126468882
17,Aggregated,0.00021491142284483402,0.0011697012659395323,-0.0006322154176236389,0.0013844301607222156,-0.0006496812461884882
17,Centralized,0.00021492838823490104,0.0011697131340212736,-0.0006322176141203562,0.0013844087898379858,-0.0006496725454875155
18,0,0.00017446526396593942,-0.00011631017597727445,-0.0005844586342858893,0.0005844586342859522,0.00018609628156368945
18,1,0.0003530013840910969,-0.00010351605661980493,-0.0004117380229596438,0.0007455482280144477,0.00014945857613082313
18,2,0.0003716239793425798,-0.0002535650312885255,-0.00024774931956172606,0.0009183008816618783,4.885197850513963e-05
18,3,0.00043559680833738326,-0.00011398794984531964,-0.0003204457161467333,0.0008543280526670749,0.00012154837509012843
18,4,0.0002763010632344872,-0.0004435972766274998,-0.00020460268606603733,0.0012759979481440067,0.00011017067711247737
18,Aggregated,0.0003222064141201212,-0.00020614783690442353,-0.0003538292044107857,0.0008756464375585479,0.00012322802246543928
18,Centralized,0.00032221803303868294,-0.00020608455634223052,-0.00035386964191790884,0.0008755393573792236,0.00012323181545249954
19,0,-0.0008124265792013955,0.0007286832524977435,-0.000794980052804826,1.7446526396625028e-06,-0.00020470590972004876
19,1,-0.0006117915256405833,0.0005251404445375196,-0.0007804412808076441,7.443851262550205e-05,-0.00011456552333763045
19,2,-0.0007577872380022018,0.0004315258101286375,-0.0007112615441877782,0.0002977644404122219,-0.0003070695791751177
19,3,-0.0008409519156954574,0.0007234745388140729,-0.0008816618977830445,0.00011864051922674256,-0.00030590643682973926
19,4,-0.0006324612945346124,0.00039346670397310917,-0.0007811042715911172,0.00041678324939374843,-0.00048090374930050784
19,Aggregated,-0.0007311030741828245,0.0005604915271393145,-0.0007898915314657339,0.00018182702176866724,-0.00028259034619647767
19,Centralized,-0.000731128891867866,0.0005605360293056953,-0.0007898938274708204,0.00018176401863722973,-0.00028253715573058703
20,0,0.00037451876664687707,4.01270107121469e-05,0.0006216778905986486,-0.0001895855868430089,0.000514090977819646
20,1,0.00045070193191198055,9.595589518124337e-05,0.0005844586342859115,-0.00021808157995745203,0.0004826872303057654
20,2,0.00019657105636591659,5.408611905926934e-05,0.0007490636704119961,-8.549096238397355e-05,0.0005164352013399616
20,3,0.00033207713960035077,0.00011980366157210061,0.0007740712308372496,-0.0002407704654895963,0.0006199548700769941
20,4,0.00019993937698192614,-0.00016438164521541122,0.0008324006715164904,0.00018536653609403005,0.00045059224025368515
20,Aggregated,0.0003107841503222278,2.9156655846690663e-05,0.0007123100535089955,-0.00010977125068203701,0.0005167650600980795
20,Centralized,0.00031081414454547,2.9207918487816897e-05,0.0007122775659912836,-0.00010984970140429096,0.0005167823346785468
21,0,0.0004710562127080653,0.0001599264919687704,0.00043325540551541477,-1.744652639658432e-05,-0.00034893052793188626
21,1,0.00041406422647916605,7.67647161450354e-05,0.0003500936296916612,4.187166335184086e-05,-0.0004989706549426191
21,2,0.0003448717053993189,-1.570242166238726e-05,0.0003913973992136684,7.15332542396326e-05,-0.0004431572335822642
21,3,0.0003826738316235164,7.734896596649313e-05,0.00041466024612092737,-7.385953893037644e-05,-0.0005914578826156684
21,4,0.0004867328856556626,-9.909531803767858e-05,6.994963626186605e-05,0.0002768839768699553,-0.00038472299944041036
21,Aggregated,0.0004198667051613352,3.98763969195806e-05,0.00033192334864695703,5.975340806045602e-05,-0.00045346125577320226
21,Centralized,0.0004198492824859512,3.991360972634602e-05,0.00033199279460432995,5.969586527585872e-05,-0.0004534791169201191
22,0,-1.9772729916138026e-05,-0.0004501203810321301,-0.0010403945241169073,-5.757353710875157e-05,-2.326203519550004e-06
22,1,-5.233957918980292e-05,-0.0003634692999290701,-0.000851972039033692,-0.00011921793037670824,-8.723263198286609e-06
22,2,6.804382720360103e-05,-0.00041466024612091257,-0.0008624700490845923,2.733384511601396e-05,-0.0001791239211854645
22,3,-1.861027752578422e-05,-0.0004489729453090563,-0.0009113220275897393,7.560425244827288e-06,0.00015004536255147454
22,4,0.00014048218615929088,-0.0005386121992165797,-0.0010661490393583087,0.0004290244357396037,-0.00011891438164522057
22,Aggregated,2.353723751929169e-05,-0.00044314794700211043,-0.0009464378968645004,5.735118726843056e-05,-3.1791121395961386e-05
22,Centralized,2.3505974241174363e-05,-0.0004431225243089217,-0.0009464063787301154,5.725217488444604e-05,-3.176797508833336e-05
23,0,0.00018551473068380379,0.0001971457482815353,0.0005984158554031893,-0.00039603614920269794,0.0006362166625958121
23,1,0.00019016713772289454,0.00012328878653590595,0.0006176070344394584,-0.00031578212777837086,0.0003966177000825873
23,2,0.00025240188894316005,0.00020587619512875502,0.0005402796194198034,-0.00020994719333752298,0.00036290041175237784
23,3,0.00027217530881427086,0.0001674924977318896,0.0004670016516621411,-0.00042280224253844664,0.0004582780840719373
23,4,0.0004027933221414148,6.178884536468902e-05,0.0002745523223279219,-8.976869986943396e-05,0.00025997948144003505
23,Aggregated,0.00026058196221089437,0.00015113611092376305,0.0004996163850358927,-0.0002869066210977046,0.00042283118368268563
23,Centralized,0.00026054394220789516,0.00015115970564001934,0.0004996765019386414,-0.00028695907167691954,0.0004228748039229254
24,0,7.850936878465905e-05,0.0003198529839375556,-0.0006019051606825143,0.00013957221117273563,0.00034311501913300937
24,1,3.314840015353759e-05,0.0001174732777370587,-0.00030124335578118335,0.00012038103213651471,0.0002395989625132396
24,2,4.943354967783346e-05,0.000238444180798858,-0.0003431269918812744,0.0001541163607602425,0.00018028706353082625
24,3,0.00011340637867260547,0.0002820620187498642,-0.0004187312443296528,0.00018610277525764053,0.00018610277525762202
24,4,4.138686812162155e-05,9.3849095318053e-05,-0.0006435366536094018,0.00031244170863645724,0.00037073307218802307
24,Aggregated,6.318117246339371e-05,0.00021035936641716597,-0.0004616727110630499,0.00018249684520207698,0.00026394645708573453
24,Centralized,6.318685154929985e-05,0.00021039010607945923,-0.00046162475155816693,0.00018246221589190425,0.0002639185622722251
25,0,0.0006135361782802403,-0.00045651744071089256,-0.0007734626702489977,-0.0003314840015352742,-0.0004129011247193855
25,1,0.0003576537911302006,-0.00033729951033414175,-0.0006077206694813579,-0.00022389708875630114,-0.0003053142119404032
25,2,0.00037743969106939407,-0.0003029985809663201,-0.0006199548700769978,-0.00024484146369833465,-0.0003960499685951672
25,3,0.0005623793239816692,-0.0003216088584920914,-0.0006472887151929544,-0.00025472817363386506,-0.0004902644985693317
25,4,0.00042202947211341844,-0.00029203973139340646,-0.0007204812534974995,6.353758627121545e-05,-0.0005222906174221349
25,Aggregated,0.00046661660878150545,-0.00034210303750731037,-0.0006737725135068443,-0.0001983348108547033,-0.00042534454553034456
25,Centralized,0.0004666284985500609,-0.0003421166547973013,-0.0006737603507742921,-0.00019840438654063485,-0.00042531849431436396
26,0,0.0004030147597613424,0.0003419519173732381,0.0002925200925829023,-0.00039080219128371786,0.0006792514277074058
26,1,0.0004001070053619253,0.0002663503029880036,0.00022854949579538078,-0.0003442781208928177,0.0005309559533363725
26,2,0.0004100076767394545,0.00027624630702302957,0.0002297206132086338,-0.0002936934422034946,0.0004943354967780978
26,3,0.0005071300625770418,0.0003850001163142343,0.0001988973410565679,-0.0004321073813013554,0.0005623793239816784
26,4,0.0003660697631039137,0.0002815472859540998,-0.0001090048498414394,0.00012998974072000457,0.00038064260399182833
26,Aggregated,0.00041727587033152494,0.0003102248120821737,0.0001681918246936256,-0.000266257125559225,0.0005295428142222403
26,Centralized,0.0004172892258854218,0.00031023231349989,0.00016826553837990995,-0.00026636225266362854,0.0005295826176811514
27,0,-0.00019714574828152235,-1.977272991615838e-05,-0.0003832420298451896,0.00037277411400722015,0.0002622794468287892
27,1,-8.781418286285906e-05,0.00011572862509738694,-0.0002971724996219708,0.00022331553787641734,0.00018551473068380379
27,2,-0.00013608765440712803,7.037011189432267e-05,-0.0004472282317910155,0.00039604996859517644,8.200153534790311e-05
27,3,-0.00017970549235816943,0.00013143508502571805,-0.00036580826761578036,0.0002739200223323468,0.00017505292297673725
27,4,-0.00021917552695394082,2.5648199962693036e-05,-0.0005951548218616024,0.0006231346763663584,0.00027047192687929916
27,Aggregated,-0.00016397469273226993,6.468946727609537e-05,-0.00041768566455652434,0.00037778994237531245,0.000195049392668164
27,Centralized,-0.00016395998864264792,6.469961226780452e-05,-0.00041763832451278314,0.00037772471478646853,0.00019502976647630492
28,0,4.594251951103671e-05,0.00020586901147981267,-1.8028077276477373e-05,-0.00025937169242935544,9.537434430137251e-05
28,1,-7.26938599858229e-05,0.00012503343917559436,3.198529839374224e-05,-0.0001919117903625478,7.269385998578403e-05
28,2,-3.1986414497425784e-05,0.00017737920766742004,3.198641449740543e-05,-0.00013666922557986256,-5.815711726795773e-06
28,3,7.095168306697578e-05,0.00024542303487100624,-5.117826319585017e-05,-0.00019366320050248815,-1.7447135180500191e-06
28,4,-9.501492258907433e-05,0.00012940682708451057,-0.0002640598768886282,0.0002984517813840737,-3.3808990859908926e-05
28,Aggregated,-1.654468567193237e-05,0.00017663156187327199,-5.381702382534351e-05,-9.67116235562902e-05,2.535179029472004e-05
28,Centralized,-1.6524001694308752e-05,0.00017664390543614867,-5.3761188611017865e-05,-9.681668598346219e-05,2.5367833586995938e-05
29,0,0.0001488770252509301,0.00017795456924524962,-0.00024948532747131415,1.512032287705467e-05,-9.246658990192022e-05
29,1,0.00016864975516706255,0.00012503343917556476,-0.0001134024215778573,-2.0354280796023676e-05,-5.524733358921822e-05
29,2,0.00012445623095352725,0.00023204689789936838,-0.00010235652639168924,3.431269918812152e-05,-0.0002884593016493279
29,3,0.00027275687998694435,0.000101193384046346,-0.00012271151743548463,-0.0001401586526158923,-0.0001808686347035071
29,4,0.0001766228315612702,0.00021451221786980557,-0.00042086364484239525,0.00032235124044019403,5.712553628052045e-05
29,Aggregated,0.00017827275363431255,0.00017013922845838516,-0.0002017204955194035,4.2198680411499826e-05,-0.00011201643415250081
29,Centralized,0.00017827303236377565,0.00017012739772573338,-0.00020166264039584805,4.212456769954002e-05,-0.00011206065937748495
30,0,0.00017504681484582877,0.00026518720122821563,-0.0002989171522616426,9.944520046059243e-05,3.4893052793120533e-06
30,1,7.036765646629324e-05,0.00020121660444071264,-0.00021750002907753864,9.304814078198164e-06,-0.00016806820428719356
30,2,0.00012678251564428035,0.00021983390327310893,-0.00019889734105657346,2.7915416288643025e-05,-0.00010584595342775412
30,3,0.0001244562309535476,0.00029601972689418293,-0.00023030218438134983,4.594412264172232e-05,-0.00016632935538650936
30,4,-8.160790897195532e-06,3.26431635888839e-05,-0.0005298684946838273,0.0003066125722812914,-0.00018594944972952037
30,Aggregated,9.771954141464064e-05,0.00020301394091156385,-0.00029505045407984343,9.780293499462023e-05,-0.00012452835093166255
30,Centralized,9.774761565638316e-05,0.00020305903490521932,-0.0002949883401058136,9.774761565638316e-05,-0.00012451184375274112
31,0,0.000263442548588592,-0.0002366912081137984,-1.8609628156364873e-05,8.897728462265627e-05,-0.0002017981553206131
31,1,0.00014829547437105923,-4.652407039093901e-05,7.850936878467015e-05,4.3616315991475604e-05,-0.00011921793037673786
31,2,0.0002849698746132593,-0.00015411636076024434,8.723567590203096e-05,9.305138762879343e-05,-0.0003460348477446917
31,3,0.0003105590062112085,-4.419940912367045e-05,9.828552818292128e-05,-4.4199409123698205e-05,-0.00021576290506431506
31,4,0.00010492445439282775,-9.326618168250903e-05,-6.703506808427942e-05,0.00032060249953366017,-0.00019527606789775386
31,Aggregated,0.00022246138049654266,-0.00011496388973603316,3.569742588148096e-05,0.0001003659252782258,-0.00021562166883197246
31,Centralized,0.0002224921918273522,-0.00011496981460537384,3.572442619818594e-05,0.00010030767225688483,-0.00021562658548958668
32,0,0.00010526070925945263,2.6751340474797287e-05,-0.0005460762762134197,6.745990206683909e-05,0.00024192516603280256
32,1,8.665108110307851e-05,7.211230910591873e-05,-0.0002971724996219967,3.1403747513886196e-05,0.00017679146748550238
32,2,0.0001041012399097411,4.8851978505104475e-05,-0.0003524321306441425,6.920696954893502e-05,0.00020006048340195554
32,3,0.00017679763649471695,6.920696954892206e-05,-0.00034080070719056575,-1.2212994626289072e-05,0.0001419033661339571
32,4,5.246222719641665e-05,8.452247714975288e-05,-0.0004925620220108266,0.0004255269539264787,-3.497481813095986e-05
32,Aggregated,0.0001050649109016791,6.028416406957698e-05,-0.00040579168871762077,0.0001162154412814957,0.00014517708873193732
32,Centralized,0.00010507868683058419,6.027769632144427e-05,-0.00040576897118304033,0.00011613347669650794,0.00014522502897518403
33,0,-8.141712318409655e-05,0.00011049466717842719,-2.3262035195485234e-05,0.00010177140398013318,0.00013666445677332773
33,1,7.15307582260294e-05,-1.860962815638523e-05,-2.442513695522323e-05,-4.7687172150686256e-05,1.9191179036265325e-05
33,2,0.00013259822737109276,6.571754251285718e-05,-6.22281154767775e-05,5.6993974922653344e-05,1.6283992835066283e-05
33,3,0.0002186707609277305,0.00014597436434271398,-0.00013608765440713914,-7.211482541231717e-05,5.2922976713903894e-05
33,4,3.439190449544549e-05,-5.3045140831921765e-05,-0.00033575825405708176,0.00025298451781384973,-3.497481813099131e-06
33,Aggregated,7.516247657272713e-05,5.012670767149157e-05,-0.0001163083546903749,5.835096131366681e-05,4.432266806578662e-05
33,Centralized,7.517257108812421e-05,5.0153836128450736e-05,-0.00011624984290560063,5.8299470766493e-05,4.4335525672715516e-05
34,0,0.00027158426090697816,-0.0002721658117868823,7.094920734613264e-05,-0.00010933156541866884,-0.0003099666189795051
34,1,0.00010177140398012763,-3.4893052793185296e-05,0.00013666445677331293,-9.304814078184287e-05,-0.00018028077276480148
34,2,0.00025182031777050694,-7.967525065717407e-05,0.00011805894805408204,-0.0001349245120617922,-0.00039953939563125613
34,3,0.00016516621304114206,-4.710726498709887e-05,7.502268127573633e-05,-0.00015179007606953566,-0.00025065717542513595
34,4,9.618074986010121e-05,6.120593172915616e-05,-0.00014572840887894234,0.0002331654542062911,-0.00013989927252379872
34,Aggregated,0.00017732066650427215,-7.455436866256204e-05,5.103254393164596e-05,-5.1242224329550624e-05,-0.00025609152406882036
34,Centralized,0.0001773421026908491,-7.459074004254422e-05,5.108476580135135e-05,-5.131749821957558e-05,-0.0002561220262615127
35,0,5.989974062830158e-05,1.7446526396439992e-06,8.31617758237831e-05,0.00021691847819768628,0.0001616711446084477
35,1,8.258022494387895e-05,2.1517382555811628e-05,3.896390895239965e-05,-1.9191179036248673e-05,-5.408423182945247e-05
35,2,5.292297671386688e-05,-0.0001011933840463608,0.00011108009398189863,0.0001459743643427047,5.815711726716207e-07
35,3,0.00021285504920093474,-7.793053713915921e-05,0.00017214506711331993,-8.956196059273965e-05,-4.3036266778316105e-05
35,4,5.945719082258901e-05,5.945719082259826e-05,-7.1698377168448e-05,0.00036257228129081646,9.90953180378488e-06
35,Aggregated,9.354963466385518e-05,-1.9296304176950822e-05,6.675779839624354e-05,0.00012329500439160995,1.500958888385451e-05
35,Centralized,9.355843212822308e-05,-1.9316790713062395e-05,6.679420403183552e-05,0.00012323181545250138,1.5011240975792983e-05
36,0,-6.92045547064942e-05,-2.3262035195518543e-06,5.81550879857895e-07,-7.79278179047882e-05,0.00018377007804411537
36,1,-8.08355723042294e-05,0.0001488770252509079,0.0001576002884492389,-0.00010118985310024567,0.00011979948125663461
36,2,-4.885197850508412e-05,6.746225603090535e-05,-2.5589131597913985e-05,-0.0001419033661339497,0.00011398794984530115
36,3,-5.0596692023173e-05,6.571754251287198e-05,3.082327215201963e-05,-0.00023669946728077467,5.1178263195868674e-05
36,4,3.089442268232971e-05,-8.568830442082046e-05,-0.0002518186905428118,0.0001941102406267492,0.00011250233165455334
36,Aggregated,-4.373379781492027e-05,3.883325653919518e-05,-1.7633722616379242e-05,-7.277485072422302e-05,0.00011624857313912801
36,Centralized,-4.375369462714107e-05,3.886631384433792e-05,-1.75712975763187e-05,-7.284524690580792e-05,0.00011624984290560987
37,0,-1.7446526396643532e-06,9.130348814219702e-05,-0.00011514707421751424,-0.0001994719518010446,-5.4084231829419166e-05
37,1,-3.896390895237004e-05,-7.676471614499285e-05,-9.421124254159936e-05,-0.00017272061132625471,-1.163101759756498e-06
37,2,4.5362551469026643e-05,0.00010642752460044425,-8.258310652059878e-05,-9.130667411077486e-05,-0.00011747737688139563
37,3,6.397282899480531e-05,9.886709935562066e-05,-7.401486830834377e-18,-0.000203549910438063,-6.397282899480161e-05
37,4,7.053254989741186e-05,2.389945905620731e-05,-0.00042494404029098096,5.3045140831943964e-05,0.00010259279985077585
37,Aggregated,2.7823152343227668e-05,4.8751229879658015e-05,-0.00014332125394406932,-0.0001228359083081208,-2.6846510887783237e-05
37,Centralized,2.7811523978427123e-05,4.875744161907947e-05,-0.00014324680342022906,-0.00012288271682515118,-2.6880594305487652e-05
38,0,-7.61831652651146e-05,0.00017969922188494172,-4.7105621270822816e-05,7.79278179047956e-05,5.233957918978256e-06
38,1,8.548797934332386e-05,0.0001174732777370439,9.130348814215261e-05,4.187166335180755e-05,-5.6991986228882574e-05
38,2,5.350454788656811e-05,0.00011456952101797646,-3.663898387884686e-05,4.187312443296916e-05,1.1631423453728473e-06
38,3,0.00022099704561845217,0.00010177495521903057,-2.035499104379538e-05,-1.4539279317014412e-05,-8.723567590187183e-06
38,4,6.0623018093617735e-05,-4.13868681216271e-05,-0.0004115370266741173,0.00017429117701918683,8.160790897214036e-06
38,Aggregated,6.888713257251936e-05,9.445316761416757e-05,-8.480147205610666e-05,6.426314909150611e-05,-1.0235258509488189e-05
38,Centralized,6.888879579591833e-05,9.448936180115701e-05,-8.471460023554145e-05,6.423414743132276e-05,-1.0240226402104721e-05
39,0,6.048129150816132e-05,7.211230910591133e-05,-2.6751340474815793e-05,-0.00010235295486002438,6.629680030704559e-05
39,1,5.6991986228888124e-05,3.66377054328441e-05,6.571524942720064e-05,-0.0001901671377228557,6.571524942717289e-05
39,2,0.0001971526275385697,5.17598343685551e-05,-1.802870635306634e-05,-0.00014597436434270102,5.4667690231940956e-05
39,3,0.0001488822202061054,5.873868844067191e-05,-3.7220555051524036e-05,-0.00023786260962615675,6.74622560309035e-05
39,4,6.936672262638684e-05,-3.555773176645756e-05,-0.00015796959522476988,0.0003141904495429652,0.0001946931542622432
39,Aggregated,0.00010658203165393366,3.675254451568607e-05,-3.4826349452737196e-05,-7.251012027079088e-05,8.974616579696432e-05
39,Centralized,0.0001065914475490981,3.67717220802292e-05,-3.479349652531679e-05,-7.261251448760035e-05,8.971834722744838e-05
40,0,0.00010409760749967763,-6.745990206681134e-05,-0.00025646393802994383,0.00011282087069797164,-6.745990206681134e-05
40,1,6.978610558633358e-06,-6.571524942718399e-05,-0.00011805482861697581,-3.663770543286445e-05,3.896390895236264e-05
40,2,2.7915416288639325e-05,-9.421452997420514e-05,-0.00015237164724221837,1.9191848698453993e-05,-4.4780980296414236e-05
40,3,0.00010061181287368178,-2.73338451159529e-05,-0.0001000302417009972,-0.0001262009444715717,1.3376136971652667e-05
40,4,-0.00013465304980413799,-0.00012299477709378596,-0.0003007834359261108,0.00021218056332775921,0.00017137660884163352
40,Aggregated,2.102102448957386e-05,-7.553423592806875e-05,-0.00018551806911002415,3.623619673964485e-05,2.2265493411545302e-05
40,Centralized,2.1062283849765384e-05,-7.552166971544483e-05,-0.00018548773732886734,3.6189891034719514e-05,2.2225945940932783e-05
41,0,4.768717215070661e-05,6.804145294672289e-05,-0.00016167114460844217,-4.2453214231708004e-05,0.00015818183932910974
41,1,-4.2453214231719104e-05,2.733289135465148e-05,4.070856159206956e-06,-7.443851262546689e-05,8.548797934332756e-05
41,2,9.36329588015002e-05,1.2212994626298323e-05,-9.246981645612921e-05,-2.268127573449852e-05,7.90936794845339e-05
41,3,8.607253355664701e-05,1.9191848698429937e-05,-2.4425989252570743e-05,-0.00012038523274480369,7.444111010303882e-05
41,4,-0.00010842193620591948,-4.7216004476791086e-05,-0.00023083379966423178,0.0002675573587017236,0.00011891438164521873
41,Aggregated,1.5327861656724206e-05,1.592529418013769e-05,-0.00010104021742481483,1.4669255566096175e-06,0.00010322081059868319
41,Centralized,1.536033960313025e-05,1.5942170648713948e-05,-0.00010100586951160192,1.39639450936202e-06,0.0001032168274847515
42,0,-7.38569617455757e-05,-7.094920734616594e-05,2.7914442234561187e-05,0.00016457889900786486,0.0001267780918152328
42,1,-2.9659094874212587e-05,-6.397059678721802e-06,2.5588238715007484e-05,-1.802807727647182e-05,6.338904590764879e-05
42,2,2.3262846907207146e-05,-4.9433549677827905e-05,-8.432782003862475e-05,0.00014248493730661949,0.00010759066694581339
42,3,9.595924349222369e-05,-2.907855863399737e-05,-5.815711726799473e-06,-1.744713518037992e-05,0.00016574778421384514
42,4,-9.268326804699283e-05,2.0984890878576284e-05,-0.00032001958589814955,0.00023666293601939023,0.00015505502704717586
42,Aggregated,-1.538040075397647e-05,-2.6984238529990062e-05,-7.128238659753773e-05,0.00010162347826956234,0.00012370576188727419
42,Centralized,-1.5360339603154306e-05,-2.699696051459699e-05,-7.121611997822723e-05,0.00010158770055719857,0.0001236972802889628
43,0,2.035428079605328e-05,-3.489305279317604e-05,-1.744652639658802e-05,0.00016283424636825047,-2.6169789594900534e-05
43,1,0.0001692313060469667,-2.5588238715013034e-05,5.873663886851732e-05,2.384358607535053e-05,-5.1758028309904315e-05
43,2,0.0001645846418684612,-2.7333845115976956e-05,-7.967525065717222e-05,4.536255146906735e-05,-0.00010293809756437937
43,3,0.00011747737688136047,3.896526856954445e-05,6.978854072142715e-06,-2.500756042522201e-05,1.163142345361745e-06
43,4,1.9819063607547558e-05,-4.430143629920817e-05,-0.00024832120872969783,0.00034916526767392135,6.353758627121731e-05
43,Aggregated,9.830881091981519e-05,-1.8625260506278247e-05,-5.590704756904063e-05,0.00011119252272620914,-2.3250268004809564e-05
43,Centralized,9.832944670194281e-05,-1.8618593458363808e-05,-5.5855780375100674e-05,0.00011112972970458064,-2.327324182298714e-05
44,0,-0.0001168917268571823,-4.419786687136496e-05,-4.7105621270839465e-05,0.00011863637949683925,-0.0001197994812566198
44,1,-5.6991986228880724e-05,-5.117647742999646e-05,-4.6524070390704015e-06,-4.536096863113996e-05,-1.6283424636829673e-05
44,2,2.791541628866708e-05,-1.5702421662361355e-05,-7.967525065716482e-05,0.0001180589480540728,-1.5702421662361355e-05
44,3,-3.722055505151848e-05,1.5120850489667529e-05,-7.502268127575669e-05,-3.7220555051527736e-05,2.9660129806689344e-05
44,4,-0.0001259093452714059,-0.0001521404588696355,-0.0004057078903189848,0.00019760772243982428,0.00024132624510350326
44,Aggregated,-6.180713257572977e-05,-4.959901620722574e-05,-0.0001223762477480699,7.031897005290547e-05,2.3796707875451622e-05
44,Centralized,-6.179045703990267e-05,-4.9572005082857786e-05,-0.00012230088577960818,7.028519030531181e-05,2.373870665941154e-05
45,0,9.130348814212856e-05,-0.0001209625830163837,9.886364958072713e-06,-2.500668783512183e-05,7.96724705444433e-05
45,1,1.3957221117266716e-05,-6.455214766738863e-05,4.303476511158625e-05,-9.072193726228917e-05,2.8495993114435737e-05
45,2,0.00012096680391744755,-9.712238583757434e-05,-4.187312443296546e-05,-7.095168306699059e-05,5.408611905923048e-05
45,3,0.00010410123990974666,-9.944867052829967e-05,-2.6752273943255376e-05,-0.00015179007606951344,3.431269918813447e-05
45,4,-7.111546353289478e-05,-4.0803954486134945e-06,-0.00030136634956163253,0.0002378287632904208,0.00020868308151466563
45,Aggregated,5.186694585209199e-05,-7.724777649554369e-05,-6.336659208328629e-05,-2.0179494446875585e-05,8.102470482489031e-05
45,Centralized,5.189932926513892e-05,-7.726716285217557e-05,-6.330321775842585e-05,-2.0247720385963008e-05,8.099088154385203e-05
46,0,6.687835118697194e-05,-4.3616315991468205e-05,-0.0003082219663398093,0.00016574200076765281,-9.014038638240352e-05
46,1,-1.1049466717853266e-05,3.547460367308205e-05,3.4893052793342574e-06,5.5828884469107574e-05,5.5828884469107574e-05
46,2,0.00013027194268035261,-7.909367948447469e-05,-0.00019831576988393329,0.0001884290599483566,-0.00011108009398189493
46,3,9.654081466491937e-05,2.0936562216498458e-05,-5.1759834368527344e-05,1.5120850489689734e-05,-4.594412264172787e-05
46,4,-0.00010200988621525964,0.00011075359074796398,-0.0002419091587390491,0.00019527606789777793,0.00010783902257040142
46,Aggregated,3.615358275636442e-05,8.870757619781935e-06,-0.00015932713700693172,0.00012406523238834929,-1.672393723663775e-05
46,Centralized,3.6189891034697315e-05,8.843831892726046e-06,-0.00015930534027804865,0.0001240463789163278,-1.675673411248487e-05
47,0,-1.2794119357512069e-05,8.60695302231873e-05,9.770054782090957e-05,0.00023145725019481275,1.6283424636825973e-05
47,1,1.802807727646812e-05,5.8736638868500665e-05,8.19986740639822e-05,6.397059678736605e-06,-2.5588238715020437e-05
47,2,-4.129155326029014e-05,6.048340195873303e-05,-2.0936562216478106e-05,0.00011282480749995605,-6.3972828994747955e-06
47,3,2.500756042522941e-05,7.153325423966221e-05,2.5007560425238663e-05,-1.2794565798971795e-05,3.0823272152028885e-05
47,4,-0.00010783902257041622,-9.25185853854297e-18,-0.00023025088602871927,0.000317687931356105,0.00016030124976681992
47,Aggregated,-2.3761052130619444e-05,5.537560107733549e-05,-9.251903075562718e-06,0.00013107757691630382,3.5059517887807e-05
47,Centralized,-2.3738706659420794e-05,5.5390315538583756e-05,-9.19293052005036e-06,0.00013102835146316014,3.502622894351511e-05
48,0,-0.00016981285692684866,-5.9318189748408524e-05,-0.00022796794491548774,0.0001994719518010853,-9.130348814217481e-05
48,1,-7.15307582260331e-05,-2.209893343568803e-05,-5.699198622885482e-05,-8.025402142435485e-05,-1.3375670237375514e-05
48,2,1.6283992835040377e-05,-1.2794565798966244e-05,-0.00017854235001282063,0.00013550608323444345,-3.024170097940167e-05
48,3,5.175983436853659e-05,-6.397282899476645e-06,-5.292297671390019e-05,-7.90936794845117e-05,-1.8028706353094096e-05
48,4,-0.00015097463159857344,-0.00016263290430888847,-0.00029670304047748806,0.00011133650438351905,0.00014922589069203592
48,Aggregated,-6.483821000303675e-05,-5.26265827347593e-05,-0.00016259905991531382,5.738272763145983e-05,-7.746617554235527e-07
48,Centralized,-6.481597847688426e-05,-5.259752651984861e-05,-0.0001625635941332711,5.736854109355538e-05,-8.145634638060765e-07
49,0,-4.710562127081171e-05,9.828209870081372e-05,-0.00020412435884016865,1.977272991615838e-05,0.00013317515149400828
49,1,5.873663886853398e-05,3.489305279332407e-06,-2.326203519542602e-06,-9.246658990194797e-05,0.00010235295486001328
49,2,-4.070998208743903e-06,4.2454695605642637e-05,-0.00014364807965196828,-9.886709935515621e-06,8.025682182984384e-05
49,3,0.00011398794984529745,5.815711726938251e-07,-0.00013317979854372182,-0.00011282480749991904,9.654081466490827e-05
49,4,6.353758627121731e-05,-0.00017545700429023593,-0.00017837157246782624,0.00029961760865508945,0.000235497108748343
49,Aggregated,3.701168679414292e-05,-6.09608476064319e-06,-0.00013232073558951398,2.0787048167616427e-05,0.00012954357888467316
49,Centralized,3.700445449847748e-05,-6.0510428739761014e-06,-0.00013230837976345536,2.071318522240221e-05,0.00012951559074469431
50,0,3.256684927363159e-05,6.397059678721802e-06,-8.374332670366506e-05,0.00011398397245775219,0.0002099398676390048
50,1,5.6991986228877024e-05,1.919117903623572e-05,6.571524942717103e-05,-3.0240645754081584e-05,0.00013259360061410413
50,2,7.851210831180863e-05,8.723567590205687e-06,-0.00012794565798963283,2.9078558633877092e-06,0.00017737920766741817
50,3,0.00012154837509011733,7.211482541235418e-05,-5.815711726623689e-07,-2.093656221649291e-05,7.211482541231717e-05
50,4,-3.4391904495417736e-05,5.8874277187120905e-05,-0.00032876329043089275,0.0002075172542436258,0.00016671329975750937
50,Aggregated,5.106231856988783e-05,3.305496242307046e-05,-9.501705063943657e-05,5.461610771398064e-05,0.00015174532153581482
50,Centralized,5.108476580139761e-05,3.304800338858975e-05,-9.495482663761287e-05,5.457575207479803e-05,0.0001517415366856197
