Round,Evaluator,2,1,3,4,0
0,0,,,,,
0,1,,,,,
0,2,,,,,
0,3,,,,,
0,4,,,,,
0,Aggregated,,,,,
0,Centralized,,,,,
1,0,,,,,
1,1,,,,,
1,2,,,,,
1,3,,,,,
1,4,,,,,
1,Aggregated,,,,,
1,Centralized,0.9999614953994751,0.9999915361404419,0.9999644160270691,0.999958872795105,0.9999591708183289
2,0,,,,,
2,1,,,,,
2,2,,,,,
2,3,,,,,
2,4,,,,,
2,Aggregated,,,,,
2,Centralized,0.9964024424552917,0.9992353916168213,0.9967142343521118,0.9958242177963257,0.9959914684295654
3,0,,,,,
3,1,,,,,
3,2,,,,,
3,3,,,,,
3,4,,,,,
3,Aggregated,,,,,
3,Centralized,0.9940746426582336,0.9981157779693604,0.9946722984313965,0.9928821325302124,0.9936537742614746
4,0,,,,,
4,1,,,,,
4,2,,,,,
4,3,,,,,
4,4,,,,,
4,Aggregated,,,,,
4,Centralized,0.9952129125595093,0.9985120892524719,0.9953168630599976,0.9944261312484741,0.9952347874641418
5,0,,,,,
5,1,,,,,
5,2,,,,,
5,3,,,,,
5,4,,,,,
5,Aggregated,,,,,
5,Centralized,0.9742968082427979,0.9938860535621643,0.978176474571228,0.9708091616630554,0.9696879982948303
6,0,,,,,
6,1,,,,,
6,2,,,,,
6,3,,,,,
6,4,,,,,
6,Aggregated,,,,,
6,Centralized,0.9661498665809631,0.9889492988586426,0.9709844589233398,0.9558308124542236,0.9607550501823425
7,0,,,,,
7,1,,,,,
7,2,,,,,
7,3,,,,,
7,4,,,,,
7,Aggregated,,,,,
7,Centralized,0.9860507845878601,0.9929182529449463,0.9861642718315125,0.9838651418685913,0.9860000610351562
8,0,,,,,
8,1,,,,,
8,2,,,,,
8,3,,,,,
8,4,,,,,
8,Aggregated,,,,,
8,Centralized,0.9871959686279297,0.9937689900398254,0.9888430833816528,0.9847341775894165,0.9870879054069519
9,0,,,,,
9,1,,,,,
9,2,,,,,
9,3,,,,,
9,4,,,,,
9,Aggregated,,,,,
9,Centralized,0.9690778255462646,0.9906529784202576,0.973235011100769,0.9693076014518738,0.963466227054596
10,0,,,,,
10,1,,,,,
10,2,,,,,
10,3,,,,,
10,4,,,,,
10,Aggregated,,,,,
10,Centralized,0.9472746849060059,0.9789167046546936,0.9544717073440552,0.9191502332687378,0.9391443133354187
11,0,,,,,
11,1,,,,,
11,2,,,,,
11,3,,,,,
11,4,,,,,
11,Aggregated,,,,,
11,Centralized,0.9828283190727234,0.9925442934036255,0.9849811792373657,0.9770495295524597,0.9794526696205139
12,0,,,,,
12,1,,,,,
12,2,,,,,
12,3,,,,,
12,4,,,,,
12,Aggregated,,,,,
12,Centralized,0.9522618055343628,0.9868751168251038,0.9594371914863586,0.935417890548706,0.94102543592453
13,0,,,,,
13,1,,,,,
13,2,,,,,
13,3,,,,,
13,4,,,,,
13,Aggregated,,,,,
13,Centralized,0.9624252319335938,0.9866275787353516,0.9666054844856262,0.9543986320495605,0.954451858997345
14,0,,,,,
14,1,,,,,
14,2,,,,,
14,3,,,,,
14,4,,,,,
14,Aggregated,,,,,
14,Centralized,0.968928337097168,0.9888802766799927,0.9720613360404968,0.9574257135391235,0.962379515171051
15,0,,,,,
15,1,,,,,
15,2,,,,,
15,3,,,,,
15,4,,,,,
15,Aggregated,,,,,
15,Centralized,0.9867758750915527,0.9962261915206909,0.9883241653442383,0.9855817556381226,0.9843999743461609
16,0,,,,,
16,1,,,,,
16,2,,,,,
16,3,,,,,
16,4,,,,,
16,Aggregated,,,,,
16,Centralized,0.9544218182563782,0.986611545085907,0.9601548910140991,0.941300630569458,0.9450907707214355
17,0,,,,,
17,1,,,,,
17,2,,,,,
17,3,,,,,
17,4,,,,,
17,Aggregated,,,,,
17,Centralized,0.9907267093658447,0.9944567084312439,0.99070805311203,0.9885568022727966,0.9904127717018127
18,0,,,,,
18,1,,,,,
18,2,,,,,
18,3,,,,,
18,4,,,,,
18,Aggregated,,,,,
18,Centralized,0.9775099754333496,0.9910928606987,0.9795407056808472,0.9729897975921631,0.9736180305480957
19,0,,,,,
19,1,,,,,
19,2,,,,,
19,3,,,,,
19,4,,,,,
19,Aggregated,,,,,
19,Centralized,0.9083917737007141,0.9695447087287903,0.9206520915031433,0.8752418756484985,0.8880361914634705
20,0,,,,,
20,1,,,,,
20,2,,,,,
20,3,,,,,
20,4,,,,,
20,Aggregated,,,,,
20,Centralized,0.9830518960952759,0.9928706884384155,0.98536217212677,0.9772872924804688,0.979303777217865
21,0,,,,,
21,1,,,,,
21,2,,,,,
21,3,,,,,
21,4,,,,,
21,Aggregated,,,,,
21,Centralized,0.9228644371032715,0.9763263463973999,0.9329019784927368,0.9120449423789978,0.9045567512512207
22,0,,,,,
22,1,,,,,
22,2,,,,,
22,3,,,,,
22,4,,,,,
22,Aggregated,,,,,
22,Centralized,0.9585399627685547,0.9843353033065796,0.963829517364502,0.9467277526855469,0.950869619846344
23,0,,,,,
23,1,,,,,
23,2,,,,,
23,3,,,,,
23,4,,,,,
23,Aggregated,,,,,
23,Centralized,0.9473687410354614,0.9828619360923767,0.9533883333206177,0.9539104700088501,0.936945915222168
24,0,,,,,
24,1,,,,,
24,2,,,,,
24,3,,,,,
24,4,,,,,
24,Aggregated,,,,,
24,Centralized,0.9227607250213623,0.9800512790679932,0.9333728551864624,0.9196528196334839,0.9061053395271301
25,0,,,,,
25,1,,,,,
25,2,,,,,
25,3,,,,,
25,4,,,,,
25,Aggregated,,,,,
25,Centralized,0.9447323679924011,0.9761103987693787,0.9518476724624634,0.9280273914337158,0.933905303478241
26,0,,,,,
26,1,,,,,
26,2,,,,,
26,3,,,,,
26,4,,,,,
26,Aggregated,,,,,
26,Centralized,0.9808010458946228,0.9900745153427124,0.9826349020004272,0.9813650846481323,0.9794111847877502
27,0,,,,,
27,1,,,,,
27,2,,,,,
27,3,,,,,
27,4,,,,,
27,Aggregated,,,,,
27,Centralized,0.9697818756103516,0.988726019859314,0.9729485511779785,0.9637261629104614,0.9658631682395935
28,0,,,,,
28,1,,,,,
28,2,,,,,
28,3,,,,,
28,4,,,,,
28,Aggregated,,,,,
28,Centralized,0.9196351766586304,0.975914716720581,0.9284662008285522,0.9103790521621704,0.903958797454834
29,0,,,,,
29,1,,,,,
29,2,,,,,
29,3,,,,,
29,4,,,,,
29,Aggregated,,,,,
29,Centralized,0.9452840685844421,0.9811201095581055,0.9511183500289917,0.9362059831619263,0.9375467896461487
30,0,,,,,
30,1,,,,,
30,2,,,,,
30,3,,,,,
30,4,,,,,
30,Aggregated,,,,,
30,Centralized,0.9494470357894897,0.9831908941268921,0.954524040222168,0.9458767175674438,0.9419260025024414
31,0,,,,,
31,1,,,,,
31,2,,,,,
31,3,,,,,
31,4,,,,,
31,Aggregated,,,,,
31,Centralized,0.9714744091033936,0.9832848906517029,0.972888171672821,0.9702632427215576,0.9711393713951111
32,0,,,,,
32,1,,,,,
32,2,,,,,
32,3,,,,,
32,4,,,,,
32,Aggregated,,,,,
32,Centralized,0.8861363530158997,0.9621024131774902,0.898361325263977,0.8590567111968994,0.8664615154266357
33,0,,,,,
33,1,,,,,
33,2,,,,,
33,3,,,,,
33,4,,,,,
33,Aggregated,,,,,
33,Centralized,0.9260271191596985,0.9793093204498291,0.9356459379196167,0.9056235551834106,0.9098020195960999
34,0,,,,,
34,1,,,,,
34,2,,,,,
34,3,,,,,
34,4,,,,,
34,Aggregated,,,,,
34,Centralized,0.890153169631958,0.9513920545578003,0.9013994932174683,0.8901777267456055,0.8841536641120911
35,0,,,,,
35,1,,,,,
35,2,,,,,
35,3,,,,,
35,4,,,,,
35,Aggregated,,,,,
35,Centralized,0.9612049460411072,0.9864996075630188,0.965118408203125,0.9621636867523193,0.9551680684089661
36,0,,,,,
36,1,,,,,
36,2,,,,,
36,3,,,,,
36,4,,,,,
36,Aggregated,,,,,
36,Centralized,0.9670420289039612,0.9846413135528564,0.9701393246650696,0.9680067300796509,0.9660690426826477
37,0,,,,,
37,1,,,,,
37,2,,,,,
37,3,,,,,
37,4,,,,,
37,Aggregated,,,,,
37,Centralized,0.9585537910461426,0.9777854681015015,0.962433934211731,0.9561647176742554,0.9563243985176086
38,0,,,,,
38,1,,,,,
38,2,,,,,
38,3,,,,,
38,4,,,,,
38,Aggregated,,,,,
38,Centralized,0.9513547420501709,0.9853575825691223,0.9567438960075378,0.9510600566864014,0.9438102841377258
39,0,,,,,
39,1,,,,,
39,2,,,,,
39,3,,,,,
39,4,,,,,
39,Aggregated,,,,,
39,Centralized,0.9346730709075928,0.9737488031387329,0.941470742225647,0.9317488074302673,0.9242079854011536
40,0,,,,,
40,1,,,,,
40,2,,,,,
40,3,,,,,
40,4,,,,,
40,Aggregated,,,,,
40,Centralized,0.9491289854049683,0.9754215478897095,0.9547470211982727,0.93924480676651,0.9451344609260559
41,0,,,,,
41,1,,,,,
41,2,,,,,
41,3,,,,,
41,4,,,,,
41,Aggregated,,,,,
41,Centralized,0.9433255195617676,0.9843169450759888,0.9492717981338501,0.9378722310066223,0.9339418411254883
42,0,,,,,
42,1,,,,,
42,2,,,,,
42,3,,,,,
42,4,,,,,
42,Aggregated,,,,,
42,Centralized,0.9035314321517944,0.95155930519104,0.9138141870498657,0.8737295866012573,0.8895042538642883
43,0,,,,,
43,1,,,,,
43,2,,,,,
43,3,,,,,
43,4,,,,,
43,Aggregated,,,,,
43,Centralized,0.8967487812042236,0.9585893750190735,0.9056666493415833,0.8873320817947388,0.8817973732948303
44,0,,,,,
44,1,,,,,
44,2,,,,,
44,3,,,,,
44,4,,,,,
44,Aggregated,,,,,
44,Centralized,0.9566226005554199,0.9809072017669678,0.9607481956481934,0.9416625499725342,0.9513605237007141
45,0,,,,,
45,1,,,,,
45,2,,,,,
45,3,,,,,
45,4,,,,,
45,Aggregated,,,,,
45,Centralized,0.9218597412109375,0.9722604155540466,0.9316763877868652,0.9182917475700378,0.9117310643196106
46,0,,,,,
46,1,,,,,
46,2,,,,,
46,3,,,,,
46,4,,,,,
46,Aggregated,,,,,
46,Centralized,0.9273698329925537,0.9686389565467834,0.9357379078865051,0.9203351736068726,0.9204249978065491
47,0,,,,,
47,1,,,,,
47,2,,,,,
47,3,,,,,
47,4,,,,,
47,Aggregated,,,,,
47,Centralized,0.9446170330047607,0.9722305536270142,0.9497547149658203,0.9434422254562378,0.9374463558197021
48,0,,,,,
48,1,,,,,
48,2,,,,,
48,3,,,,,
48,4,,,,,
48,Aggregated,,,,,
48,Centralized,0.9135196805000305,0.9631118178367615,0.9225554466247559,0.9055906534194946,0.9051710963249207
49,0,,,,,
49,1,,,,,
49,2,,,,,
49,3,,,,,
49,4,,,,,
49,Aggregated,,,,,
49,Centralized,0.940593957901001,0.9739291071891785,0.9456783533096313,0.9329215288162231,0.933370053768158
50,0,,,,,
50,1,,,,,
50,2,,,,,
50,3,,,,,
50,4,,,,,
50,Aggregated,,,,,
50,Centralized,0.9393993616104126,0.9757590293884277,0.9440683126449585,0.9355194568634033,0.9317110180854797
