Round,Evaluator,2,1,3,4,0
0,0,,,,,
0,1,,,,,
0,2,,,,,
0,3,,,,,
0,4,,,,,
0,Aggregated,,,,,
0,Centralized,,,,,
1,0,0.08025370877249428,0.07131985590177387,0.0362991198129715,0.027381439043732293,0.08845003857780899
1,1,0.07931857856211466,0.07056585918020111,0.039676950190954206,0.029383109335116307,0.08450744410367537
1,2,0.08037049619042479,0.06961761240741222,0.035834750017750557,0.03000101025232132,0.08570195676137587
1,3,0.06707203340999296,0.05956529233118875,0.056992415190899884,0.047911758155161986,0.07251720180844838
1,4,0.06873815631504887,0.058413381286824155,0.055297078192586585,0.0470784334513815,0.07244842019203687
1,Aggregated,0.07515188879626125,0.06589790825779555,0.04481795266885651,0.03634898380591329,0.08072668128195881
1,Centralized,0.07985249767413483,0.07052894528272839,0.03764199762616962,0.029149862471512706,0.08567121574292409
2,0,0.025900323612007056,0.0420223753988302,-0.021947865552265917,-0.01918454407115002,0.02831637353506889
2,1,0.023781344968040814,0.037449006604657595,-0.018218942354012033,-0.013378312884559406,0.02487539123622756
2,2,0.024806277469534035,0.04101154745240838,-0.022936193119614187,-0.017191335526125725,0.028264391829319394
2,3,0.006181020110052123,0.01836842955305358,0.003486638961733705,0.011697726597563,0.00705529451917526
2,4,0.00700609228771082,0.019131299362828324,0.004547999154944706,0.012814436218103128,0.0072937310197586135
2,Aggregated,0.017537134787714334,0.03159904216581473,-0.011016800163966053,-0.005052000924203272,0.01916342461864175
2,Centralized,0.024068544589615725,0.038655437065591755,-0.021422506413926838,-0.014946036054653132,0.026144189846510697
3,0,0.024669882964791286,0.03108786528130989,-0.019948180884104317,-0.019316534574317108,0.03253785497652386
3,1,0.025377245382951052,0.028369642446507908,-0.016503020702178215,-0.011860791253427682,0.028759191871398325
3,2,0.03081905759776408,0.03297972042891276,-0.023460306086121582,-0.013775691226586192,0.03350875908983902
3,3,0.0015146435543439288,-0.002738422440530079,-0.0035067117539214153,0.008324243267529164,-0.0018873877499026896
3,4,-0.003643043288355218,-0.0005405050236387533,-0.0012795326415716512,0.005108060164516496,0.00015422761623033371
3,Aggregated,0.015751442241143658,0.01783535969082869,-0.012941884807006282,-0.006306452105712248,0.01861824693864682
3,Centralized,0.027084173816191152,0.02967935500911376,-0.0204392442540378,-0.014538619097104407,0.03059948323235604
4,0,0.013350202573472652,0.02229465114681236,-0.02512356605815365,-0.02138423349321489,0.021523948865124112
4,1,0.008350759920130846,0.017444122604204356,-0.0179430604664641,-0.01690434772585261,0.012979570180985122
4,2,0.01215643462345228,0.02048683157091973,-0.021004066603123858,-0.019388474922446487,0.019541194779025373
4,3,-0.0006861978853321941,0.00268398337794268,0.002815860855242461,-0.001740854685401544,0.0014616735848376075
4,4,-0.0003982720447693729,0.003688100508347217,0.003694468437360775,-0.0025232890782313027,0.0017362980764645181
4,Aggregated,0.0065559842793268645,0.013321479170292853,-0.011515135908166965,-0.012390228660738998,0.011450489915347157
4,Centralized,0.011405077155352864,0.02073748056786833,-0.021861746688262736,-0.01926168479923011,0.018010355045570033
5,0,0.01279119188458692,0.015391573387680001,-0.027812241625176412,-0.026099398775125727,0.019213709136691497
5,1,0.006300907742224849,0.009803019324728728,-0.023403893973791345,-0.016290067629589858,0.012727390019077741
5,2,0.010840784208685195,0.015383782663504885,-0.024199534750229307,-0.012336135948022664,0.014164642165473754
5,3,-0.007023010514700642,0.007048513424978816,-0.0055453140676199825,0.007174075952664004,0.0015737898007031229
5,4,-0.0032509148805436854,0.001100580780052741,-0.0029714027073302783,0.00674297145440638,0.0002692661748242999
5,Aggregated,0.003933243813181898,0.009747218283008802,-0.016789258583245176,-0.008164732539940447,0.009591638367334896
5,Centralized,0.008936776610909787,0.014287506563933523,-0.026878927517130502,-0.017864003208237847,0.01533076464611646
6,0,0.01571700964147762,0.017527593611645995,-0.024498782129605903,-0.02437013098542578,0.011497171879498223
6,1,0.010125145647792214,0.01338128934067895,-0.017396568700789337,-0.011836080080034346,0.00642895397218875
6,2,0.009246885465358326,0.01324540700247196,-0.021566277975043378,-0.013688023153266152,0.004608574383834794
6,3,-0.0004606243037881439,0.0029198480628887303,-0.0013182942154955255,0.007549236093548916,-0.007618196431202605
6,4,0.0008628714524030061,0.001188785365409937,-9.18675950081299e-05,0.005984582531929767,-0.00661019531836595
6,Aggregated,0.0070995238658705054,0.00965429092983401,-0.012976950027247641,-0.007274766021473851,0.00166293894093893
6,Centralized,0.011907690145531757,0.014899424944651693,-0.022041900947948,-0.015652043245647576,0.007708707754295042
7,0,0.013871175350268735,0.01738809730537579,-0.016068013002054897,-0.013121116523227576,0.020515165059533196
7,1,0.0014747197864190106,0.0052583044674637145,-0.013638399194729034,-0.0009389670139975677,0.009178674934251738
7,2,0.0046490932054953655,0.011558595056480348,-0.013941403107537007,-0.004554052208866399,0.011800072803262056
7,3,-0.01070142599292581,-0.0007481746625703223,-0.0018986516789981274,0.014829675944123155,-0.00036386962035757364
7,4,-0.008853339299417472,-0.0029375137033099733,-0.0002948570995605822,0.012910574133045758,0.0003449873871073465
7,Aggregated,8.985585307126951e-05,0.006105678526338497,-0.009170051264421282,0.0018229806044164415,0.008296615387286977
7,Centralized,0.006497909357655504,0.011881367150814082,-0.015552715463379002,-0.004061501956025744,0.014433431357861511
8,0,0.01735871238446107,0.009582034572522057,-0.019597492738117617,0.0006737775396001854,0.008765556613717229
8,1,0.022194112297903492,0.002708935691360569,-0.014189233580929,0.010663569724779965,0.001240900877620519
8,2,0.021819188387757354,0.0032488681910730287,-0.014905319474165273,0.004161285733865242,0.0022304216948383815
8,3,0.012656488882619662,-0.004443488433417047,0.0008132527258532723,0.025859487989996988,-0.008494680571535514
8,4,0.013327374705108667,-0.006067904845672905,-0.0011423955989327726,0.02501642206241376,-0.007398168622472404
8,Aggregated,0.017472007494361282,0.0010071167719713468,-0.009805990802107284,0.01327254423659093,-0.0007298430101558345
8,Centralized,0.021866315780427928,0.00547270947155872,-0.017104869325249773,0.006336092431467216,0.004146185162427365
9,0,-0.0030075970823319523,0.0033076525858847477,-0.0249245108880239,0.005233551185393704,0.017418103227142916
9,1,-0.007940735336496104,0.0006529244684179286,-0.02517350121878553,0.01891660915050246,0.013961576150233407
9,2,-0.006143538935673962,0.000703230374678701,-0.028100740417803628,0.01921119986661534,0.015782848909380098
9,3,-0.01698523163292174,-0.004241782476092384,-0.02524447919715093,0.03390244231399728,0.011577810101973276
9,4,-0.014362427535809115,-0.009271910716586555,-0.011010974421592894,0.02678245665238525,0.006014663792301256
9,Aggregated,-0.009686957707190488,-0.0017684731381293834,-0.02289320032134268,0.020808019903950176,0.012952386697048051
9,Centralized,-0.005901825776305145,0.001768993033430402,-0.026863175201905797,0.015425715175326505,0.015230566837760195
10,0,0.008264835755633883,0.0028063740203831777,-0.016951473677477357,-0.004942812530433302,0.01874449338632348
10,1,0.011367736111757613,0.0012874460941757788,-0.019143812813625087,0.007534500327173666,0.017265246851136024
10,2,0.006429893255373838,-0.0007523920662161492,-0.020473867134009355,0.01442402738380295,0.013546388857946038
10,3,0.0092349496534609,-0.000992514354960188,-0.027651044784144797,0.016841772271014178,0.007505155006137398
10,4,0.004599572521314459,-0.00453739151217068,-0.014734103667829618,0.01584091874328098,0.013177718509222437
10,Aggregated,0.007980075940445294,-0.0004368710378313085,-0.019791848651219527,0.009938464062712302,0.014047996037747592
10,Centralized,0.009536562350852717,0.0018863181058401373,-0.02137935871722023,0.007270895815229445,0.018251042982132107
11,0,-0.015278259991326423,0.003311193568716291,-0.012365723710951404,0.029477858411040444,0.03912595416367726
11,1,-0.02320856265092198,-0.004511494299973298,-0.011477924596879019,0.0275756048717652,0.02959658321161629
11,2,-0.018272631151263756,-0.0052941820845817545,-0.008680340407112614,0.03080778359371787,0.028793004562862982
11,3,-0.015271351399407352,-0.0013206627386457392,-0.019065606777067968,0.03512344812511758,0.029855175088661447
11,4,-0.027341570328392708,-0.010043165904074003,-0.007415567749210872,0.03961757731303406,0.028595508561573956
11,Aggregated,-0.01987299663712132,-0.003570366439153529,-0.011801899464724614,0.03251902893814905,0.031193777108844647
11,Centralized,-0.020040805506528613,-0.0019771902801866055,-0.013826229041442376,0.02810947820356343,0.03350725285219322
12,0,0.005264433560626377,0.014622720407287421,-0.0123273724451701,0.0015879520117953036,-0.0064246082705239314
12,1,0.009823025905915947,0.016645208625091158,-0.01540519415034381,0.0019587668792943546,-0.0017242020776317248
12,2,0.005196214327025387,0.005739120000373276,-0.009416461512148389,0.0062527607613818955,-0.0078044411982258165
12,3,0.013143963711015332,0.012006713894891378,-0.026901956664335043,0.014351598780947154,-0.01323893434463771
12,4,0.0027370831773901195,0.007705806534850409,-0.011661412032136319,0.011657255953168293,-0.009564621964639131
12,Aggregated,0.007233833892236315,0.011344658063307794,-0.015143159205740471,0.007160746788225026,-0.007750981461856531
12,Centralized,0.008244634470365681,0.0140183387124064,-0.014634409781763941,0.0022443715882502335,-0.0054554008285111165
13,0,-0.0002861684415395878,0.0011971684191264106,-0.011306723596146989,0.006755179994935614,0.005829981537261676
13,1,0.004488249464558216,0.00830675892668267,-0.009368459847394062,0.008309116977310921,0.002470263221362213
13,2,0.002110725151480273,0.0018930295856890037,-0.00805725548305873,0.014905888383252835,0.0005119440885968034
13,3,0.010628372843198692,0.013716667171835787,-0.00968768431235512,0.016193092945947025,0.01426459821131577
13,4,0.000589786552556043,-0.00014888359646613724,-0.00848732761583595,0.013208789965646069,0.0022496313486247243
13,Aggregated,0.003506760671309461,0.004993962129049937,-0.009381672482665367,0.011874124138240221,0.005065834272954334
13,Centralized,0.0035196760728119798,0.004700850025689968,-0.01182413454244607,0.00901441340198587,0.006121921526650694
14,0,0.023146414055508224,-0.006959744867827797,-0.03687427386657996,0.010567656965532402,0.01988417163429585
14,1,0.018010482557076737,-0.005075912293896913,-0.02134674036250499,0.007307196755406965,0.011583949862599495
14,2,0.018436451939499453,-0.006498874332811533,-0.019265020849286534,0.014774324712796114,0.010518666906823852
14,3,0.018057767671209625,0.0037169127701608775,-0.018289020184257272,0.010875710395612307,-0.002583093227155562
14,4,0.021863199605542973,-0.0115881929103206,-0.024360592067459403,0.019476423944340928,0.007743289201432435
14,Aggregated,0.019902480058398425,-0.005279921148433502,-0.02402709403186052,0.012598882648267784,0.009429767599030548
14,Centralized,0.021599722817014288,-0.005389461514216312,-0.02703130462195497,0.011914691759269742,0.012889492415170224
15,0,0.0004316359750936296,0.013702566954693907,-0.010768033247864899,0.0016103309086232939,0.0009674037443656201
15,1,-0.00272884805401514,0.014440944264671862,-0.012743489092393838,0.001240262456785334,-0.0008871818624664222
15,2,-0.0070920286815605435,0.006360462425216309,-0.008692913279126786,0.0011421771370727465,-0.006514951908281611
15,3,-0.017578641770337404,0.017212210872449722,-0.021222234582129067,-0.0014245284571061307,-0.00930582604444301
15,4,-0.006141521024731327,0.011783973593250225,-0.009774180082632162,0.0067808575838404,-0.0034014359799366604
15,Aggregated,-0.00662194282286648,0.01270022074527599,-0.012640730773666498,0.0018688473756191132,-0.0038284595802667884
15,Centralized,-0.003954702064004616,0.013433704278561977,-0.013452413413991254,0.0010418848048806412,-0.001637867544246487
16,0,0.011062562595210332,-0.013329463684403957,-0.011347349653688407,0.009953523858564366,-0.004259969347782676
16,1,0.01189829661631548,-0.013152904236561076,-0.008364967101007436,0.0027284946155316735,-0.0020536793376718754
16,2,0.008390955107910025,-0.010646924355896103,-0.009547807275343196,0.006445411068073175,-0.0017520026128516183
16,3,0.009756683968669699,-0.008369280343335691,-0.021849083584984372,0.0036059485416178507,0.004650682945955531
16,4,0.010521303932011446,-0.013727905459938683,-0.007763884388575112,0.005799754697552866,-0.005105457912334766
16,Aggregated,0.010325928774313906,-0.011844932169755332,-0.011775399006794538,0.005706611960746373,-0.001703422203610975
16,Centralized,0.011268879322330776,-0.01185719910334611,-0.011370063398619951,0.004722400566791098,-0.0017543559423984815
17,0,0.003190855153530614,0.011362082346859599,-0.017151570970267656,0.033591559678921135,-0.00939026879196836
17,1,0.006876765266714429,0.013791916965957855,-0.01818409135630129,0.027172198724586812,-0.001604885106576931
17,2,0.0008888372847183126,0.013356914320540876,-0.018404008017173713,0.027048062203991346,-0.005953445351122665
17,3,0.00584836827094355,0.025152681663328173,-0.03807787874715121,0.029327687754776424,0.001783720095643058
17,4,0.0038265207459091287,0.015103436822338511,-0.019967223455499974,0.03507917340688794,-0.009274750122689544
17,Aggregated,0.004126333973540023,0.015753515777977203,-0.02235739839915868,0.030442820522587108,-0.004887063141806446
17,Centralized,0.004313983469702908,0.01535240009789631,-0.020231555674495458,0.030376981144020945,-0.005368311274019313
18,0,0.00019165205476079732,-0.0009925689426738696,-0.014923963198942238,0.013678277032735749,-0.0019039154578263625
18,1,0.003637156400688954,0.00038367260749701444,-0.02117439728484845,0.009309947862843181,-0.003163281331746549
18,2,0.0029104792961364553,-0.001140335383906719,-0.01430794000650387,0.013482754937858417,-0.0008249289833839565
18,3,0.009304549166949724,0.0014796773034465665,-0.03550190583973783,0.01585719313935963,0.007300697789645521
18,4,0.003663863995172901,-0.001846321809228076,-0.01718035005230007,0.017578703921733555,-0.003805569413222632
18,Aggregated,0.003941582889925591,-0.00042289347458603565,-0.020618374755670677,0.013980650050546908,-0.00047875488140377805
18,Centralized,0.0032329128320741965,-0.0004732293455095617,-0.01891728092306598,0.012237896619765843,-0.0014235731906778043
19,0,-0.007878765006565279,0.007014935448326467,-0.022492413013545084,0.01820861440360325,-0.0007536883135745317
19,1,-0.0021905625619073176,0.009513922142179339,-0.01704316242113548,0.014732518832633207,0.0026355611772839664
19,2,-0.0069673697366401995,0.007582044532893762,-0.018742882747499513,0.015257359305031935,-0.0017298298942050002
19,3,0.013553099503571513,0.03429182342966265,-0.0284874493280225,0.017760316863394823,0.001971977236812747
19,4,-0.006347777386780219,0.00727809782333115,-0.022935545388809802,0.01946442849947939,-0.001803113612605555
19,Aggregated,-0.001965428089728693,0.013137292440360522,-0.021940081023521428,0.017084173918454144,6.455534130934593e-05
19,Centralized,-0.0045004627812138005,0.009810946403287864,-0.021107114895094693,0.017151752191669426,-0.0003539129749125347
20,0,0.0015497443643014068,0.0030853491533348156,-0.0024914613598055356,0.003628275378841428,0.004811879713854885
20,1,0.005951907993122765,0.011464155197896569,-0.007767132066080111,-0.004490181086745238,0.005102499703594673
20,2,0.004617671009518548,0.008594270853142882,-0.00782900131788305,-0.0004920935379512696,0.004077694747134112
20,3,0.007226172211847915,0.006967135840456977,-0.04238293279148915,-0.008106223894772587,0.004443946456823849
20,4,0.003316855329094785,0.011366838580183019,-0.006980436582690833,-0.0023329115495654158,0.007017701258884964
20,Aggregated,0.00453270557777943,0.00829493726144596,-0.013491428410782921,-0.0023586204802569016,0.005090363018500689
20,Centralized,0.004252916850033156,0.010147375048355623,-0.008849856438961785,-0.002542715947284959,0.006294218117922889
21,0,0.015442645930158169,-0.01151612605365816,-0.0215816564086676,0.015137735414654796,0.011888835413559269
21,1,0.009163921498646834,-0.005891943435731685,-0.008509921027439825,0.008583494139792914,0.001513553334602576
21,2,0.006969910028821578,-0.0012382285047913204,-0.013067645994253455,0.011515869430658408,0.0019395612016132953
21,3,0.004073374404533754,0.009078953207655236,-0.020033665920330103,0.004829603576411042,0.008289308595377439
21,4,0.0092039631819817,-0.005807552108427217,-0.011579211284140658,0.013841213588430117,0.00665582243365144
21,Aggregated,0.008970736897502798,-0.0030744734057914364,-0.014955087250021135,0.010780985435493008,0.006057301868159689
21,Centralized,0.009166124918132372,-0.00440486176868453,-0.013671786977156243,0.011399139854051221,0.005950085332461139
22,0,-0.0023688381150604085,-0.008351077388347497,-0.02143992066699061,0.018090104620886668,5.9627902632466055e-05
22,1,-0.0018249926979203347,-0.0022737206377256244,-0.018908590074857325,0.00963954005968138,0.0010724027567301463
22,2,0.0016792315811006394,-0.0008432963427350966,-0.022191943116918262,0.011730095408406799,-0.0015692544712920568
22,3,0.0022150770931911755,0.01924754060734332,-0.02301267306294785,0.012841213666693434,0.022016129326048337
22,4,-0.0007978766038477913,-0.005285032659217437,-0.022621318866889565,0.016308816526886018,0.0002815341158372916
22,Aggregated,-0.00021937675554482703,0.0004999902138251701,-0.02163468560457782,0.013721444027256698,0.004372872999216661
22,Centralized,-0.0010970582368239408,-0.0029731150215969613,-0.02206669508752917,0.014090765222555672,0.0013754210140020206
23,0,0.0005155069541961895,-0.0028783025323674866,-0.005179319672547065,0.0174144618401886,0.001959755472288101
23,1,0.005940441920525643,0.0031113459670119637,-0.008456396415901025,0.009814178431270996,-0.0005586542855258576
23,2,0.004641645796622462,0.0010747658052491411,-0.004950634388285913,0.011809780948622502,-0.002050780832819584
23,3,0.004108173545601763,0.0046542763567733484,-0.03919119093871746,-0.0006172801971540705,-0.004517370968034836
23,4,0.006226747274480993,0.00024043523437920395,-0.011769361483698457,0.013553275998302758,0.00010607437672038496
23,Aggregated,0.004286113580994547,0.0012406949450889855,-0.013909760776230464,0.010394278914485078,-0.0010124058465135757
23,Centralized,0.004707921558433003,0.0010739749084627233,-0.01001564197849233,0.01207816820375678,-0.0004296905815958596
24,0,-0.006378810849991969,0.003678048943542992,-0.03246833441651216,0.01629789236875297,0.020717300617023718
24,1,-0.002709146132447719,0.007629702268398695,-0.021542647211617492,0.008484253996637386,0.009751475262705667
24,2,-0.0027780891854685204,0.008614266874502601,-0.02242958390760259,0.009452466553423043,0.009301672311395741
24,3,0.006480308605073505,0.012701463991962227,-0.03721908388858261,0.00786574169586304,0.012478515443820356
24,4,-0.0027182537437483003,0.008575753166151756,-0.026914958277166442,0.011688417595557162,0.011459379243341694
24,Aggregated,-0.0016205990168684239,0.008239765234181086,-0.028115151883764254,0.010757580418417567,0.012741936735286693
24,Centralized,-0.0032581404526133783,0.008286874357889242,-0.025899924696456945,0.01106862814543834,0.011805538780936927
25,0,0.0034976629482991795,-0.010421123223659404,-0.019284591105569446,0.014801096955541711,-0.0017514802300515738
25,1,0.000778150193632915,-0.002473560722807944,-0.014653402697039852,0.008755215634018796,-0.0029984793515088074
25,2,0.0016728766666143406,-0.0016352626732458798,-0.01565340291221907,0.009409425259511656,-0.0051708749674840996
25,3,0.005587222637884141,0.005188388063714615,-0.029365200987192117,0.00981687343871984,-0.0014098946795467933
25,4,0.004223890387956931,-0.004816712495717154,-0.01859368355250848,0.011198951021677417,-0.0044179912941103095
25,Aggregated,0.003151742800761169,-0.00283128381595399,-0.019510222019820563,0.01079623882000263,-0.0031494889993964343
25,Centralized,0.002516865218932431,-0.0037896749327842724,-0.017481382805104546,0.010771971667640988,-0.003585290062820151
26,0,-0.00415435089805591,-0.005296050064911704,-0.010329249479406936,0.010442841681619915,0.016887502142749512
26,1,0.0028967432129438273,0.001607946988927883,-0.004759949472838328,0.0010945643546747634,0.006513204194380025
26,2,0.000448820239418433,0.0039404240623661805,-0.008457210020207951,0.003983460178272702,0.006999553071935149
26,3,0.0058590355436910725,0.013289315205012772,-0.02594443925781626,-0.0053654356761606336,0.017482453140092943
26,4,0.0007622496755058078,0.002229587384585366,-0.01032260434968073,0.004255450234877697,0.008211757892816087
26,Aggregated,0.0011625678805539225,0.003154397414674284,-0.011962987979132067,0.0028819222189268197,0.011219490854636409
26,Centralized,0.0006956474800440131,0.0022747086671567568,-0.009339063938865673,0.0036323391538428266,0.00952273266386345
27,0,-0.0063194230888667215,-0.003680522872917676,-0.028432035448554372,0.024817752565643256,0.017701912183334684
27,1,-0.004018825222208566,0.0017552448241491584,-0.016576705577571158,0.01543511165234973,0.00606493623745866
27,2,-0.003481242510673971,0.0032121296101805252,-0.020553936336405232,0.016643289139381175,0.006139099916031648
27,3,-0.0018302425096754448,0.012813734407287298,-0.030857866891321018,0.009519860500187542,0.015111968148597077
27,4,-0.0049672571160069194,-0.00031172735223342535,-0.023146652575444866,0.02083374159371844,0.012301910313246093
27,Aggregated,-0.004123237692457027,0.0027583556591786107,-0.02391358236728804,0.017449298836870415,0.01146380238272578
27,Centralized,-0.0046817045727405825,0.0009495848407756783,-0.02212279394197322,0.018449824763124494,0.010843154064964772
28,0,0.001230584741860937,0.002239380762374145,-0.023140510183113954,0.01978857466648779,0.0008979544507447867
28,1,-0.002337149063105476,0.0025123261557885024,-0.010990011235031415,0.007875128177258347,0.0027114901025167746
28,2,-0.0003637785341192838,0.0052861717885388255,-0.01457299587446684,0.009914731939157411,9.121287612556817e-06
28,3,-0.00726965398557408,0.020602549638922458,-0.019204499513919344,0.0022203903090031135,0.003826264449219917
28,4,-0.0008596775610639456,0.004492084206454692,-0.014802656833026099,0.013255714710657028,0.0018112208532274799
28,Aggregated,-0.0019201360937114303,0.007026975205102173,-0.01654248139132564,0.010610404908789062,0.0018512178480283037
28,Centralized,-0.0011439006249829686,0.004379909814657115,-0.015281212835603318,0.01269712334604004,0.0012501882242700769
29,0,0.0003217526965508995,0.0009417153731469489,-0.016419260862359963,0.03328581175831355,0.029625737349434782
29,1,-0.0024683258325521153,0.006423443943672593,-0.00713860341100529,0.014259411646823008,0.0051919304185690405
29,2,-0.0023796157578963232,0.011033851815970467,-0.013102815988862131,0.01904278761522177,0.007438175283924744
29,3,0.005668725151719667,0.024066745150040366,-0.011921092685422416,0.013528187240245852,0.012747527180772168
29,4,-0.0020569677163549674,0.006588655476669049,-0.014072114675737503,0.021639419089837627,0.009134957827197681
29,Aggregated,-0.0001825215045834132,0.009811482040007518,-0.012530468623651562,0.02035088951844263,0.012828422308151451
29,Centralized,-0.0015733897617246325,0.006643699785826614,-0.013099313034283914,0.020533379462512644,0.011384378389685213
30,0,-0.008187397157577155,-0.013205955533540334,-0.04010489000744969,0.011367998528889277,0.00415129288462646
30,1,-0.004443985042250179,-0.0022218458710748716,-0.018761859745688454,0.006778068823452081,0.0024330313576236533
30,2,-0.004671307847221506,-0.0019811011827629158,-0.02330963318114194,0.0069514522053579905,0.0022282048941838994
30,3,-0.005787632367270929,0.0057202144411429645,-0.03561279765779256,-0.005979408188749524,-0.0024088418015547172
30,4,-0.00463817861916311,-0.0059009750391851605,-0.024911144256615194,0.008614828693971352,0.004086452047947434
30,Aggregated,-0.005545884042905701,-0.0035174871168204766,-0.028540786998119183,0.005546003164417635,0.0020976423254080072
30,Centralized,-0.005254055626795686,-0.0047168427210584046,-0.026068503685151175,0.007907355469323234,0.00357149020514755
31,0,0.0018401453098810785,-0.01988928311661013,-0.016338942941533527,0.03395281877740442,-0.0011708130084254124
31,1,0.0019102050436265597,-0.008695373798030504,-0.00899120155625452,0.016441776233993576,-0.0005903029732790222
31,2,0.0025536636259753053,-0.007947925315709172,-0.01205581398360381,0.01964516058058222,-0.00343062228427242
31,3,0.011616613338599212,0.006600917150713213,-0.02740064621733625,0.0019116636940612456,0.007733289849918402
31,4,0.0032925809539315104,-0.009837429399139534,-0.012269592054588744,0.022200933436225624,-0.0015950641501569136
31,Aggregated,0.004242815115307652,-0.007953484831480303,-0.015411843365694707,0.018829843008412846,0.00018964348098502088
31,Centralized,0.003131702248345819,-0.009829181187972524,-0.012873128589212409,0.021391535406932647,-0.0009191769173319097
32,0,-0.0012637080381890245,-0.001527793674800665,-0.02728126554522799,0.026509127873784264,0.0029480491848299594
32,1,-0.000675643779827545,0.0017270194963309856,-0.01646196060929628,0.012962489786687879,0.003115766957381429
32,2,0.0014305378688113175,0.0007591505663416338,-0.01880576693243574,0.015834203616630252,0.001300203813476756
32,3,-0.001609408055552696,0.012549967300352611,-0.02841720243054781,0.004899972438106453,0.012607984213267557
32,4,-0.0013645725776489602,0.0013290527954074594,-0.02281168094803811,0.018166462525849445,0.0021333170763421874
32,Aggregated,-0.0006964286237216963,0.0029677857095750902,-0.022755558922537694,0.015673983401892754,0.004421507746942655
32,Centralized,-0.0012679907209177204,0.0011292785445385183,-0.021462170002386906,0.01739883329515932,0.002838908647014887
33,0,-0.011950577060627686,-0.0025368724064167994,-0.02004248814223027,0.03132961500678034,0.005461979547213997
33,1,-0.0025778965707296633,0.001563523552711693,-0.011835378139669275,0.012876234629450018,0.0007317153083440849
33,2,-0.0010857363592862378,0.004222064847716891,-0.015321230449392499,0.015822249581308893,-0.0013614664768440829
33,3,0.0011961719413205044,0.01617905435992958,-0.02332225688111241,0.006518679759058662,0.000309198222373668
33,4,-0.0041076029267196916,0.002933417798402645,-0.01688625028154506,0.018328448124418674,0.0007686699967716667
33,Aggregated,-0.0037050700095750734,0.004472511857736447,-0.017481629108091236,0.016974808822510134,0.001182112412179152
33,Centralized,-0.004153906951027075,0.0030608154784383577,-0.01645123736723566,0.017933161831978555,0.0010848413413367026
34,0,-0.009969870585406113,-0.014387327103421249,-0.01797951859068856,0.03097274955190661,0.008085497271368211
34,1,0.000729059255753676,-0.0008658366905540171,-0.009387865105474538,0.009514057067524872,-0.001994885451973799
34,2,0.0016118103139583747,0.004194828362517366,-0.017152396381383928,0.012844332068022062,-0.004579993781892263
34,3,0.00315026997644502,0.008217182794267716,-0.024334734112680254,0.0028417994154127805,0.00891045456933154
34,4,0.0013250660442710514,-0.0007863209598302668,-0.015054992885457873,0.016924735596653417,-0.0010893882526550722
34,Aggregated,-0.0006311431299751494,-0.0007255240069746326,-0.01678222392395332,0.014619113138127103,0.0018669276581287026
34,Centralized,-0.000731523706664694,-0.0012673140000720284,-0.01487649701826735,0.01616880967341544,-1.0173967562090065e-05
35,0,0.0007016532558592562,-0.00012016387018790968,-0.008620594247598421,0.04223060230768881,0.01729215779028175
35,1,0.0007496221200006204,0.00011536908137874483,-0.00606003265778538,0.01495930977948887,0.0042481596714983895
35,2,-0.0014476124824822911,-0.0007273291005866397,-0.008806446953926177,0.02438114273908344,0.009116798922811305
35,3,0.0020414843333332747,0.014356958073482588,-0.007233578976905644,0.017040758462870956,0.00833820844876605
35,4,-0.0008751530590720359,-0.0003551269665822541,-0.008543608307704734,0.026210008877302862,0.008265877358434641
35,Aggregated,0.00023422082425348872,0.002654519812868691,-0.007852712742745366,0.024964140156301416,0.009452482622617907
35,Centralized,-0.0004593048857445566,0.00022880809633278875,-0.008298625978761364,0.025349913705599237,0.008927164507691208
36,0,0.0031687048620716862,-0.01764022302738559,-0.024109106378919467,0.02363772587151171,0.01597910964431836
36,1,0.002793909701319262,-0.003991392806546897,-0.009099831295750819,0.007973293574952965,0.007013167282122903
36,2,0.004871388818048073,-0.005950085077583763,-0.021775574228440744,0.009266818503258448,0.005376444472543803
36,3,0.004500463615994179,0.00883481397899658,-0.015534166089841716,0.007895288835461966,0.005059406003821613
36,4,0.002448866930298889,-0.006963114813128176,-0.01860363795749497,0.01520971313057432,0.0070454436995555795
36,Aggregated,0.0035568821236956756,-0.005141674649336672,-0.017824302008240377,0.01279610941396166,0.008094941799021442
36,Centralized,0.002799699442600055,-0.006514007866114716,-0.017511628474279183,0.013796558059403441,0.007979939141958332
37,0,-0.0002631544528072719,0.0005535244313828995,-0.03512597567066031,0.015115683751682785,0.016948538759068276
37,1,0.0003554327162986019,0.0004874267788196977,-0.018703446899612473,-0.0005109503889367817,-0.00016659258631844068
37,2,0.002612906190047461,0.004678735921345984,-0.027931247782994592,0.004149845036303635,0.003240258486046582
37,3,0.00013677641548876426,0.0016704527934566827,-0.014225178494255654,0.01161974148579696,2.30771981062546e-05
37,4,0.003135037103988438,0.002883185803361385,-0.024652323485079522,0.0070296299585510535,0.003711330391046617
37,Aggregated,0.0011950096541303997,0.002054492338079802,-0.024127547524258188,0.007480878001313843,0.004751549621408181
37,Centralized,0.0016530058376779935,0.00221676785214389,-0.024831483839186954,0.00667611500499492,0.0044289234950391386
38,0,-0.026691291897286303,-0.00895471039917631,-0.03523230287724986,0.015667768823364132,0.008139612454028467
38,1,-0.0012610941056662329,0.001637262202728281,-0.011928083131727853,0.00827278069151811,0.004590176700226824
38,2,-0.003058529275115379,0.003222764946045157,-0.020554957950195647,0.01303232044598896,0.0074211547320297095
38,3,-0.007293290381912878,0.014227177699055975,-0.02425577803590641,0.00537282622883084,0.012944335223195587
38,4,-0.006796341838465186,-0.0013542986419647887,-0.022915806460732678,0.010876132639207788,0.0045263190588318075
38,Aggregated,-0.00902057833587163,0.0017562209459114505,-0.022977401460120464,0.010644327928749663,0.007524904775655607
38,Centralized,-0.007865289638574992,-0.00037099614898405595,-0.02212058124315088,0.011290438831335152,0.0054769655877840015
39,0,0.010330947827583082,-0.001826135760650116,-0.01254709486470655,0.03821118160495852,0.015052565374956186
39,1,0.0015004286404438146,0.0012196792890070492,-0.006241582294544025,0.01277712874271482,0.00730874971595674
39,2,0.0020756802755446946,-0.00012164863538088877,-0.011916452562269619,0.01836286760720711,0.015297793532721883
39,3,0.0020809100167539923,0.01247917325955206,-0.022637457046555183,0.0011316568162242876,0.0069341955709436
39,4,0.0036570829411464983,-0.0007236212543037912,-0.012096629912708243,0.02216887911780622,0.010064614320809025
39,Aggregated,0.003929075533139619,0.002206052841457448,-0.013088016988578345,0.018529665872139462,0.010931756413075405
39,Centralized,0.0037910399088842694,-4.1057009243922193e-05,-0.011563447547578876,0.020819666902404686,0.010462882284780074
40,0,-0.009788423729326812,-0.011013853539987439,-0.02375854017746751,0.03294134816410203,0.009332763822930999
40,1,-0.0034283381323690263,-0.0068079654181433065,-0.012980334843685493,0.010374057237518781,0.004475667726461037
40,2,-0.007980666388348812,-0.007915663750887534,-0.023509974033983253,0.013134100074633595,0.0023435710145126593
40,3,-0.011295158925898222,0.013740505651695522,-0.02170478260722375,0.008240064376182599,0.010448800991479868
40,4,-0.005799386125735191,-0.0075917281864065315,-0.02043348152899113,0.018757557904720314,0.00644797904975849
40,Aggregated,-0.007658755515462844,-0.003917045348340326,-0.02047741870083013,0.016689046845299288,0.006609790232982585
40,Centralized,-0.006554143797286597,-0.007062077197746963,-0.01941242219107048,0.017865621751394934,0.006438950930540536
41,0,-0.010038853823042431,-0.009985710778005316,-0.02753695198093128,0.024620452054214936,0.0237883614829578
41,1,-0.006325105580704012,-0.0028881771316606668,-0.012785370904461248,0.007477005721794048,0.005879626890685356
41,2,-0.0027990477404361337,0.0017955039279111628,-0.01997535982277317,0.013679071066338085,0.007826131065641907
41,3,-0.0071569401305832175,0.013821527198600655,-0.022247891625024416,0.005262331655002251,0.010535438976999384
41,4,-0.005834153458348405,-0.0018213604728625145,-0.019366428125333197,0.01708171205274057,0.010169673650277959
41,Aggregated,-0.006430948463425317,0.00018471303572306928,-0.020382599813942793,0.013623446173021879,0.0116401558761583
41,Centralized,-0.005974639554166731,-0.0018478267992726597,-0.018856200720388728,0.01505481245292039,0.010842013183818687
42,0,-0.013641214869879095,-0.01114807718379605,-0.024107113336754242,0.03044180768051467,0.019791811092857773
42,1,-0.003114713376878566,0.0004930567536160224,-0.012156894625826187,0.009600124103329048,0.005644925886115325
42,2,-0.0010777332669873038,0.002007427416110417,-0.021464291988699227,0.015764739282770016,0.006625212153863224
42,3,0.001693550924580738,0.003566512384344971,-0.017703162113427515,0.011473518685236054,0.0018497120954573908
42,4,-0.005353649881810515,-0.0017142408983449957,-0.018181354944416177,0.018263646175658878,0.008371590472922012
42,Aggregated,-0.004298568172934578,-0.0013590179106981416,-0.018722666751823165,0.01710855653465854,0.008456692643559338
42,Centralized,-0.005287445439572395,-0.0018165568256256815,-0.018108344796380463,0.01767031370904147,0.008790321832151617
43,0,-0.011424344453578603,-0.01186970438987917,-0.01758357767902823,0.036652293693219,0.005529144008433878
43,1,-0.0020555813567661213,-0.0005145782274519191,-0.006406377026388025,0.013275071058729477,0.006149955337202358
43,2,-0.0053667093287139405,0.0004625138693090965,-0.017572898904169555,0.01757748888364297,0.005132107876286736
43,3,0.0013879621941819944,0.0004747309915023756,-0.014389566351785489,0.01359674047026434,-3.2265449763273686e-05
43,4,-0.006437944659106613,-0.003647757254153741,-0.014175402258678088,0.021827948706279396,0.005249388190079057
43,Aggregated,-0.004779007690279498,-0.0030188538098344,-0.014025522700007346,0.020585689468849207,0.004405507945409732
43,Centralized,-0.005857280720587701,-0.0034403023168419738,-0.013684258173656517,0.02104655844169072,0.005196542438665521
44,0,-0.019495149609805133,-0.02005178689356968,-0.028650090736024914,0.023749605994225917,0.011154223630842121
44,1,-0.004096520061964978,-0.004824723989150141,-0.013327594199562654,0.007673782637922949,0.003345954965693874
44,2,-0.0029234619159279663,0.0009910155592138573,-0.02129358226693267,0.01586788434344425,0.006883763492740783
44,3,-0.007382258228049354,0.007205413829115993,-0.01603005475515225,0.013631487380857605,0.001583384760781396
44,4,-0.007540105759251391,-0.007430846524192681,-0.020938967836020606,0.015072929566762705,0.005717086975529884
44,Aggregated,-0.008287667715090494,-0.004821715993580182,-0.020047887641516184,0.015199165977222507,0.005736895730563058
44,Centralized,-0.008102707813316292,-0.006825834792022906,-0.020346366122119576,0.014512120051677875,0.005836983749245858
45,0,-0.003815805311921392,-0.005945780062132866,-0.017862015214886163,0.03201418911611328,0.027253033938853092
45,1,-0.001457063530039047,-0.0031887103379576896,-0.009019033918640569,0.0078076297099531735,0.005423750983196207
45,2,-0.0012571380312959327,0.00012688508469216875,-0.020011551637368636,0.013009067905575104,0.007435522476824206
45,3,0.002330564685040218,0.004316232199737596,-0.018044254007770832,0.009257974319289042,0.0014324726218632603
45,4,-0.0016999853628304122,-0.003021767478115812,-0.014899445828659097,0.017187891380385695,0.01061067236142463
45,Aggregated,-0.0011797915115904054,-0.001542354101909998,-0.0159674558845832,0.015855111591196788,0.010431090363321991
45,Centralized,-0.0016014666196855617,-0.002669079848076252,-0.014793011014837988,0.01649655840455535,0.011148084086925225
46,0,-0.01531634105485174,-0.0012159187408241864,-0.04414397376378038,0.012884552447775593,-0.00176920881967505
46,1,-0.0008571474756239039,0.0026672102718903745,-0.012905341756823755,0.009915386066955911,0.0014842450391363005
46,2,0.0007544076160655703,0.002079049907804653,-0.02207740579799044,0.016987659588867218,0.0006672979673073916
46,3,0.0015960066202629426,0.0037770685229980725,-0.019998329843901774,0.011104607135108694,0.0031386675380478107
46,4,-0.00378913535268433,0.002363318581929711,-0.02367579561830801,0.01478714894482856,0.0007668667128633705
46,Aggregated,-0.003522416575118969,0.0019340537182228293,-0.024560367738653232,0.013135534334053638,0.0008575856164902834
46,Centralized,-0.003896664094247972,0.0020361472981469324,-0.02359975964068005,0.013562567758974816,0.0006885031415244768
47,0,-0.0024237630856780916,-0.0013057494652953547,-0.011365361232674813,0.04390538639620361,0.02226472612912329
47,1,-0.0038925269161650547,-0.00016050571336307385,-0.006751464401713255,0.014050208425042286,0.007830363777366246
47,2,-0.008437794491524587,0.0021845682403908995,-0.01853451476628142,0.01770460126153221,0.009607148586078784
47,3,-0.008094040168917953,0.0031404850033329786,-0.010207872318768286,0.016764643465676094,-0.00018616381984349896
47,4,-0.005316115784176067,-0.000564539304431172,-0.012870703713631415,0.02374844331366347,0.011312804150932632
47,Aggregated,-0.005632895831230227,0.0006590850314523008,-0.011945783380903862,0.023234589474137687,0.010165578451413321
47,Centralized,-0.004959655358444781,-3.5185416726072706e-05,-0.012270042055074646,0.023106518698148927,0.011435026580032807
48,0,-0.023878514462045683,-0.023969826967489363,-0.034322202826921305,0.023011837655736413,0.00911529409742679
48,1,-0.0034708385302809563,-0.0029536575597385356,-0.014712064094863702,0.0082847864452047,0.0017562624275153705
48,2,-0.002212550902590425,0.0006231702621545376,-0.022268224583381024,0.017028978649137185,0.005181339991848501
48,3,-0.007521516998811695,0.006812101733473157,-0.016735882683880227,0.01376638830067196,0.0027911415557481333
48,4,-0.008088293431921096,-0.006434291512993454,-0.02190623042954171,0.01588860687459678,0.004072262336312624
48,Aggregated,-0.009034557472734166,-0.005184303521428765,-0.021988952384761395,0.015596062133563598,0.004583366101643834
48,Centralized,-0.008546409210365877,-0.006233406885326059,-0.02170989956954019,0.015251558346690343,0.0044532863982111315
49,0,-0.00267796542001984,-0.0018861014568723486,-0.018597165158903486,0.0324743550497609,0.02909029437263282
49,1,-0.0008357951705817231,-0.0001285075125670702,-0.012114171206817827,0.007401453647718855,0.005817036426876987
49,2,-0.00298732790247041,0.002379736119672317,-0.020439890574834085,0.013663303737237568,0.006730240239513376
49,3,-0.007388715844530754,0.007611713681755224,-0.016521945761768228,0.011935357197708722,0.003952467477099122
49,4,-0.0020709575822424127,-0.0016820882914102256,-0.018749105251352587,0.015948747884149565,0.008994104544974886
49,Aggregated,-0.003192365221276845,0.001259517776685897,-0.017284154791334848,0.016284731703274293,0.0109172474549232
49,Centralized,-0.00245010609972733,-0.000795500593411245,-0.01760903602354448,0.015614992550859857,0.01020682452008516
50,0,-0.014524707555037427,0.0006036363214582711,-0.023311719746751346,0.027218001314156918,0.02042893366593538
50,1,-0.0020975881057547848,0.001970920035977099,-0.008461609191158124,0.009377758989076595,0.009417809436387004
50,2,-0.002566939640345419,0.0015219467307977482,-0.02152651583630944,0.013667754337867948,0.009716556440576103
50,3,0.0023501351453775227,0.0008129438904682641,-0.014066159137381963,0.01432872460411329,-0.001918573753560555
50,4,-0.003209198634743905,0.0021063528540353873,-0.016138290088513547,0.017506835471592617,0.012288641445141748
50,Aggregated,-0.004009843585344164,0.0014030203981743282,-0.016700965030131704,0.016419611505134688,0.009986248371140826
50,Centralized,-0.004062844688054878,0.002222004218791664,-0.01594269972777935,0.016533968847159502,0.012049003393173425
