Round,Evaluator,2,1,3,4,0
0,0,,,,,
0,1,,,,,
0,2,,,,,
0,3,,,,,
0,4,,,,,
0,Aggregated,,,,,
0,Centralized,,,,,
1,0,0.1504245293360784,0.14912326586564736,0.1470995577776964,0.14425330362209682,0.15468977098458003
1,1,0.15013651264950234,0.14889060196974324,0.14673532959084018,0.1441846530068001,0.15317847911543428
1,2,0.14969650846750537,0.14816280924885436,0.1464128744882214,0.1450917017335673,0.15291506135085062
1,3,0.14987248047838372,0.14913315143735328,0.14815574550147387,0.14633759564776153,0.1527870518371977
1,4,0.1541007099798303,0.15115876815005364,0.15010191016659952,0.14951270932806215,0.1555286012711029
1,Aggregated,0.15084550204776503,0.14929334928608648,0.14770060467148688,0.14587526452917304,0.15381945612033532
1,Centralized,0.15082362715222492,0.14927584729392812,0.1476770862834349,0.14584098789211122,0.15380953032093578
2,0,0.0035189020761596155,0.008772272041612248,0.001234797641900126,0.003409459203432811,0.004774029545256288
2,1,0.003566825608508482,0.007254060540330455,0.0018825965922434093,0.0040178493750945765,0.004060837813222151
2,2,0.003127690632979783,0.007420443223990358,0.0017455875669220725,0.004015645442369872,0.003848714226656304
2,3,0.0023442541578198067,0.005701780532489018,0.0017160348204201296,0.003004366481427771,0.0031981893198828456
2,4,0.002879749192388122,0.005796619142330485,0.0022867125822197336,0.003898268845618365,0.003151558237609488
2,Aggregated,0.0030875280848341687,0.0069892767176045366,0.0017730431321032645,0.0036690728806704296,0.003806798862140031
2,Centralized,0.0030926925026243984,0.007007491104007792,0.001768734455723725,0.003670747988854106,0.003817299769762772
3,0,-0.0001740140028524147,0.0009176409571733916,-0.00021691720433131463,-2.034772858734435e-05,0.0018352300143355982
3,1,0.0005911070185362614,0.0005555938846308968,-0.00043850190977283155,-0.00023158424928218697,0.0009416382638156103
3,2,-0.0003076825823825513,0.0006791490571251668,-0.00037843839829983516,0.00022043081875406008,0.0009402732230745707
3,3,-0.000659776153710471,0.00045024867382364997,-7.182513938746211e-05,0.00018514683600391138,0.0011060296666231724
3,4,-0.0005720609518323261,8.24892117257429e-05,-0.0003488074579126643,0.0002465120222811016,0.0007136176697213651
3,Aggregated,-0.00022441409957234043,0.0005371153183690266,-0.0002908868056013513,7.999742848172037e-05,0.001107437210105867
3,Centralized,-0.00022080995777671125,0.0005407880492566002,-0.00029130067152277985,7.802383790810145e-05,0.0011114141071335072
4,0,0.0003779475650684224,-0.0021980472211807897,-7.352859007088338e-05,0.00029221463729997197,0.002218189012921096
4,1,0.00048220042087116497,-0.001909697818078763,-0.0004677203401120489,0.000344426222434252,0.001358908773366128
4,2,-0.00011126660040394939,-0.0011709867479186952,-3.472456208254426e-05,0.00015327935540517256,0.00146903265123103
4,3,0.0002058518322856547,-0.0019865995458474193,0.0002481688427854271,0.0006911076233736638,0.0014072312079420983
4,4,-9.494486060821854e-05,-0.0009676877554660549,9.601970628473714e-06,0.0004409184923553448,0.0015200667061676942
4,Aggregated,0.00017201192724171897,-0.0016467403354307525,-6.365623928501471e-05,0.00038437770671636293,0.0015947015671573016
4,Centralized,0.00017227200008090675,-0.0016486537410875172,-6.549273265608613e-05,0.00038160746450539206,0.0015978794491728046
5,0,0.0006777090754409058,0.0002921515932694648,-0.0004017970606633966,-0.00014906134108780834,0.0005266213194562015
5,1,0.0009556268664796548,-9.582471240319375e-05,-0.00017365573394103977,-0.0003712559852669458,1.4618690707024485e-05
5,2,0.0005346372871907571,-6.829792448835119e-05,0.0002015074804391411,0.0007407876857516057,0.0002259217172333646
5,3,0.0002385709857404587,-0.00012726417923844175,0.000244964903050097,0.00042117676358503683,6.514298894472562e-05
5,4,0.0004923769673660335,0.0002216701931208283,-0.0002791828391440617,0.0003116450931964924,-0.0002679779306877184
5,Aggregated,0.0005798029163219194,4.4452323045823e-05,-8.159486888783026e-05,0.00019063185139714598,0.00011294151467623073
5,Centralized,0.0005808218037307467,4.6538347520569404e-05,-8.330464798551595e-05,0.00018931314303740064,0.00011711689423115068
6,0,0.0009614854047385213,0.0007688719728191333,2.152074502354736e-05,2.0661495573705744e-05,-0.00040222841895984536
6,1,0.0005698379070211516,0.0007209381751024183,0.00034753292802291075,0.0003130219604409827,-7.59928506249193e-05
6,2,0.0006313813443248218,0.0006522259384964609,0.00029751040105905534,0.00023282544166389936,-0.001091349038304945
6,3,0.0005013890787629926,0.0005815777689404444,0.0006439331526644276,0.0002622297758206197,-0.0005002932428338528
6,4,0.000591455341521759,0.0005324013227118766,0.0006330613726602947,0.0006151144888663307,-0.0004977312870278157
6,Aggregated,0.0006511222820935686,0.0006512270587539125,0.00038866224085504447,0.00028870545252412374,-0.0005135204432640111
6,Centralized,0.0006525027205917411,0.0006516369332649282,0.00038529564773584306,0.00028631462192559297,-0.0005139874712373038
7,0,0.0007820005360666811,-0.00018524851555873912,-0.0004854335939844116,0.00048466236747671623,-0.0007568990294393137
7,1,0.0006159848100593409,-0.000944124623104566,-0.0004560723455111752,0.0008482263132591965,-0.0010287518727621792
7,2,0.00029130882256807414,-0.00042898399323370586,-0.00011794178444010094,0.0006314016370646695,-0.0006064108710620149
7,3,0.0004369588715507041,-0.0006359362018997912,-8.139773258119542e-05,0.0009066711878204385,-0.0011967570588648816
7,4,-9.58637506549953e-05,-0.00048746036716367603,-0.00031748673219472907,0.0008746634707933261,-0.0005050835934544158
7,Aggregated,0.0004061787402750445,-0.0005363605652211304,-0.0002916624102060637,0.0007490997076458788,-0.0008188428808267438
7,Centralized,0.0004092764830641249,-0.0005337704067347237,-0.00029282352658998776,0.0007470827724981625,-0.0008173595758179349
8,0,0.0007332575211915326,0.00101994607604635,0.001428377529816923,-0.0005921145665081488,1.1807101986053651e-05
8,1,0.0012513520458808565,0.0008986164805485086,0.001192157095783399,0.00044737109169257216,-0.0006355494551758082
8,2,0.0008947464952755834,0.0005994890402898005,0.0015002949204385922,0.00023236810318897906,-0.0005999118367763863
8,3,0.0006504617227290399,0.0002198111516920398,0.002565585348416921,0.0005458200288347574,-0.00029505831552404196
8,4,0.0007710589872560717,0.0006608788543682354,0.0008195090180512214,0.0010777878101479528,-0.0006022755174624954
8,Aggregated,0.0008601937449651462,0.0006797537200482362,0.0015013182653465934,0.00034209874872835865,-0.0004241617634245391
8,Centralized,0.0008609338843041918,0.0006820510221328753,0.0015000155677715528,0.0003356845607835594,-0.0004228898937149839
9,0,-0.0006042036986151523,-0.0007999189756811649,-0.0003687136325454976,-0.000618807205284481,0.0037157394179779925
9,1,-0.0010348300719067506,-0.001026960094287401,-0.0002655136760897403,0.0005858884375406807,0.0032725276896855044
9,2,-0.0007786419382348457,-0.0010020055153148817,-0.00015615282540661356,0.0008807768773175073,0.003281471321244939
9,3,-0.000468450016537895,-0.0011727709961991627,0.00016636092613825926,-7.059564466388816e-05,0.0033180915355221457
9,4,-0.0018456759036269217,-0.0014454589882683647,-0.0006604254956031693,0.0018059879206864823,0.0029550442160898973
9,Aggregated,-0.0009461819591765389,-0.001089351546535564,-0.0002568096059401041,0.0005163922529510527,0.0033086457660165
9,Centralized,-0.0009432317881877057,-0.0010866843199832462,-0.00025694074613423766,0.0005105160817516237,0.0033118422806513465
10,0,-3.9900703779595834e-05,0.00021688945260526967,-0.0006540681294904501,0.0003388994139119398,0.00046299861144564005
10,1,9.024640375801159e-05,-3.3589722818512983e-05,-0.0007369330588443449,0.0005166326561334293,0.00024822841814304273
10,2,-0.00047778817475074473,-0.0004865419033317275,-0.000714757313777233,0.0010283669270325683,0.00017280011554384744
10,3,3.0552825731335516e-05,-0.00041671153608843585,-0.0007428873453676006,0.000908988857448854,0.00014348121656155844
10,4,-0.0007066072818182575,-0.0001625283052312946,-0.0008499633034406947,0.0014744741032258794,0.0004245866516727518
10,Aggregated,-0.00022060195187354479,-0.00017649755680986353,-0.0007396997937447023,0.000853347201088542,0.00029039289581887556
10,Centralized,-0.00021947352787820933,-0.00017471855565166135,-0.0007392594012248214,0.0008503082098601437,0.00029102598314935114
11,0,-0.002031935073506563,0.0017443348453847318,0.00028933937483456297,0.008603142411998279,0.004973690027328246
11,1,-0.00207967635850946,0.0007078787114854916,0.0004107656087846005,0.00812615320434718,0.005026334205869376
11,2,-0.001786081218893846,0.0007229959325761,0.0005652294061629426,0.007797236316894529,0.005141304844500701
11,3,-0.0016058495195575599,0.001272176076732214,0.0005336228647252066,0.00739533642354158,0.004606828330325779
11,4,-0.002070592246071629,0.0012965643956091362,-1.2419790076343788e-05,0.010063746548051911,0.005594791765922793
11,Aggregated,-0.0019147969646197648,0.0011487612708269057,0.0003573804675942899,0.008396793642038438,0.005068485503784382
11,Centralized,-0.0019152299293339558,0.001149091219239475,0.00035772164797934767,0.008393474241555192,0.005067389578364867
12,0,0.0012497815667342335,0.0011170950609416844,-0.0010224595305970382,0.0011664590915958265,-0.0023535957340891883
12,1,0.001579320935799078,0.0010078611211703282,-0.0013889513699799293,0.0017093704736986016,-0.002008299240535438
12,2,0.0008502661546007262,0.00035797125302126275,-0.0006015737107618712,0.0014925745665842001,-0.0021017965128916
12,3,0.0008364780821487857,0.0010340931581075,-0.0006647932789286493,0.001154757638654271,-0.0027750929654498232
12,4,0.0015687149105717223,0.00022560168491579565,-0.0014765306742013152,0.002688889318008031,-0.0025995081472639753
12,Aggregated,0.0012168440346174223,0.0007486296075059549,-0.0010307747432746761,0.0016422023227873474,-0.002367611614242253
12,Centralized,0.0012164640603802032,0.0007498997913690538,-0.001030008731620391,0.0016382324918775486,-0.0023650125979228294
13,0,0.00044297951225480046,0.00011859545531079375,0.0003302146340503039,0.0010787122746127827,-0.0021396393531542767
13,1,0.0005897115430358127,0.00024199242354694395,0.00031190403835781866,0.0015451826946995633,-0.002940392574026137
13,2,0.00035588092005206333,-0.00026541155114556865,0.00023763695895318755,0.0014275165806626633,-0.0023231761122952314
13,3,0.00039940012649543794,0.00023479702628384502,0.0003920322137729489,0.0010425160164518332,-0.0018256653077375433
13,4,0.00034949110912680195,-4.6412985432449835e-05,0.00032706491563269104,0.0020598957691378003,-0.002516370796611365
13,Aggregated,0.0004275085786094435,5.673317966001547e-05,0.0003197691192888858,0.001430639707772017,-0.0023490169269015804
13,Centralized,0.00042734638861025763,5.682049551514005e-05,0.0003192224801908746,0.0014288127305730276,-0.0023490948723268383
14,0,0.0019562573745563155,0.0004313074676114192,-0.00025745519193365687,0.0009702200262033722,0.00014408219926434113
14,1,0.002350456207113231,0.00035331030994353494,5.029133267454022e-05,0.0012315483321489518,-3.3069320385042956e-05
14,2,0.002175725647862908,-0.0003163281883826955,0.0003168011960897869,0.0014556093407120275,-0.00035466226299972204
14,3,0.0026945990647175826,-8.001338962872843e-05,1.579358279649908e-05,0.0015907993373574126,-0.00020536274507968095
14,4,0.002502603001070519,-0.0005407591027399535,-0.0005950061487150919,0.0022233123433934893,-0.00039879661342297293
14,Aggregated,0.0023358942495428827,-3.0393277625746087e-05,-9.3816142259369e-05,0.0014941515471204308,-0.00016951512956282658
14,Centralized,0.002332927752036105,-2.8003847598071878e-05,-9.308612358890725e-05,0.001489876454660599,-0.00016827773971487455
15,0,-0.0005852033524828104,0.0009721518787718912,-0.0005020249279988361,0.0011412645268847128,-0.001086826408428491
15,1,-0.0007138971070974591,0.0008482558136343854,-0.000331528797245099,0.001161775166279496,-0.0011074492994246788
15,2,-0.0007070747486943936,0.0005094409419340417,1.5573931723357932e-05,0.0010904826802655902,-0.0008934048270757537
15,3,-0.0010812997191885258,0.0011299655385759036,-0.00033908365796947817,0.0018405092434001292,-0.0012042126411031936
15,4,-0.0010903698631816654,0.000581164183798775,-0.00011366015278213756,0.0015149013531901734,-0.0010381297493809098
15,Aggregated,-0.0008355175237779854,0.000808241118690557,-0.0002541734387007489,0.001349752798636697,-0.001066010276455784
15,Centralized,-0.0008331009138035713,0.0008080819229766482,-0.0002557285447552312,0.0013461934094321614,-0.001065322334210267
16,0,0.0002294949148785567,-0.00011483688105059324,0.000137930324598697,-1.2745948528460523e-05,-0.0006305584553394749
16,1,0.0005185590201462031,-0.0004030866839286403,0.00034687568154985194,-3.688173472905139e-05,-0.0009888101086496588
16,2,0.00033846947606461784,-0.00023494008267597918,0.00021567212042996792,-0.00022836341353828135,-0.0010529832462800074
16,3,-7.487049326610485e-05,-0.000362249011488186,0.0004505794211196864,-0.0003946322841173059,-0.0005250263003418058
16,4,7.609566146055124e-05,-9.612599935004036e-05,-0.00022735952442779853,0.0004959311300724486,-0.0008288723950736395
16,Aggregated,0.00021757858833416086,-0.00024227668957737573,0.0001848213359673606,-3.5443308596629966e-05,-0.0008052454624631107
16,Centralized,0.00021936676678848687,-0.00024190157479857347,0.00018437699173380525,-3.5687878567749096e-05,-0.0008055371988392698
17,0,0.0007152463752288952,0.0028006518402075094,-0.0015620241449916083,0.0030997676725959987,-0.001207395445055772
17,1,0.0007043499071942461,0.0023501240115812246,-0.0014007954749515716,0.002553540289881323,-0.001328374780408372
17,2,0.0002327244295213804,0.002661719262554633,-0.0010848462200347502,0.00304009513662426,-0.0015259108107441577
17,3,0.00048021995371142677,0.0029048341704316343,-0.0016414690468098236,0.003655548773694643,-0.0017441833536601318
17,4,0.0003649075910077737,0.0025942886678092026,-0.0014309502474748178,0.003377805167929197,-0.0015657315749618836
17,Aggregated,0.00049951748880581,0.0026623365065845065,-0.0014240160010708658,0.0031453035931440832,-0.0014742999043395827
17,Centralized,0.0005003641628341956,0.0026619681947608258,-0.0014229080098672722,0.0031426269682471603,-0.0014723228059387286
18,0,0.000376889330106106,-0.00026548895800922087,-0.0013119734196319287,0.001304971570216044,0.0004179683667503024
18,1,0.0008024788545142991,-0.00024329466001868176,-0.0009373537788342008,0.0017011806541512595,0.0003365084342201933
18,2,0.000840267114599023,-0.0005811587993112803,-0.0005536791956829138,0.0020862016006446384,0.00010128876152359171
18,3,0.0010175761722855485,-0.0002710230981480451,-0.000737662417741064,0.0019867001494341396,0.0002730530522074652
18,4,0.000640584742473832,-0.001039290296269017,-0.0004822871798459509,0.002966287437725599,0.00023391411039131818
18,Aggregated,0.0007355771264811998,-0.00047993936669683205,-0.0008046567662710123,0.0020088762112876273,0.0002725548011487402
18,Centralized,0.0007341667065126493,-0.00047810233588243547,-0.0008078771359725826,0.0020037909750830808,0.00027193629416270013
19,0,-0.0018077203042120183,0.0016242124839844516,-0.0017665807434699957,5.395386686879444e-06,-0.00046555836975520164
19,1,-0.0013732298257123298,0.001185460480868868,-0.0017680031188508397,0.0001681231381054693,-0.00026189736801885224
19,2,-0.0017006106682966593,0.0009597584921606043,-0.0015988865344516805,0.0006851673383079423,-0.000704026095534734
19,3,-0.0019312533512839717,0.0016650349409112622,-0.0020400378698507637,0.0002728489026971278,-0.0007185387863575106
19,4,-0.0014300513644852186,0.0008929027647495498,-0.0018110519964504134,0.0009812857945788991,-0.0011148491004609295
19,Aggregated,-0.0016486159113675491,0.0012655482463156103,-0.0017969090828263959,0.00042245175943636965,-0.0006528809964222038
19,Centralized,-0.0016485867697276224,0.0012661404169383255,-0.0017953069409308668,0.0004197657777892198,-0.0006506168002534488
20,0,0.000834549762493116,7.233633734942495e-05,0.0014012298655133703,-0.00039628127732864725,0.00115343173954206
20,1,0.0010323174547757664,0.00020613248059728935,0.0013348098656386623,-0.0004784934784406928,0.0010997970153254469
20,2,0.00043830971563623143,0.00011720208401163982,0.0017058915219794726,-0.00017206263616985075,0.0011678511009991768
20,3,0.0007689017085738621,0.0002761354026470172,0.0018048564985990519,-0.0005402519200975564,0.001435036558036662
20,4,0.00045822577018472067,-0.000380623729733065,0.001913551018116579,0.0004565486674018774,0.0010291014817559194
20,Aggregated,0.000706511265086477,5.832367103772654e-05,0.0016320105830964517,-0.0002262442125050943,0.0011770724946921864
20,Centralized,0.0007067654570983091,5.95550605364518e-05,0.0016291524425498694,-0.00022704399469585616,0.00117579248781882
21,0,0.001043064571000594,0.00038232804196267436,0.0009207653885095146,-4.325413812193794e-05,-0.0007851603089740071
21,1,0.0009416990092368405,0.00019015566502664967,0.0007625926236801306,9.384804776167988e-05,-0.0011391040024324192
21,2,0.0007676764070254305,-2.7944250347657537e-05,0.0008556412900478686,0.00015998605538728266,-0.0010010472657322523
21,3,0.0008819905695430138,0.0001814011160301924,0.0009367140264358309,-0.00017205355537821174,-0.0013712456099091812
21,4,0.0011350467867482672,-0.00023794609003880974,0.00012047837322688067,0.0006509057509992959,-0.0008605880464860438
21,Aggregated,0.0009538599231265746,9.766629288087206e-05,0.0007193573233543428,0.00013778444119030855,-0.0010314623716982754
21,Centralized,0.0009539101314151384,9.81227026531343e-05,0.0007214232878289984,0.00013708245044495858,-0.0010288626006891121
22,0,-4.795389103806428e-05,-0.0010095588094521915,-0.0023142300512223675,-0.00010728207847643204,-1.8562563584982132e-05
22,1,-0.00012408270242563745,-0.0008285920061470387,-0.0019298736894263423,-0.00026638496466510066,-2.0350936564017542e-05
22,2,0.00015201463077477162,-0.0009340624472479556,-0.0019381792078533762,7.560771854902189e-05,-0.00041575990702823656
22,3,-4.088761423559258e-05,-0.0010363707275013697,-0.0020920585488250726,3.375520552241403e-05,0.00034465377682616296
22,4,0.00032671245163016225,-0.0012362166294796232,-0.002463404084686116,0.0010183168163787023,-0.0002701725150225135
22,Aggregated,5.310571774388195e-05,-0.0010089147047329327,-0.0021474865850286836,0.00015062919184195101,-7.599975055545576e-05
22,Centralized,5.266363972362501e-05,-0.0010071440702982641,-0.002147005729140672,0.00014772089982669398,-7.671623323506534e-05
23,0,0.00039427229058200766,0.00046063457182847397,0.0013622265978390446,-0.0009165454110834045,0.001408878003043553
23,1,0.00042394540207980246,0.0002900378698139065,0.001430692690566456,-0.0007514884160282824,0.0008909908902398418
23,2,0.0005618054673989847,0.00048222127358059456,0.0012372953998567083,-0.0004917424357292144,0.0008047984263977977
23,3,0.000623642019816432,0.00039759678050813784,0.0010826697656897773,-0.001004396841196568,0.0010464139632985555
23,4,0.0009406239458819058,0.00014116150383396974,0.0006164611636776618,-0.00022317920430089583,0.00059315913225411
23,Aggregated,0.0005887872784826288,0.0003543726247448732,0.0011459751769695929,-0.0006775611173582511,0.0009489195321386965
23,Centralized,0.0005872608058935062,0.0003550703341148505,0.00114723559470493,-0.0006780802844202072,0.0009512119399839499
24,0,0.00013769218257576968,0.0006661532265605563,-0.0013171954988034215,0.0003392678074303731,0.000798496791688554
24,1,4.4515831727319026e-05,0.00022287198289014192,-0.0006529883964045709,0.0002938360929951293,0.0005599381683824918
24,2,8.154503738747783e-05,0.0005097414540255733,-0.0007513395529020768,0.0003619071979184152,0.00041911632792122254
24,3,0.00023723758225430343,0.0006165152201284662,-0.0009418177729959824,0.00044577020074203867,0.00044501938606752257
24,4,8.180224788012688e-05,0.00019309854737906325,-0.001495724851147312,0.0007403293987007157,0.0008728678392443882
24,Aggregated,0.00011656528812127519,0.0004417251952110634,-0.00103172131607353,0.0004361613646726662,0.0006190379430040534
24,Centralized,0.00011738720785830307,0.00044369453128879633,-0.0010322306468346254,0.0004345038457264564,0.0006183494568084628
25,0,0.0013411346564873546,-0.0010041932688470182,-0.0017149444729013196,-0.0007092165121367196,-0.0009203312912417623
25,1,0.0007859631099581488,-0.0007454463874684532,-0.0013666704289566586,-0.000484734954843132,-0.0006839287883142253
25,2,0.0008206390857358988,-0.0006663754481391652,-0.0013863849339852722,-0.0005281751648309592,-0.0008845964617972305
25,3,0.0012843392908253723,-0.0007238132953340304,-0.001479074685160033,-0.0005668203075982999,-0.001125467291333269
25,4,0.0009657610783772955,-0.0006602428919995906,-0.0016668021213128252,0.0001756399686275075,-0.00118779293015935
25,Aggregated,0.0010395821639521711,-0.0007600346494553149,-0.001522746992260023,-0.00042278059700326257,-0.0009603775016074522
25,Centralized,0.0010405147425361916,-0.000761478702266514,-0.00152347565352239,-0.00042576646752705744,-0.0009579336083241444
26,0,0.0008841137192454478,0.0007598943593345324,0.0006563554791442088,-0.0008452319567475015,0.001505024835644488
26,1,0.0009028478248698957,0.0005973545507557577,0.000516584754996291,-0.0007637844692287861,0.0011958739885397159
26,2,0.00091289371568584,0.0006173591667809323,0.0005167863824574718,-0.000640519826766441,0.0011027001773388574
26,3,0.0011551700321416392,0.0008829338810410166,0.00045664640321887626,-0.0009804556849223453,0.0012829242262570187
26,4,0.0008385654949741306,0.0006357327597353116,-0.00028709838978174806,0.00032475582467555997,0.0008698186777500635
26,Aggregated,0.0009387376659905894,0.0006986672502737176,0.0003719863483051195,-0.0005812274486455846,0.0011913328174387948
26,Centralized,0.0009382827719175146,0.0006981379921657075,0.00037387367543884054,-0.0005841173261614263,0.001193243764497078
27,0,-0.0004549674492542751,-4.405865444456943e-05,-0.0008489490761282969,0.0008424626512306761,0.0005843290864446034
27,1,-0.00019599311283778896,0.000264282629978585,-0.0006667369576335088,0.0005044744447592268,0.00041865604544504643
27,2,-0.00030449451895015465,0.00016048305140848134,-0.0010119853227622878,0.0008990387022195549,0.00017951488836293422
27,3,-0.0004151046826275725,0.00030437156182319864,-0.000845781446226775,0.000633735305724925,0.0004032446276423259
27,4,-0.0004955514436274123,5.205070873817904e-05,-0.0013974475932792348,0.001452929638649858,0.0006375850930477433
27,Aggregated,-0.00037319779672195845,0.00014744447200741592,-0.0009540913624839861,0.0008664111836148915,0.00044462818831371296
27,Centralized,-0.0003724160375860264,0.00014620026962027058,-0.0009535691310170587,0.0008654548488769805,0.0004445080714563473
28,0,9.495537165462032e-05,0.0004410533709772809,-4.632641978279765e-05,-0.0005444477164577503,0.00019423929406108263
28,1,-0.00017184919659892587,0.0002625979305139636,6.553968373212796e-05,-0.00041419506015662834,0.00015214561880960524
28,2,-7.86766752357985e-05,0.0003859554992568182,6.584781343620024e-05,-0.0002852694497808339,-2.694995499046097e-05
28,3,0.0001633234560504367,0.0005555382126017139,-0.00012325703442125357,-0.00042427787688085935,-1.2196727093677362e-05
28,4,-0.0002149294958824414,0.0002920806865354379,-0.000636410963209851,0.0007218131628081881,-8.306045415289824e-05
28,Aggregated,-4.1401026429335885e-05,0.0003874637605112544,-0.00013482147900003614,-0.0001894570564699242,4.4861581911610975e-05
28,Centralized,-3.992018281552452e-05,0.00038799847328524115,-0.00013348317763064443,-0.0001933402448162591,4.617226418505149e-05
29,0,0.0003356204713333237,0.0003918040081051695,-0.0005519035031299099,3.9584407775248666e-05,-0.00019241545219024955
29,1,0.00039472285314495943,0.0002801101730358746,-0.00025570819408478606,-4.9485147978782044e-05,-0.00010658636001278735
29,2,0.0002820999295129615,0.0005288011301023373,-0.00022863910101867207,8.044944890552111e-05,-0.0006499890810494846
29,3,0.0006382090912909977,0.00023197570822122148,-0.0002842029455547623,-0.0003309306721263949,-0.0004146219991738087
29,4,0.00041534631177193583,0.0004996880988373735,-0.0009939676764358714,0.0007604537481335512,0.00015034803327882058
29,Aggregated,0.00041319902004984096,0.0003864531628238441,-0.0004627790458403943,9.988329737028819e-05,-0.0002427300288484093
29,Centralized,0.0004120740416002189,0.0003872345433020952,-0.0004623064371480523,9.9800709791766e-05,-0.00024445862047598653
30,0,0.0003847933449786049,0.000580992060669,-0.000662810721117337,0.00023783757525323393,-1.3769314026274015e-05
30,1,0.00014857865307879025,0.0004483213113752179,-0.0004886177208371423,3.448941892825556e-05,-0.0004013579189963756
30,2,0.0002795471065447493,0.0004923139940724889,-0.00044640561990746583,7.045731920087838e-05,-0.00024821062910192296
30,3,0.00027935560015934037,0.000674758281312889,-0.0005218368127043905,0.00012122335648864965,-0.00039369975537307443
30,4,-3.0026904187539318e-05,6.997333928712527e-05,-0.0012492926714306018,0.0007303675204755962,-0.00043485371634358245
30,Aggregated,0.000212497771824625,0.00045334786303035865,-0.0006736784656845001,0.00023877735762035563,-0.0002983507704892543
30,Centralized,0.00021380424491612704,0.0004550206502165384,-0.0006731355370805289,0.00023731920972253073,-0.00029605345628649915
31,0,0.0005567254055803791,-0.0005164803906036593,-3.837200607992678e-05,0.0001991815975830369,-0.00043469622765994383
31,1,0.0003098712466231057,-9.038153005351454e-05,0.00018231548707392148,9.341341238480368e-05,-0.00025158569895945745
31,2,0.0006168311180138886,-0.00033761775091517565,0.00020336707420738157,0.00021071672842578235,-0.0007755542206053789
31,3,0.0006889965042395567,-8.709275528700858e-05,0.00023491588155261274,-0.00010891051934109515,-0.0004881647810407619
31,4,0.00023558565049240735,-0.00021568367823378195,-0.00016489199349491076,0.000753827597121944,-0.0004450052209026963
31,Aggregated,0.0004816502821335938,-0.00024945821288047473,8.351586871389204e-05,0.00022954174278684802,-0.00047900713069889056
31,Centralized,0.00048384404929549356,-0.00025194051526110096,8.299867381603894e-05,0.00022925512098236344,-0.0004798672752323707
32,0,0.00023014782798399155,5.1236303939541004e-05,-0.0012001416820004347,0.00017090951034172872,0.0005221825671444432
32,1,0.00018866165939355936,0.0001568173327883504,-0.0006481695886998762,8.954142417085808e-05,0.00039057422223493323
32,2,0.00022813383729941388,0.00010425647535296512,-0.0007752818589022455,0.00017069311301493769,0.0004445818616907534
32,3,0.0004040920133496292,0.00015587486160462867,-0.0007618025813362924,-1.3451895127490158e-05,0.0003116701939702223
32,4,0.00011788514274375846,0.00019094617189407414,-0.0011500093103567718,0.0010163719002131552,-8.987850996383292e-05
32,Aggregated,0.00023380683935248143,0.00013181438704043747,-0.0009070331300825596,0.0002866677914329374,0.000315907031513857
32,Centralized,0.00023352968024802355,0.00013113474304245475,-0.0009091751698568184,0.0002850970876297284,0.0003184316316454087
33,0,-0.00017847236039028602,0.00020529299871139642,-5.279665629620567e-05,0.00024196529405950037,0.00029493825644860694
33,1,0.00017397431320911871,-8.294654341668244e-05,-5.46650111914182e-05,-0.00010547508484670676,3.496160177425082e-05
33,2,0.00031259699000508735,0.00011555861172008094,-0.0001398063661140647,0.00014297263362274918,2.331943171167139e-05
33,3,0.0005155435458954435,0.00030215125802956675,-0.0003131933034791793,-0.00015898332315430474,0.0001131970574563046
33,4,8.93120378994435e-05,-0.00013985333538615678,-0.000800807714119998,0.0006054313055844751,-7.798735539565892e-06
33,Aggregated,0.00018260822094683977,8.008391227840196e-05,-0.0002721481173770827,0.00014509080915966864,9.174361543630121e-05
33,Centralized,0.00018149032266223664,8.151713227974589e-05,-0.00026962334870957633,0.00014580861020373667,9.293749197647472e-05
34,0,0.0005770888780984972,-0.0005999263873571729,0.0001615624993392702,-0.0002142072232069266,-0.0006670670379393191
34,1,0.00019744439962937065,-7.103553799655734e-05,0.00031857792538215004,-0.0001880147823668854,-0.00037766324586635167
34,2,0.000543894327889662,-0.00017186711831110869,0.000271779903822437,-0.00028643362559666594,-0.0008860893854224838
34,3,0.0003512873212934568,-0.00010108344006953262,0.000176614754438185,-0.0003291727342603116,-0.0005558296219850582
34,4,0.0002048619469478874,0.00014453850266039995,-0.0003574666668042459,0.0005688212125153691,-0.0003048927835104557
34,Aggregated,0.00037494903285581824,-0.00015993596629435567,0.00011430758946331788,-8.993216933304713e-05,-0.0005583582473613116
34,Centralized,0.0003772488588935548,-0.0001635134462732446,0.00011508373626788655,-9.231144909369975e-05,-0.0005606810113947813
35,0,0.00013578207175205155,9.478549949206345e-06,0.0001722171264294914,0.0004886808749753539,0.0003596493197141818
35,1,0.00018877999836355112,5.0823305576062444e-05,7.772504613234125e-05,-5.170606171104504e-05,-0.00012306174345732928
35,2,0.00012046734135779206,-0.00023062561463981963,0.00023905064509388007,0.00033107781911923353,-2.164353315631251e-06
35,3,0.0004901269307868845,-0.00017931413257672816,0.000387756020442002,-0.00021724587171183344,-0.00010166472535418173
35,4,0.0001418821206107183,0.0001379729072096288,-0.0001772934582086864,0.0008547292599789924,3.44185797289324e-05
35,Aggregated,0.0002154218953338027,-4.236817205610894e-05,0.0001399536280491568,0.000280993543692603,3.343572913981583e-05
35,Centralized,0.00021485238916926774,-4.288014473534848e-05,0.00014064029112041224,0.00028244718807285407,3.550800094996124e-05
36,0,-0.00015150457196954996,-1.1897166113391163e-05,-7.4784316197247975e-06,-0.00015910699824112824,0.0004074579814988192
36,1,-0.00018373673849870025,0.0003407936228678151,0.00036287078700290946,-0.00022771969848313275,0.0002736254460805387
36,2,-0.00010835515486052142,0.00015026702669023912,-6.0614542492531954e-05,-0.00031588242123792667,0.0002598775737748582
36,3,-0.0001151179741279984,0.0001478572290778505,7.43501045109655e-05,-0.0005390271782111008,0.00011452286195656747
36,4,7.547717666375372e-05,-0.00020894510441145283,-0.0006018997871289289,0.00046566054727319265,0.0002708516490196285
36,Aggregated,-9.668187051699839e-05,8.367338363744214e-05,-4.644335570028683e-05,-0.00015533799627320022,0.0002652664500521937
36,Centralized,-9.720577476412344e-05,8.374720161070289e-05,-4.533425390333412e-05,-0.00015669865556393973,0.00026679881459369946
37,0,-7.58022678757353e-06,0.00019022899277203095,-0.00026554888118584716,-0.0004235195034245224,-0.00011362715185963731
37,1,-9.427685908132144e-05,-0.00019596072201828464,-0.0002243739906992374,-0.0003852884917155889,7.961184198386946e-06
37,2,0.00010095673394140414,0.0002309469909072659,-0.00019463003650630658,-0.00019269845150117758,-0.000266159846210449
37,3,0.00014655283709961905,0.00021656670167759148,-2.1706123367012017e-06,-0.0004590649096273695,-0.00013952884422365012
37,4,0.00016959808728671163,4.880938233435457e-05,-0.0010142581372879359,0.00013028012287606602,0.0002516582075773636
37,Aggregated,6.302839001828029e-05,9.812740288822744e-05,-0.00034006263994494277,-0.00026613734822192444,-5.199925348452126e-05
37,Centralized,6.266168905923094e-05,9.916640520556038e-05,-0.0003393600355821369,-0.00026786856011122665,-5.347486680465918e-05
38,0,-0.00017521041478784082,0.00039361570709804395,-0.00010165830101329099,0.0001939926713437364,6.784545516245559e-06
38,1,0.00019844597902289132,0.0002607591394935919,0.00022170020535987786,0.00010978656537694957,-0.00013420711787628012
38,2,0.00012084211051093992,0.0002543394275004218,-7.902732678388146e-05,0.00010896337483483435,1.9595674293271247e-06
38,3,0.0005092804305556845,0.00022803052375840646,-3.861253494708931e-05,-2.1376845308470244e-05,-2.4796877127752914e-05
38,4,0.00014484086945998898,-0.00010702325635461029,-0.0009750520174556743,0.00041638443404846124,3.118459641854865e-05
38,Aggregated,0.00015964183176677966,0.00020600684243532983,-0.00019437432484111273,0.00016149965452853232,-2.3826157874537975e-05
38,Centralized,0.00015766040106963698,0.00020773728685666477,-0.00019279351993217546,0.0001609733876916301,-2.2809017900645343e-05
39,0,0.00011603408637094193,0.0001465408736758526,-5.486137255955777e-05,-0.0002082343522314974,0.00015210358486033025
39,1,0.00011282505086942692,6.793765935782329e-05,0.0001581394115666675,-0.00042493955860057144,0.00016073457758477756
39,2,0.00043447399127824287,0.0001070916332953901,-3.437920928203904e-05,-0.00031808590275128796,0.00012907285805650222
39,3,0.00032673183637905355,0.0001253875007277953,-7.763952292682378e-05,-0.0005401563136544145,0.0001582329931011169
39,4,0.0001581565863095861,-9.53254253223031e-05,-0.0003762149618212844,0.0007532880470708844,0.0004654674288192273
39,Aggregated,0.0002296577389702199,7.035938415098328e-05,-7.693126693545269e-05,-0.00014780455030881758,0.00021307211302880823
39,Centralized,0.00022999398592077336,7.12453719550014e-05,-7.643699756105608e-05,-0.0001499673388267453,0.00021229190002136633
40,0,0.00020996405175831198,-0.00015456199678206734,-0.0005622944555525552,0.00025994084028214867,-0.00013620679517093449
40,1,-7.352294945404495e-06,-0.00015740953598309405,-0.0002527541334105136,-9.18301605102645e-05,0.00011230416907266524
40,2,3.916145075143485e-05,-0.00021725115259857615,-0.0003330965723659022,4.3257544635159444e-05,-8.397755940094768e-05
40,3,0.00020854446396042134,-6.339542645927843e-05,-0.00021052477752177742,-0.0002957191933638433,5.191890456406519e-05
40,4,-0.0003284550779104093,-0.00029616566836711175,-0.0007083529054126143,0.0005014926670682503,0.00041895965646494
40,Aggregated,2.4442659714391172e-05,-0.0001777332409517634,-0.0004133462837679105,8.334577907574369e-05,7.253076582729367e-05
40,Centralized,2.6398627187064945e-05,-0.000178204638249152,-0.0004145589317150552,8.388747137834107e-05,7.040440663714786e-05
41,0,8.989159912836478e-05,0.00014183656457453047,-0.0003563610738258079,-8.046691552670386e-05,0.00034894080389810493
41,1,-0.00011198096280917169,5.1135116680900426e-05,2.390874962378368e-05,-0.0001642364687702606,0.0001893313891847881
41,2,0.0002008799253972497,1.4776212607503502e-05,-0.0002013831084818581,-4.166435636351514e-05,0.00017109783180915272
41,3,0.00018105757525454513,3.724595919495921e-05,-4.3629747621737323e-05,-0.0002677600385202816,0.0001605009042420724
41,4,-0.00026031768713183356,-0.00011894677452916243,-0.0005446411183130939,0.0006400487946158495,0.00027978876053868135
41,Aggregated,1.9961246652915033e-05,2.523831193995167e-05,-0.00022435767063587933,1.70603573376367e-05,0.00022992232623952725
41,Centralized,2.1661314918467827e-05,2.606989189716617e-05,-0.00022491806863193334,1.5586286977684976e-05,0.00023071120542673498
42,0,-0.00016752089836387837,-0.00015716333403750782,6.296670408700855e-05,0.0003766438613234761,0.0002750619002322245
42,1,-6.666047584954851e-05,-1.0480397260313283e-05,6.564405825758938e-05,-4.247293461439039e-05,0.00013354291862385052
42,2,5.388210190687877e-05,-0.00010925683627668695,-0.00019111914951437935,0.0003292536491411609,0.00023361692005384184
42,3,0.00022373632727811603,-6.587623756028616e-05,-7.079407674468833e-06,-4.323254335764822e-05,0.000370178739217882
42,4,-0.00021870589274201971,4.9185430251882005e-05,-0.0007591810274974705,0.0005604842637622379,0.00036635367073378224
42,Aggregated,-3.50179887137766e-05,-5.873973531431273e-05,-0.00016563519060593853,0.0002360707897293777,0.0002757325088589938
42,Centralized,-3.554392313818895e-05,-5.958068597630151e-05,-0.0001640531721408119,0.00023720577958134906,0.0002754781955097485
43,0,2.631303052010314e-05,-8.537786019163959e-05,-4.654711999885393e-05,0.00038694238854702727,-5.7777924762203445e-05
43,1,0.00037385694617092513,-6.76196019716117e-05,0.00013366085515791512,6.301372386032418e-05,-0.00011639100187027518
43,2,0.0003593752321959317,-6.92161420825251e-05,-0.00018214671252299956,0.00011477633246009625,-0.00023784530234989277
43,3,0.0002610226073920659,8.703942049139712e-05,1.7455138074258988e-05,-4.9465445062777764e-05,3.714519115899373e-06
43,4,3.815264769199319e-05,-0.00010809476553672407,-0.0005931748444217788,0.0008319033112928347,0.00015691346007947008
43,Aggregated,0.00021177830591534663,-4.864221739064274e-05,-0.00013405881967296456,0.000269322713073501,-5.0318388711254165e-05
43,Centralized,0.00021208372135067172,-4.908591909629778e-05,-0.00013320301688802088,0.0002688840596606956,-5.130636620559829e-05
44,0,-0.000278699906708707,-0.00010079745160534633,-9.832199470884243e-05,0.0002763246155647455,-0.000263024849295714
44,1,-0.00013788947668387416,-0.00012193275498560604,2.021283009436455e-06,-0.00010534598119742999,-2.5118235237573763e-05
44,2,5.560236419444956e-05,-3.5345920337724136e-05,-0.00017261062496891819,0.00027982094364481513,-2.7135523786645892e-05
44,3,-9.323378209918169e-05,3.3705140941122275e-05,-0.0001635828089448621,-8.402776063444195e-05,8.163482331528156e-05
44,4,-0.0003003972676414816,-0.0003614863878466749,-0.0009562947695865945,0.00046744116988488754,0.0005841483618782376
44,Aggregated,-0.0001508944373018616,-0.00011712318981301343,-0.0002776224034038605,0.00016678274481632497,6.999811345490326e-05
44,Centralized,-0.00015048376934859164,-0.00011658848522749787,-0.0002756913116259048,0.00016755216714613627,6.709863915246861e-05
45,0,0.00017945920090409369,-0.0002599708743402355,2.508567911268337e-05,-3.53791693600262e-05,0.00018822228671283765
45,1,3.740693199485075e-06,-0.00013809260765666834,0.00010489718924420003,-0.0001968268257878621,7.426467955845006e-05
45,2,0.0002473617819151878,-0.00021003916173393072,-9.48557997820639e-05,-0.00014745154062986154,0.0001302435791919983
45,3,0.00021105305825643665,-0.00021933845919456426,-6.13288109436986e-05,-0.00034060653667613016,8.611117388451958e-05
45,4,-0.00018020754179771115,-8.915227849576324e-06,-0.0007139975403143299,0.0005672011369928638,0.0005020770354697131
45,Aggregated,9.23352487708094e-05,-0.0001673027302562959,-0.00014792680959728452,-3.073116205864629e-05,0.00019612295089015328
45,Centralized,9.395661100064697e-05,-0.00016851797810834012,-0.00014626958969170544,-3.1966571935528504e-05,0.00019548769922557164
46,0,0.00012797593694232243,-0.0001034163671962592,-0.0006842921796565519,0.0003791411506174254,-0.00019734270729386086
46,1,-4.559397008265613e-05,7.759505900304571e-05,3.432815136175475e-05,0.0001256197408836701,0.0001440106349944718
46,2,0.00028080994619606635,-0.00018389113380318418,-0.0004366505419889292,0.000435737614380897,-0.0002459039751221248
46,3,0.00020411336519974657,4.7711441546249844e-05,-9.162957974825914e-05,3.387708242414781e-05,-8.872672316847148e-05
46,4,-0.0002479621704749857,0.0002579113069057226,-0.0005632440112127712,0.0004592556970822355,0.0002650135863565643
46,Aggregated,6.393006988055327e-05,1.913472214780668e-05,-0.00034825504255548914,0.00028669197837279396,-2.4647043588726984e-05
46,Centralized,6.576023651000037e-05,1.7633676737142482e-05,-0.00035040954413975147,0.00028746345758390854,-2.644721217536783e-05
47,0,-2.4263040613592413e-05,0.00018755523458176734,0.00021026197371703156,0.0005350983297655413,3.178127564130532e-05
47,1,4.423660069740043e-05,0.0001230190405150544,0.0001790147323879776,1.6075004515233213e-05,-6.109201366225244e-05
47,2,-9.512499811336062e-05,0.0001309515950974079,-5.662361886545342e-05,0.0002632209062053988,-1.9914177950828653e-05
47,3,5.560552012336591e-05,0.0001561862806319462,4.8050572659219526e-05,-3.5714644388803084e-05,6.514507140061483e-05
47,4,-0.00025485985957611387,-7.566797862044542e-06,-0.0005560939682450046,0.000749662622010137,0.00038643428837277597
47,Aggregated,-5.484127312278657e-05,0.00011805409772836231,-3.4973790510945845e-05,0.00030558057836083726,8.040989418868593e-05
47,Centralized,-5.490115016829426e-05,0.0001186619840998826,-3.310072697046788e-05,0.0003061428624578144,7.95626256887801e-05
48,0,-0.00038939096052733414,-0.0001436378788917503,-0.0005068057090962085,0.0004483099293201176,-0.00020021236027947993
48,1,-0.00017276428251763825,-5.911512739141811e-05,-0.00011609197184034118,-0.00019789299232491063,-1.4861066277153483e-05
48,2,3.425764479108769e-05,-3.591968825410093e-05,-0.00039678332717802225,0.000304865598357477,-5.9588125375176217e-05
48,3,0.00011326139344651949,-1.8957190240938743e-05,-0.0001012528155700243,-0.00019767458722684075,-2.7407716375401254e-05
48,4,-0.00035969557826987707,-0.0003890983348785996,-0.0006976383063335127,0.0002563062375380676,0.00036450261214551006
48,Aggregated,-0.00015482665983696138,-0.0001292941775068196,-0.00036364816596887265,0.0001227564818653931,1.2416430194427684e-05
48,Centralized,-0.00015542203196363864,-0.00012874637695205285,-0.00036454513189409696,0.00012521148719786453,1.0778472596084665e-05
49,0,-0.00010675484911753704,0.00020598923488025686,-0.00044082187125886555,5.8632172396455574e-05,0.00030109532738259817
49,1,0.00013923365131932966,-1.6055640271628313e-05,2.498916383227486e-05,-0.00020761174709646446,0.0002379893028062463
49,2,-8.55458847047926e-06,7.881735751094632e-05,-0.00030756556487156656,-1.3554438841980229e-05,0.0001829828951110668
49,3,0.0002691881691399722,-1.8094858601280795e-05,-0.00028191326133490403,-0.0002537822772359477,0.00022656294098643003
49,4,0.00015405922087717108,-0.00042793127955187416,-0.0004124659563543483,0.0007138136246255348,0.0005648236202803192
49,Aggregated,8.942111981595071e-05,-3.537674582345375e-05,-0.00028352958656198505,5.936944318143154e-05,0.0003026388498396412
49,Centralized,8.818514047540527e-05,-3.347853748701575e-05,-0.0002844971242103441,5.8302634641059044e-05,0.00030228516534309133
50,0,6.408901901347094e-05,1.3558811735884616e-05,-0.0001777516826148425,0.00026458206602575916,0.00046069831587730223
50,1,0.00012238368530915756,4.5695432947562284e-05,0.00016477045918935433,-7.292422285503087e-05,0.0002905579807609711
50,2,0.0001692710550781018,2.1251545345762902e-05,-0.0002838493582881296,9.431900446151461e-06,0.0003918478601535639
50,3,0.0002741395355525885,0.00016983093014817004,1.3700374519465263e-05,-5.136184973664378e-05,0.00014679033006267754
50,4,-8.502374105126368e-05,0.0001364699705444709,-0.0007764830208000857,0.0004895456101161895,0.0003917456026970412
50,Aggregated,0.00010901012917020504,7.734937900073669e-05,-0.00021180992009507568,0.00012778307812969392,0.00033631730858440145
50,Centralized,0.00010908234068409313,7.667292317133552e-05,-0.0002116067106606815,0.00012757572833335673,0.0003376139945360235
