Round,Evaluator,0,3,2,1
0,0,,,,
0,1,,,,
0,2,,,,
0,3,,,,
0,Aggregated,,,,
0,Centralized,,,,
1,0,11.750451083933648,-19.418924708186193,0.4206657073964201,4.9267203672051645
1,1,48.37802619935272,-14.287936182715328,42.09633728455564,48.52391998786988
1,2,31.17076846152939,41.74352818793186,58.27290486629652,52.980650031464684
1,3,-0.026530919323812612,1.1616137683355114,0.6913328394339704,0.47531749021474795
1,Aggregated,22.75169323808628,2.3631696039437213,25.33942463369907,26.67880585500501
1,Centralized,0.3649571884499225,0.3711518186138101,0.614054861349168,0.5743088969164555
2,0,11.465169315291305,-20.07021323768394,0.26254420200491624,5.68608796219063
2,1,19.58643411547818,-50.90348080944651,9.068828665979208,18.291011815770947
2,2,-8.527083009167491,-8.133807156188695,11.908637780026467,7.6593631871056145
2,3,-0.49597385692937007,0.5815377900209211,0.13698870015106437,-0.0974760830954261
2,Aggregated,5.461844182218773,-19.54028140544371,5.337083992820956,7.8561244898859295
2,Centralized,-0.05287357904558019,-0.15437605687974254,0.12709813230314335,0.10145352198346379
3,0,13.067006826618531,-19.225484892270398,0.8730117291811149,6.205202229427034
3,1,20.4395094918532,-48.42151606545601,10.393276191765924,19.13422718634978
3,2,-12.69122074616353,-7.245941398159718,11.910129107859383,7.298222004751182
3,3,-0.5957333142540688,0.5620575464013462,0.11484191241918319,-0.12086958543941306
3,Aggregated,5.004478814840946,-18.495565648982897,5.813060495143145,8.098588437943992
3,Centralized,-0.08825100924412695,-0.14305077235529684,0.1283538155798661,0.09855910374102074
4,0,13.573586027197976,-24.193109738305093,1.1299408467585839,6.954783977180906
4,1,25.05391689461946,-59.098418910900826,9.130512497811152,20.214102762244135
4,2,-6.337847672873465,-10.006096456384432,10.325809791254425,7.494153603815307
4,3,-0.517043407775724,0.6360525439605507,0.1078130069033006,-0.12264940428869577
4,Aggregated,7.888755405879455,-23.05866907989884,5.164441673592316,8.602171860168188
4,Centralized,-0.012880852140137395,-0.21311510649649523,0.12109026481968188,0.11183487879551046
5,0,12.414132786777616,-19.271299047462758,1.2112437902696562,6.869866070704737
5,1,21.823430675520523,-50.48296211685791,10.598242548414836,20.459872101263347
5,2,-8.250313289495518,-10.122908785392946,10.954629035236508,6.925349298165014
5,3,-0.5175330533614978,0.5287258889217316,0.09056391672039799,-0.1488021286324982
5,Aggregated,6.318018073432111,-19.74841898385384,5.702763386391165,8.493138295421124
5,Centralized,-0.043365109429559956,-0.17329614240664615,0.11914627988844058,0.09670766009156279
6,0,13.172576391762009,-20.788815854280855,0.6653242333552196,6.393271802593522
6,1,23.196385319037134,-52.24092038059852,8.681188623167097,19.180874538407423
6,2,-8.294725484397071,-8.451706982624398,10.17505965401577,6.863996900934502
6,3,-0.5342555492608,0.5844271638331496,0.10373164556074059,-0.1283459133192286
6,Aggregated,6.832733972165592,-20.130471958630707,4.898371077350719,8.046343905130449
6,Centralized,-0.037281544429685266,-0.16762901681205725,0.11076451002724678,0.09651658249542833
7,0,13.771269369972833,-22.683174553157148,0.24988275206303956,6.716880251314362
7,1,25.74604397890756,-56.260683614489494,6.611402595983005,19.563791831873946
7,2,-5.884379220567472,-9.763242997847868,8.968721674473398,7.04131417647385
7,3,-0.5099512870309456,0.6215863400413076,0.09969194903535693,-0.13546953743306134
7,Aggregated,8.225378443639487,-21.920289503150578,3.977242733069046,8.264657034401427
7,Centralized,-0.003519800129204456,-0.19053041465464637,0.0942260854151975,0.09916522716860743
8,0,14.594482074571452,-22.53223888284387,0.4487342124564297,7.3870155238520105
8,1,28.25915864219076,-58.28067935702353,7.518809405964077,21.696154580787127
8,2,-4.847221840374146,-12.48929693198884,9.45575666037999,7.850851027942156
8,3,-0.5155918881155207,0.5970570332044153,0.09021255374332154,-0.15136832581368972
8,Aggregated,9.313363713554981,-23.07389071083183,4.3719170746475555,9.160300760179064
8,Centralized,0.014815047650588104,-0.21303662369821877,0.0960519792582815,0.10862759884927002
9,0,14.032811482627336,-20.011217372341232,-0.18152974584680062,7.056140313156173
9,1,25.975528903174162,-50.83557365509562,5.763396196479157,20.461078409630634
9,2,-6.503182219035872,-9.55087662607026,8.961111004132574,7.068714381204969
9,3,-0.5139737782215189,0.5659101206000647,0.09901294721193066,-0.1521423694729507
9,Aggregated,8.191525548172088,-19.86751144615656,3.656989609551113,8.574824752431791
9,Centralized,-0.0028496570479948865,-0.16501793484920363,0.08547932483136496,0.09818149821580556
10,0,13.907719537363581,-20.403825502351378,-0.2439281959054975,7.1950911888543905
10,1,26.14107434195051,-53.134449665494465,6.214955924934137,21.44370569219277
10,2,-6.10124788780787,-11.655295258057343,9.79017721700319,7.9220940337245045
10,3,-0.5063862063292927,0.5553783451751242,0.10663552867442527,-0.14754948801185594
10,Aggregated,8.304142648361104,-21.066455675814346,3.963291060200758,9.068591986911006
10,Centralized,0.0006006368321957491,-0.18750163648121979,0.0917614907756527,0.10728662526582294
11,0,13.115517860202338,-17.683091741027116,-0.47488184075861833,6.48358666365268
11,1,22.494334539205152,-43.65052326581415,5.222686565493099,18.775433144230302
11,2,-8.863729728703065,-6.958350140144372,9.200729850632692,6.316901670304719
11,3,-0.5211689051215834,0.5373582006839196,0.10546887886297258,-0.1494417656340929
11,Aggregated,6.504776153089119,-16.85973807188007,3.5111992233279343,7.825664532355242
11,Centralized,-0.03497972140495535,-0.12014273391728608,0.08371783078044225,0.08489469388766352
12,0,12.810329098506179,-18.59222661051956,-0.014563012265837597,6.414520881776382
12,1,21.927598749814702,-46.39417195985396,6.816395489894396,18.84781314294582
12,2,-8.785157896656889,-8.19040554535181,10.05086310285811,6.685433015276761
12,3,-0.5144373774386541,0.545997487368285,0.10310193644148329,-0.1443921742186046
12,Aggregated,6.309311471052312,-18.0744695778046,4.234287506784675,7.920043596855225
12,Centralized,-0.03729209412976892,-0.1393655508579937,0.09557881066058842,0.08758687966401046
13,0,12.427285461688657,-17.734890611521532,-0.09945525046799493,5.832731707161547
13,1,20.371727875802467,-43.358496883878466,6.313774560632382,17.41147415378255
13,2,-9.669134303834825,-6.616453907366245,9.652449356492513,6.437499314250499
13,3,-0.5162501851032067,0.543639630814072,0.09998797918066664,-0.13150415264424417
13,Aggregated,5.605323107285181,-16.712802913433627,3.9876321271580295,7.359328386508371
13,Centralized,-0.05008898140707959,-0.11612262323521248,0.09044886323685936,0.08121599887191493
14,0,12.159244005122902,-17.308630377529834,0.125260740561303,5.884571562781088
14,1,19.005716125558987,-41.60670559668511,6.790091071532651,17.250834619622427
14,2,-10.84328571698083,-5.6378223777117284,9.865953768475391,6.0453039167452145
14,3,-0.5304783455714563,0.5424405740071718,0.10201579456659626,-0.13514188826623785
14,Aggregated,4.901356603025726,-15.926402456572625,4.215945128056017,7.233147401747493
14,Centralized,-0.06767606031167818,-0.10343309325026769,0.09650184156924661,0.07868538326343134
15,0,11.660079207013199,-16.80302014855012,-0.21563664797160312,5.589671373572788
15,1,17.54339393970405,-39.54250335820822,5.974252906896258,16.41535250087657
15,2,-11.336346851026404,-4.372393474201559,9.869431312249803,5.666862473806378
15,3,-0.5253151477478228,0.5419719815604657,0.11268081990257477,-0.13265383157657204
15,Aggregated,4.29139915750656,-14.970576555968472,3.931841313505547,6.85790008526053
15,Centralized,-0.07740197047431514,-0.08765207391080164,0.09478454897249848,0.07248835815329271
16,0,11.675718276883087,-17.089666772274143,-0.02193579639165651,5.458332100519943
16,1,17.58219388042281,-40.238860476451855,6.363457964443124,16.286036304765002
16,2,-11.32358471254517,-4.682918922563874,10.038943840082576,6.027519772901499
16,3,-0.5248659756005252,0.5449210184765488,0.11165781616261646,-0.12798407081876076
16,Aggregated,4.308246433072053,-15.292051044411824,4.118992548309742,6.884566537666607
16,Centralized,-0.0768205944957096,-0.09296749594580105,0.09854146885116553,0.07356412914703049
17,0,11.486626129688979,-16.807243859788937,0.0782271172569937,5.499484675984841
17,1,16.998625858556846,-39.473526552181454,6.6215078174286175,16.232563858763825
17,2,-11.608132698553854,-4.3195681479581,10.054690970109862,5.694983958890546
17,3,-0.5261825482138031,0.5401520554982506,0.10959762368369692,-0.1311117201575886
17,Aggregated,4.0445120918242665,-14.941705213314886,4.211498633750746,6.797445300529948
17,Centralized,-0.08246609309921936,-0.0882938129958713,0.09966790303881573,0.07156028525482307
18,0,11.084673447224032,-16.214103421278487,0.26009931405443737,5.074038034409894
18,1,15.600634714720513,-37.46261114898963,6.987452978348607,15.237987147095966
18,2,-12.315141370177209,-3.213007664629656,9.756038822087737,5.582028891998102
18,3,-0.5252439757292175,0.5351700231645375,0.10218158448389832,-0.12116175853480411
18,Aggregated,3.4200900053267356,-14.018281094001075,4.271078246015157,6.418528888773784
18,Centralized,-0.09329698929431944,-0.07403814506081613,0.09873201489560668,0.0674892937391403
19,0,10.9505112390785,-16.034141974011828,0.05855331532785657,5.005305201921985
19,1,15.567339471336828,-37.0266501436627,6.3423757065309445,14.990656500109985
19,2,-11.934958019223759,-3.0906576212297967,9.689435803780208,5.452645821613309
19,3,-0.5146519006089753,0.5319611384455721,0.10851459381306455,-0.1210495963422376
19,Aggregated,3.4763155308361147,-13.835281227752013,4.045455511775368,6.307558583771549
19,Centralized,-0.08904816692070953,-0.07157678180726688,0.09713657821555614,0.06556928663183102
20,0,10.859997562915959,-15.978161204848723,0.2886738425070961,5.010608917551186
20,1,15.279997801562486,-37.022476111049286,6.848999214814008,15.133952897230659
20,2,-12.147180141578838,-3.112622535191793,9.670747832782412,5.449417080020335
20,3,-0.5173046936002754,0.5281503073353171,0.10484446903143174,-0.12077118079088327
20,Aggregated,3.328537230463852,-13.826781441129683,4.223068931243705,6.343773661639029
20,Centralized,-0.09298076380217042,-0.07269134226796989,0.09988288992758525,0.06612894258276329
21,0,10.68786600345291,-15.970184778196312,0.3880637413730567,4.916102823753904
21,1,14.943285593965674,-36.88972421318901,7.1119832476068625,14.842329476967434
21,2,-12.084433722981757,-2.9962923375989328,9.699612024043352,5.403126189541259
21,3,-0.5119574855031271,0.5268766303654463,0.1050948044840073,-0.11853400681712402
21,Aggregated,3.2190548007424655,-13.762976449403599,4.3204771305059815,6.236721752607177
21,Centralized,-0.09351049114766301,-0.07255065268871451,0.10218711217657284,0.06500414772314875
22,0,10.86316844943593,-16.36848518769884,0.19428959435516457,5.151988530652219
22,1,15.801927458716415,-38.67098126982572,6.9481448735712155,15.60211269543403
22,2,-11.465754525459223,-4.0355027988365855,10.033627616808623,5.6940602072669195
22,3,-0.5069490128104375,0.5270520573076167,0.11089064861512661,-0.12099299527552594
22,Aggregated,3.632364472963926,-14.565178083634816,4.316643055043737,6.556561542155109
22,Centralized,-0.08463156009274493,-0.08557937041702542,0.10274768548492773,0.06992248481518769
23,0,10.663472427319087,-16.008240025787718,0.46646188991645926,5.062656720542284
23,1,15.247032741048882,-37.61612328904343,7.264293795674404,15.316085251380178
23,2,-11.665793704502354,-3.6114591615590683,9.713915164457024,5.446968162806424
23,3,-0.505763227235655,0.5184871309597618,0.1039146718645532,-0.11958343245946094
23,Aggregated,3.3949161137676858,-14.109238620936033,4.381135651059004,6.401696752821594
23,Centralized,-0.08889009519662137,-0.08075858793145654,0.1031650399666187,0.0679176491694519
24,0,10.520285051966487,-15.960982268810435,0.4202599867963312,5.02364303715316
24,1,15.023216706711397,-37.568919118983054,7.193385663131944,15.279437674113156
24,2,-11.521005800003602,-3.604523373198365,9.76517536163547,5.429755025455762
24,3,-0.49713247799981347,0.5173230954675881,0.10433281278678225,-0.11992402096980004
24,Aggregated,3.342079097904389,-14.084303274798465,4.364953070413275,6.378483956931493
24,Centralized,-0.08686902474615694,-0.08050735303906575,0.10266516794281284,0.06704159735685898
25,0,10.511852555379024,-16.066626932035547,0.518096669162344,4.9364706620153225
25,1,15.189230848211634,-38.06776791146644,7.296734042662326,15.342763948448452
25,2,-11.263101648749236,-3.9671229265633574,9.640696972563573,5.762305484205647
25,3,-0.4916096695808765,0.5132264046140785,0.1027881469722608,-0.11606307432050884
25,Aggregated,3.44724011453252,-14.326461624048179,4.383426286870372,6.45679848230806
25,Centralized,-0.08313677765010688,-0.08631634385945437,0.10323772635429795,0.0687603541574538
26,0,10.584514805787022,-16.346884484461203,0.4180884516568824,5.218255627770515
26,1,15.821941477960436,-39.4975659767117,7.349477475899476,16.072814557365025
26,2,-10.620195747054487,-4.814922620933463,9.875672613249803,5.713059299292074
26,3,-0.4832163984900179,0.5118324266764018,0.1019624372908113,-0.12265048267108407
26,Aggregated,3.7857585963312013,-14.964369922296504,4.430300973641978,6.694434477789404
26,Centralized,-0.0745752465849765,-0.09699348699989584,0.10215789827392378,0.07128718630281912
27,0,10.507183437739496,-16.505559461985303,0.790343704839709,5.20030509889949
27,1,15.814211012550748,-40.191173769125996,8.159210778117396,16.12119057381999
27,2,-10.38066430879212,-5.145422339952765,9.765001674691254,5.828104262919626
27,3,-0.47537865460383005,0.5105219287025652,0.08769742624590382,-0.12018795170279535
27,Aggregated,3.82656070262933,-15.259408535242102,4.6929355309548155,6.731429347858457
27,Centralized,-0.07118599678053111,-0.10259221733987166,0.10224192414343612,0.07268134610902445
28,0,10.605129773849283,-16.824421816081202,0.7884432132541036,5.361316674682435
28,1,16.328600748574768,-41.49211497263656,8.302049586277258,16.596628840166137
28,2,-9.94613030473696,-5.814567147173261,9.894821721709286,6.011875576893984
28,3,-0.4732350019020853,0.5109584414754526,0.09418854136332243,-0.12275719991201477
28,Aggregated,4.088189583562071,-15.829676185247212,4.762128658443819,6.935074980324151
28,Centralized,-0.06621417581656543,-0.11211249153452095,0.10613307912047176,0.07545116768483807
29,0,10.547562860642111,-17.060705435355988,0.8171785791091738,5.49746924591332
29,1,16.705891541497813,-42.618138445517495,8.370914618988406,17.0613093500349
29,2,-9.237149073384254,-6.510979376624036,9.855728028236173,6.111007450975794
29,3,-0.4584446314347849,0.5071206367495599,0.09241886771910131,-0.12841295494374746
29,Aggregated,4.348961083189616,-16.3438137512352,4.77616477369542,7.107889671035676
29,Centralized,-0.056843263321245306,-0.12218181012678707,0.10573992190466346,0.07607166975750178
30,0,10.452097436071632,-16.916306396442295,0.9748740629020273,5.53563091408254
30,1,16.536708803397854,-42.32366852700231,8.667183815973253,17.0311936433727
30,2,-9.19809487615756,-6.39295181848459,9.684645521960546,5.954252717666724
30,3,-0.45340233802527913,0.5025420224525184,0.08412784339842959,-0.13071892743271382
30,Aggregated,4.29419727593411,-16.206271891184706,4.84412869676175,7.070057395074425
30,Centralized,-0.05605712278026959,-0.12127645181083453,0.1042035836271834,0.0749782540780381
31,0,10.261975166462777,-17.073922334662992,0.9946724922102387,5.490155717296967
31,1,16.80018481934957,-43.3356074593415,8.49388333392014,17.19710892789121
31,2,-7.96496850758392,-7.192534279156633,9.383833472790556,6.052224365535138
31,3,-0.42727465939369075,0.4948965933967209,0.08023792080000085,-0.12819705836870904
31,Aggregated,4.627808172439651,-16.699268945125116,4.729649845596386,7.125175264079072
31,Centralized,-0.041842840509118275,-0.13208250352126125,0.1013045284904237,0.0762426200942208
32,0,10.34225677566837,-16.91856627929315,0.9970406690253354,5.621714055156155
32,1,16.81290982559634,-43.00752410253106,8.710374506359436,17.463562664842886
32,2,-8.430090245291298,-7.042473594867622,9.511840962316702,5.97629955575577
32,3,-0.43414654362722627,0.4902109509137767,0.0750328407042517,-0.13235943437019707
32,Aggregated,4.532735338074174,-16.542648675373865,4.814816484363634,7.204093878073348
32,Centralized,-0.04533020463633558,-0.13089796310408527,0.09966281969630834,0.07655440115564306
33,0,10.202648973126776,-16.716507578342103,1.0215065106690575,5.4993145699348505
33,1,16.40846491888036,-42.28556115118595,8.581582245270484,17.080230756208255
33,2,-8.56415089579264,-6.548643025790528,9.297872110353302,5.878618107903076
33,3,-0.429399701351048,0.48659545936330945,0.07238416506268021,-0.127091795222368
33,Aggregated,4.365064640870938,-16.1901113808933,4.734626035085064,7.055194460211016
33,Centralized,-0.04639861913158102,-0.12657059279846192,0.09779697628822324,0.07614795719535454
34,0,10.091835797986041,-16.60813079614663,0.8706734655304845,5.551260994244786
34,1,16.302051072773843,-41.93865411415351,8.103473851826918,17.083618623708546
34,2,-8.36874040280904,-6.288770018496986,9.130366238014435,5.6263649798924655
34,3,-0.42051497942311755,0.4816076377317844,0.07546742587931167,-0.1296775054272952
34,Aggregated,4.362214989771644,-16.01307257165545,4.537050607200339,7.005137823725631
34,Centralized,-0.043348374792218175,-0.12586753497732905,0.09546847106243773,0.07493374636249016
35,0,9.697748209947987,-16.316233968174195,0.9491911456424607,5.486122591818088
35,1,15.623441970452594,-41.129367500396796,8.067881222649492,16.784558690131615
35,2,-7.794869653264972,-6.110388134126251,8.642138877886891,5.374039215628731
35,3,-0.39566491446686874,0.4695608786453042,0.06644972372295634,-0.12998111645459823
35,Aggregated,4.245417294566688,-15.697594068831059,4.4231965993605025,6.851306749196185
35,Centralized,-0.03690966203255051,-0.1250552521813554,0.0907125234612029,0.07238976654898856
36,0,9.6463445627062,-15.756059775746293,0.8771306591713626,5.4040583504898345
36,1,15.11053965197256,-39.1087084507215,7.882151357059787,16.334851456889783
36,2,-8.6005635463111,-4.94045141962793,8.493311217009689,5.01398490873541
36,3,-0.40360431063130014,0.4620047724407881,0.06647979697329875,-0.1300805415791892
36,Aggregated,3.9013301673847542,-14.764725212555366,4.32182742772353,6.628878918829951
36,Centralized,-0.04509531587161237,-0.11234981554895689,0.08880119291088344,0.06902653148483841
37,0,9.340085485370823,-15.25926276432962,0.8175990187487479,5.180116708446697
37,1,14.26810774889632,-37.320766528033865,7.58597204365329,15.506275097145135
37,2,-8.814480325585558,-3.963474844265599,8.169850553328764,4.601193136156813
37,3,-0.39467758671471675,0.4542076479215747,0.06280886845626873,-0.12520962491562812
37,Aggregated,3.564351997267124,-13.953870036727558,4.151445022578589,6.26499649446833
37,Centralized,-0.047838005941612506,-0.1018020762683524,0.08448575120555574,0.06496240116573439
38,0,9.085656121267396,-14.627568104630996,0.6321288178903568,5.065412189868871
38,1,13.391543204719332,-35.042725198884,6.881536973303909,14.905844120672361
38,2,-9.267524224462248,-2.741408698816187,7.869599349448195,4.113495722465612
38,3,-0.3906002105817051,0.44523246250910914,0.06706701076953604,-0.12634640940138994
38,Aggregated,3.1706737338263147,-12.926512664535343,3.8560285694519774,5.96474458524154
38,Centralized,-0.05296965227905023,-0.08797184153535377,0.08130168852410079,0.059882041686111144
39,0,8.713884972550211,-13.955012544324838,0.45667416669990146,4.850821831086793
39,1,12.38491393807382,-32.8347800190355,6.3202856503134965,14.106504119543231
39,2,-9.418073796462746,-1.7623127977418263,7.4939196171841,3.686362097192624
39,3,-0.3778786344080299,0.4318436912799415,0.0672364252325691,-0.12294902849488369
39,Aggregated,2.793394900988938,-11.968379163705842,3.5787901148982093,5.606495331538414
39,Centralized,-0.05502438555412623,-0.07657528844369077,0.07638897825514662,0.05525925348708599
40,0,8.435193273021858,-13.304099019119874,0.2808134962901556,4.6336105378126184
40,1,11.654263314754461,-30.77025367363211,5.742777057718676,13.361436698477513
40,2,-9.535998695740007,-0.9472088214608152,7.137728279935018,3.3444870579029016
40,3,-0.3689898825915133,0.4173733422343376,0.06843609149176164,-0.11876226884149403
40,Aggregated,2.5150980980037696,-11.092631051283162,3.3025478206184347,5.282639163183165
40,Centralized,-0.05683912865519492,-0.06684041077359486,0.07199310041188628,0.0513602142815971
41,0,8.157146436411926,-12.502979007629932,0.17751416471770665,4.422916202881186
41,1,10.691811787355505,-28.129084060079602,5.300738322537979,12.523449951998566
41,2,-10.054752001464562,0.2591634416265756,6.826416533882071,2.8927768271588885
41,3,-0.3657696883872806,0.4039710278064406,0.06888362628082297,-0.11608792431137853
41,Aggregated,2.0775174102803096,-9.937880815490738,3.089089089914385,4.909411829468924
41,Centralized,-0.06313415177813993,-0.051869246010716775,0.0687449331425667,0.04627356313753291
42,0,7.826894015719986,-11.8037019454946,-0.16047267031652343,4.250169617686918
42,1,9.89635646340994,-25.95113605286666,4.4091554263737445,11.785281201650237
42,2,-10.129831632878686,1.0988557479237464,6.559726916559375,2.437962235018967
42,3,-0.35494816607355606,0.38913825924919915,0.07601881037904774,-0.11502732087705092
42,Aggregated,1.7814977998878723,-9.01583313908244,2.71833049564931,4.569260506953585
42,Centralized,-0.06478805556433179,-0.04125863666850913,0.06438632451540675,0.041182104971325705
43,0,7.547403284041603,-11.074546623434296,-0.2780853322200552,4.031121971441526
43,1,9.027732048354464,-23.65178914110656,3.957589402108494,11.0231638762371
43,2,-10.495849691851124,2.0253984320331164,6.310278055128909,2.0740270067032824
43,3,-0.3501274850387854,0.3753471487269806,0.07692328797746688,-0.11123312127163966
43,Aggregated,1.4055405795296008,-8.034154524396175,2.5145489891648314,4.235084624929886
43,Centralized,-0.06965594467910925,-0.029155543353697005,0.061304050810378985,0.0369586910506873
44,0,7.212970868533773,-10.333124715928033,-0.5160858960039236,3.858056986680372
44,1,8.1837495297766,-21.38047157429794,3.29795280241068,10.26621839638839
44,2,-10.637300624448585,2.8794508925494093,6.061355658929595,1.5929691986654475
44,3,-0.3408940446065021,0.3603376358715702,0.08165125552410529,-0.11044807581782384
44,Aggregated,1.079393273296419,-7.0748548263088455,2.23017956984479,3.88354374047393
44,Centralized,-0.07245982426543972,-0.01774644372122476,0.057839228096797736,0.03160699853241699
45,0,6.898698551849349,-9.63328410079716,-0.6322909803230218,3.575111084934695
45,1,7.410897195760243,-19.30607898313556,2.8508741521448546,9.399328081942848
45,2,-10.76547933656854,3.5539272492904517,5.784751952714018,1.3133249795680841
45,3,-0.33238622922927913,0.34487085714690435,0.08183133211932757,-0.10367469262196279
45,Aggregated,0.7790888566789,-6.219950305855509,2.020881501078791,3.5292797635320765
45,Centralized,-0.07511482257687295,-0.008157833298632663,0.054355273716958495,0.027897907316208826
46,0,6.70873049424731,-8.945541689271122,-0.7854024047528533,3.333033228366405
46,1,6.484388803724523,-17.110040525738594,2.3960739204638988,8.745897569010483
46,2,-11.587472042550957,4.49489357186181,5.768689900786447,1.12881781899258
46,3,-0.3366194085611571,0.33346268012363045,0.08781667809119705,-0.098131331240918
46,Aggregated,0.294538694303343,-5.270049069904868,1.8671905545683867,3.261775441472631
46,Centralized,-0.08456080720223354,0.004301962562894539,0.05390620033508247,0.024971238565145836
47,0,6.399295349950225,-8.267946046338396,-0.9716859885111845,3.1512324987697755
47,1,5.64045609198898,-15.068959098335727,1.9563733010195727,7.970898629251436
47,2,-11.87294015596396,5.23541311269075,5.6781895825951345,0.7319954328740059
47,3,-0.3308494099507835,0.32009148881398536,0.09263982324635743,-0.09569176317472607
47,Aggregated,-0.062315930607309555,-4.4118944302191565,1.6900709551650732,2.925083093451666
47,Centralized,-0.08911123492496936,0.01470228016257139,0.052228875056486955,0.020499236906332347
48,0,6.092679419980741,-7.639140233462956,-1.1661898314451624,2.9166593614980627
48,1,4.934534844005927,-13.343444230663366,1.4633175943276866,7.2725620660948715
48,2,-11.909560285246046,5.66566062565111,5.565977477272097,0.5046102954770465
48,3,-0.32148993784978014,0.30484739545927453,0.09687326149769825,-0.0905198477356261
48,Aggregated,-0.3209300118530064,-3.7225156630147143,1.4920532038966483,2.637447508993465
48,Centralized,-0.09081313533015094,0.021820142150027155,0.04994817573285646,0.017268105111024157
49,0,5.8632257477744565,-7.027747331057513,-1.302537379893857,2.687769141078452
49,1,4.405391527273894,-11.727110136853462,0.997032859339224,6.647002794852707
49,2,-11.981115269776486,6.002644748357574,5.434742023044774,0.3468649784504329
49,3,-0.3157941352412905,0.2892854872329534,0.10067908607720666,-0.08480979388028631
49,Aggregated,-0.5260645679632061,-3.0880525222861146,1.310285470853578,2.386897488598591
49,Centralized,-0.09285784648685773,0.027996874124445553,0.04831814511413652,0.014759740533236995
50,0,5.590119643856244,-6.465360268060922,-1.4268524852920488,2.50250166344428
50,1,3.9227675688211137,-10.318996857597226,0.607970169617424,6.063625307327172
50,2,-11.811050758858258,6.192467462673371,5.2938401540175875,0.13337380036337576
50,3,-0.305412196573222,0.2735557875847448,0.10318954016466368,-0.08118604807798875
50,Aggregated,-0.6688020108051267,-2.5544501611682673,1.1479663111427691,2.1432010759192193
50,Centralized,-0.09243720653656069,0.032450216432377305,0.04638822059252826,0.01180694144098593
