Round,Evaluator,2,1,0,3
0,0,,,,
0,1,,,,
0,2,,,,
0,3,,,,
0,Aggregated,,,,
0,Centralized,,,,
1,0,0.4497310923484498,0.22229226683497458,0.17830704694887226,0.5935375133177646
1,1,0.601286965861216,0.33329876020734267,0.22355153308029985,0.25699788784276045
1,2,0.1656821010120604,0.527729471211873,0.11708188055786577,0.7168292052111903
1,3,0.4057023905627894,0.42515332021636804,0.06179975714405014,0.6603269090308738
1,Aggregated,0.4000242060828686,0.38730558870467857,0.1442996937943724,0.5549826204947649
1,Centralized,0.40988519043148913,0.3626095503044955,0.1510286301013351,0.5553679750411435
2,0,0.14862619277982966,-0.07385001852350444,-0.08518434496845641,0.18395280143624318
2,1,0.1933698556195836,0.11224321295009031,-0.10271789938994724,-0.013987938696713295
2,2,-0.24010736423056636,0.1726039225220617,-0.1189192140555246,0.3479374055940558
2,3,-0.02337143944429232,0.10814472042895477,-0.24450432834875716,0.35063760466590227
2,Aggregated,0.00953061827470255,0.08952149986511178,-0.13889152813386807,0.21844294603053463
2,Centralized,0.032285612785606654,0.06630692632156941,-0.12973353263666784,0.20904999634079946
3,0,0.1333831507047406,-0.10296408332020042,-0.04366635666857068,0.12005065662730441
3,1,0.09920002503238264,0.03694731764486051,-0.0618611711276432,0.015084019122630804
3,2,-0.2642005641780693,0.07124874140797034,-0.028453921963931678,0.2832268369994315
3,3,-0.07227478517772364,0.06377304217159342,-0.18424739331589765,0.30403172883479695
3,Aggregated,-0.03754153836008508,0.02422513973890108,-0.07926340752907174,0.18334418911634773
3,Centralized,-0.010875311016836938,0.005852085540475958,-0.07296180070893044,0.1708346285946036
4,0,0.15478548475453127,-0.10863487947547339,-0.009051417641168477,0.027517343542900547
4,1,0.07433342467955556,-0.00014060351656919093,-0.044960899805960186,0.06745101627079848
4,2,-0.21457857173520853,0.053725772970724055,-0.030675586573230124,0.26339734600159354
4,3,-0.09573671208364587,0.0627167144091252,-0.1383505001103291,0.264781466380788
4,Aggregated,-0.03175671563154726,0.008050324715684542,-0.05680215324858549,0.1628375502902972
4,Centralized,-0.003015149527028582,-0.009252338093956413,-0.04905698851465457,0.14121827417376462
5,0,0.16706268396889015,-0.13374300533812533,-0.05877591486548251,0.027464804718870892
5,1,0.028522851958467432,0.06618510477794722,-0.13279843438506364,0.03455651465651805
5,2,-0.19048996431615528,0.03935284530023359,-0.11755458874277386,0.23573578925086744
5,3,-0.09594776699522468,0.04125458233089532,-0.21771372432006716,0.2722995578187289
5,Aggregated,-0.034747328984851625,0.011150785619071627,-0.13437866020220846,0.1482529338610506
5,Centralized,-0.004445337680711166,-0.009076825348505962,-0.12277760625020967,0.12825229752001202
6,0,0.20636271211086185,-0.1405460830365571,-0.006511055346827647,-0.009044492984583046
6,1,0.06407463085272548,0.02866392016277568,-0.0991606136584096,0.05332398698818461
6,2,-0.1340025501561745,0.03376473413663556,-0.08754656101842358,0.21873652469949265
6,3,-0.07184835692629508,0.04483685687966549,-0.15983200057295835,0.2366850018583483
6,Aggregated,0.004555478460697249,-0.0008975155395855132,-0.09186277744517465,0.1320946958199523
6,Centralized,0.03494510858128438,-0.020874622721574688,-0.07913334345086258,0.10985084381145836
7,0,0.18814682353231937,-0.1225862821840406,0.04246895536405624,-0.05607732764605314
7,1,0.07473893150119622,0.0010678335869025817,-0.10412189134686552,0.04283167066562354
7,2,-0.09166345154376986,0.0029983562039775737,-0.06707518505652749,0.1927309628133308
7,3,-0.0697461548967687,0.052586983806400624,-0.13305033105636346,0.20462255877387955
7,Aggregated,0.015928596893070798,-0.011153060851534268,-0.0706856570910219,0.10435651975978259
7,Centralized,0.04216332439270896,-0.027503697179467695,-0.05439719405736559,0.0796343480542064
8,0,0.17484843742731013,-0.15380237599414984,0.024634450092738302,-0.05180216288628208
8,1,0.03626707003071439,0.08717806942518497,-0.14191713636594738,0.035579124984014644
8,2,-0.11823438763228848,0.039854426181910464,-0.105225747847753,0.1710639005062813
8,3,-0.08724755737557409,0.05048124137331706,-0.14873864372840362,0.18676629576873408
8,Aggregated,-0.00880358975190118,0.01501938785643278,-0.09894757904296157,0.09283802520216927
8,Centralized,0.01880754251497746,-0.008440037656591768,-0.08141725393932751,0.07049190554726388
9,0,0.19061456391748657,-0.1577530700189095,0.06806948252857786,-0.07509603777281436
9,1,0.06037103707385851,0.03850676373482045,-0.1175923913050179,0.030145948716163513
9,2,-0.10725249667373687,0.024503030522607088,-0.08726329457785305,0.21450083749965942
9,3,-0.09275234849546903,0.06341884680128158,-0.12481796943306432,0.19974716690284547
9,Aggregated,0.002553689235135541,0.0002078337457034861,-0.07254040082210803,0.10189340114855269
9,Centralized,0.031128706736028928,-0.022426826603034283,-0.05258153879427904,0.07468386324770664
10,0,0.18967436469811058,-0.142458662684564,-0.007244896995809773,-0.08024379870765141
10,1,0.006193281474445593,0.08892081185315498,-0.2381120306763341,0.11476292259108563
10,2,-0.11107551753229548,0.038409691598812835,-0.2115058992692842,0.2258945526989425
10,3,-0.10871126672781023,0.08975295159937235,-0.2631601337146598,0.22663535907142293
10,Aggregated,-0.017083725924184164,0.02720276002009231,-0.1891801717771549,0.13319282613628602
10,Centralized,0.013648927658317841,0.003227591581438774,-0.16316630232117227,0.10155610687204457
11,0,0.21233978913950916,-0.2402897527300727,0.13404163179841372,-0.07393086337105162
11,1,0.1451703174381909,-0.10704873424821154,-0.023902181863958278,0.017699496060906466
11,2,-0.03221479453861281,-0.048400996083426344,-0.055658623002170275,0.16202695934757827
11,3,-0.03168849592491648,-0.0050518823218147725,-0.0799483046856398,0.16581252883690298
11,Aggregated,0.06567945765835931,-0.09290456637558561,-0.014014470051117028,0.0757749943156121
11,Centralized,0.0886560967476507,-0.11498596579450998,0.007625367955901278,0.052729154320770986
12,0,0.19817075294602948,-0.12060497164396979,0.04375259597961534,-0.08716852304393026
12,1,0.03167799716725649,0.09260671989242471,-0.16341459344862017,0.03200956181077702
12,2,-0.07838967917193362,0.04483816318979691,-0.154607485067172,0.18224429413578958
12,3,-0.0856236855333669,0.08966032018662473,-0.1906086490803948,0.19469776625578658
12,Aggregated,0.006293739333658822,0.03446997325177639,-0.12487330984379952,0.08965779486400519
12,Centralized,0.03493041261696541,0.012598617798367559,-0.10069361041695794,0.06260181417533621
13,0,0.20848791627341193,-0.22489854535275067,0.1197196562541502,-0.1252581240347104
13,1,0.07960961317179498,0.011279548654804466,-0.07119043797879686,0.010540911646058785
13,2,-0.07952585693944074,0.014462306793169224,-0.0740504463444739,0.20771424249891246
13,3,-0.10391516660842365,0.036038889102694226,-0.0865569821932593,0.18315735393721785
13,Aggregated,0.016304713848096803,-0.030532932957649125,-0.036315315522367185,0.08028443599961017
13,Centralized,0.045775375754586956,-0.058355070237317695,-0.014028038783114113,0.04897370026590451
14,0,0.22187998331893158,-0.16538150236476523,-0.016204786403321278,-0.10544205074855471
14,1,-0.0053096068711354786,0.09853165402050645,-0.30146817223532485,0.08066915367921583
14,2,-0.08746115002105503,0.016694557529049376,-0.26672029129458613,0.1606314786687323
14,3,-0.09528828715428822,0.0968577078984389,-0.3151504001693849,0.20552389235962332
14,Aggregated,-0.0035669076768771804,0.020741402158849342,-0.23618779993718841,0.0954966763640713
14,Centralized,0.029489933908029287,-0.005488471035547687,-0.20491584021887976,0.06554402687292304
15,0,0.24492393618293865,-0.20238841853778575,0.13139249134121994,-0.14484141213167875
15,1,0.0951790238398097,0.06962812302960057,-0.06353535116287382,0.006370046301171162
15,2,0.0022295875791042232,0.03145729777144066,-0.06669670970527285,0.1912275309160466
15,3,-0.04225549589679336,0.05083994209601442,-0.09511474152692673,0.1850683995538218
15,Aggregated,0.06608249146311113,-0.0019465558755480186,-0.03194845990814567,0.07101147335476489
15,Centralized,0.09305908753770809,-0.030095047673388674,-0.008451218554972448,0.0381946374907667
16,0,0.2228232225095896,-0.12895586439564374,0.0504131248018016,-0.09047441753283657
16,1,0.03753291207148159,0.09530542439805666,-0.22650379769741746,0.06664893000384188
16,2,-0.0969617186548103,0.06435519017406315,-0.2257420687791094,0.19294585492551683
16,3,-0.13202586105050065,0.1530758692275728,-0.27437154489795557,0.22666082598762535
16,Aggregated,-0.0037676873712358255,0.054676250644044896,-0.18091740500003095,0.10911909682059688
16,Centralized,0.03039011503355815,0.028078645079783682,-0.14761467273739073,0.07890402753638204
17,0,0.24405465076510727,-0.24839422411696568,0.1503271884337788,-0.13802677934607238
17,1,0.09041968013339498,-0.012941467150838706,-0.03669546969720733,-0.03979884945336776
17,2,0.0007713411867389941,0.0027727106146241826,-0.06292371345784133,0.14336593097938513
17,3,-0.08444345681868215,0.049765074739376476,-0.08855895784489902,0.16418838930221155
17,Aggregated,0.053730173634982996,-0.04167099163101393,-0.01821229600668816,0.04162757958924905
17,Centralized,0.08272983117103179,-0.07167193438659097,0.006277143444226659,0.01367382358419117
18,0,0.2010537382496492,-0.11381035110563716,0.06007119741970055,-0.12958473400968587
18,1,0.04622253635020566,0.04287788733384786,-0.1410290001683655,0.07267437358648246
18,2,-0.08253077011654394,0.06299843995086707,-0.19855685279669344,0.1737885481840293
18,3,-0.12396903335518604,0.14324793330115418,-0.21891906085193572,0.1884052680830611
18,Aggregated,6.073282697621751e-05,0.041044511940503896,-0.13482217168591776,0.08777652749039266
18,Centralized,0.030587320466028023,0.017985419518306133,-0.10626646197684712,0.05555867616367834
19,0,0.21931627371560194,-0.1787740627473193,0.115971095159155,-0.16742377100168837
19,1,0.06613377380612652,0.043596792888496994,-0.07050090091117785,-0.0322015645004281
19,2,-0.03187823995102467,0.041933328469415644,-0.11702189008467445,0.16232812279471123
19,3,-0.09429338280181367,0.08229898027736059,-0.11611304189384349,0.1578690599164789
19,Aggregated,0.030616405147618667,0.006762663848521928,-0.05622291612122626,0.04127014480321417
19,Centralized,0.05924499478692402,-0.019949172957438015,-0.031248855104248963,0.00933024946157065
20,0,0.24359483188995887,-0.12271261119239686,-0.0239108411706247,-0.1323785131884945
20,1,0.04003004778784878,0.1061087491814285,-0.31191140090808744,0.10777681588783428
20,2,-0.06765427793595634,0.03293212854872917,-0.34574361982665397,0.23068224311318067
20,3,-0.08395198403709579,0.13356031222339432,-0.3567240062348496,0.24292021297828437
20,Aggregated,0.021315791524077782,0.045238197688461455,-0.2728987426239037,0.1259352306393966
20,Centralized,0.05432997204954404,0.021257931747983166,-0.2370685546720309,0.08766839675579687
21,0,0.28115271838590083,-0.2761163359379066,0.16031471845241965,-0.17568478937205065
21,1,0.19539460223585914,-0.057915681741249316,0.00924358680875637,-0.08351739818020913
21,2,0.02460902620365374,-0.009054200988827012,-0.0803197647484897,0.18627804425040959
21,3,-0.044490834498905674,0.020359732507437212,-0.08860293605479728,0.16527987231526572
21,Aggregated,0.10589792879702639,-0.06997615471983519,-0.008782333062899883,0.03442518590806262
21,Centralized,0.13359200069687538,-0.10011583414116003,0.01638345286886893,0.0015312196181137365
22,0,0.22754211639639318,-0.10100766169711095,0.05086248165479427,-0.12590948366056356
22,1,0.056094622602574445,0.04514021227079782,-0.20289348209773325,0.05526189613285287
22,2,-0.057033333026073385,0.045856068958372,-0.2709450994593784,0.19467983629143373
22,3,-0.09744755431308111,0.1282424593842544,-0.24609843872587323,0.19960901202656436
22,Aggregated,0.021863074328436136,0.03578912939473866,-0.1800882398349242,0.0925092654179674
22,Centralized,0.05284980014561106,0.015506841579722928,-0.14677548061078374,0.05977174539681424
23,0,0.22968340363077333,-0.18088198859099178,0.13165691908241003,-0.19441761329767193
23,1,0.10654147044861613,-0.006838444717628852,-0.05587424746609804,0.0006557977317731926
23,2,0.019522609600778503,0.019812259574191065,-0.13471266238482685,0.19928756668449896
23,3,-0.0617461783120711,0.07748978048256845,-0.17434526298079533,0.18865158403414203
23,Aggregated,0.06591196743492295,-0.014438041716263294,-0.06850624569723711,0.062370464493855055
23,Centralized,0.09107307514301571,-0.038978698954428626,-0.03873374336104823,0.023628842091782853
24,0,0.2606450088383428,-0.12000019668958466,0.004795850830861019,-0.15734557386942685
24,1,0.0625771896532488,0.09658598125217781,-0.18903888514973866,0.045869331803061374
24,2,-0.04185118232870791,0.03408137800281987,-0.2749180866505035,0.19239557260143125
24,3,-0.09182907758267041,0.1084866971005975,-0.2559296526512865,0.21623290991016772
24,Aggregated,0.036058859248421865,0.03734581736548045,-0.18948724170195647,0.08701026829403184
24,Centralized,0.0697205637864986,0.015017772813902782,-0.16108916428994616,0.05030576466694331
25,0,0.2453495988005838,-0.1698040885407366,0.12567381875736944,-0.17850093267998002
25,1,0.11994493762641752,-0.010895319195704517,-0.01804671789920828,-0.10133539752633407
25,2,0.013696248424329057,0.023311217203423,-0.11397128146049705,0.17804417843067885
25,3,-0.10068514991210102,0.0744194795662952,-0.11152315938838181,0.16977114365770454
25,Aggregated,0.061403399452171735,-0.01301550186255971,-0.03827585401413343,0.027931033894523324
25,Centralized,0.09001650565833004,-0.03621081450816038,-0.013875833850553269,-0.004696444416608406
26,0,0.21893691866637063,-0.13899293313493719,0.09621639394010577,-0.15332768040371716
26,1,0.08210045525397855,0.028486407704797368,-0.17673057795456595,0.056746893347238536
26,2,-0.045565494487114555,0.05509807875991183,-0.2657066811889172,0.16887285284192452
26,3,-0.110924663035581,0.1493876004150528,-0.23656206270137278,0.17492778054173755
26,Aggregated,0.026834916789625705,0.031337412087454525,-0.15991670146549408,0.07390648393712662
26,Centralized,0.056343910574236176,0.005854018956896919,-0.12282167973764602,0.040244681221872004
27,0,0.24761998931487642,-0.16606635047414273,0.10511866801580927,-0.21503881993042562
27,1,0.14619422624390052,-0.0021459119787394323,0.004827625329694843,-0.14838523251251623
27,2,0.020385596753613233,0.028399557624568268,-0.14714592082309935,0.17618170784369214
27,3,-0.09050451892439199,0.09203058254926723,-0.15627060506074822,0.18207236158164264
27,Aggregated,0.0732488271736953,-0.00411598422532386,-0.05681613978422623,0.010404382653217296
27,Centralized,0.10070919887200393,-0.028131823753209023,-0.031885074678911475,-0.025628203046815345
28,0,0.24408001177214456,-0.1368715207392098,0.05548338247223078,-0.14095119480774604
28,1,0.09383525951977907,0.03184719647849351,-0.1251581517814551,0.01608965515549044
28,2,-0.0646639895865271,0.08799922457788516,-0.2438601931386116,0.16607566079187183
28,3,-0.16232620128178074,0.16016488334222012,-0.20778722550275566,0.1971392183070606
28,Aggregated,0.017047627751211478,0.044508682817428265,-0.1413877230446306,0.07040588683466986
28,Centralized,0.05223530158951434,0.01733067446090855,-0.1123998768722511,0.038258821272097294
29,0,0.2572927635806036,-0.17400471895472147,0.08566941372022048,-0.18819213445220753
29,1,0.12570208294514565,-0.05071049176426925,-0.0678396053100347,0.0056036102296318875
29,2,-0.0135714730066816,0.0439751228505549,-0.1984979842830162,0.21791851374477586
29,3,-0.12161904483707858,0.1295797240830957,-0.21918960971452986,0.21436418988796557
29,Aggregated,0.05260606362082882,-0.004991321069773841,-0.1101152219441381,0.07655910882942209
29,Centralized,0.08449966487584513,-0.03103655516795689,-0.08052549715863953,0.03644364378900775
30,0,0.23233947284783685,-0.15840996625074885,0.10475876055824701,-0.15043337794308673
30,1,0.157339310028024,-0.05885814125841989,-0.04376842108901089,-0.07444699541619045
30,2,-0.06705417112765512,0.06419904262235991,-0.18594813902265428,0.1956390810100164
30,3,-0.15261421272846212,0.13777652741599827,-0.18415578864306728,0.20408593957620005
30,Aggregated,0.03325759601279635,0.003736814682946857,-0.08755225436304223,0.05432559647454467
30,Centralized,0.06516802693791224,-0.021557211153835878,-0.0585536424492492,0.02187091167009166
31,0,0.2396739770042723,-0.22495473136195024,0.14580730065254707,-0.16205552464763673
31,1,0.1727102725285721,-0.10902664880655706,-0.04742251939223561,-0.03323750172482728
31,2,-0.04228975901787957,0.07592313880664621,-0.2211446998378025,0.1821371190794867
31,3,-0.12675374551219304,0.16977393583846623,-0.23391870553197144,0.1991602462246851
31,Aggregated,0.05219103653141481,-0.012143389585902345,-0.10221319479202233,0.05789581438611409
31,Centralized,0.08232962400599249,-0.04560137222699807,-0.06477137113291148,0.023872386888056856
32,0,0.32410044765121254,-0.12848947325120566,-0.061629654714818995,-0.17109941830998665
32,1,0.20184882393978523,-0.03351283918213764,-0.14040068588655477,-0.005275830423215555
32,2,0.0051411842371042,0.07842939169793141,-0.34466049528672,0.21834008907230654
32,3,-0.07432658382948727,0.18997990094760195,-0.37046088026434626,0.23870642435443737
32,Aggregated,0.10365512054147549,0.033620737857986444,-0.2382128441199452,0.08337868812346075
32,Centralized,0.13818646328660242,0.008062666194965797,-0.21038040576228947,0.04432334697087803
33,0,0.2658487982935818,-0.17854121404198467,0.15031083647921661,-0.21824296088700312
33,1,0.21195291439714217,-0.13635017281561454,0.05772400689454079,-0.17664870938614854
33,2,-0.013809745196529305,0.031887036631165135,-0.1147709725294311,0.17230248808836154
33,3,-0.13911779542499111,0.08208784175177124,-0.09713628952434654,0.16994838250205632
33,Aggregated,0.0728895083720237,-0.04388794165659411,-0.00967187212473537,-0.0018715097594533964
33,Centralized,0.10437477305240178,-0.06559259315873588,0.014949564190894452,-0.03683140004712402
34,0,0.23164138744427157,-0.18628396413206647,0.15260093231109562,-0.17530127665209136
34,1,0.1764078119221153,-0.050383678272105804,-0.06843233637820798,-0.023741741238635743
34,2,-0.028279440991670398,0.05719504846852424,-0.23387555365876292,0.17799266404948577
34,3,-0.0985006725417885,0.12423887175873123,-0.20838497958202784,0.17963679046342904
34,Aggregated,0.06244394118471735,-0.005095184437127476,-0.103581759384543,0.051667569543520024
34,Centralized,0.08971160909531861,-0.0328260546147518,-0.06549443372536408,0.016980069140150097
35,0,0.24539154986768894,-0.20709822493572794,0.13230654939461103,-0.2013321429833367
35,1,0.18960113889666405,-0.0925885784920668,0.019138013195032538,-0.14935280834296738
35,2,-0.018474633560422084,0.03532937987405543,-0.1637135091124809,0.16584549235128251
35,3,-0.1228408881452235,0.09209588644583061,-0.14486835270027976,0.18008125324282684
35,Aggregated,0.06546692713837739,-0.03470996839785709,-0.04915857557945537,0.009610669341259627
35,Centralized,0.09466150387116767,-0.06133556268723497,-0.021376831218740053,-0.024339989572967152
36,0,0.26567932395073174,-0.14956793334796314,0.09407265657053743,-0.17986451188575772
36,1,0.16888265631311283,0.015671255563467795,-0.1126515160497293,-0.04197537556464867
36,2,-0.049942265831922496,0.07541373519301346,-0.27962861774334563,0.2095887512580685
36,3,-0.12778784508212426,0.1690495464433532,-0.28223754816335894,0.23426092991224048
36,Aggregated,0.05416624216931416,0.036289669504974094,-0.15856420950425265,0.06826445933164887
36,Centralized,0.08768758800044374,0.008202655580599323,-0.12066033155185002,0.029717529340676712
37,0,0.250983303105758,-0.19301505096080415,0.17395697083161377,-0.2782699668620903
37,1,0.2153021201622618,-0.1476566754106181,0.041057574244759164,-0.1892245098926262
37,2,0.03291453600445953,-0.018049051062795158,-0.14686691658267315,0.19179865018281317
37,3,-0.08935916848462559,0.09566244577213721,-0.18877357252585977,0.1941693567488567
37,Aggregated,0.09609318706193405,-0.06040679755857037,-0.040953378504772035,-0.006179621234069663
37,Centralized,0.12161345140877555,-0.08202443714263584,-0.0077174636708363465,-0.04948483570934618
38,0,0.30190848818661553,-0.1392885998367898,0.03916430438392585,-0.1743205869069505
38,1,0.22515336923084506,-0.045252417338636115,-0.054304354735537574,-0.05558683849289992
38,2,-0.014881002642677147,0.08375268575169686,-0.3441354899512834,0.21957589528807486
38,3,-0.10786915900491317,0.18231397485544631,-0.32156076878178425,0.24208327955804454
38,Aggregated,0.09133984697935743,0.027838157342851975,-0.18214819448463218,0.07051833533889168
38,Centralized,0.12515167527661206,0.0014973202747975989,-0.14743546132435,0.032169168209826036
39,0,0.25158109647407106,-0.17705494857884166,0.1525212055950902,-0.2330540466087616
39,1,0.20923546872696833,-0.08868656253287223,-0.024949919482682815,-0.13000782575340572
39,2,0.007962096529762411,0.05066871080381527,-0.22316178293954106,0.20669581450643293
39,3,-0.1206215852585278,0.13291821861355588,-0.20226233600416874,0.19714288809936997
39,Aggregated,0.0798780110956302,-0.013026970099669489,-0.08753011720082189,0.023807211297901823
39,Centralized,0.10808269926750634,-0.03888193558017931,-0.05127585467005317,-0.01666362154342287
40,0,0.32284350234541975,-0.13882179767257136,-0.054734702687826174,-0.1769985598724756
40,1,0.20847301780631308,0.005002484461928098,-0.08507587412764532,-0.09937430553709235
40,2,-0.0495533581948115,0.14210264568794054,-0.3549034988956456,0.2256351195421518
40,3,-0.14462930114776096,0.20775035698539634,-0.3324842100306386,0.26085720756839675
40,Aggregated,0.07243633363870221,0.06386793651032237,-0.21547245372746054,0.06467989221196377
40,Centralized,0.11214016438999314,0.03273807975181333,-0.1895918629402995,0.026026246997136498
41,0,0.3059165381999327,-0.23923004475525747,0.18079747278085748,-0.25220074296445666
41,1,0.22363274537989355,-0.20388025108208077,0.11165666251836985,-0.22918105138571818
41,2,0.012541824033185212,0.00930686768033352,-0.14229151305836304,0.17633373812710476
41,3,-0.1041018576548776,0.06458591842304011,-0.11499401664636087,0.1659499893066241
41,Aggregated,0.10033395596888744,-0.08504090138058878,-0.001127006917458366,-0.022739251478351354
41,Centralized,0.1333345441120555,-0.11012511208507791,0.02750823926231023,-0.060167939763971556
42,0,0.26048785795742696,-0.10205811332068095,0.06661364584347597,-0.14123355792249684
42,1,0.16915302585556805,0.09734573923072638,-0.13368759378988396,-0.024843051882940243
42,2,-0.06392479748026082,0.09393517977828547,-0.35149663482095933,0.20112023702115037
42,3,-0.1098340937729932,0.15862861353853855,-0.28380554219044896,0.22029807719791925
42,Aggregated,0.05374179410387524,0.07039747965685691,-0.19022934542757083,0.07498001607538085
42,Centralized,0.08642147665155653,0.04530098235179622,-0.15185371457201916,0.041332454264723824
43,0,0.24223951569795296,-0.22819114200511467,0.14347456520583726,-0.22084911541454103
43,1,0.2587567255567853,-0.2588030058511752,0.1269204636461573,-0.2387190252489747
43,2,0.04347447726671886,0.06534773274450224,-0.10828460688099371,0.12914477040299507
43,3,-0.10588285211055369,0.09992879837855229,-0.11443128704852344,0.13783090720449384
43,Aggregated,0.1046652425143492,-0.07296891202405123,0.004814303472389151,-0.038920897507958484
43,Centralized,0.1284279624086142,-0.0993495557289923,0.027442796233754924,-0.06935035027167197
44,0,0.3240879984358327,-0.09941676122678478,-0.060146596160350195,-0.14065298096981424
44,1,0.2437120388970951,0.03482283334604389,-0.18965003276224401,0.01265523162742162
44,2,-0.059127099182755966,0.13850781852709057,-0.44609973209200543,0.2577819926449149
44,3,-0.06981635046923779,0.2505355233014108,-0.4985788118397518,0.29679770492336255
44,Aggregated,0.09802188729299491,0.08959912264874664,-0.31112188035052624,0.11988160374561634
44,Centralized,0.13392570701236753,0.060324340887418004,-0.27181312657354356,0.07950231702827952
45,0,0.3196955352387505,-0.2210466790784681,0.10568157770849847,-0.2476689523473873
45,1,0.23483751527161442,-0.21001709267898083,0.10757179943318929,-0.2179422759541296
45,2,0.027195230750607678,0.027803259236320987,-0.1434147198442065,0.18571464258512735
45,3,-0.12419065831124149,0.09775571394128103,-0.12244985707093209,0.16560472080679067
45,Aggregated,0.1052416742193032,-0.06950720758374598,-0.019921818233751498,-0.016288469559997548
45,Centralized,0.1398293160894565,-0.09467739111763296,0.0007610724588487557,-0.05386191750278247
46,0,0.29053591933097545,-0.08919613940970661,-0.00125426015737284,-0.13006879123620252
46,1,0.24135311186136987,-0.0278419761029781,-0.10059842040364968,-0.030342583498027143
46,2,-0.03524436544684397,0.07423787298422996,-0.35326556271482557,0.22353520588072362
46,3,-0.11396256410375101,0.18719040561846892,-0.34164905536213963,0.25841917075487925
46,Aggregated,0.08611112662911924,0.04139699933134476,-0.2103613648280397,0.091554098409206
46,Centralized,0.11935143040914502,0.020413845066082344,-0.17772064901868265,0.056626627636681415
47,0,0.25363102984344865,-0.20346385834690364,0.1179239162325254,-0.21388208085005042
47,1,0.3086991750850204,-0.2913634358360093,0.1612109312965753,-0.2999721879085638
47,2,0.039354148828369316,0.0356747655211025,-0.13746927652219998,0.16908093618334583
47,3,-0.10668289912021411,0.09405068045253077,-0.14038954018068614,0.16429623204910423
47,Aggregated,0.11895655152284441,-0.08623241704580137,-0.00593652761433636,-0.03606618229776695
47,Centralized,0.1429408516985259,-0.10751856093319677,0.01534475263195816,-0.06701954480136972
48,0,0.22516624741670047,-0.09645581970965443,0.04851706434880624,-0.11186740482195318
48,1,0.24647139110714736,-0.05361734200188309,0.0016262197549508455,-0.09071870676626938
48,2,-0.06605530940030481,0.06647774344434622,-0.2833009927018972,0.19516814798256674
48,3,-0.12363093130500512,0.1386470026074605,-0.2154783410675115,0.19532886509129258
48,Aggregated,0.06296731020322247,0.018798459258258873,-0.1220056421009473,0.05566654780021077
48,Centralized,0.0904396196245556,0.00020340057927070257,-0.09503764186580556,0.028382191633864896
49,0,0.24776940263468686,-0.24778119911782234,0.14240842655182767,-0.204627833122483
49,1,0.2908700658672649,-0.3041434351155952,0.16313989984156155,-0.26418498970880433
49,2,0.017806054384399306,0.06164811779230059,-0.1489803188191194,0.1482325379121247
49,3,-0.1348006521335216,0.10460370781286099,-0.12601362856406087,0.1607140051648702
49,Aggregated,0.10000737677421083,-0.08894433966384846,1.6736724623635235e-05,-0.03132891553864112
49,Centralized,0.1259632126003296,-0.11644211126385233,0.023813684871532362,-0.0611267612307047
50,0,0.24155596862364437,-0.16969413097703182,0.1323570593137333,-0.18276609136895963
50,1,0.2963244988375018,-0.20271301443416231,0.12191806972592485,-0.16351731621858623
50,2,-0.03627130572388043,0.05711873128861944,-0.20972930484659183,0.19215200995614942
50,3,-0.13298561940759826,0.10366154602489865,-0.14088933216138266,0.16856587834801115
50,Aggregated,0.08557484337281215,-0.0473127261959702,-0.033632851202541586,0.01413968873335398
50,Centralized,0.11283491034978405,-0.06836946702403314,-0.006746034265513224,-0.01791473753128416
