Round,Evaluator,2,1,0,3
0,0,,,,
0,1,,,,
0,2,,,,
0,3,,,,
0,Aggregated,,,,
0,Centralized,,,,
1,0,,,,
1,1,,,,
1,2,,,,
1,3,,,,
1,Aggregated,,,,
1,Centralized,0.8711652755737305,0.8971050977706909,0.8762968182563782,0.8488523960113525
2,0,,,,
2,1,,,,
2,2,,,,
2,3,,,,
2,Aggregated,,,,
2,Centralized,0.8631082773208618,0.9496278166770935,0.8639475703239441,0.8852698802947998
3,0,,,,
3,1,,,,
3,2,,,,
3,3,,,,
3,Aggregated,,,,
3,Centralized,0.8044617176055908,0.9451864361763,0.8091153502464294,0.8036458492279053
4,0,,,,
4,1,,,,
4,2,,,,
4,3,,,,
4,Aggregated,,,,
4,Centralized,0.7934070825576782,0.9453749656677246,0.7938123345375061,0.7734261751174927
5,0,,,,
5,1,,,,
5,2,,,,
5,3,,,,
5,Aggregated,,,,
5,Centralized,0.7713618278503418,0.9458728432655334,0.7609171271324158,0.7341201305389404
6,0,,,,
6,1,,,,
6,2,,,,
6,3,,,,
6,Aggregated,,,,
6,Centralized,0.8304569125175476,0.9428738355636597,0.815199077129364,0.8031443357467651
7,0,,,,
7,1,,,,
7,2,,,,
7,3,,,,
7,Aggregated,,,,
7,Centralized,0.8157204985618591,0.9385802745819092,0.7990953922271729,0.7796647548675537
8,0,,,,
8,1,,,,
8,2,,,,
8,3,,,,
8,Aggregated,,,,
8,Centralized,0.705161452293396,0.9380457401275635,0.6834284663200378,0.6436995267868042
9,0,,,,
9,1,,,,
9,2,,,,
9,3,,,,
9,Aggregated,,,,
9,Centralized,0.8168517351150513,0.9209643006324768,0.8001485466957092,0.7792458534240723
10,0,,,,
10,1,,,,
10,2,,,,
10,3,,,,
10,Aggregated,,,,
10,Centralized,0.6836873292922974,0.9280955791473389,0.6533496379852295,0.5927821397781372
11,0,,,,
11,1,,,,
11,2,,,,
11,3,,,,
11,Aggregated,,,,
11,Centralized,0.7801910042762756,0.9158493876457214,0.7513784766197205,0.7260757684707642
12,0,,,,
12,1,,,,
12,2,,,,
12,3,,,,
12,Aggregated,,,,
12,Centralized,0.6441500186920166,0.9424041509628296,0.6388413906097412,0.5649620890617371
13,0,,,,
13,1,,,,
13,2,,,,
13,3,,,,
13,Aggregated,,,,
13,Centralized,0.7291733026504517,0.9079327583312988,0.704336941242218,0.6567228436470032
14,0,,,,
14,1,,,,
14,2,,,,
14,3,,,,
14,Aggregated,,,,
14,Centralized,0.6653763055801392,0.9025329947471619,0.6227819323539734,0.5736249089241028
15,0,,,,
15,1,,,,
15,2,,,,
15,3,,,,
15,Aggregated,,,,
15,Centralized,0.7803568840026855,0.8967412710189819,0.7575761675834656,0.7237930297851562
16,0,,,,
16,1,,,,
16,2,,,,
16,3,,,,
16,Aggregated,,,,
16,Centralized,0.6982307434082031,0.8895567655563354,0.6691469550132751,0.6412461996078491
17,0,,,,
17,1,,,,
17,2,,,,
17,3,,,,
17,Aggregated,,,,
17,Centralized,0.7355490922927856,0.8942962884902954,0.7054192423820496,0.6611850261688232
18,0,,,,
18,1,,,,
18,2,,,,
18,3,,,,
18,Aggregated,,,,
18,Centralized,0.5113101601600647,0.8800166845321655,0.48110365867614746,0.37021663784980774
19,0,,,,
19,1,,,,
19,2,,,,
19,3,,,,
19,Aggregated,,,,
19,Centralized,0.6832770109176636,0.8790656924247742,0.6467475891113281,0.5897407531738281
20,0,,,,
20,1,,,,
20,2,,,,
20,3,,,,
20,Aggregated,,,,
20,Centralized,0.5137602090835571,0.9079796075820923,0.4556323289871216,0.3379669487476349
21,0,,,,
21,1,,,,
21,2,,,,
21,3,,,,
21,Aggregated,,,,
21,Centralized,0.7872405052185059,0.9003943800926208,0.7625123858451843,0.7285428047180176
22,0,,,,
22,1,,,,
22,2,,,,
22,3,,,,
22,Aggregated,,,,
22,Centralized,0.6360816955566406,0.8695169687271118,0.5786334276199341,0.5468237996101379
23,0,,,,
23,1,,,,
23,2,,,,
23,3,,,,
23,Aggregated,,,,
23,Centralized,0.7531923651695251,0.8827022314071655,0.7253319621086121,0.6863744854927063
24,0,,,,
24,1,,,,
24,2,,,,
24,3,,,,
24,Aggregated,,,,
24,Centralized,0.5001962184906006,0.9007269144058228,0.4306727945804596,0.3245401680469513
25,0,,,,
25,1,,,,
25,2,,,,
25,3,,,,
25,Aggregated,,,,
25,Centralized,0.7460377216339111,0.8794426918029785,0.7159848213195801,0.6811806559562683
26,0,,,,
26,1,,,,
26,2,,,,
26,3,,,,
26,Aggregated,,,,
26,Centralized,0.5147087574005127,0.8564236760139465,0.4406145513057709,0.33536720275878906
27,0,,,,
27,1,,,,
27,2,,,,
27,3,,,,
27,Aggregated,,,,
27,Centralized,0.6774255633354187,0.8587678670883179,0.642482578754425,0.5797547101974487
28,0,,,,
28,1,,,,
28,2,,,,
28,3,,,,
28,Aggregated,,,,
28,Centralized,0.4912905693054199,0.8732224106788635,0.41643738746643066,0.29713505506515503
29,0,,,,
29,1,,,,
29,2,,,,
29,3,,,,
29,Aggregated,,,,
29,Centralized,0.6377117037773132,0.879622757434845,0.5918031334877014,0.5283693075180054
30,0,,,,
30,1,,,,
30,2,,,,
30,3,,,,
30,Aggregated,,,,
30,Centralized,0.58543860912323,0.8755080699920654,0.5240316390991211,0.43864741921424866
31,0,,,,
31,1,,,,
31,2,,,,
31,3,,,,
31,Aggregated,,,,
31,Centralized,0.5316039323806763,0.8445757627487183,0.46289417147636414,0.3602037727832794
32,0,,,,
32,1,,,,
32,2,,,,
32,3,,,,
32,Aggregated,,,,
32,Centralized,0.5199753046035767,0.8835852742195129,0.44226884841918945,0.32874375581741333
33,0,,,,
33,1,,,,
33,2,,,,
33,3,,,,
33,Aggregated,,,,
33,Centralized,0.7450104355812073,0.8921327590942383,0.7102764248847961,0.6753515005111694
34,0,,,,
34,1,,,,
34,2,,,,
34,3,,,,
34,Aggregated,,,,
34,Centralized,0.4268392026424408,0.8445545434951782,0.33671703934669495,0.18489816784858704
35,0,,,,
35,1,,,,
35,2,,,,
35,3,,,,
35,Aggregated,,,,
35,Centralized,0.5344299674034119,0.8635133504867554,0.4659349024295807,0.3553575873374939
36,0,,,,
36,1,,,,
36,2,,,,
36,3,,,,
36,Aggregated,,,,
36,Centralized,0.4882924258708954,0.8445266485214233,0.4005230665206909,0.289939820766449
37,0,,,,
37,1,,,,
37,2,,,,
37,3,,,,
37,Aggregated,,,,
37,Centralized,0.6012453436851501,0.8598807454109192,0.5438748002052307,0.4634571373462677
38,0,,,,
38,1,,,,
38,2,,,,
38,3,,,,
38,Aggregated,,,,
38,Centralized,0.388980895280838,0.8025177717208862,0.3006570041179657,0.1348419487476349
39,0,,,,
39,1,,,,
39,2,,,,
39,3,,,,
39,Aggregated,,,,
39,Centralized,0.6175828576087952,0.8603020310401917,0.5554426312446594,0.4872434139251709
40,0,,,,
40,1,,,,
40,2,,,,
40,3,,,,
40,Aggregated,,,,
40,Centralized,0.4572465419769287,0.8667891621589661,0.35641953349113464,0.22507037222385406
41,0,,,,
41,1,,,,
41,2,,,,
41,3,,,,
41,Aggregated,,,,
41,Centralized,0.7241653800010681,0.8886297941207886,0.6772685050964355,0.6501854658126831
42,0,,,,
42,1,,,,
42,2,,,,
42,3,,,,
42,Aggregated,,,,
42,Centralized,0.378562331199646,0.8242045044898987,0.262991338968277,0.10782220959663391
43,0,,,,
43,1,,,,
43,2,,,,
43,3,,,,
43,Aggregated,,,,
43,Centralized,0.6250748634338379,0.8694175481796265,0.5744724273681641,0.49783140420913696
44,0,,,,
44,1,,,,
44,2,,,,
44,3,,,,
44,Aggregated,,,,
44,Centralized,0.363461971282959,0.7759678363800049,0.2553580403327942,0.08820128440856934
45,0,,,,
45,1,,,,
45,2,,,,
45,3,,,,
45,Aggregated,,,,
45,Centralized,0.7387373447418213,0.8961677551269531,0.7027304768562317,0.6613601446151733
46,0,,,,
46,1,,,,
46,2,,,,
46,3,,,,
46,Aggregated,,,,
46,Centralized,0.40620917081832886,0.8456199765205383,0.2894146144390106,0.12690290808677673
47,0,,,,
47,1,,,,
47,2,,,,
47,3,,,,
47,Aggregated,,,,
47,Centralized,0.6460890173912048,0.8847072124481201,0.5931698679924011,0.5250316262245178
48,0,,,,
48,1,,,,
48,2,,,,
48,3,,,,
48,Aggregated,,,,
48,Centralized,0.36624765396118164,0.7602603435516357,0.26007217168807983,0.06669110059738159
49,0,,,,
49,1,,,,
49,2,,,,
49,3,,,,
49,Aggregated,,,,
49,Centralized,0.5562077760696411,0.8678877353668213,0.49166274070739746,0.3892386257648468
50,0,,,,
50,1,,,,
50,2,,,,
50,3,,,,
50,Aggregated,,,,
50,Centralized,0.3701947331428528,0.757797360420227,0.26233887672424316,0.057512134313583374
