Round,Evaluator,2,1,0,3
0,0,,,,
0,1,,,,
0,2,,,,
0,3,,,,
0,Aggregated,,,,
0,Centralized,,,,
1,0,0.21041445270988315,0.13956783563584838,0.09121501948281974,0.2952532766560397
1,1,0.2730371415138693,0.1721908791725435,0.17736248236953456,0.08685942642219087
1,2,0.09632808774439672,0.2217453505007153,0.059608965188364345,0.2975679542203147
1,3,0.1446488294314381,0.1789297658862876,0.03985507246376815,0.2536231884057971
1,Aggregated,0.17894758155820378,0.180909725990318,0.09254303904378373,0.2301203592990468
1,Centralized,0.18507521773555027,0.1748953738264903,0.09402216943784641,0.23721864042529126
2,0,0.05676585193057033,-0.03444916755224939,-0.061370882040382546,0.0996280552603613
2,1,0.09449929478138223,0.006817113305124615,0.007522331922896104,-0.04395862717442409
2,2,-0.07582260371959942,0.06676204101096807,-0.045302813543156926,0.12875536480686695
2,3,-0.026477146042363463,0.08723522853957644,-0.0696767001114827,0.1527313266443701
2,Aggregated,0.009181278239414335,0.034979036561536024,-0.04064701719089668,0.08277026116418082
2,Centralized,0.017503676054744927,0.024177129284017652,-0.04267051238547676,0.08276778644949666
3,0,0.05632306057385759,-0.04162238753099541,-0.039319872476089264,0.07562876372653203
3,1,0.08803479078514338,-0.026210625293841088,0.017277856135401986,-0.033968030089327673
3,2,-0.08857892226990934,0.0067954220314735275,0.019432522651406738,0.08667143538388174
3,3,-0.04724080267558529,0.04083054626532886,-0.06479933110367891,0.12137681159420288
3,Aggregated,-0.0013476268692550163,-0.0035263997200974838,-0.014261582136340465,0.06094575255933528
3,Centralized,0.008568035290125528,-0.009699129057798905,-0.016938129170908273,0.06116389548693585
4,0,0.07801983705278072,-0.035688983351045,-0.031792419411973076,0.02665603967410556
4,1,0.08015984955336151,-0.022566995768688286,0.02397743300423133,-0.012458862247296662
4,2,-0.0824988078206962,0.00810681926561757,0.02122079160705768,0.0760610395803529
4,3,-0.051142697881828326,0.045011148272017854,-0.039158305462653316,0.108835005574136
4,Aggregated,0.0017678155752463252,7.556218042997515e-05,-0.004042756769716316,0.050459155037121936
4,Centralized,0.014251781472684086,-0.005768578215134018,-0.007295554801493011,0.045639633525619235
5,0,0.07332624867162592,-0.06287637265320581,-0.07456606447042148,0.037548707049238406
5,1,0.05077574047954866,-0.027738598965679363,-0.007287259050305629,-0.03549600376116598
5,2,-0.06878874582737242,0.01084883166428229,-0.005364806866952797,0.05329041487839772
5,3,-0.057413600891861725,0.020066889632107027,-0.07803790412486068,0.09531772575250835
5,Aggregated,-0.004762359456998136,-0.012370077009188216,-0.03828173760896886,0.0368852724479195
5,Centralized,0.007663160275986893,-0.020105191720393618,-0.042670512385476755,0.035431512272367384
6,0,0.09883103081827845,-0.04799858306765852,-0.04126815444562524,0.0212539851222104
6,1,0.05441937000470146,-0.027150916784203057,0.005289139633286338,-0.019863657733897516
6,2,-0.06080114449213161,0.013829279923700524,0.007391511683357194,0.0524558893657606
6,3,-0.04417502787068004,0.03553511705685619,-0.053651059085841724,0.09740802675585279
6,Aggregated,0.007001145756195202,-0.004456190998515709,-0.0184285908802588,0.03795909944323574
6,Centralized,0.021264562832258815,-0.011367492365117063,-0.021038344078724142,0.034215586472118566
7,0,0.08926673751328375,-0.03241232731137091,-0.014346439957492038,0.001062699256110522
7,1,0.05841560883874001,-0.04196050775740481,0.017042783262811462,-0.01375176304654444
7,2,-0.03922269909394375,-0.006318550309966624,0.011802575107296117,0.0523366714353839
7,3,-0.03623188405797099,0.04124860646599781,-0.03232998885172799,0.0858416945373467
7,Aggregated,0.014067360291777133,-0.009354562922706377,-0.003198871711872055,0.03249494009421785
7,Centralized,0.02590204727971949,-0.01357312521208009,-0.0042416016287750435,0.02686347698224183
8,0,0.07306057385759836,-0.06668437832093514,-0.037105915692525686,0.0009741409847679738
8,1,0.03761165961448051,-0.024682651622002814,-0.00023507287259050733,-0.019746121297602268
8,2,-0.03886504530281352,0.002622794468288022,0.0009537434430138362,0.030996661897949456
8,3,-0.052396878483835,0.018952062430323335,-0.05044593088071353,0.07552954292084726
8,Aggregated,0.001258400036553588,-0.014911998315771061,-0.0200302447853027,0.022377072237401353
8,Centralized,0.012526863476982222,-0.022763262074426013,-0.02191494174867094,0.018238887003732607
9,0,0.08616719801629473,-0.05233793836344313,-0.002745306411618862,0.0018597236981933996
9,1,0.04666196520921486,-0.031382228490832165,0.00740479548660083,-0.00716972261401036
9,2,-0.03326180257510731,0.003934191702432023,-0.002503576537911325,0.044706723891273246
9,3,-0.04236343366778148,0.026477146042363408,-0.03177257525083616,0.07943143812709037
9,Aggregated,0.010433313178195007,-0.011487449329389679,-0.007204211939793854,0.030691148107818603
9,Centralized,0.02225426987897297,-0.017956113561814268,-0.00613618368962789,0.025590996493609314
10,0,0.08111937654976975,-0.06429330499468654,-0.058802692171448824,-0.012221041445270994
10,1,0.01763046544428772,-0.012693935119887126,-0.013869299482839695,-0.009402914903620113
10,2,-0.028016213638531212,-0.0005960896518836337,-0.02491654744873631,0.03493085360038151
10,3,-0.05838907469342252,0.030797101449275388,-0.09378483835005576,0.07288182831661096
10,Aggregated,-0.0008600446297083496,-0.00917677690857964,-0.046131513267470316,0.022833428945993488
10,Centralized,0.01165026580703544,-0.01747539871055312,-0.04705350073521091,0.01690985182671646
11,0,0.07793127878143818,-0.06712716967764792,0.02975557917109457,0.0008855827134254535
11,1,0.054419370004701456,-0.06452750352609309,0.04243065350258579,-0.00975552421250588
11,2,-0.016452074391988536,-0.013352408202193652,0.012637100619933247,0.03433476394849788
11,3,-0.026198439241917504,0.01170568561872909,-0.014214046822742465,0.05546265328874023
11,Aggregated,0.019493913950903326,-0.03184838370139125,0.017417568783943793,0.02094947008007242
11,Centralized,0.02875805904309466,-0.037750254496097715,0.01982241827847529,0.017334011989593907
12,0,0.08537017357421184,-0.05331207934821113,-0.021431101664895508,9.25185853854297e-18
12,1,0.011283497884344166,-0.01763046544428772,0.005171603196991077,-0.01998119417019277
12,2,-0.026108726752503576,0.0010729613733905334,-0.006318550309966614,0.02849308536003815
12,3,-0.04501114827201783,0.037207357859531796,-0.050027870680044634,0.07120958751393534
12,Aggregated,0.002192385214479611,-0.006157574643540724,-0.017269447587168373,0.02034101784472428
12,Centralized,0.014647664291369739,-0.013460015835312747,-0.017249179957018423,0.016400859631263448
13,0,0.07660290471130003,-0.07447750619907897,0.013903648600779325,-0.027718738930216074
13,1,0.03573107663375647,-0.027738598965679383,0.022566995768688286,-0.009402914903620135
13,2,-0.02610872675250357,0.0001192179303767434,-0.004411063423938932,0.046137339055794
13,3,-0.04389632107023412,0.012402452619843934,-0.028010033444816073,0.06953734671125977
13,Aggregated,0.0071570389541254775,-0.019663879179384808,0.0006777107290775958,0.021913416708422728
13,Centralized,0.017956113561814275,-0.027909738717339688,0.0031387852052935372,0.01394073068657394
14,0,0.08483882394615656,-0.06571023733616722,-0.057739992915338316,-0.019837052780729697
14,1,0.013516690173953905,-0.025035260930888575,-0.01939351198871649,-0.02832628114715563
14,2,-0.027420123986647598,-0.00548402479732953,-0.03242727706247019,0.016690510252742003
14,3,-0.05225752508361203,0.022993311036789293,-0.10716276477146047,0.04779821627647712
14,Aggregated,0.0005076354641584645,-0.016054374543826078,-0.05280072273718131,0.004906077644298715
14,Centralized,0.013233797081778085,-0.0236398597443728,-0.05253930550842668,0.0005089921954530008
15,0,0.1021962451292951,-0.06588735387885226,0.017180304640453403,-0.026921714488133214
15,1,0.03725905030559476,-0.022214386459802542,0.041255289139633305,-0.0125763986835919
15,2,-0.015379113018598012,0.012041010968049567,0.012279446828803034,0.05257510729613735
15,3,-0.02550167224080267,0.03135451505016725,-0.005156075808249727,0.07455406911928655
15,Aggregated,0.020422770232912838,-0.008382633269343413,0.0166585232737686,0.02427473188973322
15,Centralized,0.032773441918335006,-0.017164347924442925,0.017277457301210285,0.015976699468385935
16,0,0.08714133900106269,-0.036486007793127904,-0.02550478214665249,-0.0028338646829614103
16,1,0.013986835919134947,-0.009285378467324856,-0.003173483779971805,-0.012811471556182416
16,2,-0.02169766332856458,0.0009537434430138362,-0.02670481640438721,0.024558893657606107
16,3,-0.05560200668896321,0.057831661092530656,-0.08737458193979934,0.07176700111482721
16,Aggregated,0.0018690355592327762,0.004642976894283156,-0.03530066291459635,0.020705165041957966
16,Centralized,0.014760773668137078,-0.0019228594050446912,-0.03297138332767791,0.01640085963126343
17,0,0.08448459086078641,-0.07013815090329434,0.022848034006376212,-0.023379383634431445
17,1,0.008697696285848627,-0.03996238834038554,0.05195110484250117,-0.02632816173013633
17,2,-0.014544587505960882,0.005007153075822612,0.01192179303767286,0.031950405340963293
17,3,-0.048355629877369015,0.022157190635451508,-0.010451505016722401,0.06173355629877367
17,Aggregated,0.0037072946443564934,-0.018228278383209347,0.019257617527919574,0.0124199318095729
17,Centralized,0.015807035403234953,-0.026326207442596988,0.02050107453907929,0.006305847754778882
18,0,0.07545164718384698,-0.026744597945448135,-0.017180304640453458,-0.020899752036840274
18,1,0.01610249177244945,-0.018688293370945002,0.020803949224259526,-0.0012929007992477832
18,2,-0.023485932284215555,-0.007510729613733937,-0.018001907486886043,0.023247496423462067
18,3,-0.04696209587513934,0.05281493868450391,-0.06953734671125976,0.05699554069119287
18,Aggregated,0.0016661417133786594,0.0005536232301031601,-0.020340692304743817,0.015988856533830642
18,Centralized,0.012866191607284241,-0.004100214907815841,-0.01886098857595293,0.01009501187648453
19,0,0.0705809422600071,-0.05109812256464755,0.008767268862911784,-0.034626284094934484
19,1,0.01974612129760227,-0.02491772449459335,0.02914903620122239,-0.019746121297602254
19,2,-0.012398664759179787,0.003576537911301886,-0.002861230329041481,0.03600381497377204
19,3,-0.04152731326644369,0.029821627647714583,-0.028149386845039,0.04821627647714605
19,Aggregated,0.0060656459384398065,-0.008779001720064959,0.0017619595394774694,0.009606820748681598
19,Centralized,0.015920144780002293,-0.015411152584549262,0.0034215586472118122,0.0025166836330731877
20,0,0.08067658519305702,-0.04047113000354228,-0.05074388947927736,-0.023467941905773976
20,1,0.008932769158439139,-0.012929007992477648,-0.005171603196991059,-0.010578279266572658
20,2,-0.008226037195994277,-0.013948497854077258,-0.04089175011921794,0.014425369575584157
20,3,-0.03832218506131548,0.0419453734671126,-0.1057692307692308,0.06535674470457081
20,Aggregated,0.007237837189632293,-0.005251821616608763,-0.04958027110986271,0.012614509433647716
20,Centralized,0.01818233231534891,-0.010830222825472219,-0.04860875466576176,0.00664517588508091
21,0,0.09520014169323414,-0.07819695359546579,0.01478923131420475,-0.025416223875309934
21,1,0.040902679830747524,-0.03361542078044193,0.03949224259520449,-0.027033380347907848
21,2,-0.002742012398664756,0.002980448259418206,0.005603242727706283,0.03850739151168337
21,3,-0.02982162764771462,0.018394648829431426,-0.01644370122630991,0.05964325529542921
21,Aggregated,0.022385802315225065,-0.0197083119624372,0.011027477758333803,0.01311547131787723
21,Centralized,0.03353693021151452,-0.028616672322135512,0.012215812690872055,0.006616898540889038
22,0,0.08439603258944388,-0.019925611052072235,-0.027364505844845927,-0.013726532058094218
22,1,0.0029384109073813114,-0.019863657733897505,0.005524212505876841,-0.00975552421250589
22,2,-0.016809728183118756,-0.006556986170720046,-0.026108726752503614,0.01943252265140674
22,3,-0.035813823857302134,0.04612597547380156,-0.07929208472686737,0.058946488294314404
22,Aggregated,0.0046489332659073335,0.0002522628035625876,-0.031194851459033064,0.01464647848579478
22,Centralized,0.01640085963126341,-0.003336726614636345,-0.029691211401425194,0.00984051577875808
23,0,0.07545164718384698,-0.04038257173219978,0.003188097768331529,-0.038257173219978735
23,1,0.016337564645039947,-0.037023977433004236,0.052303714151386925,-0.010460742830277397
23,2,-0.0025035765379112693,-0.0008345255126370651,-0.00011921793037671564,0.03922269909394374
23,3,-0.03567447045707916,0.03149386845039018,-0.0342809364548495,0.05351170568561874
23,Aggregated,0.010377488535726745,-0.010592685993041428,0.006001744324492431,0.01353864948994984
23,Centralized,0.020190023752969105,-0.01560909399389207,0.0066168985408890475,0.005429250084832073
24,0,0.08466170740347145,-0.033297910024796325,-0.03949698901877436,-0.02780729720155864
24,1,0.010578279266572649,-0.015514809590973205,0.021391631405735773,-0.009402914903620135
24,2,-0.012279446828803053,-0.006080114449213174,-0.02968526466380546,0.018001907486886015
24,3,-0.03497770345596434,0.03887959866220737,-0.07455406911928654,0.06061872909698999
24,Aggregated,0.008204304596121304,-0.0030288115491456068,-0.02930145251493236,0.011845290980075137
24,Centralized,0.019567922180748765,-0.007917656373713425,-0.029634656713041514,0.005429250084832027
25,0,0.07961388593694654,-0.044721927027984394,0.008767268862911801,-0.027718738930216064
25,1,0.020921485660554805,-0.024682651622002828,0.029619181946403384,-0.025858015984955313
25,2,-0.004768717215069117,0.0023843586075345813,-0.0023843586075346,0.03481163567000481
25,3,-0.04124860646599778,0.028706800445930863,-0.028706800445930863,0.05462653288740246
25,Aggregated,0.010439673520358133,-0.008006636616364332,0.0018809404405111803,0.01067444757907101
25,Centralized,0.02095351204614866,-0.013827621309806573,0.0035346680239791983,0.004269878972966888
26,0,0.07244066595820049,-0.02408784980517183,-0.004073680481757029,-0.03365214311016653
26,1,0.007052186177715099,-0.022331922896097794,0.008932769158439139,-0.003526093088857559
26,2,-0.010968049594659043,-0.00548402479732953,-0.02908917501192182,0.015498330948974718
26,3,-0.04138795986622072,0.06034002229654403,-0.07232441471571908,0.04835562987736902
26,Aggregated,0.0035077095856909206,0.002571463173531259,-0.02456510273560418,0.008449668952381362
26,Centralized,0.013827621309806581,-0.002120800814387517,-0.020727293292613986,0.0018945820608528563
27,0,0.07660290471130003,-0.043659227771873865,-0.00894438540559686,-0.038877081119376496
27,1,0.02127409496944055,-0.023154677950164567,0.04149036201222376,-0.029736718382698618
27,2,-0.0026227944682880124,0.0019074868860276446,0.00047687172150689033,0.028850739151168342
27,3,-0.044314381270903015,0.027313266443701207,-0.034280936454849475,0.05629877369007804
27,Aggregated,0.009744602628301664,-0.00786004965625763,0.0007822107401813372,0.006091953663681421
27,Centralized,0.019963804999434436,-0.013516570523696444,0.0002827734419183307,-0.0013007578328243508
28,0,0.08200495926319516,-0.025150549061282345,-0.024973432518597228,-0.018065887353878863
28,1,0.01868829337094499,-0.0193935119887165,0.020803949224259516,-0.017277856135401976
28,2,-0.016332856461611856,0.00011921793037675266,-0.014902241297091065,0.012517882689556531
28,3,-0.05448717948717946,0.06061872909698999,-0.05811036789297658,0.05532329988851723
28,Aggregated,0.003827066620990348,0.0047616829533312435,-0.018246032245015573,0.008922307313500896
28,Centralized,0.01575048071485129,-0.0003676054744938169,-0.01829544169211625,0.004269878972966851
29,0,0.0853701735742118,-0.03542330853701734,-0.02497343251859722,-0.03560042507970246
29,1,0.01680771039022097,-0.030677009873060615,0.028561354019746108,-0.016102491772449462
29,2,-0.007033857892227009,0.0015498330948974792,-0.014663805436337607,0.03159275154983306
29,3,-0.04779821627647716,0.046125975473801574,-0.05504459308807136,0.05838907469342253
29,Aggregated,0.00827599276194348,-0.003573301544806823,-0.01535376700572634,0.01167874842200157
29,Centralized,0.019935527655242574,-0.008963918108811217,-0.015750480714851262,0.004100214907815869
30,0,0.07128940843074742,-0.024707757704569632,-0.013372298972724045,-0.01726886291179598
30,1,0.021156558533145298,-0.026563234602726842,0.024917724494593303,-0.020921485660554778
30,2,-0.01657129232236527,0.002503576537911325,-0.009895088221268472,0.022532188841201718
30,3,-0.05615942028985509,0.04696209587513936,-0.0517001114827202,0.05922519509476032
30,Aggregated,0.001783957961571235,0.0002110078796368622,-0.011763012767230225,0.011876430962633817
30,Centralized,0.01252686347698223,-0.0041567695961995015,-0.011112996267390596,0.006814839950231873
31,0,0.06234502302515055,-0.03684024087849804,-0.00407368048175701,-0.02674459794544805
31,1,0.019628584861307002,-0.039609779031499766,0.038904560413728244,-0.020333803479078493
31,2,-0.009775870290891728,0.0004768717215069089,-0.012398664759179787,0.02169766332856461
31,3,-0.0465440356744705,0.05518394648829434,-0.05574136008918621,0.05044593088071352
31,Aggregated,0.0038117039615973474,-0.004285748472115857,-0.007822634584386059,0.0076548358821169745
31,Centralized,0.012866191607284258,-0.00998190249971719,-0.006192738378011532,0.0019511367492364984
32,0,0.08882394615657103,-0.021519659936238066,-0.05127523910733267,-0.030906836698547612
32,1,0.013516690173953905,-0.03373295721673717,0.04196050775740481,-0.02033380347907852
32,2,-0.0026227944682880497,-0.003576537911301886,-0.024320457796852667,0.019074868860276567
32,3,-0.04431438127090306,0.056020066889632104,-0.07469342251950949,0.05797101449275365
32,Aggregated,0.010210119176598817,-0.0004733689173335384,-0.02481031908046647,0.007936922441481992
32,Centralized,0.021999773781246457,-0.004467820382309713,-0.02720280511254386,0.001526976586358993
33,0,0.07022670917463687,-0.03303223521076871,0.004870704923839887,-0.03250088558271342
33,1,0.032792665726375174,-0.037259050305594725,0.03326281147155618,-0.03443817583450869
33,2,-0.005603242727706246,-0.00011921793037675266,0.003934191702432079,0.026108726752503576
33,3,-0.053929765886287596,0.033305462653288716,-0.02996098104793755,0.053929765886287624
33,Aggregated,0.008265612072482708,-0.008484547923428917,0.0034899210448181605,0.004808140067975662
33,Centralized,0.0180409455943898,-0.012781359574708726,0.004411265693926053,-0.0015269765863590024
34,0,0.07208643287283033,-0.03560042507970243,0.00726177825008853,-0.028869996457669123
34,1,0.016572637517630467,-0.026915843911612575,0.028796426892336607,-0.01422190879172544
34,2,-0.015021459227467773,-0.00023843586075342205,-0.018597997138769685,0.02098235574630426
34,3,-0.04487179487179487,0.047658862876254156,-0.05379041248606466,0.051003344481605366
34,Aggregated,0.00397084882368863,-0.002725903441374645,-0.00940502961133275,0.008780049504670614
34,Centralized,0.014336613505259601,-0.008228707159823536,-0.006079629001244212,0.0026863476982241876
35,0,0.06907545164718387,-0.051363797378675156,0.0010626992561105497,-0.03790294013460855
35,1,0.027973671838269886,-0.030794546309355884,0.027973671838269848,-0.027973671838269886
35,2,-0.011564139246542676,0.004172627563185492,-0.0041726275631855285,0.024439675727229337
35,3,-0.05142140468227422,0.0349777034559643,-0.037486064659977676,0.053929765886287624
35,Aggregated,0.005711492237785115,-0.008947399419078277,-0.0028334875285194556,0.00494506905893095
35,Centralized,0.01560909399389209,-0.015722203370659427,-0.0015269765863590394,-0.0020925234701957194
36,0,0.08165072617782497,-0.02833864682961391,-0.012575274530641159,-0.021608218207580604
36,1,0.014927127409496954,-0.02103902209685003,0.025740479548660072,-0.015397273154677968
36,2,-0.016928946113495474,0.0023843586075346277,-0.018597997138769657,0.020267048164043882
36,3,-0.0540691192865106,0.04905239687848383,-0.06103678929765887,0.06605351170568563
36,Aggregated,0.0026918085635897968,0.001415929539099114,-0.01612529673614162,0.013516939343568138
36,Centralized,0.014675941635561601,-0.0035912227123628495,-0.01461938694717795,0.007606605587603205
37,0,0.06181367339709529,-0.04162238753099537,0.004782146652497331,-0.05579171094580234
37,1,0.02256699576868831,-0.04184297132110957,0.03902209685002353,-0.0394922425952045
37,2,-0.0028612303290414995,-0.0011921793037672952,-0.0038149737720553356,0.033619456366237484
37,3,-0.04528985507246378,0.031075808249721282,-0.04306020066889632,0.057274247491638806
37,Aggregated,0.006719608532227956,-0.0123342124763236,-0.00041400423850123,0.001568383298807232
37,Centralized,0.015298043207781914,-0.017334011989593917,0.0012724804886325343,-0.0077197149643705625
38,0,0.08581296493092454,-0.017445979454481026,-0.03214665249734322,-0.022405242649663464
38,1,0.019981194170192746,-0.02374236013164081,0.042078044193700044,-0.01574988246356372
38,2,-0.009775870290891775,-0.002384358607534572,-0.028135431568907965,0.015975202670481654
38,3,-0.04765886287625418,0.047937569676700105,-0.05908584169453735,0.05880713489409143
38,Aggregated,0.008483080057665033,0.0013459883011047368,-0.017998458289004964,0.01026019140826817
38,Centralized,0.02021830109716093,-0.002120800814387508,-0.018804433887569295,0.004778871168419879
39,0,0.0662415869642225,-0.032766560396741064,0.0053134962805525725,-0.04091392136025503
39,1,0.019981194170192774,-0.033380347907851445,0.036906440996708985,-0.027738598965679363
39,2,-0.0005960896518836523,0.002503576537911306,-0.010133524082021922,0.026824034334763908
39,3,-0.04933110367892976,0.03901895206243031,-0.04375696767001116,0.0540691192865106
39,Aggregated,0.006572520295853357,-0.005246126040870341,-0.0027984930789786105,0.0050828927062554815
39,Centralized,0.015807035403234932,-0.009981902499717235,-0.0007069336047958267,-0.0024035742563058293
40,0,0.08156216790648245,-0.02825008855827138,-0.05605738575982999,-0.03019837052780731
40,1,0.017865538316878243,-0.023742360131640827,0.03526093088857549,-0.02656323460272686
40,2,-0.006914639961850257,0.006199332379589907,-0.028850739151168286,0.012398664759179806
40,3,-0.051142697881828326,0.05197881828316612,-0.0661928651059086,0.0670289855072464
40,Aggregated,0.006970170607938701,0.002505491397217948,-0.026726022755799703,0.006823703258217744
40,Centralized,0.01832371903630811,-0.0027146250424160134,-0.029691211401425176,0.0005089921954529822
41,0,0.08156216790648246,-0.04277364505844843,0.009298618490967072,-0.0406482465462274
41,1,0.032910202162670425,-0.048895157498824636,0.03831687823225202,-0.04207804419370004
41,2,-0.006795422031473551,0.006556986170720082,0.0027420123986647373,0.027539341917024295
41,3,-0.0496098104793757,0.030379041248606447,-0.030657748049052386,0.04988851727982163
41,Aggregated,0.011385489113183907,-0.012464568532897055,0.005244719002545676,0.00048325908444094533
41,Centralized,0.022282547223164816,-0.01770161746408778,0.0066168985408890475,-0.006447234475738038
42,0,0.08430747431810127,-0.019837052780729707,-0.012221041445270975,-0.00655331207934821
42,1,0.01598495533615421,-0.006817113305124606,0.018335684062059238,-0.010578279266572649
42,2,-0.02277062470195516,0.001311397234144011,-0.030400572246065793,0.008941344778254645
42,3,-0.04988851727982165,0.04682274247491639,-0.05964325529542922,0.06270903010033448
42,Aggregated,0.0029376457233051744,0.006102982002060276,-0.020958741798560585,0.013928644295577114
42,Centralized,0.015241488519398263,0.0018380273724691587,-0.018804433887569295,0.010208121253251906
43,0,0.0536663124335813,-0.04587318455543748,-0.004250797024442106,-0.041799504073680493
43,1,0.02750352609308887,-0.04983544898918665,0.03878702397743302,-0.03338034790785144
43,2,0.001430615164520736,0.015021459227467856,0.005484024797329512,0.022412970910825003
43,3,-0.04515050167224082,0.03901895206243031,-0.03344481605351169,0.04124860646599779
43,Aggregated,0.0075758263451951345,-0.00884967745226246,0.002635945451457414,-0.0010192787730676951
43,Centralized,0.014930437733288116,-0.01515665648682274,0.002488406288881343,-0.007691437620178691
44,0,0.08997520368402412,-0.012752391073326244,-0.04640453418349275,-0.01700318809776828
44,1,0.020686412787964265,-0.019981194170192756,0.028678890456041356,-0.01245886224729667
44,2,-0.014783023366714379,-0.004291845493562235,-0.031235097758702934,0.013113972341440155
44,3,-0.047658862876254204,0.05657748049052396,-0.07720178372352288,0.06326644370122635
44,Aggregated,0.008138253119155062,0.004936894993549301,-0.029883071256785187,0.012566628753218203
44,Centralized,0.020529351883271152,0.0015835312747426815,-0.030991969234249534,0.007521773555027737
45,0,0.08111937654976974,-0.03790294013460857,-0.021076868579525333,-0.0455189514700673
45,1,0.026093088857545844,-0.04372355430183356,0.04254818993888107,-0.03620122237893748
45,2,0.00023843586075345904,0.007629947544110662,-0.0035765379113018303,0.028612303290414892
45,3,-0.05016722408026758,0.03623188405797099,-0.03372352285395763,0.04933110367892978
45,Aggregated,0.011299834079558459,-0.008326264975991149,-0.002435779266622897,0.001198174282893802
45,Centralized,0.022056328469630126,-0.013460015835312792,-0.004185046940391364,-0.006447234475738084
46,0,0.08882394615657101,-0.013549415515409169,-0.02541622387530997,-0.007350336521431096
46,1,0.018218147625763986,-0.021744240714621523,0.02550540667606957,-0.012106252938410916
46,2,-0.016452074391988553,-0.00286123032904149,-0.028373867429661432,0.013352408202193597
46,3,-0.047380156075808255,0.047658862876254184,-0.0588071348940914,0.05852842809364548
46,Aggregated,0.006848622264387299,0.0024813642837736433,-0.021009928737745515,0.013544404821731405
46,Centralized,0.019228594050446784,-0.0005655468838366429,-0.020642461260038436,0.009783961090374401
47,0,0.059953949698901866,-0.0355118668083599,-0.01602904711300035,-0.03710591569252566
47,1,0.028208744710860368,-0.05030559473436763,0.04607428302773861,-0.04231311706629055
47,2,-0.0011921793037672952,0.006199332379589889,0.009775870290891728,0.025274201239866467
47,3,-0.048076923076923093,0.03330546265328873,-0.029403567447045698,0.04751950947603123
47,Aggregated,0.00760583314954905,-0.010708399947911434,0.004337315675656461,-6.644770879020781e-05
47,Centralized,0.015891867435810392,-0.015213211175206428,0.0023187422237303337,-0.006390679787354377
48,0,0.06996103436060926,-0.01735742118313849,-0.0106269925611052,-0.006907545164718402
48,1,0.02644569816643159,-0.017983074753173497,0.023389750822755045,-0.012106252938410916
48,2,-0.021936099189318076,0.0028612303290415178,-0.0252742012398665,0.015736766809728197
48,3,-0.05030657748049055,0.04055183946488292,-0.04779821627647712,0.054208472686733566
48,Aggregated,0.002879458303484487,0.0025171918813855915,-0.014910016913720741,0.013224269480317775
48,Centralized,0.013290351770161765,-0.0009614297025222948,-0.013460015835312755,0.009614297025223428
49,0,0.05313496280552606,-0.04551895147006727,-0.002833864682961401,-0.038788522848033975
49,1,0.03302773859896569,-0.05300893276915843,0.03537846732487074,-0.0337329572167372
49,2,-0.00548402479732953,0.012637100619933247,0.001430615164520736,0.02002861230329041
49,3,-0.04640468227424747,0.032469342251950924,-0.027731326644370124,0.04333890746934226
49,Aggregated,0.006698398271351193,-0.011914089303621254,0.0023168262112010472,-0.0006333695823112599
49,Centralized,0.014195226784300399,-0.0177016174640878,0.0023187422237303432,-0.0069562266711910665
50,0,0.0659759121501948,-0.031083953241232736,0.008235919234856559,-0.03250088558271341
50,1,0.035260930888575466,-0.03126469205453692,0.032204983544898896,-0.023507287259050297
50,2,-0.01692894611349548,0.0030996661897949676,-0.014544587505960873,0.02265140677157848
50,3,-0.05253623188405798,0.03358416945373466,-0.029960981047937558,0.048913043478260886
50,Aggregated,0.005237561775241223,-0.00552233660526112,-0.0012376557900472662,0.005503951884809108
50,Centralized,0.014873883044904418,-0.009897070467141713,0.0008483203257550198,-0.0007352109489876616
