Round,Evaluator,2,1,0,3
0,0,,,,
0,1,,,,
0,2,,,,
0,3,,,,
0,Aggregated,,,,
0,Centralized,,,,
1,0,0.2621721838681659,0.18838816962523805,0.13647299736429344,0.35085649305107475
1,1,0.3057256309578,0.2100917758208276,0.1911905029279086,0.11271425807933028
1,2,0.13963252482995614,0.2837991014472832,0.0884968142236553,0.3727213212168535
1,3,0.18304879589429354,0.23740418586045262,0.07377230103003644,0.3189142699500212
1,Aggregated,0.2199571466913257,0.23291219388132137,0.12206483337890603,0.2856651302630572
1,Centralized,0.22808799406057598,0.22715348271432254,0.127682799498831,0.2903326819232138
2,0,0.06458000103708934,-0.03593076152090496,-0.061694036859038605,0.10197020806759009
2,1,0.10462513928245494,0.013718630958660305,0.0022629625600532194,-0.0402252755867328
2,2,-0.08270213148025778,0.07743583802364114,-0.049557769883596614,0.147389209975146
2,3,-0.03500453833796701,0.1084925893731619,-0.07108395193232327,0.1746233414178504
2,Aggregated,0.009453408964570902,0.04476936866160779,-0.04364681276872741,0.09488238725551645
2,Centralized,0.02013421011546852,0.03188131559034824,-0.04474335711190011,0.08981655608791661
3,0,0.06156365373215017,-0.04877696419965608,-0.0337779604319741,0.07611945774328661
3,1,0.09557284688986682,-0.021826102966155614,0.011702156144819842,-0.03304639259952715
3,2,-0.09871719329362638,0.005113820982447545,0.02577806058756564,0.09778228359983158
3,3,-0.06115846212014367,0.045055902288936335,-0.0660535957311932,0.1330245076123072
3,Aggregated,-0.0045446314148983175,-0.0032568845113805705,-0.01314400581880224,0.06728365055375966
3,Centralized,0.008100186142746962,-0.010894208924581048,-0.013907614277102584,0.06352853116364608
4,0,0.08825260214709209,-0.043894357663127825,-0.025863010004407116,0.02368240342847959
4,1,0.08667547657846199,-0.017782320683087258,0.01909826482940131,-0.00936494734771462
4,2,-0.09192468222341603,0.00503139246636751,0.026710789112049275,0.08542047219042365
4,3,-0.06431478230089295,0.04824083736254627,-0.03726468641814636,0.11799322473013069
4,Aggregated,-0.00028443782142587373,-0.0004016313358821272,-0.002114340600813205,0.055550918240979505
4,Centralized,0.0153641498096736,-0.008001707326748264,-0.0035269508066295696,0.04641811577367964
5,0,0.0796121922949979,-0.07158894662247023,-0.07177316157177546,0.03716388398507073
5,1,0.05470866989686753,-0.027315416277821292,-0.015705837669780277,-0.03446616814762488
5,2,-0.07644817636549019,0.009716399485143001,-0.003584387866972058,0.0595175535194244
5,3,-0.0690339674364171,0.023739015750212273,-0.07689226220880784,0.10219641003365969
5,Aggregated,-0.007440089108183947,-0.013461136352887215,-0.039161913603513884,0.040524653655471365
5,Centralized,0.008206697346700922,-0.02260048287915618,-0.041377591875404705,0.03552625766015558
6,0,0.10877621855558349,-0.05712635712649742,-0.03705652098723521,0.017626834540908676
6,1,0.057819368961294366,-0.026042900487050106,-0.001602014075439658,-0.016323817596729285
6,2,-0.06837216698086257,0.012679345891988889,0.010693253609725608,0.058611832408390595
6,3,-0.055698811530242774,0.03972468659516679,-0.05268427351974864,0.10479812104574053
6,Aggregated,0.004987379760498354,-0.005327113911509935,-0.018230240695689702,0.04170262820407898
6,Centralized,0.022666642848449464,-0.013850313841750941,-0.018812366549266223,0.03383258015124754
7,0,0.10112794874426174,-0.03843930504015453,-0.010307715465442985,-0.003677362320329234
7,1,0.061917337944822716,-0.04149892521409466,0.011272858024745544,-0.00949933305309833
7,2,-0.04629026794783195,-0.00950905882327402,0.015710607664539706,0.060243314983975595
7,3,-0.04544175276574752,0.045837133538217285,-0.02953132714656594,0.09505552218989781
7,Aggregated,0.01319310526925577,-0.01022445072594003,-0.0021134416731676637,0.03713886885972512
7,Centralized,0.027742652177063037,-0.0157262010697661,-0.0010725578211080538,0.02720957043383172
8,0,0.08163842519513899,-0.07661099191201597,-0.03440937128779023,-0.0040752236099394394
8,1,0.04049655022572891,-0.02470277864915701,-0.006708336333843735,-0.017014967714224342
8,2,-0.04429231311599282,0.0009664758634819933,0.0034045811946247597,0.035294375784663955
8,3,-0.06317294318396709,0.020448094162041696,-0.04905449783549098,0.08216921998431677
8,Aggregated,-0.0003925133635574868,-0.017059552369975216,-0.020165316808506487,0.024907411375774707
8,Centralized,0.01374676598406005,-0.02646305806973848,-0.019610685688716222,0.017114166918833284
9,0,0.09879228732698819,-0.06036524786373127,0.0008884696320269614,-0.0020211443199298997
9,1,0.049317268376685146,-0.032137278145550424,9.637603638104157e-05,0.00024188376419038982
9,2,-0.03805198667363743,0.0023631241847144324,-0.0012033494270855816,0.050269810800172565
9,3,-0.049169189813238055,0.028522255088549987,-0.028914364517673707,0.08689349607999834
9,Aggregated,0.010724203836817287,-0.013277100364705407,-0.007322573794031833,0.03526466988192721
9,Centralized,0.02519155183771732,-0.02139705285233355,-0.003645268426859231,0.02604163125798146
10,0,0.08668666608044578,-0.07373778718178467,-0.05505900813217044,-0.017034059337608386
10,1,0.016848203299189513,-0.010685828700839303,-0.023039695875917,-0.002725553127668321
10,2,-0.032293565699521166,-0.0017748120547344908,-0.024283447038253008,0.0394755378380377
10,3,-0.07082997256571401,0.03230383719178762,-0.09416374072721734,0.07724782757814251
10,Aggregated,-0.004203322722824187,-0.010549675301503091,-0.04771367450727997,0.025964800634865615
10,Centralized,0.011682923575393495,-0.020676523662611284,-0.045422025234999414,0.015960226570875147
11,0,0.08912761734417267,-0.07808235907262868,0.036777804403789714,-0.004532884063532416
11,1,0.0564222516730247,-0.06682541437982442,0.03901534674768783,-0.0029323039823725785
11,2,-0.021392189635494985,-0.016990929661568465,0.01574277444504595,0.04024383580378
11,3,-0.0329884077032809,0.012882630768092271,-0.010082008842093176,0.06025331816399953
11,Aggregated,0.019277938235857335,-0.03544548164363237,0.019854962421576087,0.0244797727623071
11,Centralized,0.030578954818316517,-0.04307876455694643,0.024614634566207855,0.016779690375737594
12,0,0.09572366483934663,-0.06267010397298382,-0.016971764982811454,-0.0025386388116013883
12,1,0.008620663058657376,-0.017648812073737946,-0.0010974798913108614,-0.015646707524701247
12,2,-0.030659475686195647,0.00015814431269323137,-0.004080454930563508,0.03232303483933783
12,3,-0.05489217258649232,0.04033357247051814,-0.04771255926680642,0.07762080918688107
12,Aggregated,-9.968343129975951e-05,-0.0075748986482926444,-0.0168147744794012,0.023630090757622537
12,Centralized,0.01561081822239066,-0.016532686225006338,-0.013851144386829281,0.016242245317126158
13,0,0.08956498273108837,-0.08529623535475091,0.017406971074887385,-0.036922245362641326
13,1,0.03545286340150694,-0.025488363863642154,0.0166358124256298,-0.0009908991755006962
13,2,-0.03035123357762008,-0.001098766502423687,-0.003983214717825016,0.051985901099874575
13,3,-0.04896297948743467,0.012160973338438638,-0.0260837718281975,0.07498456571953128
13,Aggregated,0.007322879532387836,-0.021702777527558857,0.0004238379405248323,0.025229728758488074
13,Centralized,0.02086189370759638,-0.032274390967255484,0.005622683565245275,0.012739086092464843
14,0,0.08933317207327607,-0.0753710249144391,-0.05039654573978069,-0.02298161706200555
14,1,0.01200363519313713,-0.024801720905983635,-0.027866011152567403,-0.02531376077633189
14,2,-0.03242517034987205,-0.006825494108633932,-0.03254358893806724,0.020305417698090494
14,3,-0.06324862729464702,0.02245694017180208,-0.10739978329447732,0.05046068964686489
14,Aggregated,-0.0030935833730966096,-0.01849774941484319,-0.05362581396486055,0.0067253134922492675
14,Centralized,0.01315908798532689,-0.027869496535548693,-0.04915277779699989,-0.0008795503591156514
15,0,0.11690450875483083,-0.07979960540413066,0.02159633707721655,-0.038387259715313
15,1,0.04016797271185904,-0.02444853219684681,0.037921602929208216,-0.0043031627533605815
15,2,-0.01992597688592489,0.012747511044639698,0.014071659880049428,0.060083323217439345
15,3,-0.03385735418522809,0.03401861459280819,0.0003047284750455255,0.08143133776190524
15,Aggregated,0.020893993144751412,-0.010995186066695653,0.01854366589294925,0.02790398832934663
15,Centralized,0.03534670939569922,-0.02211782968013523,0.021115532258120063,0.014265019414556648
16,0,0.09758827746370687,-0.043768790227978034,-0.019468859544126832,-0.003946275251434733
16,1,0.010431504685523785,-0.005208427592381215,-0.012647474240381021,-0.007309631870773566
16,2,-0.02490789765388768,-0.00017818312940678002,-0.026792343155277436,0.027564190095388685
16,3,-0.06441071900458957,0.06047701896081783,-0.08797948350145508,0.07638661028300765
16,Aggregated,-1.0626626436305298e-06,0.004563870529879012,-0.036746128456191816,0.02392426751744759
16,Centralized,0.016628951433907035,-0.004246370523734971,-0.030350712543545738,0.016446638097053313
17,0,0.09880772677997735,-0.08170432167294968,0.027730345234882946,-0.03059930407102972
17,1,0.00841867072480936,-0.03999815798923898,0.04525952413333432,-0.017724303318511898
17,2,-0.020018704555885086,0.00568443356841646,0.014044151756643003,0.037147973043591916
17,3,-0.0610543671752276,0.025974216073752648,-0.0052926941850992,0.06975391146942723
17,Aggregated,0.0019120364863085483,-0.01949204374830947,0.020363020799549186,0.016656944553388727
17,Centralized,0.016819718559677316,-0.030422846240141254,0.02467308953670976,0.005783104380347172
18,0,0.08578661888480404,-0.0336932243404397,-0.013354013121537056,-0.02534193732899781
18,1,0.01208601438123528,-0.0159014382169545,0.01434866494464504,0.0056674772830579605
18,2,-0.027397268550908228,-0.010512404596614447,-0.0168587470093322,0.02660093608229505
18,3,-0.05340363527673451,0.054824838231742556,-0.07069241974324775,0.06108131723628244
18,Aggregated,4.436091233943687e-05,-0.0004779150947414462,-0.02123502972011886,0.018870940856602993
18,Centralized,0.014602947960082676,-0.007021981165247419,-0.016222187337931477,0.009314757668292132
19,0,0.08349415585826168,-0.06059294216562647,0.012209705267868307,-0.043751015204649496
19,1,0.019597659756211944,-0.02520535093024111,0.024183924281142678,-0.011718298150883858
19,2,-0.015801627336853297,0.003277450879090806,-0.002230103854813601,0.04170762378196103
19,3,-0.04690695325080312,0.03115628926621657,-0.02598629797047249,0.05184626906195799
19,Aggregated,0.006411613425413331,-0.010570817770231656,0.001867902055107229,0.012344655009524697
19,Centralized,0.01867086975701727,-0.019072232739429495,0.0062986474790902676,0.0006650579100158002
20,0,0.08498934064051829,-0.04920819178758192,-0.0442695384940222,-0.027084610672831484
20,1,0.005004820106528816,-0.010750169358018988,-0.014282309281517183,-0.0034711803025358015
20,2,-0.009751592648166755,-0.016860239977201635,-0.04219225220418049,0.015870982918480398
20,3,-0.043721417535419214,0.04212355197786891,-0.10859223611154638,0.06778885116671249
20,Aggregated,0.00531709164506608,-0.007245945549196636,-0.05172810429660732,0.014763843629143167
20,Centralized,0.019489629349924476,-0.015097160139203416,-0.0463327906785534,0.005329772160250333
21,0,0.11103518216563583,-0.09320733374646954,0.01802904996150161,-0.0341281329998157
21,1,0.04070272701927783,-0.03196963470801884,0.03335783388792183,-0.017964038886154037
21,2,-0.005501262605083333,0.0029357303645348074,0.007336732980192763,0.043698195662054434
21,3,-0.03811066738672552,0.020867125688804156,-0.012140698413617543,0.06580268108363359
21,Aggregated,0.022777507996315567,-0.02177307482946235,0.011619998343700411,0.01670250658221736
21,Centralized,0.037201524411303304,-0.034047533904718146,0.015362127746921342,0.005118750009638388
22,0,0.09368943328857722,-0.025579709858003858,-0.02161010262639636,-0.016045437924339972
22,1,-0.0034614508299938285,-0.018738504677703643,-0.0022869233361113386,-0.003271818908980243
22,2,-0.019838062349748414,-0.0088886363421642,-0.026295383067797783,0.021450164408699447
22,3,-0.04123754414229166,0.048079089257696744,-0.08094994041432695,0.0621676172165252
22,Aggregated,0.002676973654965862,-0.0007810027140121604,-0.03254606174262501,0.017254115728572186
22,Centralized,0.01817768072555993,-0.006364481461868882,-0.02704693189129519,0.009154782244269419
23,0,0.08769652745707046,-0.04864867112586594,0.0068802786273764,-0.04773424268513148
23,1,0.016672427030327036,-0.03577964535526071,0.04697512043962385,-0.00010920436190112182
23,2,-0.004793952344797005,-0.001549344040494366,0.0011542491019126504,0.045071900965430074
23,3,-0.04285968659055547,0.03455121158676964,-0.03133510279601406,0.05756716541248608
23,Aggregated,0.010573906440196184,-0.01140983081542979,0.006436292137855237,0.016967865129014933
23,Centralized,0.022819800895503468,-0.018933316869725086,0.010112817091063172,0.0038635175048054027
24,0,0.09280890248917052,-0.04229179925207469,-0.0335730151602831,-0.032934039202263815
24,1,0.0071238291171006884,-0.014759427657753732,0.015320617329126133,-0.001621719530847369
24,2,-0.014838682116360505,-0.008068199149900831,-0.030794640340064256,0.020069172256659846
24,3,-0.0404951789560599,0.040182801212690716,-0.0756943898511208,0.06412155663411387
24,Aggregated,0.006885650912717221,-0.004917507749563009,-0.030282823278518976,0.014300984734508238
24,Centralized,0.022001334744530282,-0.011924285218127348,-0.027066014396876892,0.0037703486113193074
25,0,0.09357045458444625,-0.05395606550428814,0.0113015373341111,-0.03493892172482125
25,1,0.01870804758248269,-0.022859822768327584,0.02299542248133307,-0.016882104252921054
25,2,-0.007002562121511828,0.0023124591337895053,-0.0009238220112440428,0.039201723509240304
25,3,-0.047379002220516976,0.030309547643159813,-0.0265767633064203,0.059528860263738416
25,Aggregated,0.010590870277820609,-0.009053368548610842,0.0015805321749775142,0.01400951126559211
25,Centralized,0.024307747003368057,-0.01736246714626488,0.006078867593318031,0.002932064418951256
26,0,0.08239412136174434,-0.030285155817332893,0.0005358470762165483,-0.0388086323484361
26,1,0.002035174679516777,-0.021728337396742268,0.0010794832163187051,0.00473117500396994
26,2,-0.013097587256168552,-0.008069708971327952,-0.03019370090285049,0.017663759186738643
26,3,-0.046493994508893105,0.06336124741341499,-0.07460382467537538,0.05177846113534982
26,Aggregated,0.0023692262802330246,0.0014822955117543514,-0.02657452368230966,0.011033208991369337
26,Centralized,0.016245777532340938,-0.005279928022864561,-0.018958031262089087,0.000709011596811332
27,0,0.08970707243694616,-0.05418915708068122,-0.00665050846185115,-0.047754346288200744
27,1,0.019054767657828525,-0.02193911968771406,0.035898206742014764,-0.01900017556521913
27,2,-0.00476446786809422,0.0019535002247833186,0.002614848896468865,0.032281700546392934
27,3,-0.05235999375128967,0.028285711733975576,-0.03137130699892785,0.06141040311014243
27,Aggregated,0.009266816937522989,-0.00946041525790467,0.0010889635261562309,0.009337553465060374
27,Centralized,0.022631586183551777,-0.01760775792743453,0.003329930336196616,-0.0030657392222030546
28,0,0.0934998215016394,-0.03208666494600663,-0.0211820170498289,-0.022677557728323305
28,1,0.01459859347952211,-0.015576891309261126,0.012102155827229483,-0.01009308402442885
28,2,-0.020461057662600396,-0.0007766993583514237,-0.01392546923537033,0.0144037063676474
28,3,-0.06530977983666765,0.06613046815853169,-0.05775521916889115,0.06099345173996281
28,Aggregated,0.0012749262347221194,0.005464226054195373,-0.019415355607344205,0.011814942238819421
28,Centralized,0.017373734945524744,-0.002510063992703232,-0.01591912147525003,0.003209462391284288
29,0,0.09734793426593762,-0.04494710036506747,-0.021623622139901533,-0.04444159645807478
29,1,0.013479058101763383,-0.026973626912758442,0.020403700529501825,-0.007537166643684497
29,2,-0.008900180762979992,0.0004936176886086718,-0.014244660908194004,0.035530191499609086
29,3,-0.05514828735198005,0.04922834828893267,-0.05501859582449372,0.06298754387555551
29,Aggregated,0.007519944356944773,-0.004080544220629797,-0.016706869058297415,0.014367675203935235
29,Centralized,0.02300823935566369,-0.01256726000575037,-0.013833607321354802,0.0020147375708074087
30,0,0.08248198811142936,-0.030887097838737266,-0.010408088886306335,-0.021796906864410593
30,1,0.015822486072517888,-0.022196877875640026,0.015708083711432525,-0.011733225056139421
30,2,-0.019099730742932964,0.0013982089617321596,-0.008726270107230863,0.02431246047369115
30,3,-0.0625239781147634,0.04974208676460359,-0.05229187733155157,0.06301370161247227
30,Aggregated,0.00039324471425444384,0.00047804437640545726,-0.013420767640962332,0.014821384351805668
30,Centralized,0.014797329264882345,-0.006751972842703254,-0.009157334563703304,0.005942647928586471
31,0,0.07177859790581304,-0.044371867320382515,-0.0020525871012063435,-0.03184914608651926
31,1,0.016138788978530105,-0.03453482432835361,0.030501897263729465,-0.012771288122214416
31,2,-0.011908415945597245,-0.0012138275758989496,-0.011977607289210481,0.02459424450632844
31,3,-0.05283118373682703,0.05912357848003086,-0.05613413258848426,0.05391143320425262
31,Aggregated,0.002676944315109163,-0.003984294662413748,-0.009619480818960089,0.010278472190860352
31,Centralized,0.01481808409900609,-0.013067823665190529,-0.00427441851270662,0.000850992501803316
32,0,0.09689992240798424,-0.029591504398183543,-0.04647811320567243,-0.03759209895943841
32,1,0.009028150001643448,-0.02979690534875511,0.03268217106371157,-0.011622600673757894
32,2,-0.00364409408103498,-0.0049735328497870586,-0.02456181541768217,0.02115771984348201
32,3,-0.05288697055874846,0.0600209809545775,-0.07591159261115565,0.06270572073043736
32,Aggregated,0.008269293066301647,-0.0004895377054190575,-0.0266555025271034,0.010628454420832706
32,Centralized,0.024030561043144532,-0.00791693130592793,-0.025024876194686813,-0.00016314960431706993
33,0,0.0826304149384921,-0.0396918558204403,0.006917663468148806,-0.03921880238299849
33,1,0.028146270747415537,-0.032041828097610664,0.025048599156846697,-0.024393673606009424
33,2,-0.0075537822155021805,-0.0007468813156188229,0.006465039231807135,0.029038235612215895
33,3,-0.06227837446050285,0.036422075094794885,-0.02944245060911431,0.05933252327390445
33,Aggregated,0.0069752933565024764,-0.007873885797334062,0.0025625085881784337,0.008249363075292405
33,Centralized,0.02049678538475864,-0.015512524947375733,0.006852433446821062,-0.0026060753446046914
34,0,0.08431524506872347,-0.04260966206677932,0.010646463861742617,-0.034495626213182584
34,1,0.011880928779971064,-0.02245702336164812,0.019602196449866827,-0.006892919667387605
34,2,-0.01771704508391807,-0.0015302992940233462,-0.018697424866683493,0.023181283553455657
34,3,-0.053387023895796186,0.05192379884871843,-0.05380088129234938,0.05526410633942715
34,Aggregated,0.002383484159870569,-0.002288250426824057,-0.011179948102425685,0.011237583695800937
34,Centralized,0.01631463381324741,-0.010823286345370378,-0.004045386703503767,0.001703272868037999
35,0,0.08164801428166069,-0.06190723300202797,0.0024741973729972924,-0.04556081494151465
35,1,0.023966522305887843,-0.026068059005142363,0.019844841509173206,-0.018464761894443665
35,2,-0.014494750243251716,0.004319005366564192,-0.0025028555050466603,0.027442086072903438
35,3,-0.06153843593277708,0.03851502343795608,-0.035948802209152794,0.05897221470397379
35,Aggregated,0.003913164319333729,-0.008950595603874852,-0.003855716954748718,0.007980012511391637
35,Centralized,0.01778732799393203,-0.019172571031871016,0.0004360659215173479,-0.003507999604689153
36,0,0.09413818666136993,-0.03491640964525208,-0.009570010660342512,-0.02602371663982721
36,1,0.00929803590787224,-0.017410511990419847,0.016317566597478295,-0.006314513527078028
36,2,-0.019870227675949325,0.0016706778814068364,-0.018147103048447123,0.021846880062437356
36,3,-0.06352060787761714,0.05321885000437802,-0.06144763081463373,0.07174938868787283
36,Aggregated,0.0006072692968991031,0.001858445653110846,-0.01798602839284731,0.016876108671373687
36,Centralized,0.01676323550319858,-0.005942299729968348,-0.012716320484004858,0.006991207200362688
37,0,0.07389180320692432,-0.05034219018833611,0.006824011082978597,-0.06727722617143132
37,1,0.02009567181444516,-0.03937492940857914,0.03001934360568199,-0.02875737762059963
37,2,-0.004858395039445795,-0.001078790002580765,-0.0027547265956672415,0.03844115280151352
37,3,-0.05404086527452657,0.03322070964196078,-0.04206883223262394,0.06291744776126375
37,Aggregated,0.005827177825337659,-0.012916453206028761,-0.0018437154507777824,0.004793279893905059
37,Centralized,0.01761797773053687,-0.020890884987879287,0.003472770582929968,-0.010036865657841593
38,0,0.09597088735456137,-0.023857525117339833,-0.027795189716013413,-0.028457307174322433
38,1,0.015514935434645808,-0.018239921318541557,0.03262367665825028,-0.007389279537081739
38,2,-0.011195263890974258,-0.004328923513122113,-0.02930388649654082,0.016888946568819164
38,3,-0.05422928357823875,0.050988149025880204,-0.05981640685220028,0.0630290815084848
38,Aggregated,0.007366474370499204,0.0017008968074388314,-0.020119283460640118,0.01253650681898694
38,Centralized,0.023002227899839967,-0.004903631287716499,-0.017022507527691133,0.003248745011447359
39,0,0.07769942341018132,-0.04034036077210625,0.008555339647729717,-0.04836388114702728
39,1,0.01710392161298005,-0.029686487400064562,0.027522380167888116,-0.018360114254415628
39,2,-0.0015189685906262147,0.0020329473809396112,-0.009756026908169116,0.030200913631189753
39,3,-0.05629490378876853,0.04162998181451674,-0.04341533821181349,0.058080260186065276
39,Aggregated,0.006187636845809867,-0.005311819170230108,-0.004433076054041692,0.007973675032358903
39,Centralized,0.01878088721324141,-0.012983388940218684,0.0014440544211796191,-0.003984136787681947
40,0,0.08995191445808713,-0.037496506166899195,-0.05245524719427244,-0.038658016026201454
40,1,0.013685619188594187,-0.018976827014680873,0.024880550362940457,-0.017894028378836958
40,2,-0.007165481208292847,0.00557605085922185,-0.030224392452382075,0.012682096225321135
40,3,-0.05497476126112135,0.05430158641935329,-0.06824997836687666,0.07092088748595658
40,Aggregated,0.006570709976119821,0.002264502245896305,-0.02963540837757043,0.008426431599541474
40,Centralized,0.021631519940661075,-0.006545561493048857,-0.028827727604009423,-0.002266021270082056
41,0,0.09727053381051277,-0.0513047342062519,0.01136545447222829,-0.0487896450409386
41,1,0.029789704585347465,-0.044700742459153175,0.029118721345428405,-0.0329458162875542
41,2,-0.009191631373830703,0.007353267629317077,0.005097542789666713,0.03131303908044888
41,3,-0.05957522542284113,0.03384486927270888,-0.029159806223440773,0.05489179546862776
41,Aggregated,0.010658135755642999,-0.012029863424471383,0.004254771986035534,0.0035228975403633223
41,Centralized,0.0256212558927075,-0.02063734353023793,0.009079036520773215,-0.007911439964007902
42,0,0.09649418525110087,-0.02664519999020083,-0.006086225640432773,-0.009031211620546034
42,1,0.011516508702547279,-0.003831092267363001,0.009795352287399714,-0.0034124040751569904
42,2,-0.026734985890449148,0.00042499991811062454,-0.03175760843746356,0.00889276813262957
42,3,-0.05935858089032794,0.050775019593939895,-0.05964948106291972,0.06823140926425302
42,Aggregated,0.0008101803753053968,0.0062256122308996485,-0.022339751453403882,0.016682584291507162
42,Centralized,0.016944767714073206,-0.0004840053758196905,-0.016366408515919,0.009659502629836123
43,0,0.06406219710274766,-0.05469951751119017,-0.004122548944678478,-0.050500743088888966
43,1,0.024784086824522784,-0.043787177731623245,0.030275178931058022,-0.025340452671384572
43,2,0.0010092450301704785,0.01652394165843321,0.00806336382509625,0.025075711061128464
43,3,-0.05241365682946116,0.04269460706565853,-0.03278688842798,0.044530454466994905
43,Aggregated,0.007078266440293268,-0.007734328487014993,0.0012806330832842775,0.0008764174775452343
43,Centralized,0.01742278435435185,-0.018087454771865113,0.00458442319348229,-0.010008005854482934
44,0,0.09742104040184767,-0.018014376567442147,-0.040646981389687774,-0.022409929478634072
44,1,0.016011168909677725,-0.014729581100347203,0.017502569348350983,-0.004608517598449546
44,2,-0.017139998471691963,-0.006678614819738258,-0.03226814778435813,0.013695192472012887
44,3,-0.05653680729727911,0.06048729742024453,-0.07849506122061824,0.06854089913862464
44,Aggregated,0.005569701229941202,0.005553741913439164,-0.03227327638985542,0.015010208729522604
44,Centralized,0.022113512950679388,-0.000859551024014286,-0.029248400296711774,0.006166351227780771
45,0,0.09478792949477623,-0.04779161006741861,-0.01918115195734869,-0.05717892878094768
45,1,0.023893881656899273,-0.039923363937086113,0.03344105169229628,-0.025336485441441764
45,2,-0.00021648373907663201,0.008408276465557057,-0.0025316340388311376,0.0320677748958122
45,3,-0.05845635112548939,0.03938014365080906,-0.03264761321582787,0.053733701993086296
45,Aggregated,0.011352955809439113,-0.008361292013062668,-0.003906709942478458,0.0037325030427556617
45,Centralized,0.02563054258094229,-0.017023256181890007,-0.0020776986359625957,-0.009133447990976188
46,0,0.10068195059657814,-0.019414968843164387,-0.018686805360988212,-0.010814333751248628
46,1,0.01323452491336947,-0.018267155436677233,0.016761399447338985,-0.005067018299905995
46,2,-0.019314972238312605,-0.004618649236445976,-0.029832597133505823,0.013850941355712012
46,3,-0.05413517945850732,0.05081527183249177,-0.05948151533999702,0.06277296306993853
46,Aggregated,0.00549849448508932,0.0024890825117701923,-0.022516697747805063,0.015894848479299364
46,Centralized,0.021919044932492016,-0.0032563135400885124,-0.018406183808912225,0.0088092572919449
47,0,0.06951981415598256,-0.04342637062583691,-0.014553285037132898,-0.045246241989863094
47,1,0.02447895654807104,-0.04439632692982992,0.03775237678655027,-0.0337408755164775
47,2,-0.0021676415994881515,0.0067660821192068454,0.013450577905285801,0.028428813856703716
47,3,-0.05715958805120247,0.03625181075825795,-0.026681764321723905,0.05168434022063637
47,Aggregated,0.006060793870576045,-0.009883312182563409,0.00412984273145901,0.002443518777650309
47,Centralized,0.01752137898654151,-0.018044852360457886,0.005278953613402544,-0.008133530590193653
48,0,0.08033396159174232,-0.023586552625106828,-0.00494614830746538,-0.01039662259322439
48,1,0.02279833288587257,-0.013858731313329676,0.013959533386242895,-0.004805491489809087
48,2,-0.02590978587317816,0.00223502996809416,-0.0264343658874438,0.016693449695228235
48,3,-0.05942892315316139,0.04403745481673194,-0.04753674406010428,0.05883341379056576
48,Aggregated,0.0006790458523004764,0.0030185592177629367,-0.016500157513771874,0.015861254962772204
48,Centralized,0.014570867973433191,-0.003079890918404623,-0.011308033122209774,0.009172416116298284
49,0,0.0629072680496408,-0.053800038196613505,-0.003100726812189832,-0.046341513238155906
49,1,0.030512191651331188,-0.04780562977476691,0.027587494685265935,-0.02665854684405808
49,2,-0.0068465580448167085,0.014055702558602187,0.0038561012823779364,0.022438920789009997
49,3,-0.05349199168380154,0.03506150696691058,-0.02622757697800211,0.04674635309440601
49,Aggregated,0.005907900821654559,-0.011203664189658872,0.0012391817168601162,0.001204156335923392
49,Centralized,0.0164771738920228,-0.02084017530018234,0.004293952169818112,-0.008919819025469197
50,0,0.07825642217211563,-0.037089266262227465,0.010406960671614016,-0.03942454879529262
50,1,0.03079666176277802,-0.02502110262712016,0.023127376415014823,-0.016477031619562366
50,2,-0.019960223791789366,0.0025067463040495583,-0.014554583066937734,0.024813754008281907
50,3,-0.06087972810427178,0.03680700047835526,-0.029402512728182062,0.05344026410940297
50,Aggregated,0.003670697981664921,-0.004467276361179592,-0.003066140801774874,0.007669652949845988
50,Centralized,0.017208576467063103,-0.0120963880375455,0.002413985213513085,-0.002035990929032653
