Round,Evaluator,1,5,3,4,0,2
0,0,,,,,,
0,1,,,,,,
0,2,,,,,,
0,3,,,,,,
0,4,,,,,,
0,5,,,,,,
0,Aggregated,,,,,,
0,Centralized,,,,,,
1,0,0.32417047885537226,0.2753251617580071,0.30879598271530945,0.3199857404677882,0.31206657287618367,0.31389563367443585
1,1,0.366875778167341,0.38239052714135485,0.3801760659328949,0.37594623941693217,-0.3428511201750558,0.36171001883103143
1,2,0.3624229063147354,0.3945764744463565,0.38178940077920587,0.3802406477826274,-0.34095343692598173,0.367031153001091
1,3,0.37030746504528134,0.35999942955364134,0.39339346640396605,0.38286182596005214,-0.35767516914402253,0.37296242797659934
1,4,0.36678978683764496,0.34867492294516705,0.37923699669670313,0.3815753836487025,-0.3250322266673098,0.35660453301719236
1,5,-0.5919968023391773,1.6696360938082608,-0.5474068130760548,-0.5230306253573859,-1.1021583611406054,-0.6356891375190133
1,Aggregated,0.08074399366033297,0.7401239222488618,0.1019705362450653,0.10840159838885444,-0.48596294517280225,0.06552708137937302
1,Centralized,0.06896370506245152,0.7566859857852257,0.09066209712213917,0.09738232343450005,-0.49803151792452943,0.053260055367480616
2,0,0.04616626526195102,-0.02216976316550739,0.01157579735031251,0.046345291334421085,-0.01163220332900617,0.022959526644248662
2,1,0.1121685220764609,0.010939351647614783,0.08524075061325631,0.094988775693536,-0.27441795075957576,0.07712491583199735
2,2,0.10463845849124159,0.024768921067778452,0.07790596742708375,0.08852485453940735,-0.26620278866147545,0.07442065436938458
2,3,0.11842920970700506,0.009606631237683093,0.09733249496893108,0.09902132895186701,-0.28791059735205626,0.08380460391700552
2,4,0.1130646003844871,0.003990612206140978,0.09147853862726327,0.09800918694421329,-0.2741327111122112,0.07301597757676204
2,5,0.0602520659929056,2.723245935718627,0.05551630379326896,-0.2386661165038446,-0.5376762140162625,-0.013109534023571259
2,Aggregated,0.0889900498334873,0.8021952332246177,0.06931158812488167,-0.008485025246058996,-0.3207327547797125,0.0441785739128884
2,Centralized,0.08860516966487142,0.836121771658325,0.06920948666598711,-0.01245251704404149,-0.3250442425372437,0.04326869945698269
3,0,0.0040129483855307025,0.026401382493821762,-0.008885906629595803,0.011547557302341157,0.030847523459091145,0.009880059059562622
3,1,0.06634409588751937,0.08118802347113141,0.04979717025962138,0.06757247035262745,-0.14568020880149948,0.03773672870933892
3,2,0.05551027846144359,0.07041669848670984,0.049169758980103784,0.061898336354221054,-0.14789303812502835,0.033699130193479705
3,3,0.06653656853955635,0.07294365023969569,0.05893644259400613,0.06997096642974857,-0.15206393017812886,0.038997169396028
3,4,0.06694826477938776,0.06841182148072261,0.05972508971373895,0.06956859867286938,-0.14584234343685587,0.03215406607719816
3,5,-0.20598272544980895,2.0819857769469503,-0.5293260127121152,-0.5292118796714473,-0.6423260668597042,-0.43053032810322006
3,Aggregated,-0.022368977267004736,0.6559670633136044,-0.1241564890436085,-0.11412965337408987,-0.27125294455222154,-0.10398386655517095
3,Centralized,-0.025495173322525672,0.6811904303213533,-0.13118156751244983,-0.1213437235974187,-0.2781239307565221,-0.109692483978492
4,0,0.009642375628184267,-0.004764591445113769,-0.0003494281543616957,0.025677031454023117,0.003161682470685139,-0.015119748052419441
4,1,0.04402339715712033,0.038625676299401154,0.04136283821712009,0.04742880925144598,-0.24722246002585635,0.04325925554403826
4,2,0.038817376941094946,0.05329751804371579,0.041744454534870454,0.05216707246308831,-0.2531441762042376,0.04549070203898522
4,3,0.041654990682153184,0.04684906328317465,0.04361676007325738,0.04414047026080744,-0.267075129099175,0.05895471901760297
4,4,0.03650151374458654,0.043316417408689446,0.041673062998176275,0.0344592608086155,-0.24829688563968813,0.04885245165151993
4,5,-0.22580213421246562,2.458414355884776,-0.15386628539099545,-0.6899483492000253,-0.7405966321235139,-0.1526821440060158
4,Aggregated,-0.041346730870463214,0.7462068717500977,-0.020389724294985374,-0.17284348636126828,-0.3656323773400791,-0.017681264370276104
4,Centralized,-0.04454159987320667,0.7764813657672963,-0.022663984505870344,-0.18192401927824126,-0.37271654372993057,-0.019942463140905437
5,0,0.001537862969187281,0.007588296635055225,-0.005237218865004837,-0.005174132144059217,-0.00692045112701499,0.0034613376182259224
5,1,0.03955437171504351,0.04825691219270633,0.027878283680552576,0.022809074846669226,-0.15181378111644317,0.046341372294973454
5,2,0.026139633406868326,0.036643427442746096,0.02930317552404012,0.020441408782722683,-0.15531539522422877,0.04890924860291598
5,3,0.031091879024291207,0.031099533536310862,0.030620100542853048,0.022224613551504045,-0.1661195833523869,0.058336027079064934
5,4,0.02235110045731755,0.03407748660981755,0.030284950984704004,0.0166979993817307,-0.14243598442618788,0.04622567224722946
5,5,-0.20590679320775737,1.5740437203383157,0.0759684885991422,-0.6299829573286198,-0.7064723582306013,0.047718032926306324
5,Aggregated,-0.04263629977007584,0.4839646957554119,0.03895581259884845,-0.17307586513320614,-0.298124607047586,0.04372121574997441
5,Centralized,-0.045462395189523906,0.5032352705242484,0.039672541906184376,-0.18108237126451168,-0.3055939426368142,0.043877580458186655
6,0,0.02831911822730349,-0.03563052117860941,0.02949561353392757,-0.0038212106605515204,-0.06855807275605917,-0.043759689132857514
6,1,0.04543465778055633,-0.03347773572895532,0.04847222048831198,0.00913784480861137,-0.13431426386657433,-0.018239866774487364
6,2,0.039834338238248286,-0.04066333315682639,0.04814469304301434,0.0017200046791821589,-0.12200951032419845,-0.015440980922293226
6,3,0.045050289118027644,-0.03473387653396044,0.047947076018111295,0.013289769141752651,-0.11710492099153501,0.0028630845389481267
6,4,0.03718725713642972,-0.029658103104365167,0.052306484137157966,0.021994884672573906,-0.09784862837518976,0.005533336015048163
6,5,-0.10585049964144218,1.219997523233778,-0.5288237848676558,-0.23137984239496218,-0.5295231563271753,-0.28839537536438137
6,Aggregated,-0.0030178688725369497,0.3327186215970199,-0.12245206360195907,-0.06145464447492159,-0.2324946794870404,-0.09342965018991739
6,Centralized,-0.004805477621505466,0.3483609003344299,-0.12957869884378415,-0.06442142098105046,-0.23782131434669915,-0.09679690364793435
7,0,0.031861442864922235,0.013965762100587706,0.024263618614317382,-0.012235736786290214,-0.005297477755206966,0.017824763188987437
7,1,0.035023004077725045,0.029712307909399646,0.046547565162982626,0.004190054949460093,-0.09138317000150455,0.06477746175146477
7,2,0.045781269567424995,0.021055392465359046,0.04281551706984763,0.004409290295266309,-0.09506930365320386,0.06607418929122283
7,3,0.03284367650260605,0.013713280315585092,0.03869605134802919,0.010837528176496296,-0.10456343238734021,0.06949512602857769
7,4,0.010927462411884392,0.019372035309784215,0.028847808697368253,0.011990867631649487,-0.09012763393438536,0.05939964443793144
7,5,-0.1548409856515662,1.6555173933056055,-0.25847607960468433,-0.44743257339275216,-0.21348637610106666,0.12768462957231888
7,Aggregated,-0.02324356402957925,0.49887190913114293,-0.049763087616357976,-0.12790414550946833,-0.11911070383855224,0.07766338466319035
7,Centralized,-0.025564295210332506,0.5192732961068927,-0.0534145568062202,-0.1334994698320112,-0.12094066647688212,0.07863225379056495
8,0,-0.03393283574320356,-0.014104117654164248,0.02628887247030759,-0.025638267805242206,0.016719072674923913,-0.018636230970987332
8,1,-0.03202135637879597,-0.018840218078668636,0.029149751682478957,-0.013857743428873663,-0.015457779461838723,-0.01286945011015231
8,2,-0.025574109217207697,-0.023574859188545006,0.03460659217234544,-0.019031281308336676,-0.019990683733371636,-0.01583079795203644
8,3,-0.01918822520722817,-0.02574812420397563,0.019930830666718316,-0.00010762925242410668,-0.021325841808474348,-0.014385175526779518
8,4,-0.01564288402040842,-0.0004977122366468967,0.006414061208820916,0.004140704704356719,-0.032515709828311354,-0.0036654186164878405
8,5,-0.13298845013598737,1.4090198612495186,-0.19537539061086653,-0.5858436855501205,-0.2974482350713962,-0.828637436623285
8,Aggregated,-0.05658889327235231,0.400920415157591,-0.040844612805051875,-0.17890029886768205,-0.09822117192277466,-0.25179943539755006
8,Centralized,-0.05791555788624648,0.41868495926667804,-0.04357557677355596,-0.1860396411313152,-0.1018050966488002,-0.2619547468548035
9,0,-0.013459889358392468,-0.025806795973804253,0.033919652341209076,-0.015191795152482054,0.03301875808585853,0.015201957220497598
9,1,0.0018038144077902145,-0.016964558496171993,0.04613479035278779,-0.007513138560128068,-0.003640483689356995,0.03153160980654154
9,2,-0.001969268888120436,-0.030021757983494327,0.05149275474277141,-0.0033223895356087464,-0.009134813785170866,0.036035966326564334
9,3,0.006522909521685097,-0.024992322371535147,0.04067954064731883,0.011313426632909398,-0.021857246509835913,0.03305299490260156
9,4,0.006841209624787251,0.0013222433123640665,0.034323189220853895,0.018635334163808852,-0.045525912246704436,0.031829429579014225
9,5,-0.16120492566278793,1.0358851850860489,0.018795356213357955,-0.1677794446540317,-0.005355518072502647,-0.2571712813610963
9,Aggregated,-0.04689294623029676,0.2899354100594095,0.034913870007957676,-0.048158155246255566,-0.009373775778513527,-0.05405792500460101
9,Centralized,-0.04887708784028788,0.303099533894524,0.03464676377099773,-0.050229850850513263,-0.00940088765832644,-0.057605265462070565
10,0,-0.02029029882652154,0.038710942744203974,0.027330215313907398,0.005374844137183264,-0.04561285819972544,0.005035613041278354
10,1,-0.0169931863572137,0.031191676597683776,0.04803760506110999,0.021777380469214434,-0.10828033299331143,0.012337864906048783
10,2,-0.016897550219780698,0.032252457824529714,0.04457437646428757,0.01741588379326706,-0.10339072157318666,0.010895858861587362
10,3,-0.0020431568269575354,0.001044177982476784,0.03445472108045862,0.024287326666778478,-0.0954172198801447,0.006400848819637899
10,4,-0.004810033140199653,0.0006035322081625655,0.027801568832468388,0.01953396901084819,-0.09637386496733487,0.0013089716208369128
10,5,-0.2156419295722252,1.3083277983282462,0.08289633871775164,-0.7692370980265794,-0.166490094155,-0.030768782470630966
10,Aggregated,-0.07157455018935423,0.3973973915106695,0.050290841623631545,-0.21247332033699307,-0.11345823895555977,-0.0038657591705633667
10,Centralized,-0.07409484502443274,0.4134134407076326,0.05088642157675885,-0.22225925023754955,-0.11449532739313208,-0.00433525589884475
11,0,-0.021937097888531064,0.01665010707982523,0.0162820196220348,-0.01118565187801767,0.007770371888170184,-0.016869574676949706
11,1,0.0011976286442711512,0.037389308974510246,0.0518406450384218,0.021010150272460507,-0.11967151725858695,0.02659144339481305
11,2,-0.001489478129255981,0.02195199490702759,0.05823849989623068,0.018023972409467095,-0.11315473427114049,0.023307993647524575
11,3,0.01495850007199331,-0.008756570755878138,0.05486786282001467,0.028165739828027354,-0.10527993689480476,0.03059711978850101
11,4,0.015242622704136016,-0.030056691939279557,0.055760779370369315,0.03538734806861027,-0.11580546132786096,0.05023587380771144
11,5,-0.6478092166967951,1.2005834861800253,-0.22857417498967106,-0.2976463839622609,-0.507867832632945,0.06764361326737767
11,Aggregated,-0.18797957676290147,0.35665210396370894,-0.03259743962349952,-0.07346172633492148,-0.214446455445679,0.036978332935197936
11,Centralized,-0.1960310621093349,0.37150727811751694,-0.03598005204566254,-0.07734521428489007,-0.21984256398725302,0.03761003273478613
12,0,-0.004484358415131022,0.01427929662737485,-0.010840420871786232,-0.005792378588810057,-0.001791494734323687,0.0037406215869097426
12,1,0.013651489886457209,-0.00798970169357817,0.0009537040670377426,0.01728485549328354,-0.04090851359989752,0.036213629345226865
12,2,0.013603728419719421,-0.0019336575304857483,-0.0004898340125853922,0.013375190895001962,-0.04349733176046395,0.02252426231239256
12,3,0.01996536830462324,-0.023668474540196154,0.003370862014466278,0.023645122757055725,-0.047295076819386474,0.03604737426565978
12,4,0.020653270684773718,-0.009849726153065353,0.0036305640975734244,0.027285159298799135,-0.050921406548888284,0.03664798123964279
12,5,-0.2819467237394162,1.7034637845986957,0.019013952266872625,-0.5349324803658687,-0.26848473271068246,-0.06917129348109784
12,Aggregated,-0.07315497063760708,0.4942675189827934,0.005364404929939785,-0.1453960344146163,-0.10565847457667307,-0.0005183720340610097
12,Centralized,-0.07679562596200991,0.5155359874017461,0.005628584967279456,-0.15221444689195132,-0.10860969147092402,-0.0016747698463065552
13,0,-0.023974422684676592,0.014535037538905216,0.025455691451539045,-0.015313315145305149,0.011244608004708891,-0.003382478671104283
13,1,-0.030898417366868238,-0.01126683956084713,0.030122905737071912,-0.011771027122927902,-0.015904731339446435,0.008477266642838653
13,2,-0.029058989722683767,-0.009117064319453026,0.03799859104887009,-0.003265863292934168,-0.01430751125485438,0.011978240027862653
13,3,-0.011672323338275357,-0.031903787377080224,0.029209155494696472,0.00851401487333368,-0.013671417853019618,0.01713171553981482
13,4,-0.013534220371356792,-0.020259018389331536,0.01615518262984763,0.01912410238193676,-0.027140858760131694,0.017092429765946857
13,5,-0.3421639269996932,0.972220985294596,-0.06863267068846111,-0.18512020490712883,-0.4892203150524911,-0.24047791386913658
13,Aggregated,-0.11559406485880458,0.27585067462435947,-0.00039007086718000636,-0.05420758018319251,-0.15236530905928555,-0.06281362903201643
13,Centralized,-0.1195826664468445,0.2880655207906918,-0.0015874423540175888,-0.05648128148597144,-0.15835655268866955,-0.06591379295608167
14,0,-0.024047967745576455,-0.024816576875435845,-0.0030428483852874464,-0.010413456128353548,-0.03222743113356792,0.015489775656736442
14,1,-0.011704859910271656,-0.030250996554538015,0.006701858082603677,0.006729704095608523,-0.09550511653199799,0.06161836551059705
14,2,-0.010869755837982479,-0.03734207796194379,0.015171552128056114,0.0028132221290511025,-0.09249299144008634,0.04449277056977452
14,3,-0.0005431782042600283,-0.051517936766256205,0.0154719142165435,0.012436314120506213,-0.09154768161370666,0.04951259541437657
14,4,-0.00043866916491341337,-0.02511622220518377,0.021431637536396347,0.012323629726250796,-0.0850248536104155,0.05045354464836717
14,5,0.09648262145233077,0.9398763222587163,0.025217024830891034,-0.10878804921649916,-0.25304669130784574,-0.622112320402392
14,Aggregated,0.02191639323522927,0.2511347504427097,0.01564850707796416,-0.028077186107949632,-0.13149550016303924,-0.15010427630033793
14,Centralized,0.023264045781690345,0.26325441290134555,0.015850324513217426,-0.029464837134594295,-0.1337466309725825,-0.15835817952094317
15,0,0.005910594666799292,0.020379949791675088,0.01849434177588692,0.012068425324086111,0.004432312664350353,0.019319132411528456
15,1,0.026573042180681936,0.016235905255258032,0.04281264036970586,0.029383270800475945,-0.059883708116007545,0.04207108797184545
15,2,0.02219106303618946,0.0022135260187991666,0.03408961535780551,0.030712820459589205,-0.048452706268635744,0.04870667938481858
15,3,0.0289119858701451,-0.02426759634834831,0.03109173065136101,0.03527992973024889,-0.05818766966782667,0.04601756106467792
15,4,0.01567357543831324,-0.024696130561639572,0.02119601734580469,0.029047416708469498,-0.07021458268448065,0.03526100581650388
15,5,-0.44332774789732216,1.6053504642160463,-0.2209146758897948,-0.9955296791121651,-0.49279223126623106,0.14554916437168544
15,Aggregated,-0.11543570415460029,0.468160290522828,-0.043522212516229626,-0.2718714040332868,-0.1785533094687913,0.07020331379717452
15,Centralized,-0.12118321583008576,0.4881539632405167,-0.04662364003972929,-0.2845924053838215,-0.18420981599673603,0.0715751107456971
16,0,0.0012208588209483384,-0.024537630719488314,0.014006793323248145,-0.011183407418000816,-0.009689166025861133,0.006147434511144998
16,1,0.021628552794064396,-0.03776910733976412,0.050029236924125524,0.018166009291312613,-0.13300961756049953,0.04103839201172644
16,2,0.020528669672360243,-0.04330838451067423,0.05466706496853446,0.014250532980242587,-0.11789131395941119,0.043128413080418225
16,3,0.029962083256602146,-0.04598269883013469,0.05422876223445673,0.027015223123136298,-0.12455145728981615,0.05375295746943221
16,4,0.02568420808191423,-0.029311929780579178,0.057440561627774625,0.02673088616203862,-0.11349981237415341,0.0481213051049496
16,5,-0.10175154001444019,1.1882322580774127,0.270454008378292,-0.3538267623534011,-0.23757509492547987,-0.565425395874728
16,Aggregated,-0.015299536773975893,0.32212701369873686,0.11265369029183832,-0.09232715269325564,-0.14251779103073445,-0.1375628902202758
16,Centralized,-0.016780607523620285,0.3373672134940428,0.1155092378177768,-0.0968763699853648,-0.14440134875240668,-0.1450304202883024
17,0,-0.019494353103073396,-0.014168666730952382,0.006721049843788795,-0.01454663124822633,0.013211390570515319,0.00546948105359119
17,1,-0.010153115548625347,-0.013862563191056415,0.006448095770804272,-0.01486428431382422,0.00045463941201653635,0.033057379176600586
17,2,-0.002572146768857713,-0.031247843961266404,0.01995775591528853,-0.0132902440675052,-0.009681590944790253,0.02839697464072363
17,3,0.00690783127164869,-0.04627192688761694,0.016099947776222936,0.001053439197099988,-0.0065342661325030575,0.022315232606269723
17,4,0.009199774735303886,-0.014468057527007585,0.02619335533358243,-0.0010950496418356617,-0.02461524220627074,0.027704163572043684
17,5,-0.534212159688452,1.5074674162536776,0.11740447071368791,-0.3801996954510008,-0.9136408384042878,-0.08198106552598984
17,Aggregated,-0.15830864843088507,0.4242882754442433,0.04527722634633699,-0.11724136229565472,-0.2719400915109651,-0.006992641155078021
17,Centralized,-0.1648975320789544,0.4433589279360968,0.04656809855859028,-0.12186303420450308,-0.28329473739908706,-0.008273139522414628
18,0,-0.012541632180329273,0.00889516989007728,0.030675054735988513,-0.006270034458324922,-0.014869021848982708,0.011139350520833344
18,1,-0.01770384142592307,-0.01539516249956705,0.03886538067654335,-0.005550214603984288,-0.027386190762673346,0.02971027161705821
18,2,-0.010728280592838733,-0.01094138616738102,0.0401254837237324,-0.004182498226736355,-0.030868133210068826,0.0250673377141512
18,3,-0.0020545580897348772,-0.037200155359156405,0.026518524713425754,0.006649169279824116,-0.017025820368667146,0.014555343645102565
18,4,-0.005244563674849709,-0.016375815252939175,0.007479490514760872,-0.0011434897695022626,-0.019180515964349023,0.0040102735677741835
18,5,-0.17157409424842696,1.151836609695025,-0.2697032932948668,-0.5413378538797594,-0.05193968237109972,0.26863413161499156
18,Aggregated,-0.05700208816417264,0.3267009118115942,-0.05872890092801882,-0.15992624808994238,-0.03086199031029368,0.09078292253911029
18,Centralized,-0.059015070121905135,0.3411925100452747,-0.06245232873696114,-0.16664000863847375,-0.031249502300900824,0.09393129671070298
19,0,-0.004084063376645534,-0.007058587099688691,0.01647842029729274,-0.014610551572182835,0.008860167645208875,-6.0385407985052445e-05
19,1,0.010557943634956983,-0.020705686570981652,0.03926411466761875,0.0007524058080775164,-0.048675568122469204,0.010109743543125358
19,2,0.010179744026856672,-0.021897644471717236,0.035857797969988246,0.007443856371384588,-0.044809655209031185,0.012099057499271313
19,3,0.01669336931838084,-0.047765547140389525,0.0371418521711686,0.026930620483138115,-0.046089692420843056,0.01583449869531114
19,4,0.0187720572196073,-0.018164073992199117,0.02858990563820408,0.04364319883996008,-0.06415115081040196,0.006341390835612399
19,5,-0.16979877593928114,1.0837314899660486,0.12127270111264021,-0.05266490559784899,-0.9849275836459218,-0.015490846043130491
19,Aggregated,-0.04197280361830503,0.30063852086562975,0.05817202139393357,-0.005615462965183313,-0.31731891673224244,0.0019706817885118003
19,Centralized,-0.04419312640254898,0.3144048990229838,0.05931843453252939,-0.0063816241115251535,-0.3291977684568859,0.0016830787042105152
20,0,-0.018633389708231845,-0.013265376684296178,0.020384413253578534,-0.026565316861837995,0.001149166140960935,-0.0007377013177360711
20,1,-0.01659048479789609,-0.03856968224856972,0.04634664622839773,-0.02402811020309343,-0.04243059903698893,0.003722116783064063
20,2,-0.010472585046522143,-0.044417190838746366,0.04638541045287877,-0.01928948768734703,-0.04134339352597094,0.007609018838438643
20,3,0.0007190923245736096,-0.06733516889104743,0.05300886641512458,-0.009247026690529915,-0.0489300633411456,0.014085165643025479
20,4,-0.013397924156129318,-0.04235830443856772,0.047446989507793316,-0.006817958374341467,-0.03814792049482007,0.0066628962086800764
20,5,-1.0089200381519554,1.2896324316657466,-0.2994848622690464,-0.6315597383604177,0.22073494686408393,0.11125474595570783
20,Aggregated,-0.3035736367653198,0.3478490128290719,-0.05691403879044044,-0.19688228020075765,0.03971062847450836,0.037205939347211406
20,Centralized,-0.31599107074486654,0.364385402281001,-0.061138757504074825,-0.20452296124439037,0.04282034368804066,0.03852719636586821
21,0,0.006934503104889552,-0.011400858704479792,0.03472512702162376,-0.00867613524081921,-7.117457638378642e-05,0.007980313919515926
21,1,0.03481565067526476,-0.01887791212324404,0.05695919523197891,0.01037740762902525,-0.052923408038799254,0.030126450378874653
21,2,0.03650417295912004,-0.028724287350081,0.06663387440824502,0.00844230515330732,-0.05366403834120123,0.029221664232184832
21,3,0.04188923454840431,-0.04560209093802413,0.059821373642211136,0.018917987069590584,-0.05914214062792636,0.03197186402124577
21,4,0.032779628261197034,-0.015914034806873586,0.03852159780834577,0.018874629410186358,-0.06451383623271119,0.022927346161873894
21,5,0.03718671991834132,1.2918566888502419,-0.3172990551582923,0.02314698057262619,-0.3243324742484063,-0.08454463275644589
21,Aggregated,0.03315274179825394,0.3609899273710484,-0.05619150033273074,0.014048688862896412,-0.12879960064862797,-0.007035162359463026
21,Centralized,0.0332784739566793,0.37736932005000356,-0.06075598337227578,0.014251406630841455,-0.13235245543649973,-0.00836356168649233
22,0,-0.002777315610093367,0.026549415221537184,0.02612447741713538,0.001699722058429549,-0.015032276880621996,-0.0005257875479735871
22,1,0.01849981970717364,0.0021801028695992916,0.024836835026725533,0.0028277935458685065,-0.022297039147746344,0.020919451143777898
22,2,0.007266662583073966,0.0034894115941586238,0.03162273095275271,0.008572326141412458,-0.03747511876028999,0.021894097601159165
22,3,0.0070172661489009015,-0.01846562558774893,0.018261832616247985,0.0156309206792902,-0.021869249430994105,0.026642125400947778
22,4,0.003232353671895072,-0.01927587654908212,0.00959656928088767,0.006309912693863134,-0.009638846005546941,0.029252020034155012
22,5,-0.06960257994685723,1.0301541967025312,-0.2013047014989292,-0.404913630827365,-0.2636603211816443,-0.22040455932726996
22,Aggregated,-0.015432544450228377,0.300201267593375,-0.04344988820107716,-0.11349812328118701,-0.0924260484611927,-0.05012888502405223
22,Centralized,-0.016365658736167014,0.31300453129804384,-0.04624178435076825,-0.11862268813733765,-0.0954588590793133,-0.05308384146314106
23,0,-0.004828771251936303,-0.011429130850136346,0.011362021388127556,-0.014337860278829842,-0.007954665712477979,-0.007435505333864672
23,1,0.01099216269484069,-0.02492909626053758,0.020810149153804622,-0.001160214820746561,-0.06800154877232074,0.015090212321124648
23,2,0.0058912586529463,-0.030802718269506462,0.025661193032743487,0.0033081457164093964,-0.06893577535426082,0.015565912199364769
23,3,0.013456852443324648,-0.05398461547189399,0.022851816084790855,0.01631961751573727,-0.06273906173255846,0.03197739416382009
23,4,-0.0025509074011361866,-0.014102555311356652,0.017268155116922687,0.014395628598826593,-0.08134304865371662,0.027473270856283403
23,5,0.0455563284459479,0.9143544913504316,0.12514007866287088,-0.18066057252799592,-0.7479575815103952,-0.027493470695255488
23,Aggregated,0.0168429264682287,0.24826124461438953,0.05072599208596429,-0.04981019084917537,-0.2612750229747294,0.004281860492937065
23,Centralized,0.017370685918032997,0.2599666062384105,0.052056635431496585,-0.052075256535337726,-0.2699689078371047,0.00377698234317699
24,0,-0.003674471452859227,-0.008060744171481872,0.012517539967144239,-0.007350234644004548,0.005386229729038799,0.006426678765240436
24,1,0.0315501847494732,-0.037389906549655835,0.0196735394375544,-0.0014446071914684623,-0.007028953160702724,0.02592592210037878
24,2,0.028587974945919574,-0.036560409323896634,0.018287122417831262,-0.0017209174543866186,-0.012070920317241126,0.025924417557209683
24,3,0.04055816142505914,-0.054179807758378544,0.0037054769512440927,0.007639596126677689,-0.008008932837982255,0.03324956478762092
24,4,0.05041460252753426,-0.026211217176301968,0.0018158703688344272,0.008342568569202685,-0.02356989899520582,0.030083680193828805
24,5,-0.5618165193684544,0.8512087448192658,0.18770045154492776,-0.30247236790672616,-0.1297050752562835,-0.17407214507934948
24,Aggregated,-0.14281140615726928,0.2256901591911615,0.06286018925317866,-0.08759222251018638,-0.04478240642842904,-0.033306015227753366
24,Centralized,-0.15012086992859985,0.23665994604348262,0.06505759984932384,-0.09136063731860691,-0.04631288490366411,-0.03574614375031644
25,0,-0.004869932909909965,0.0017145395010326905,0.021680106599101197,-0.01048855613588025,-0.006195836101752309,-0.010785530922420173
25,1,0.014688083960822745,-0.028295607816879516,0.025926470148375784,-0.0012687071640078854,-0.057262067634920796,0.013241475903029229
25,2,0.010542836889032575,-0.03029261099729624,0.03634942700781272,0.00806844678841234,-0.0636352464585206,0.010727450396764255
25,3,0.024560894628635477,-0.06742313974018128,0.029033553421054143,0.024286455368561926,-0.06760747819270217,0.011729061400049584
25,4,0.01182073704890422,-0.04908468902782404,0.02731422157118618,0.015999607030380007,-0.0644102484975988,0.012750074040363562
25,5,-0.1557786503904097,0.8950492106993835,-0.01838770594668935,-0.6925002208682313,0.1676447250986998,0.005123875413456114
25,Aggregated,-0.03716666071063046,0.23665683853774408,0.014627524101100985,-0.19717455044418689,0.011234049307841129,0.007318411468904504
25,Centralized,-0.03921999159985987,0.24817857989756886,0.01406028733467894,-0.20586470069038143,0.013885901230641876,0.007322085147704402
26,0,-0.029376883901088786,-0.018252876298118063,0.035289296002480194,0.006040346828650124,0.0015811238556262196,-0.0008548265261283116
26,1,-0.0178231786209889,-0.02832111436457073,0.04620798277394531,0.012693991596633359,-0.01586429104295073,0.02380112486831889
26,2,-0.01967624618304071,-0.04096737490557778,0.04916004333958448,0.017445280774821322,-0.019292441662113136,0.02165590393470154
26,3,-0.0007406092232372455,-0.06584101496554745,0.04268699144308436,0.02816893160123137,-0.010803774121055702,0.030462562800916727
26,4,0.005844761079284645,-0.033067443713327316,0.020471046385420417,0.017896238470526585,-0.01949951099368835,0.03280913492696141
26,5,0.05397185910678767,0.753271853866747,-0.15039960281637488,-0.20267374283608255,-0.06453478841870927,-0.222580287529101
26,Aggregated,0.007528639703692302,0.19374872872544713,-0.016548009116329535,-0.047451155546104254,-0.028320705199018234,-0.049334658693396885
26,Centralized,0.008386669794206061,0.20356766385130654,-0.018899317123874045,-0.05016337590464113,-0.028992207528677878,-0.05233677267452386
27,0,-0.00658021719617855,-0.008327308872701219,0.023106427758707974,-0.019281348152184834,0.016284526437659833,0.009020468874495835
27,1,0.019666217511937905,-0.02174104853879235,0.023459629497055056,-0.01020041650290577,-0.018981736837493192,0.02261099485611608
27,2,0.0175029371159886,-0.03196840452880936,0.03504304452208477,-0.00936583261383294,-0.012468506366551486,0.02436824860826601
27,3,0.017431140013383847,-0.05448741325838168,0.029680406390925014,0.008548102912537653,-0.011564411282949516,0.02487902663651073
27,4,0.0307360261804113,-0.03167453874993194,0.014351331241092925,0.0003382607279270688,-0.031022244908744105,0.00869982435487447
27,5,0.20906790643759576,1.1287910777949313,-0.18146462250283063,-0.604875529853361,-0.4780852268338794,-0.5951612366732452
27,Aggregated,0.07297119406907014,0.3090838609134274,-0.03532700767813438,-0.18104398815088207,-0.14894150771741588,-0.16141110582549054
27,Centralized,0.07542161190348154,0.32348390010378447,-0.03789838380865422,-0.18848435554273726,-0.1548074853853471,-0.16903644435910697
28,0,-0.01517828242591762,0.0005487151666536335,-0.0007953070754780689,0.022393021784146476,-0.0048111828357823684,-0.00933421352255934
28,1,0.0076498500045490995,-0.022819955055043757,-0.0015641864785131904,0.021566498332041047,-0.02619729453498222,0.002664406503503428
28,2,0.004255273046666238,-0.02563828889527692,0.0041310086397587,0.027186244284394583,-0.029276077116719,0.008030015931815827
28,3,0.01673946746503409,-0.05759086977767921,0.00701512794240859,0.02381564087410984,-0.01994456253783011,0.018569329399341673
28,4,0.029714833947959374,-0.02191067681823606,0.009561076918015705,0.002952855194343762,-0.03529879414743272,0.019625031403609466
28,5,-0.08116549383473813,0.881631096545937,0.16512981180260838,-0.16239934274700346,-0.2324021560216431,-0.2297403115975811
28,Aggregated,-0.017027176536402244,0.23950588950480528,0.05107975800425851,-0.033793687194262095,-0.08489764744391692,-0.06123267211722715
28,Centralized,-0.01810300300559627,0.2507646643182759,0.0531006195237433,-0.036067143092704854,-0.08754002288883307,-0.06416319347464201
29,0,-0.00585257635960197,-0.006588674645613331,0.015663270978899187,-0.010849506028607691,-0.006475069054118749,0.009066238874508796
29,1,0.004790158737291634,-0.03430108860852257,0.013652028568325772,-0.014713125370872845,-0.002167696473882954,0.017115046152755192
29,2,0.005532401313341212,-0.04681266358454687,0.02406909760823239,-0.010208455810856176,-0.007301403553820374,0.02142846681562551
29,3,0.012006889889614455,-0.07807624039472398,0.023248699488213554,0.002855004195530491,0.002444536334421191,0.02361989277565602
29,4,-0.0015053706158844197,-0.04437496491507632,0.022746909389001722,-0.004213395331463431,0.008105690766760414,0.023797355674578035
29,5,-0.056946214598483494,0.6121703407421661,0.011048221806160531,-0.4035123660171565,-0.130020375707906,0.01210395611944753
29,Aggregated,-0.014324492083671588,0.14862891562983668,0.017403418739846032,-0.12334467923101125,-0.038700014841935575,0.017250635467135157
29,Centralized,-0.01505534198931784,0.15671805041207632,0.017301291385080006,-0.12827540344280242,-0.040297307173618714,0.017182731581470486
30,0,0.003569313091116957,0.013104499484429127,-0.003013781256567668,-0.01158543612033531,0.010360002879325644,0.008767266585344536
30,1,0.013949251122491409,-0.017520044144362038,0.014234072958571247,0.0011130695367815497,-0.004831622171132143,0.014030274992602162
30,2,0.008913460541797535,-0.022224946144428426,0.011807564180951588,0.006625266487140399,-0.0016400290093459618,0.021529179978728396
30,3,0.011031967841109136,-0.05253437950938238,0.018523769825195477,0.018207441724871456,0.0017656375772946722,0.022249372686273042
30,4,-0.009733328563483154,-0.03626796625849843,0.025246172997728307,0.017721919923446745,-0.0028387014421101687,0.016859321701801707
30,5,-0.3629000731597772,0.9187136767712208,-0.20013974108189309,-0.5006508326227473,0.11605236000396511,-0.16036969608886062
30,Aggregated,-0.10231584371160435,0.25178705807619645,-0.048733502335875645,-0.14161668465453026,0.03412616912941018,-0.03495901272004517
30,Centralized,-0.10690388512393625,0.2634598032386999,-0.051364566533638564,-0.14790416449621305,0.0355477489755799,-0.03715146209026059
31,0,-0.017411605945088296,0.0005989221598655796,0.010627106866150203,-0.022706162719914148,-0.007606607492028009,0.0001311281781729385
31,1,0.0019958176089648924,-0.01962360634958852,0.011836664302539308,-0.010080114356328836,-0.019517798516504332,0.009438377864446186
31,2,-0.0029571929606393137,-0.02115900348681874,0.02011547224117727,-0.010333754872799078,-0.024662742103626987,0.012667362355263551
31,3,0.004844181355641846,-0.044250740252655595,0.018219571732197373,0.007993974339479463,-0.013572399374119406,0.013838799255277767
31,4,0.0041328524082920115,-0.03211479928301524,0.02583509013468639,0.007789171436159922,-0.024654350383042638,0.016590309813989887
31,5,-0.11837625885838486,0.8150732007619805,0.005214784595281456,-0.4347826831594714,-0.19805383380704017,-0.11542908556204583
31,Aggregated,-0.03558361626819077,0.22160462966214073,0.013958988494029942,-0.13074803931306211,-0.07101719454604336,-0.0260811371984576
31,Centralized,-0.03700704232416678,0.23201064871274615,0.013820313639458744,-0.13606762101107833,-0.073280509875946,-0.027632121105967036
32,0,-0.015199581292299806,0.048978036200110625,0.0019370814966141094,-0.013969725174840167,-0.004222999349456875,-0.0005292683297244412
32,1,0.012805833293846706,0.026869730989410732,-0.0023128957505246343,-0.009536985380649489,-0.02532261068226966,0.007124928880604088
32,2,0.008909210728296525,0.03205332550448811,-0.0024233365373051404,-0.007669043472354718,-0.030122940314039573,0.008365882300793758
32,3,0.028248013344778004,-0.0033628028426337326,-0.005093154041995975,0.005912901002144129,-0.02814967054963311,0.014993687751532541
32,4,0.04131428142273122,-0.01803189241512607,-0.003008017215424578,0.006688529576612185,-0.03337952969981513,0.012227644199659039
32,5,-0.569075912139234,1.6670196689558472,-0.13397128604780323,-0.28150055069330526,-0.6632438024134057,-0.5119447124889253
32,Aggregated,-0.15510296118120417,0.49964113987321385,-0.04089112044009907,-0.08480103068627085,-0.21193582016081616,-0.14373851738361032
32,Centralized,-0.16233055166405266,0.5201458036681068,-0.04254134732701802,-0.08824399382962585,-0.21993730836189743,-0.15020852399740506
33,0,-0.0046993292329916385,0.004248916984580717,0.0068877995132168865,-0.019568481804179767,0.015591174106245753,-0.018477932356853934
33,1,0.009771408812351117,-0.011868228237651312,0.03025063243327928,-0.007240264069238277,-0.03622055310347033,-0.0049535791444324405
33,2,0.00976647046886943,-0.024884652628209582,0.03468186753795625,-0.010779851453936302,-0.03034950205545247,0.0001786715626496467
33,3,0.01923467019504344,-0.05180076243205432,0.03231990050404086,0.0028243371333822433,-0.04240767416075304,0.017767192639440023
33,4,0.00145979155008206,-0.031715462883120535,0.04599008230410379,-0.0018922190707293235,-0.05647476705598794,0.015065312516004627
33,5,-0.07656248722376192,1.2117979869673912,0.16147568098743043,-0.09921426786604179,-0.5823491485602154,-0.08107604263613151
33,Aggregated,-0.017082728138095932,0.3377819538898581,0.06914729542637238,-0.0339148398572686,-0.19298134330860378,-0.021844708051783734
33,Centralized,-0.018103781651028043,0.35312486402033694,0.07082826546671722,-0.03503752565932383,-0.19995003846308618,-0.022841680387173578
34,0,-0.009144516405428646,0.005979758817424463,0.03179573076101965,0.0048002828134646285,0.003733642072323815,-0.01375374352556253
34,1,0.007487142355283018,-0.011436509904801809,0.028222495197600863,0.004233729168805086,-0.0035550950835578224,0.003908132077501855
34,2,0.006865083169587528,-0.02024295891231146,0.03897995353912901,0.0063672717527685895,-0.012303507508566453,0.006665630389041998
34,3,0.01450978748924385,-0.050002627172025346,0.02697690423828311,0.014357978340602684,-0.0022680503372145538,0.01615826954260079
34,4,0.01070611657070168,-0.0320737250690933,0.03087988291885703,0.007240714605738444,-0.023089426871247706,0.023406880396040112
34,5,-0.3700787448470912,0.8865108644448119,-0.0081956807992114,-0.1815939661308585,-0.2254253536496072,-0.08459150928175115
34,Aggregated,-0.10368208815725001,0.24367160428079623,0.019770831385477458,-0.04788511737461903,-0.0716273871268546,-0.019066399365233952
34,Centralized,-0.10834292583648257,0.2549392300666672,0.019276619297021513,-0.05023620981448816,-0.07436451455170162,-0.020173020246801752
35,0,-0.01136644531962742,-0.019174455138296184,0.02024136772517409,0.001888417942061252,-0.003735399523296136,0.010178534486676116
35,1,0.013748136059321353,-0.04309163843804975,0.019336465650931063,0.013408421482654103,-0.03130086326058805,0.017448751587358646
35,2,0.011661941530226518,-0.05629678631834258,0.027611213221080566,0.016622259087137114,-0.02712186984093967,0.01868898762157674
35,3,0.024453323466856372,-0.08171738236166515,0.022651817717884992,0.023216350564204513,-0.02313603644210748,0.02003785526263962
35,4,0.017880865310968788,-0.047400538161620834,0.01974801936167216,0.019356748384686203,-0.028649738720370837,0.008220476242907853
35,5,-0.25652992762948895,0.7652036362099092,-0.11452413435375307,-0.13620208372986659,-0.030844762578208167,-0.08517985417687021
35,Aggregated,-0.0665552006418293,0.1882802949753789,-0.018000019857469143,-0.02900872978960348,-0.02565941492297769,-0.014275001800309594
35,Centralized,-0.06985215974502465,0.19837976356947934,-0.01969762174099719,-0.030868235409380197,-0.025794815577191477,-0.015513911075962105
36,0,-0.008347958341501633,-0.0032004760243534293,0.02811950000978681,-0.016464324962918445,-0.0029597200129801637,0.005083754826625214
36,1,-0.0007460141689547493,-0.015548376097222347,0.03017631180537488,-0.016774171247411502,-0.01459789760935447,0.019611319157214428
36,2,-0.0026649384775497783,-0.03133700689851613,0.042878833503906574,-0.010796026581224501,-0.012611574797032987,0.019945568203320222
36,3,0.009335668583532053,-0.06113238345621658,0.03842184865203256,0.004954170665532953,-0.00773471046152013,0.027205328770373648
36,4,0.004316113549396324,-0.0319295288648559,0.030790076117716444,0.0023809382193974876,-0.012946862138326333,0.015057773616124308
36,5,-0.008050973138299637,0.7889764106964686,-0.4201748144801227,-0.28308694192557654,-0.2345662289107346,0.032724418275605925
36,Aggregated,-0.0018562881717021445,0.21015869494541484,-0.09880975556820902,-0.08785927399994022,-0.07608742078365274,0.022204651506043883
36,Centralized,-0.0019452921530115014,0.22030300012548748,-0.10446071689417764,-0.09127957157264227,-0.07889767022371727,0.022418438694976558
37,0,-0.022452848324293923,-0.009610719112420325,0.01645393538614962,0.010294854927626851,-0.005088276268093776,-0.005307684751047439
37,1,0.0004815555312803239,-0.0191599590243939,0.015403624680130918,0.023361321828335318,-0.02071292421562013,0.004737776330626331
37,2,0.0014758553666848085,-0.030850727776615704,0.02274318025992895,0.02430143101050197,-0.030989179491970744,0.006619932942882239
37,3,0.01214352159486131,-0.05262372124509068,0.021184721675448735,0.026622893467270387,-0.017028558612771253,0.013165482348600393
37,4,0.01321633780265586,-0.03087653841131965,0.01101421679913302,0.018257669016027815,-0.008683090545635689,0.011665080088797354
37,5,-0.26724383450727696,1.0477301914724892,-0.28793623932146367,-0.2953271983918472,-0.04361806174564817,-0.1900126298901403
37,Aggregated,-0.07695730256268052,0.28612143219474173,-0.07203461632683644,-0.07167992138240224,-0.024749080582329178,-0.050977979337555504
37,Centralized,-0.08025733502934228,0.2995026850308664,-0.07583818252334121,-0.07559844120000736,-0.02510796994616328,-0.05340215682538015
38,0,-0.009738986871329324,-0.0021671890010188754,0.0294736064847258,-0.01619179817816198,0.008718213504457494,-0.006834165567636075
38,1,0.022496489829271264,0.0025421076458628077,0.0334973679670349,0.0051164046553769885,-0.08177708524487631,0.024107148991564378
38,2,0.02216722581754835,-0.008698658316131919,0.0450327240182373,-0.0008190457939889524,-0.07891989383316594,0.018470830730186058
38,3,0.025603699739695816,-0.023875172976852092,0.038593117199068105,0.0189948674837048,-0.09882592633479204,0.028879982765602222
38,4,0.011314734774961043,-0.0071800904346680594,0.025216881212802127,0.007625559706193139,-0.08634543628048388,0.033112838543147144
38,5,-0.2805233192614965,0.9435776209865576,0.1364565518456982,-0.09841585907870799,-0.8246736901335412,0.3077517641579438
38,Aggregated,-0.0713562294786286,0.2706443128611137,0.06439636543862469,-0.02622931831562845,-0.29126340328502415,0.10466781976436937
38,Centralized,-0.0749875842536496,0.2824933645580351,0.06567791357438081,-0.027457570123221975,-0.30084155515282746,0.1083082666724443
39,0,-0.0004075175423889565,-0.004686102522780654,0.024371073657887873,-0.019451901753788733,-0.001204695759654028,-0.006972264959493079
39,1,0.04540507766288382,0.010897834665592151,0.03876328075813624,0.011513617735613442,-0.14618442956694278,0.03198164950450516
39,2,0.042167412984785206,0.002226281969167722,0.049167333562914424,0.0095484920059933,-0.13893260722754106,0.02670957536436208
39,3,0.04357358009236203,-0.020149748575991347,0.048951968264283496,0.027018386351799373,-0.1453402828624932,0.037213676465679024
39,4,0.03510067369191973,0.005717631847012382,0.03700106407281211,0.030221462041703173,-0.15448517155425187,0.028002887892871507
39,5,-0.016686855655053418,1.1414735444507194,-0.13670108404357573,-0.05239312198084263,-0.9487086906300202,-0.08417870080966207
39,Aggregated,0.01946644077189248,0.33357449805138334,-0.011591305118144135,-0.006185351301229927,-0.3638755087193809,-0.007303697451489676
39,Centralized,0.01890649396744935,0.34782363241139785,-0.013761835653446821,-0.006927845156507394,-0.3744522155835348,-0.008588874518763697
40,0,-0.007739212430467637,0.005048665201079412,0.018048931360498583,-0.01058754856675472,-0.007357611951622042,0.007858075871361676
40,1,0.006004953146105055,-0.017766584234995605,0.033500449266568574,-0.010309810541534065,-0.024212329709135498,0.020912089393981256
40,2,0.00724927471352699,-0.02842361159147258,0.03755392903928295,-0.007574554214125848,-0.02506288486075903,0.01837683656041721
40,3,0.010605396146458178,-0.06122637653211525,0.03341410245212017,0.0068628863381705795,-0.009171238235972077,0.017475360401934772
40,4,0.014008232704923006,-0.033818935541289084,0.028140270329724767,0.014617732347975334,-0.02233954447649129,0.014152080639341228
40,5,-0.025169410051492994,0.49662382813115374,-0.36926685639899215,0.1287329511223874,-0.12317317075397077,0.06476177415075293
40,Aggregated,-0.002741843360230277,0.12533140670427562,-0.0865250089750948,0.03696265105038239,-0.048817381739045755,0.03032044998124677
40,Centralized,-0.0031057195321479375,0.13180192634762314,-0.09148129285266812,0.038601660794468355,-0.05015166737207855,0.030945896766108188
41,0,-0.004972738355419475,0.006944673731801501,0.028124819459199632,-0.0263560478783918,-0.015194348128750255,0.002888902445281836
41,1,-0.0036016466310794717,-0.017329192955354816,0.026602143072761708,-0.020059915187061676,-0.017931739210904504,0.013589813102305857
41,2,0.00454815866136154,-0.02152781525853891,0.03585533662325066,-0.016828047008013686,-0.02445645877379593,0.016154638549891284
41,3,0.015745259559448218,-0.0495155992796751,0.0271857413902305,0.0005553232912578548,-0.013179288716052099,0.02236306080606269
41,4,0.017919191262892965,-0.02879389603080602,0.019067041026237835,-0.00044510720793407,-0.01446816742281957,0.016997071307619384
41,5,-0.02259930262878222,0.7559288855570716,-0.15169627629193044,-0.7107622124154456,0.045104228707655854,-0.03337483212189402
41,Aggregated,-0.0021352756659187436,0.20504027772218164,-0.02509954545249637,-0.21673687464528252,0.0011076443496089387,0.0007149510429897924
41,Centralized,-0.0024708264723886787,0.21468406714540064,-0.027332677023313205,-0.22541339881478034,0.0018787763511499606,0.00014030486439640767
42,0,-0.002171915695655752,0.0078212710142128,0.0020202424170630917,-0.004314729074061623,0.007490788021930354,-0.011533133367766199
42,1,0.014089598478670808,-0.012043865960669661,0.008353292156169414,0.006145203258516073,-0.011943685865293867,0.015428676797942471
42,2,0.012119366373423162,-0.019894226833901022,0.010141552278713486,0.006968041771585918,-0.008560797352542938,0.010406078522632511
42,3,0.01472419017381123,-0.04876625297935067,0.009532788356163174,0.015312281795407072,-0.0063047270364836455,0.029387405444947653
42,4,0.006456157405033025,-0.03429220197287563,0.007491216266978486,0.013039704280452183,-0.018588209376183523,0.03669483354234725
42,5,-0.17401236265395467,0.9906199962009986,-0.23718176961591253,-0.3471825070103756,-0.016327332093480338,-0.3786818205933145
42,Aggregated,-0.04427129234694687,0.27420314176481786,-0.06401264073935796,-0.09611810045769882,-0.010547266536960627,-0.09880429830192508
42,Centralized,-0.04653230931854836,0.2867641478265191,-0.06705235227806633,-0.10051644961831938,-0.010683977409921951,-0.1036740342917425
43,0,-0.010141962605479183,0.0020310691586900792,0.024351526246974568,-0.0054857876695233055,0.006937366549794736,-0.004260789818260165
43,1,0.006179663833561065,-0.02462195137233287,0.017828948464939206,0.013635951020982256,-0.009920651339562117,0.0052109737063082175
43,2,0.007503301642383924,-0.034913850721060215,0.027127431137067025,0.00562084494623263,-0.01095471339794581,0.007957353603687293
43,3,0.014189282778929701,-0.06831765387990066,0.01618561450737421,0.018118051002027194,-0.004663279882308268,0.006554788950671015
43,4,0.01818185260959895,-0.050874203100398335,0.007578693161137646,0.005329724156284377,-0.01956561245179683,0.01636375251221545
43,5,-0.1694367114056282,0.6715001036998917,-0.039291154455922385,-0.2690962941998399,-0.046397365495922424,0.05660435814374271
43,Aggregated,-0.04408321276648023,0.17068595840221035,0.001500452378337967,-0.07320582517529794,-0.019377900650130554,0.021364905102732867
43,Centralized,-0.046252722124036603,0.1794275513830118,0.0007682336656519764,-0.07662892481913208,-0.019887654902020904,0.02201066924925753
44,0,0.00959902863558073,-0.0054884312087322895,0.013454812825842412,-0.014923319517672286,-0.013649706181168505,-0.004618269840698044
44,1,0.02953285253191829,-0.032708210205000955,0.005919556203464211,-0.013844593135868498,-0.017585436106041807,0.010402032927158824
44,2,0.030203896193062154,-0.04443761963361748,0.016675996239255732,-0.0184157146071995,-0.015146402937285437,0.011810468407467396
44,3,0.02233701630209585,-0.06730084188876233,0.01900861298594004,-0.007248133864596124,-1.507724888835976e-05,0.021083734082371304
44,4,0.011182698488124669,-0.04242922021611232,0.01421139067622109,0.007619675930673779,-0.00439552133851442,0.019646591084520847
44,5,-0.2377092135869511,0.5909641779941761,-0.09872088730921788,-0.025554483923803037,-0.17191296992464897,0.03931413158824973
44,Aggregated,-0.05478285764272857,0.14499951354241478,-0.019107539354779234,-0.013955777344085676,-0.05744141302007848,0.02019994121531958
44,Centralized,-0.05798211372710567,0.15278462285635305,-0.020509996181483567,-0.014147179787495157,-0.05945113122042664,0.020574360585468406
45,0,0.008588110237071726,0.003956516086493834,-0.0011946631985191981,-0.021981564408567522,0.026701850903845723,-0.012527182475336603
45,1,0.0016957120509927238,-0.01232810311913408,0.0019540442441898834,-0.011701195992878142,0.016919565021656313,0.0011488720378961396
45,2,0.011249619818859443,-0.025718511888951738,0.026027947994820024,-0.013765029976558589,0.016938576738851595,-0.0007904142625763379
45,3,0.01483577153743184,-0.051216887387524924,0.030780199206879872,0.005642923941193209,0.016227514310778405,0.0085625116895475
45,4,0.004735562120975282,-0.03379703593317661,0.03268193160398558,0.013816791277330535,-0.004815109321119664,0.01688895039565847
45,5,-0.48669785332464843,0.9221436623168087,-0.2924069406347336,-0.25368239006729965,-0.18069365028560153,0.07144347567790792
45,Aggregated,-0.13674673092905706,0.25249965250506856,-0.07236425148903074,-0.07782020668139893,-0.04307544413417227,0.02321099700872211
45,Centralized,-0.14291550362605493,0.26423595990303655,-0.07619786702743617,-0.08088175899575918,-0.04552887933815729,0.02409693599507928
46,0,-0.017629539592701006,-0.005049912904326811,0.009198996664565747,-0.0036084661137809923,-0.00014722736084056307,0.012233511531342264
46,1,-0.004953130845010627,-0.03087708797573507,0.009307853824578912,0.001093590721512162,-0.006025309228596127,0.01638533325178932
46,2,-0.013114311937663187,-0.04111058666285666,0.007287732646439425,0.002135300863427884,-0.003920811808484631,0.023243984064290305
46,3,-0.0019817019028145417,-0.06879664719326141,0.0022022175002925993,0.011297003207796284,0.004353845619698107,0.013928632889574327
46,4,-0.016121210418444963,-0.04336324705520452,0.014562483104303286,-0.0017801101185144941,-0.004103556789987776,0.017794178424871875
46,5,-0.051473990628767494,0.7549227024601515,-0.10399642379443463,-0.26330174164541736,-0.28087209273875685,0.11347619224456322
46,Aggregated,-0.022500520292168924,0.1934747658582279,-0.02445936847124651,-0.07568098434732062,-0.08370611191523855,0.045177370348703
46,Centralized,-0.022995338589150736,0.2032958488006443,-0.02586305207789149,-0.07897567041769434,-0.08718588611262973,0.04639157894332468
47,0,-0.001237061067361944,-0.0009880349450479956,0.02472373437046803,-0.009505195401438227,0.008294920431099116,-0.0030462201158327163
47,1,0.0037256540374935496,-0.017219323316890283,0.012855376404322152,-0.0025093187371377436,0.00342524264268596,0.021658957880492737
47,2,0.00901317346646221,-0.025810770858427028,0.025514973995606732,-0.0031260529231893416,0.008707277450938328,0.017551738442776563
47,3,0.015552093555819685,-0.053064392894049336,0.020690627111259297,0.008782063179275679,0.014786114546769306,0.026720090965002382
47,4,0.001794208482553624,-0.03358070531357761,0.006341323188110426,0.003903783480984442,0.010272211907340355,0.027945433253298152
47,5,-0.3809241339730193,0.7939935400721143,-0.19632773109673643,-0.05806041452186331,-0.04081993984510502,-0.21937645703949016
47,Aggregated,-0.10730200072571891,0.2134013873256695,-0.04493677280158685,-0.017110786592492815,-0.005501652114456072,-0.050839312809120324
47,Centralized,-0.11210925265995543,0.22357762433818015,-0.04762093962983345,-0.017811768256888776,-0.006122395453431678,-0.05376140549368694
48,0,-0.011127823945316652,-0.012407037821677555,0.020461735435791766,0.00940433243145874,0.004284547128287408,-0.01577591334970274
48,1,-0.006892567003657081,-0.03239524207369582,0.020092322476200245,0.024863664636437535,-0.018023275449096546,0.00010938797066393008
48,2,-0.004020166120629346,-0.041485331557378574,0.026365830239306828,0.024514305040317645,-0.017679698463564486,-3.942653787833243e-05
48,3,0.010590461383364957,-0.06532296371067643,0.02073334831773159,0.0266460570764233,-0.010652663791064408,0.012619745305576099
48,4,-0.00018165845161909966,-0.034237386948472046,0.02044944273274158,0.011239292272971945,-0.03524820939735264,0.014338691695638102
48,5,-0.17216477617067266,0.9842665974069817,-0.0712545524537949,-0.5306610372052933,-0.37914457023464126,0.02952618502054837
48,Aggregated,-0.05183459738378262,0.2613368102283033,-0.005550764709892921,-0.1414892178984587,-0.12251283111787233,0.010722883691443794
48,Centralized,-0.053935939605525327,0.27402220333590876,-0.006706880814088148,-0.1483269988132427,-0.12708287026753376,0.011097649934272853
49,0,-0.0026152109414861314,-0.013530626367070165,0.015879802859985654,-0.003028579617721132,0.008588726097467867,-0.006849807089513508
49,1,0.01716667664373572,-0.02861180757548801,0.018726443437986406,-7.906959273471839e-05,-0.012928680732134918,0.012772048730282202
49,2,0.017955695050934736,-0.03938164217133119,0.025593574897740137,0.0005573230337596095,-0.018198180722606403,0.015798553414582372
49,3,0.015620810538884871,-0.05790063669132139,0.01996036415028629,0.0129720520769707,-0.008904434401815832,0.020800438449935454
49,4,0.018312900718789448,-0.02988501020617006,0.026109574325708283,0.004116083242848448,-0.03956081597291111,0.02703141920267381
49,5,0.09760525655814564,0.5694663061231825,0.04814568413642314,-0.0790461628399581,-0.4357490116114907,-0.036914753508380596
49,Aggregated,0.03841058870366962,0.14230278818886302,0.029274488880736502,-0.020936806621428695,-0.13828019510302478,-0.0004189083851731028
49,Centralized,0.03949094309754023,0.14978576435318627,0.02961964614288258,-0.02194726844226578,-0.14357633124898983,-0.001014067411599328
50,0,-0.0028214099980642046,0.0030607358594337214,0.02673503700984465,-0.006245508028642672,0.013351174619576906,-0.04222203323139935
50,1,0.01065962179676125,-0.021099263974381454,0.03298252836542227,0.004437460536661442,0.012564102736427238,-0.029765280670968213
50,2,0.010587586348279294,-0.028589977359503985,0.041654869116290585,-0.003087555051870957,0.012892350064123027,-0.03702970217577508
50,3,0.013387195543712729,-0.05986811583978857,0.029716302070150715,0.008347262823175551,0.018684561441523043,-0.01368752097070484
50,4,0.013188067458763431,-0.033701921290719195,0.029368825326559458,0.003067173229853848,0.002922730853278668,0.011220936460904963
50,5,0.01991076230644909,0.561295616789211,-0.19342058794685518,-0.08102838899151274,-0.17481688329904405,0.03329340487197467
50,Aggregated,0.012512937283483174,0.14373772846148397,-0.033815527675527285,-0.022608169541967357,-0.042692540022277646,-0.005480319581644722
50,Centralized,0.012670657663758494,0.15102643943835511,-0.03661657629746526,-0.023620604051614057,-0.045024434387903677,-0.0047508805783737194
