Round,Evaluator,1,5,3,4,0,2
0,0,,,,,,
0,1,,,,,,
0,2,,,,,,
0,3,,,,,,
0,4,,,,,,
0,5,,,,,,
0,Aggregated,,,,,,
0,Centralized,,,,,,
1,0,,,,,,
1,1,,,,,,
1,2,,,,,,
1,3,,,,,,
1,4,,,,,,
1,5,,,,,,
1,Aggregated,,,,,,
1,Centralized,0.9401671290397644,0.8218626976013184,0.8357859253883362,0.9260894060134888,0.972038745880127,0.9303334355354309
2,0,,,,,,
2,1,,,,,,
2,2,,,,,,
2,3,,,,,,
2,4,,,,,,
2,5,,,,,,
2,Aggregated,,,,,,
2,Centralized,0.8767770528793335,0.8314169049263,0.8474398255348206,0.9062213897705078,0.818191409111023,0.8967035412788391
3,0,,,,,,
3,1,,,,,,
3,2,,,,,,
3,3,,,,,,
3,4,,,,,,
3,5,,,,,,
3,Aggregated,,,,,,
3,Centralized,0.904554545879364,0.8188061714172363,0.8370172381401062,0.9170128107070923,0.8829605579376221,0.9133504033088684
4,0,,,,,,
4,1,,,,,,
4,2,,,,,,
4,3,,,,,,
4,4,,,,,,
4,5,,,,,,
4,Aggregated,,,,,,
4,Centralized,0.9095886945724487,0.7863990068435669,0.8027100563049316,0.9064362049102783,0.906627893447876,0.9065804481506348
5,0,,,,,,
5,1,,,,,,
5,2,,,,,,
5,3,,,,,,
5,4,,,,,,
5,5,,,,,,
5,Aggregated,,,,,,
5,Centralized,0.8469620943069458,0.7928320169448853,0.7988880276679993,0.8754454851150513,0.7963120937347412,0.8704401850700378
6,0,,,,,,
6,1,,,,,,
6,2,,,,,,
6,3,,,,,,
6,4,,,,,,
6,5,,,,,,
6,Aggregated,,,,,,
6,Centralized,0.9181927442550659,0.8145965337753296,0.8319087624549866,0.9211779236793518,0.9150655269622803,0.9215080738067627
7,0,,,,,,
7,1,,,,,,
7,2,,,,,,
7,3,,,,,,
7,4,,,,,,
7,5,,,,,,
7,Aggregated,,,,,,
7,Centralized,0.9219367504119873,0.8324532508850098,0.8477016091346741,0.9254276156425476,0.9201511144638062,0.9247605800628662
8,0,,,,,,
8,1,,,,,,
8,2,,,,,,
8,3,,,,,,
8,4,,,,,,
8,5,,,,,,
8,Aggregated,,,,,,
8,Centralized,0.7508615255355835,0.6429314613342285,0.5662367939949036,0.6809278130531311,0.7187914252281189,0.7208457589149475
9,0,,,,,,
9,1,,,,,,
9,2,,,,,,
9,3,,,,,,
9,4,,,,,,
9,5,,,,,,
9,Aggregated,,,,,,
9,Centralized,0.9004935622215271,0.8185126185417175,0.8350095152854919,0.9084134101867676,0.8982208967208862,0.9075276255607605
10,0,,,,,,
10,1,,,,,,
10,2,,,,,,
10,3,,,,,,
10,4,,,,,,
10,5,,,,,,
10,Aggregated,,,,,,
10,Centralized,0.858620285987854,0.7772741317749023,0.799750030040741,0.8638716340065002,0.8641449213027954,0.8759681582450867
11,0,,,,,,
11,1,,,,,,
11,2,,,,,,
11,3,,,,,,
11,4,,,,,,
11,5,,,,,,
11,Aggregated,,,,,,
11,Centralized,0.7285271883010864,0.6367915868759155,0.5329844951629639,0.6677888631820679,0.7207906246185303,0.7233543395996094
12,0,,,,,,
12,1,,,,,,
12,2,,,,,,
12,3,,,,,,
12,4,,,,,,
12,5,,,,,,
12,Aggregated,,,,,,
12,Centralized,0.8947150707244873,0.7794026136398315,0.7475797533988953,0.8742078542709351,0.8943872451782227,0.8823771476745605
13,0,,,,,,
13,1,,,,,,
13,2,,,,,,
13,3,,,,,,
13,4,,,,,,
13,5,,,,,,
13,Aggregated,,,,,,
13,Centralized,0.9120458364486694,0.7959771156311035,0.7944357991218567,0.9064761400222778,0.9103665947914124,0.9071952700614929
14,0,,,,,,
14,1,,,,,,
14,2,,,,,,
14,3,,,,,,
14,4,,,,,,
14,5,,,,,,
14,Aggregated,,,,,,
14,Centralized,0.6910374164581299,0.5837142467498779,0.6035985350608826,0.610883891582489,0.6451879143714905,0.7436814904212952
15,0,,,,,,
15,1,,,,,,
15,2,,,,,,
15,3,,,,,,
15,4,,,,,,
15,5,,,,,,
15,Aggregated,,,,,,
15,Centralized,0.9301031231880188,0.856277585029602,0.869137704372406,0.934840738773346,0.9329373836517334,0.9331855773925781
16,0,,,,,,
16,1,,,,,,
16,2,,,,,,
16,3,,,,,,
16,4,,,,,,
16,5,,,,,,
16,Aggregated,,,,,,
16,Centralized,0.9205731153488159,0.8101855516433716,0.8252118229866028,0.9200113415718079,0.9158506989479065,0.9198580384254456
17,0,,,,,,
17,1,,,,,,
17,2,,,,,,
17,3,,,,,,
17,4,,,,,,
17,5,,,,,,
17,Aggregated,,,,,,
17,Centralized,0.8506181240081787,0.7862308025360107,0.8068835139274597,0.8756554126739502,0.8500412106513977,0.8695444464683533
18,0,,,,,,
18,1,,,,,,
18,2,,,,,,
18,3,,,,,,
18,4,,,,,,
18,5,,,,,,
18,Aggregated,,,,,,
18,Centralized,0.8752163052558899,0.7869473695755005,0.8087894320487976,0.8795621395111084,0.8585108518600464,0.8850579857826233
19,0,,,,,,
19,1,,,,,,
19,2,,,,,,
19,3,,,,,,
19,4,,,,,,
19,5,,,,,,
19,Aggregated,,,,,,
19,Centralized,0.6206510663032532,0.5595353245735168,0.4923528730869293,0.5598678588867188,0.6041184067726135,0.6603648066520691
20,0,,,,,,
20,1,,,,,,
20,2,,,,,,
20,3,,,,,,
20,4,,,,,,
20,5,,,,,,
20,Aggregated,,,,,,
20,Centralized,0.8611412644386292,0.7880886793136597,0.8061442971229553,0.8623033761978149,0.8653656244277954,0.8792064785957336
21,0,,,,,,
21,1,,,,,,
21,2,,,,,,
21,3,,,,,,
21,4,,,,,,
21,5,,,,,,
21,Aggregated,,,,,,
21,Centralized,0.9092742204666138,0.8333920240402222,0.8489990234375,0.91958087682724,0.9104312062263489,0.9181693196296692
22,0,,,,,,
22,1,,,,,,
22,2,,,,,,
22,3,,,,,,
22,4,,,,,,
22,5,,,,,,
22,Aggregated,,,,,,
22,Centralized,0.8767307996749878,0.8062783479690552,0.8253580927848816,0.8847434520721436,0.8587663173675537,0.8915784955024719
23,0,,,,,,
23,1,,,,,,
23,2,,,,,,
23,3,,,,,,
23,4,,,,,,
23,5,,,,,,
23,Aggregated,,,,,,
23,Centralized,0.9018825888633728,0.7951099276542664,0.7801017165184021,0.9012627601623535,0.9014337062835693,0.9023611545562744
24,0,,,,,,
24,1,,,,,,
24,2,,,,,,
24,3,,,,,,
24,4,,,,,,
24,5,,,,,,
24,Aggregated,,,,,,
24,Centralized,0.7086290121078491,0.589576244354248,0.5691694021224976,0.5960560441017151,0.6741735935211182,0.7366116642951965
25,0,,,,,,
25,1,,,,,,
25,2,,,,,,
25,3,,,,,,
25,4,,,,,,
25,5,,,,,,
25,Aggregated,,,,,,
25,Centralized,0.6881090402603149,0.5044469237327576,0.5020870566368103,0.4889366626739502,0.6839144825935364,0.6970718502998352
26,0,,,,,,
26,1,,,,,,
26,2,,,,,,
26,3,,,,,,
26,4,,,,,,
26,5,,,,,,
26,Aggregated,,,,,,
26,Centralized,0.7663615942001343,0.544585645198822,0.5586413741111755,0.5361411571502686,0.7585453391075134,0.7616839408874512
27,0,,,,,,
27,1,,,,,,
27,2,,,,,,
27,3,,,,,,
27,4,,,,,,
27,5,,,,,,
27,Aggregated,,,,,,
27,Centralized,0.6472407579421997,0.4447857439517975,0.4835205078125,0.4241786301136017,0.5703171491622925,0.6783490180969238
28,0,,,,,,
28,1,,,,,,
28,2,,,,,,
28,3,,,,,,
28,4,,,,,,
28,5,,,,,,
28,Aggregated,,,,,,
28,Centralized,0.8577897548675537,0.762069582939148,0.6563926339149475,0.8530596494674683,0.8578362464904785,0.8605969548225403
29,0,,,,,,
29,1,,,,,,
29,2,,,,,,
29,3,,,,,,
29,4,,,,,,
29,5,,,,,,
29,Aggregated,,,,,,
29,Centralized,0.8313925266265869,0.6957521438598633,0.7203413844108582,0.749161958694458,0.8017749786376953,0.8567679524421692
30,0,,,,,,
30,1,,,,,,
30,2,,,,,,
30,3,,,,,,
30,4,,,,,,
30,5,,,,,,
30,Aggregated,,,,,,
30,Centralized,0.9127187728881836,0.8486455082893372,0.8621468544006348,0.9193187355995178,0.9105887413024902,0.9240198731422424
31,0,,,,,,
31,1,,,,,,
31,2,,,,,,
31,3,,,,,,
31,4,,,,,,
31,5,,,,,,
31,Aggregated,,,,,,
31,Centralized,0.8551605343818665,0.7576443552970886,0.662083089351654,0.8489283919334412,0.8637328147888184,0.8609137535095215
32,0,,,,,,
32,1,,,,,,
32,2,,,,,,
32,3,,,,,,
32,4,,,,,,
32,5,,,,,,
32,Aggregated,,,,,,
32,Centralized,0.7410979270935059,0.5145133137702942,0.5451862215995789,0.5009278655052185,0.7172254323959351,0.7582646012306213
33,0,,,,,,
33,1,,,,,,
33,2,,,,,,
33,3,,,,,,
33,4,,,,,,
33,5,,,,,,
33,Aggregated,,,,,,
33,Centralized,0.688211977481842,0.500826358795166,0.5231040120124817,0.4708564281463623,0.6360934972763062,0.6986806988716125
34,0,,,,,,
34,1,,,,,,
34,2,,,,,,
34,3,,,,,,
34,4,,,,,,
34,5,,,,,,
34,Aggregated,,,,,,
34,Centralized,0.8711313605308533,0.7793685793876648,0.7961263060569763,0.8493115901947021,0.8613648414611816,0.8854725360870361
35,0,,,,,,
35,1,,,,,,
35,2,,,,,,
35,3,,,,,,
35,4,,,,,,
35,5,,,,,,
35,Aggregated,,,,,,
35,Centralized,0.648384690284729,0.5953148603439331,0.5052562355995178,0.6023678779602051,0.6699503064155579,0.6804141998291016
36,0,,,,,,
36,1,,,,,,
36,2,,,,,,
36,3,,,,,,
36,4,,,,,,
36,5,,,,,,
36,Aggregated,,,,,,
36,Centralized,0.6221811175346375,0.5400136113166809,0.49587324261665344,0.5322716236114502,0.5486500263214111,0.6417813301086426
37,0,,,,,,
37,1,,,,,,
37,2,,,,,,
37,3,,,,,,
37,4,,,,,,
37,5,,,,,,
37,Aggregated,,,,,,
37,Centralized,0.767913281917572,0.6586381196975708,0.6790416836738586,0.6934026479721069,0.7189040184020996,0.7950828671455383
38,0,,,,,,
38,1,,,,,,
38,2,,,,,,
38,3,,,,,,
38,4,,,,,,
38,5,,,,,,
38,Aggregated,,,,,,
38,Centralized,0.8537783622741699,0.7854900360107422,0.8015736937522888,0.8537185788154602,0.8314023017883301,0.8750506043434143
39,0,,,,,,
39,1,,,,,,
39,2,,,,,,
39,3,,,,,,
39,4,,,,,,
39,5,,,,,,
39,Aggregated,,,,,,
39,Centralized,0.5744309425354004,0.5130878686904907,0.4525411128997803,0.4921945333480835,0.4521077275276184,0.6027786731719971
40,0,,,,,,
40,1,,,,,,
40,2,,,,,,
40,3,,,,,,
40,4,,,,,,
40,5,,,,,,
40,Aggregated,,,,,,
40,Centralized,0.49260616302490234,0.47071266174316406,0.4273768365383148,0.4250364303588867,0.3371933698654175,0.5445807576179504
41,0,,,,,,
41,1,,,,,,
41,2,,,,,,
41,3,,,,,,
41,4,,,,,,
41,5,,,,,,
41,Aggregated,,,,,,
41,Centralized,0.6552241444587708,0.5877721309661865,0.4735971987247467,0.606177806854248,0.6594210267066956,0.6618978977203369
42,0,,,,,,
42,1,,,,,,
42,2,,,,,,
42,3,,,,,,
42,4,,,,,,
42,5,,,,,,
42,Aggregated,,,,,,
42,Centralized,0.6803357601165771,0.5883585810661316,0.6175066828727722,0.5995100140571594,0.5482166409492493,0.7354716658592224
43,0,,,,,,
43,1,,,,,,
43,2,,,,,,
43,3,,,,,,
43,4,,,,,,
43,5,,,,,,
43,Aggregated,,,,,,
43,Centralized,0.658422589302063,0.5923647284507751,0.4867151081562042,0.6156070232391357,0.6543634533882141,0.6625440120697021
44,0,,,,,,
44,1,,,,,,
44,2,,,,,,
44,3,,,,,,
44,4,,,,,,
44,5,,,,,,
44,Aggregated,,,,,,
44,Centralized,0.9049073457717896,0.7883230447769165,0.7316091060638428,0.9019165635108948,0.9107233881950378,0.9077199101448059
45,0,,,,,,
45,1,,,,,,
45,2,,,,,,
45,3,,,,,,
45,4,,,,,,
45,5,,,,,,
45,Aggregated,,,,,,
45,Centralized,0.5322519540786743,0.5044975280761719,0.45565783977508545,0.4884634017944336,0.48964881896972656,0.5604562759399414
46,0,,,,,,
46,1,,,,,,
46,2,,,,,,
46,3,,,,,,
46,4,,,,,,
46,5,,,,,,
46,Aggregated,,,,,,
46,Centralized,0.6754487156867981,0.5761040449142456,0.588870108127594,0.5930173993110657,0.5748897790908813,0.7248184084892273
47,0,,,,,,
47,1,,,,,,
47,2,,,,,,
47,3,,,,,,
47,4,,,,,,
47,5,,,,,,
47,Aggregated,,,,,,
47,Centralized,0.5503747463226318,0.5160906910896301,0.4157498776912689,0.4887053072452545,0.5463780760765076,0.5349199175834656
48,0,,,,,,
48,1,,,,,,
48,2,,,,,,
48,3,,,,,,
48,4,,,,,,
48,5,,,,,,
48,Aggregated,,,,,,
48,Centralized,0.729132890701294,0.6730068922042847,0.5166720747947693,0.7179114818572998,0.732700526714325,0.7373309135437012
49,0,,,,,,
49,1,,,,,,
49,2,,,,,,
49,3,,,,,,
49,4,,,,,,
49,5,,,,,,
49,Aggregated,,,,,,
49,Centralized,0.47041934728622437,0.436489999294281,0.37968170642852783,0.3913770318031311,0.4056943655014038,0.46602168679237366
50,0,,,,,,
50,1,,,,,,
50,2,,,,,,
50,3,,,,,,
50,4,,,,,,
50,5,,,,,,
50,Aggregated,,,,,,
50,Centralized,0.49810391664505005,0.453869491815567,0.3948777914047241,0.42324817180633545,0.3975793123245239,0.5055130124092102
