Round,Evaluator,1,5,3,4,0,2
0,0,,,,,,
0,1,,,,,,
0,2,,,,,,
0,3,,,,,,
0,4,,,,,,
0,5,,,,,,
0,Aggregated,,,,,,
0,Centralized,,,,,,
1,0,0.15862745098039369,0.09362745098039245,0.1394117647058826,0.1468627450980393,0.14318627450980395,0.1359313725490196
1,1,0.1293238993710689,0.09819182389937035,0.12747641509433888,0.12252358490566032,-0.0014544025157232127,0.11827830188679248
1,2,0.14170597484276695,0.1047562893081767,0.13565251572327053,0.13400157232704432,0.004363207547169743,0.13046383647798745
1,3,0.140880503144655,0.08887578616352237,0.13620283018867857,0.13384433962264153,-0.0046383647798742,0.12275943396226412
1,4,0.12881289308176175,0.07079402515723253,0.12948113207547188,0.12724056603773615,0.01415094339622641,0.12150157232704399
1,5,0.04292364990689017,0.14454376163873373,0.0390502793296089,0.03897579143389203,-0.0267411545623836,0.03834264432029796
1,Aggregated,0.11097211884504901,0.1067948717647265,0.1057842067382909,0.10501179923807422,0.011167910668814977,0.09990304426548939
1,Centralized,0.10972933014898135,0.10745479358580708,0.104594563857614,0.10381553508472664,0.010241100875696445,0.09879449562151704
2,0,0.028480392156862776,-0.017205882352941217,0.017598039215686288,0.02862745098039217,-0.01740196078431371,0.018725490196078425
2,1,0.052437106918238954,-0.008333333333333338,0.03584905660377352,0.047169811320754755,-0.0615172955974843,0.03345125786163524
2,2,0.04304245283018886,0.0010613207547169828,0.031210691823899354,0.037421383647798796,-0.07114779874213835,0.02444968553459125
2,3,0.048191823899371065,-0.0032625786163521854,0.03840408805031452,0.04402515723270441,-0.0677279874213834,0.03235062893081765
2,4,0.047602201257861555,-0.008294025157232694,0.03286163522012578,0.04339622641509437,-0.06312893081761017,0.030110062893081747
2,5,-0.0033147113594040657,0.18651769087523265,-0.007206703910614535,-0.053407821229050266,-0.06726256983240225,-0.002811918063314704
2,Aggregated,0.030522086857900314,0.04980173233823683,0.02030461750106941,0.013040593763407703,-0.0604697228649545,0.019090218392681216
2,Centralized,0.02996133287842612,0.05223473217331971,0.019851017855112056,0.011895826225406561,-0.06067894916410767,0.01872512225634029
3,0,-0.001862745098039203,0.008039215686274496,-0.0037254901960784414,0.0047549019607843095,0.013480392156862727,0.008725490196078442
3,1,0.020636792452830288,0.03294025157232693,0.010573899371069192,0.02150157232704408,-0.022327044025157245,0.007429245283018862
3,2,0.021816037735849062,0.028419811320754655,0.013364779874213854,0.020872641509433958,-0.029402515723270354,0.006250000000000001
3,3,0.023938679245283038,0.02555031446540874,0.014937106918238977,0.023466981132075557,-0.03160377358490588,0.009748427672955966
3,4,0.018789308176100614,0.02091194968553464,0.016745283018867903,0.02268081761006301,-0.018946540880503144,0.015290880503144644
3,5,-0.00752327746741152,0.21610800744878883,-0.05137802607076345,-0.029143389199255153,-0.05629422718808187,-0.03154562383612671
3,Aggregated,0.010076426078414105,0.08008760097976737,-0.00733071600794403,0.005028372551688701,-0.029884308495899226,-0.0025093790005218776
3,Centralized,0.009808938928693214,0.08252018651199808,-0.008074604799272139,0.0044580916638234935,-0.030421926532468967,-0.0030194472876151563
4,0,0.004313725490196079,0.001421568627451012,0.002990196078431367,0.004754901960784318,0.005049019607843152,-0.0038235294117647035
4,1,0.0132075471698113,0.010377358490566013,0.010102201257861617,0.018789308176100597,-0.05475628930817608,-7.861635220128313e-05
4,2,0.008333333333333323,0.018632075471698126,0.007861635220125786,0.01819968553459123,-0.06077044025157239,0.0030267295597484097
4,3,0.006878930817610053,0.017492138364779898,0.006761006289308174,0.007232704402515731,-0.06438679245283024,0.007154088050314466
4,4,0.010180817610062887,0.009827044025157229,0.011635220125786142,0.009944968553459117,-0.0512971698113207,0.004992138364779875
4,5,-0.02685288640595906,0.3199441340782121,-0.025232774674115502,-0.07543761638733701,-0.07480446927374315,-0.021527001862197408
4,Aggregated,-0.001681466301053087,0.10214794155646671,-0.0016946061792187269,-0.013573744220458095,-0.05524255894873029,-0.0045481225904335275
4,Centralized,-0.0021153190037529993,0.1060104628681907,-0.0020982599795291846,-0.01464801546684862,-0.055703400432161744,-0.00483339019674741
5,0,-0.0017647058823529577,0.007598039215686295,-0.0032352941176470684,-0.0038235294117647143,0.0013725490196078254,-0.00014705882352940568
5,1,0.014661949685534576,0.011556603773584905,0.0036556603773584898,0.005660377358490555,-0.04182389937106924,0.011006289308176067
5,2,0.006053459119496854,0.012382075471698072,0.007232704402515699,0.004166666666666679,-0.04001572327044047,0.010180817610062872
5,3,0.007036163522012542,0.010888364779874158,0.005503144654088033,0.0073899371069182365,-0.044221698113207454,0.018121069182389968
5,4,0.004638364779874213,0.006957547169811329,0.007586477987421383,-0.002240566037735857,-0.03518081761006304,0.01352201257861641
5,5,-0.039050279329608834,0.3146741154562373,-0.011769087523277481,-0.08474860335195533,-0.07854748603351958,-0.010055865921787723
5,Aggregated,-0.006894812706846918,0.09921046898196652,-0.00031554070533297996,-0.02308254353896004,-0.04650945696201786,0.004791832376760845
5,Centralized,-0.007443420902991029,0.10301376094620705,-0.0005003980438985472,-0.02415557830092118,-0.04715114295462312,0.004554759467758443
6,0,0.012598039215686236,-0.0030882352941176573,0.012990196078431339,0.00470588235294117,-0.031078431372549113,-0.010833333333333337
6,1,0.019143081761006275,-0.008962264150943412,0.019693396226415145,0.0011792452830188488,-0.056761006289308275,-0.009669811320754722
6,2,0.011517295597484267,-0.011045597484276715,0.014622641509433968,0.0023977987421383634,-0.045754716981132156,-0.007114779874213814
6,3,0.015841194968553414,-0.007036163522012552,0.018946540880503057,0.0060927672955974985,-0.046816037735849005,0.0035377358490566004
6,4,0.01588050314465402,-0.005974842767295595,0.017806603773584853,0.005110062893081755,-0.042099056603773805,-0.004874213836478013
6,5,-0.034003724394785696,0.20702048417132224,-0.06402234636871515,-0.04616387337057726,-0.09061452513966481,-0.05713221601489783
6,Aggregated,0.0007087062546740127,0.05541748182676402,-0.006761318855890002,-0.010787024082877832,-0.058367968817848975,-0.020693093122729888
6,Centralized,0.00010235414534287649,0.058080291140680036,-0.00776185602183555,-0.011412487205731781,-0.05896736040031853,-0.02132378027976793
7,0,0.0007352941176470562,0.009803921568627461,0.004264705882352949,-0.0024019607843137423,0.0037254901960784305,0.0015196078431372806
7,1,0.016430817610062876,0.013522012578616334,0.016312893081760965,-0.0038915094339622702,-0.02818396226415122,0.023545597484276776
7,2,0.010141509433962276,0.014229559748427625,0.014111635220125828,-0.0004716981132075622,-0.028105345911949717,0.023113207547169775
7,3,0.00404874213836479,0.012382075471698055,0.0068789308176100605,0.003930817610062897,-0.03125000000000021,0.022877358490566005
7,4,0.00487421383647803,0.008883647798742159,0.005188679245283011,0.0017295597484276658,-0.017295597484276656,0.015487421383647827
7,5,-0.02841713221601481,0.3538547486033504,-0.05817504655493474,-0.06787709497206716,-0.048435754189944044,0.0021229050279329407
7,Aggregated,-0.00302471979638632,0.11201245422138555,-0.010290140808834286,-0.01997840545742009,-0.029127883810145944,0.013284391033931043
7,Centralized,-0.003457295576026388,0.1162799954509267,-0.01112248379392699,-0.0208176958944615,-0.029523484590014686,0.01312407596952123
8,0,-0.011813725490196096,-0.000980392156862749,0.0010784313725490029,-0.005539215686274516,0.0033823529411764674,-0.0037745098039215774
8,1,-0.01446540880503142,-0.0062893081761006275,0.010770440251572304,-0.00794025157232702,-0.004363207547169858,-0.006014150943396208
8,2,-0.008490566037735845,-0.006367924528301881,0.00896226415094339,-0.003970125786163501,-0.006918238993710722,-0.004441823899371036
8,3,-0.005856918238993721,0.00043238993710692877,0.005542452830188692,0.0015330188679245282,-0.01281446540880499,-0.00298742138364777
8,4,-0.005227987421383646,-0.0031446540880503268,0.00703616352201256,0.0038128930817610115,-0.0051886792452830776,0.0027122641509433926
8,5,-0.05830540037243955,0.23949720670391145,-0.03834264432029798,-0.07407821229050271,-0.06266294227188056,-0.1167225325884548
8,Aggregated,-0.023491132562686565,0.0677732092211131,-0.006358023709172168,-0.023324996918187763,-0.02224631334338437,-0.03621509682902772
8,Centralized,-0.02409871488684175,0.0707949505288299,-0.006908904810644809,-0.024212441715000525,-0.022978505629477994,-0.0376322074377343
9,0,-0.0039705882352941094,0.0031862745098039363,0.007843137254901936,-0.0010784313725490176,0.008676470588235287,0.005931372549019592
9,1,-0.0022012578616352097,-0.00621069182389937,0.019732704402515806,-0.004127358490565995,0.0036556603773584963,0.01273584905660377
9,2,-0.0031446540880503294,-0.004048742138364766,0.018789308176100573,0.0002751572327044174,-0.0035770440251572475,0.01057389937106917
9,3,-0.0016902515723270228,-0.0024764150943396316,0.014544025157232706,0.004323899371069176,-0.012775157232704388,0.012224842767295564
9,4,-0.0011792452830188779,0.001533018867924533,0.011517295597484265,0.0047169811320754845,-0.013797169811320753,0.011360062893081752
9,5,-0.05281191806331457,0.250316573556797,0.008696461824953447,-0.049143389199255025,-0.022160148975791445,-0.05221601489757917
9,Aggregated,-0.017150426835690038,0.07205356843959851,0.012967963867153705,-0.013761455879683833,-0.009338607024030264,-0.007698620877190682
9,Centralized,-0.017775503241214644,0.07518480609575794,0.012907994996019573,-0.014380757420675547,-0.00959285795519161,-0.008472648697827833
10,0,-0.006911764705882363,0.005049019607843105,0.002990196078431373,0.0027450980392156915,-0.015441176470588222,-0.0001960784313725699
10,1,-0.009866352201257839,0.01297169811320756,0.011045597484276685,0.006918238993710684,-0.03396226415094338,0.00345911949685536
10,2,-0.005621069182389925,0.011438679245283016,0.008333333333333331,0.009669811320754666,-0.02763364779874216,0.00381289308176102
10,3,-0.0017688679245282616,-0.0009827044025157142,0.006132075471698117,0.009394654088050314,-0.02861635220125784,0.004048742138364785
10,4,-0.0027515723270440076,-0.0071933962264150875,0.004520440251572312,0.006800314465408781,-0.02405660377358492,0.0014544025157232742
10,5,-0.055754189944134086,0.30469273743016667,-0.005754189944134096,-0.09975791433891971,-0.049366852886405965,-0.010260707635009303
10,Aggregated,-0.020095997020490468,0.09223077543590194,0.0030815631190542914,-0.024076899241672757,-0.03308464279028989,-0.0011535822064391152
10,Centralized,-0.02072102809052645,0.09597407028317997,0.0029341521664960697,-0.02540088706925966,-0.033395883088820556,-0.0013078585238257537
11,0,-0.0019607843137254962,-0.007156862745098043,0.004019607843137249,0.002107843137254913,0.005343137254901972,-0.002352941176470591
11,1,-0.0015723270440251495,0.006918238993710688,0.015683962264150954,0.00338050314465411,-0.024449685534591235,3.9308176100614584e-05
11,2,-0.0024371069182390066,0.003616352201257875,0.016352201257861628,0.007389937106918181,-0.02912735849056597,0.006564465408805025
11,3,0.003577044025157204,-0.008294025157232694,0.014072327044025161,0.010141509433962241,-0.027476415094339544,0.01033805031446534
11,4,0.0023977987421383634,-0.010220125786163499,0.01525157232704403,0.008097484276729561,-0.022169811320754716,0.009001572327043995
11,5,-0.09959031657355676,0.24301675977653694,-0.06292364990689012,-0.0674860335195531,-0.1048789571694604,-0.025456238361266276
11,Aggregated,-0.02911594651937485,0.06914786067430484,-0.008940815446783034,-0.015255076046475555,-0.04522903301804627,-0.003930055658970455
11,Centralized,-0.030353690435573646,0.07222222222222228,-0.009871488684180583,-0.01616626862276813,-0.04633799613328768,-0.004293187762993278
12,0,0.0021568627450980296,0.0014705882352941217,-0.004313725490196082,-0.0027450980392156803,-0.00117647058823527,0.0046078431372549005
12,1,0.006446540880503145,0.0005110062893081721,-0.002594339622641522,0.004009433962264152,-0.014033018867924513,0.01509433962264149
12,2,0.005385220125786165,-0.0023584905660377358,-0.0032625786163521663,0.0023977987421383616,-0.01552672955974842,0.008647798742138354
12,3,0.00707547169811321,-0.0024764150943396377,-0.0010220125786163411,0.010023584905660375,-0.015566037735849041,0.01139937106918237
12,4,0.007272012578616351,-0.003498427672955958,-0.0007861635220125828,0.004441823899371051,-0.01273584905660378,0.012382075471698124
12,5,-0.04148975791433894,0.3454934823091243,-0.012253258845437556,-0.053817504655493564,-0.047970204841713174,-0.03577281191806332
12,Aggregated,-0.008050523799049204,0.10022053378659604,-0.005231498315837705,-0.013028210285858644,-0.02268453485431044,-0.002948990210175763
12,Centralized,-0.008631866257250117,0.10453770044353479,-0.005350847264869809,-0.013732514500170632,-0.023154782213123986,-0.0035141589901057863
13,0,-0.0035294117647058734,0.005784313725490212,0.001176470588235303,0.0022058823529411725,0.00406862745098041,0.0020588235294117835
13,1,-0.01120283018867924,-1.2027416100105863e-17,0.013639937106918232,-0.0032232704402515625,-0.0027908805031446747,0.00593553459119497
13,2,-0.008922955974842757,0.004441823899371089,0.008333333333333331,0.002437106918238995,-0.0015330188679245342,0.007036163522012578
13,3,-0.0025943396226414937,-0.007743710691823856,0.0033018867924528438,0.005817610062893097,-0.007665094339622701,0.00652515723270442
13,4,-0.003734276729559739,0.0008254716981131992,0.004913522012578616,0.0049528301886792355,-0.004481132075471706,0.006957547169811349
13,5,-0.08538175046554941,0.22061452513966487,-0.021657355679702013,-0.03379888268156417,-0.10635009310986998,-0.05499068901303533
13,Aggregated,-0.02931418885185897,0.06494665693026662,-0.0017708476650855982,-0.008169248908038934,-0.033078619974469085,-0.011976212231165234
13,Centralized,-0.030308199704310333,0.06767883543727954,-0.0021096326623450535,-0.008620493574434172,-0.03438530649380167,-0.012726032070965508
14,0,-0.004166666666666695,-0.0031372549019607807,-0.005196078431372562,0.00044117647058823374,-0.010588235294117634,0.0049999999999999845
14,1,-0.00495283018867925,-0.008451257861635204,-0.0027908805031446556,0.0013364779874213766,-0.037853773584905624,0.022051886792452756
14,2,-0.004284591194968558,-0.006918238993710663,0.0007861635220125788,0.00255503144654087,-0.038364779874213786,0.015566037735849022
14,3,0.0031053459119496874,-0.005581761006289285,0.004009433962264135,0.0076650943396226225,-0.0388364779874214,0.020204402515723276
14,4,-0.0007075471698113169,-0.006249999999999938,0.004284591194968561,0.0036556603773584906,-0.03360849056603775,0.01611635220125784
14,5,0.011266294227188079,0.22597765363128489,-0.012197392923649823,-0.03409683426443181,-0.06743016759776538,-0.1168156424581004
14,Aggregated,0.0017960038591777,0.061817954169039194,-0.0032726665390759167,-0.0077008160780892764,-0.04284174871003141,-0.022761376729433423
14,Centralized,0.0019674741271465965,0.06470487888092817,-0.0034174911861708326,-0.008159899920391213,-0.043324235187080916,-0.024394404640054636
15,0,0.0016176470588235125,-0.001568627450980381,0.001421568627450979,0.0032843137254902105,0.003235294117647061,0.0008333333333333248
15,1,0.007940251572327051,0.004323899371069184,0.01297169811320753,0.00943396226415094,-0.01481918238993719,0.013168238993710675
15,2,0.004795597484276753,-0.003616352201257862,0.008018867924528297,0.0110062893081761,-0.011871069182389934,0.012893081761006266
15,3,0.005621069182389925,-0.004756289308176085,0.006918238993710704,0.008608490566037706,-0.019378930817610104,0.010062893081760995
15,4,0.007075471698113193,-0.00864779874213832,0.003616352201257896,0.008058176100628893,-0.008647798742138387,0.00797955974842768
15,5,-0.06342644320297929,0.24683426443203027,-0.04465549348230897,-0.12571694599627536,-0.07998137802607119,0.01666666666666668
15,Aggregated,-0.014649920468216731,0.07024396390792498,-0.008281242513998763,-0.030980720667782725,-0.031069520108498037,0.011455342400761837
15,Centralized,-0.015500966678039376,0.07335380416240202,-0.008910496986239061,-0.032639599681564824,-0.031962925054020416,0.011566018423746162
16,0,-0.001568627450980394,0.003676470588235318,0.0019607843137255093,0.0017156862745098275,-0.00044117647058823005,0.0005392156862745245
16,1,0.0018867924528302013,-0.007940251572327086,0.011360062893081734,0.0060927672955974925,-0.034316037735849,0.013482704402515696
16,2,0.00432389937106918,-0.008726415094339567,0.014465408805031416,0.009551886792452799,-0.03309748427672956,0.013482704402515724
16,3,0.004284591194968564,-0.0036163522012578504,0.013011006289308144,0.008451257861635208,-0.035377358490565995,0.015605345911949672
16,4,0.006603773584905622,-0.005188679245282977,0.01088836477987418,0.006918238993710684,-0.02444968553459114,0.009944968553459098
16,5,-0.025288640595903435,0.23495344506517693,0.02404096834264435,-0.05132216014897592,-0.060782122905028005,-0.10372439478584722
16,Aggregated,-0.005085109434536236,0.06551815636674745,0.014575565684717413,-0.010273582809861515,-0.03653272780882116,-0.022606777570699208
16,Centralized,-0.005430456044580916,0.06848629591720684,0.01476174229500745,-0.010986011600136493,-0.03701808256567721,-0.0240134197657227
17,0,-0.005294117647058839,0.004166666666666692,0.00039215686274509667,0.0009313725490196083,0.000588235294117632,-0.000784313725490197
17,1,-0.006171383647798733,0.0015723270440251393,0.0023584905660377574,-0.004874213836477957,0.0031839622641509193,0.013364779874213816
17,2,-0.0018474842767295795,0.0016902515723270194,0.00326257861635219,-0.001926100628930809,-0.0018474842767295817,0.012460691823899337
17,3,0.002869496855345893,-0.00613207547169812,0.003616352201257849,0.003066037735849055,-0.004009433962264148,0.010023584905660368
17,4,-0.001533018867924527,-0.0033018867924528533,0.006996855345911937,0.0025943396226415136,-0.004088050314465429,0.0064072327044025126
17,5,-0.08642458100558632,0.24392923649906928,0.00128491620111731,-0.05545623836126635,-0.09262569832402247,-0.028584729981378034
17,Aggregated,-0.026929058788436315,0.07103892558149569,0.002806358286920909,-0.01629829543854241,-0.02805119915314937,-0.0022636784732961946
17,Centralized,-0.027971113385647672,0.07407596952121002,0.0027863072898896583,-0.016990788126919107,-0.029193676788354474,-0.0027066985101785435
18,0,-0.003284313725490204,0.003284313725490204,0.0005392156862744931,0.0018627450980392313,0.0002941176470588225,-0.0026960784313725485
18,1,-0.008529874213836454,-0.00019654088050314445,0.009355345911949649,-0.0008254716981132088,-0.009709119496855333,0.009905660377358485
18,2,-0.006564465408804998,0.0020440251572327343,0.004481132075471699,0.0008254716981132208,-0.00868710691823896,0.005542452830188683
18,3,-0.00216194968553458,-0.007665094339622618,0.0018867924528301729,0.001493710691823893,-0.0075471698113207565,0.0022012578616352196
18,4,0.0001572327044025308,-0.0010613207547169733,0.002397798742138379,0.003341194968553465,-0.008333333333333305,0.0011399371069182442
18,5,-0.033184357541899405,0.22800744878957221,-0.041266294227188,-0.07662942271880809,-0.0467597765363128,0.043575418994413334
18,Aggregated,-0.01262334102446219,0.06616585175887026,-0.00936196041455028,-0.021510999664337803,-0.018691649802281964,0.015197488476685776
18,Centralized,-0.012987603775730718,0.06900943932673724,-0.009916979415444099,-0.022483793926987385,-0.019202774934607075,0.01571136131013307
19,0,-0.0007352941176470748,0.001617647058823552,-0.0013725490196078605,-0.0005392156862744968,0.0013725490196078401,-0.00034313725490195954
19,1,0.0015723270440251656,-0.006525157232704398,0.009158805031446532,-7.861635220125784e-05,-0.013522012578616351,0.004677672955974864
19,2,0.003655660377358483,-0.0020440251572327066,0.005267295597484254,0.001768867924528302,-0.013954402515723278,0.005306603773584907
19,3,0.005267295597484248,-0.008411949685534582,0.005581761006289271,0.013443396226415095,-0.016391509433962358,0.005227987421383619
19,4,0.0034984276729559515,-0.005738993710691824,0.0030267295597484157,0.012028301886792415,-0.014661949685534716,0.004205974842767278
19,5,-0.05515828677839847,0.19741154562383656,0.009366852886405994,-0.021284916201117263,-0.11763500931098719,-0.01605214152700179
19,Aggregated,-0.014189549135647616,0.05467934178897219,0.0059599910376580585,-0.002311863018410242,-0.04288111298259462,-0.0018923745521417993
19,Centralized,-0.014960764244285168,0.05712498578414648,0.005976344819742966,-0.002689639485954722,-0.04428522688502234,-0.0021892414420561774
20,0,-0.007107843137254923,-0.0010294117647058805,0.0018137254901960847,-0.006372549019607868,-0.00034313725490196697,0.0012745098039215772
20,1,-0.0053066037735849305,-0.008215408805031443,0.014661949685534617,-0.008805031446540885,-0.013207547169811264,-0.0003537735849056552
20,2,-0.004834905660377375,-0.012775157232704353,0.011124213836477981,-0.005385220125786186,-0.015841194968553463,-0.0005896226415094259
20,3,-0.0038522012578616352,-0.008844339622641478,0.013679245283018893,-0.005699685534591202,-0.015998427672956013,0.0018474842767295496
20,4,-0.003812893081760994,-0.008490566037735812,0.010495283018867875,-0.003773584905660349,-0.012775157232704386,0.0018474842767295723
20,5,-0.16480446927374304,0.22690875232774776,-0.07394785847299828,-0.0961638733705774,-0.0028864059590316678,-0.010893854748603366
20,Aggregated,-0.05173637555551027,0.06071064215709611,-0.014107615146023017,-0.032403592597487235,-0.009374105622672225,-0.002633938379416865
20,Centralized,-0.053724553622199196,0.0636244740134199,-0.015142727169339247,-0.03352666894120323,-0.009285795519162915,-0.0027806209484817477
21,0,-0.004362745098039226,0.0022058823529411877,0.006960784313725503,0.0015686274509804032,0.00318627450980393,0.0022058823529411925
21,1,0.010102201257861628,-0.0002751572327043869,0.015251572327043992,0.0038915094339622616,-0.014740566037735887,0.009355345911949649
21,2,0.009669811320754711,-0.0010613207547169935,0.016745283018867956,0.00577830188679243,-0.012971698113207565,0.010141509433962229
21,3,0.00900157232704402,-0.0038915094339622633,0.009119496855345903,0.00892295597484274,-0.01379716981132076,0.011871069182389924
21,4,0.0034984276729559728,0.0022012578616352287,0.007507861635220109,0.006014150943396211,-0.012067610062893043,0.006996855345911937
21,5,-0.026536312849161994,0.3083426443202971,-0.053091247672253275,0.004953445065176919,-0.061098696461825065,-0.00944134078212289
21,Aggregated,-0.003558545453454739,0.0901314809123763,-0.007577603519458251,0.005250963913554525,-0.025377483892343133,0.003130758583196794
21,Centralized,-0.0039406345957011205,0.09397247810758584,-0.00837029455248494,0.005254179460934838,-0.026037757306948833,0.002922779483680186
22,0,-0.0018137254901960922,0.0033333333333333457,-0.0010784313725490323,0.0016176470588235349,0.0004901960784313949,-0.0025490196078431504
22,1,0.005581761006289262,0.0019261006289308122,0.007350628930817575,0.00027515723270438966,-0.011281446540880521,0.007940251572327034
22,2,0.003419811320754704,0.0003537735849056756,0.0038128930817610002,0.0027908805031446526,-0.008451257861635229,0.007507861635220097
22,3,0.0017688679245283002,-0.003970125786163518,0.0026729559748427715,0.0031053459119496874,-0.008411949685534584,0.009551886792452837
22,4,7.861635220125816e-05,-0.005227987421383639,0.0012578616352201348,0.004756289308176081,-0.006957547169811325,0.0060927672955974664
22,5,-0.011973929236499167,0.22953445065176972,-0.04124767225325881,-0.08057728119180685,-0.06707635009311,-0.06329608938547455
22,Aggregated,-0.00213215290382688,0.06661320920253311,-0.009994845171945519,-0.021802362927316472,-0.02473986101050605,-0.014280715059642094
22,Centralized,-0.0022859092459911207,0.06948709200500404,-0.010525417946093487,-0.02282497441146369,-0.02549186853178651,-0.015182531559194743
23,0,-0.001911764705882377,0.0006862745098039339,0.00568627450980393,0.0016176470588235385,-0.0037745098039215887,0.0006372549019607635
23,1,-0.0013364779874213842,-0.008844339622641504,0.005935534591194967,-0.001336477987421361,-0.02547169811320756,0.002751572327044003
23,2,-3.93081761006741e-05,-0.005070754716981154,0.008176100628930805,0.0019261006289308102,-0.02503930817610064,0.003537735849056586
23,3,-0.0029874213836477664,-0.01273584905660375,0.00511006289308174,0.004913522012578608,-0.022877358490566015,0.0073506289308175755
23,4,-0.00023584905660378,-0.005424528301886812,0.0050707547169811075,0.004166666666666654,-0.015330188679245292,0.0046776729559748305
23,5,-0.0031657355679702553,0.204655493482309,0.020875232774674127,-0.033966480446927315,-0.11932960893854738,-0.01767225325884551
23,Aggregated,-0.0018316373817339787,0.055316069694038385,0.010362132038726123,-0.008335062061375756,-0.0484261890785677,-0.0024108403517634274
23,Centralized,-0.0018537472989878067,0.057932446264073574,0.0105481633117253,-0.00878539747526443,-0.0497099965881951,-0.002672580461730914
24,0,-0.0014215686274509877,0.0018627450980392168,-0.0017647058823529506,0.0011764705882353066,0.001470588235294118,-0.001323529411764705
24,1,0.010141509433962224,-0.007232704402515667,0.005070754716981146,0.0021226415094339744,-0.0013364779874213818,0.007743710691823888
24,2,0.004599056603773587,-0.005778301886792441,0.0022405660377358434,0.003262578616352199,-0.0027908805031446327,0.007900943396226406
24,3,0.014622641509433962,-0.006014150943396243,0.0004716981132075434,0.003734276729559746,-0.00448113207547168,0.010534591194968544
24,4,0.009827044025157211,-0.006014150943396211,-0.0014544025157232558,0.00436320754716982,-0.005345911949685515,0.005699685534591201
24,5,-0.11543761638733661,0.2109497206703905,0.026722532588454397,-0.057094972067039,-0.04482309124767223,-0.058305400372439774
24,Aggregated,-0.028228706919250668,0.05833354485015606,0.008544078178524706,-0.014602459011717542,-0.015000235151198051,-0.01255657110450695
24,Centralized,-0.02974525190492444,0.06100875696576808,0.008870692596383513,-0.015347435460025007,-0.015535084726487125,-0.013345843284430803
25,0,-0.0008823529411764767,-0.0018627450980392196,0.002843137254901984,-0.00245098039215687,-0.003480392156862776,-0.0029901960784313964
25,1,0.00369496855345909,-0.007822327044025098,0.008451257861635196,0.0002751572327044001,-0.02185534591194969,0.00310534591194967
25,2,0.003852201257861632,-0.006839622641509387,0.009512578616352158,0.0011399371069182437,-0.022169811320754747,0.007429245283018826
25,3,0.004834905660377367,-0.015133647798742126,0.00656446540880501,0.006603773584905633,-0.02822327044025172,0.004127358490566024
25,4,0.005110062893081738,-0.008136792452830171,0.006210691823899342,0.00625,-0.022562893081761022,0.0036949685534591018
25,5,-0.035437616387337036,0.21925512104283043,-0.009124767225325901,-0.11048417132216024,0.0023463687150837966,-0.018510242085661058
25,Aggregated,-0.007917638975096104,0.05842668444710711,0.0021805643845340806,-0.030559494365034776,-0.013647302581377446,-0.003085666613523948
25,Centralized,-0.008393039918116714,0.06124758330490167,0.001990219492778383,-0.03195723871261235,-0.013402706698510168,-0.003343568747867603
26,0,-0.004950980392156847,0.0018137254901960979,0.0015686274509804068,0.0021568627450980556,0.0020098039215686553,0.00034313725490196513
26,1,-0.0032625786163521854,-0.0016902515723270508,0.012303459119496808,0.008451257861635182,-0.005227987421383599,0.008294025157232682
26,2,-0.005581761006289279,-0.002751572327044021,0.008883647798742102,0.004284591194968553,-0.005660377358490538,0.007900943396226389
26,3,0.003970125786163521,-0.008529874213836467,0.004716981132075491,0.0077044025157232635,-0.004913522012578584,0.0088443396226415
26,4,-0.0007075471698113326,-0.0054245283018867965,0.0059355345911949724,0.00593553459119496,-0.0047955974842766825,0.006132075471698099
26,5,0.006666666666666645,0.20329608938547467,-0.022607076350093108,-0.04538175046554882,-0.0424022346368715,-0.04705772811918066
26,Aggregated,0.0005393583755078888,0.05706109046153964,-0.0017596333383972545,-0.009161608345409512,-0.015201614583241136,-0.009166138029747004
26,Centralized,0.0006539292619128961,0.05962697600363941,-0.0021153190037529667,-0.009791879904469478,-0.015694302285909185,-0.009820311611509135
27,0,-0.001862745098039233,0.0025000000000000274,0.0016176470588235312,9.803921568625565e-05,0.0014705882352941217,-0.0008823529411764767
27,1,0.004481132075471669,-0.003812893081760982,0.003734276729559759,-0.004323899371069162,-0.005424528301886796,0.005345911949685505
27,2,0.00683962264150944,-0.0025943396226415063,0.0054245283018868,-0.0012971698113207514,-0.006878930817610059,0.0032232704402515764
27,3,0.005542452830188653,-0.0066430817610062705,0.005503144654088036,0.0021619496855345673,-0.008608490566037737,0.006761006289308141
27,4,0.004245283018867927,-0.005974842767295584,0.00196540880503146,0.0030660377358490585,-0.007389937106918234,0.0040880503144653845
27,5,-0.0025512104283053724,0.2015270018621974,-0.04299813780260722,-0.09409683426443201,-0.08696461824953429,-0.10117318435754218
27,Aggregated,0.0021277533724851864,0.05653294682853096,-0.0099590897197378,-0.027606162866576585,-0.029449174779645735,-0.02688834570520556
27,Centralized,0.0020584555896736023,0.05907540088706912,-0.010536790628909345,-0.02877857386557488,-0.03047878994654856,-0.028187194359149206
28,0,-0.0011274509803921565,0.0023529411764706236,-0.0013725490196078568,0.00117647058823529,-0.000833333333333334,-0.003137254901960794
28,1,-0.0002751572327044165,-0.0033411949685534232,-0.004834905660377353,0.006485849056603774,-0.006918238993710667,0.001808176100628927
28,2,-0.0003144654088050394,-0.0007468553459119651,-0.002555031446540882,0.005935534591194937,-0.008647798742138363,0.0016116352201257728
28,3,0.007075471698113194,-0.009433962264150912,0.0009040880503144633,0.00259433962264151,-0.007193396226415098,0.00605345911949684
28,4,0.004559748427672936,-0.003026729559748408,-7.861635220125322e-05,0.0018867924528301943,-0.006643081761006273,0.005660377358490541
28,5,-0.019944134078212362,0.20947858472998102,0.03499068901303534,-0.04413407821229044,-0.05000000000000014,-0.04324022346368749
28,Aggregated,-0.004355387068070537,0.05920776591850526,0.009120269971415126,-0.010304332747374176,-0.01906046822118089,-0.010819658212414937
28,Centralized,-0.004622995564653725,0.06184464915273519,0.0095757989309678,-0.010895030137609502,-0.019617877857386654,-0.011378369157284204
29,0,-0.0027941176470588605,0.0029901960784313917,-9.803921568628341e-05,0.002303921568627471,-0.000588235294117682,0.0011274509803921658
29,1,0.001965408805031437,-0.008136792452830178,0.0017688679245283106,-0.0030267295597484257,0.0016902515723270332,0.0057389937106918
29,2,0.003341194968553459,-0.009630503144654058,-3.930817610061767e-05,-0.0022012578616352183,-0.0018867924528301932,0.005699685534591202
29,3,0.003223270440251564,-0.015526729559748386,0.0011006289308176246,0.0012971698113207549,-0.0009827044025156966,0.008529874213836476
29,4,-0.00031446540880504433,-0.009237421383647788,0.0014937106918238982,0.0029874213836477985,-0.0011792452830188828,0.003891509433962258
29,5,-0.014432029795158254,0.16744878957169407,-0.018193668528864032,-0.07430167597765339,-0.05899441340782122,-0.002644320297951581
29,Aggregated,-0.0033563048808034316,0.043160104812465,-0.0047058537626080525,-0.021624473210518396,-0.01769576135137933,0.002863085396456122
29,Centralized,-0.003542590697145459,0.04532582736267492,-0.004941430683498212,-0.02255771636529066,-0.018423746161719403,0.002774934607073813
30,0,0.0014705882352941263,0.0035294117647058946,-0.007647058823529427,-9.803921568626675e-05,0.001960784313725502,-0.002156862745098052
30,1,0.00495283018867924,-0.005974842767295547,-0.00511006289308176,-0.0004323899371069121,-0.0036163522012578647,0.003105345911949702
30,2,0.0011792452830188464,-0.001336477987421379,-0.0010220125786163678,0.003694968553459125,-0.0022405660377358767,0.004441823899371065
30,3,-0.00035377358490564783,-0.00833333333333333,0.0007075471698113314,0.00617138364779873,-0.0025157232704402658,0.0043238993710691745
30,4,0.0005896226415094389,-0.006132075471698084,-0.005149371069182386,0.0032232704402515625,-0.004166666666666667,0.0022012578616352235
30,5,-0.07949720670391068,0.2128864059590319,-0.0628677839851028,-0.08007448789571696,-0.015623836126629447,-0.03739292364990705
30,Aggregated,-0.022172968510799067,0.059579623708765635,-0.020882941952273713,-0.021607039645610143,-0.006181480765498952,-0.00914520782896546
30,Centralized,-0.023183213920163807,0.062265438416922385,-0.021613783691572845,-0.022631638803593822,-0.006357329694074922,-0.009632662345047213
31,0,-0.0026470588235294325,0.004264705882352971,0.0010784313725490263,-0.0010294117647059028,-0.0006862745098039339,-0.0009803921568627386
31,1,0.003380503144654079,-0.0025550314465408773,0.00404874213836478,-3.930817610064419e-05,-0.007625786163522003,0.005149371069182388
31,2,0.0006289308176100701,-0.0014544025157232799,0.004402515723270421,5.551115123125783e-18,-0.008333333333333328,0.004756289308176102
31,3,0.00192610062893081,-0.009748427672955954,0.0076650943396226285,0.004834905660377331,-0.0063286163522012625,0.006367924528301871
31,4,0.0035770440251572276,-0.008215408805031412,0.009669811320754701,0.006721698113207497,-0.005581761006289315,0.003262578616352203
31,5,-0.022979515828677816,0.20324022346368678,-0.0073556797020484345,-0.07350093109869676,-0.055940409683426444,-0.02670391061452517
31,Aggregated,-0.005651748042291361,0.056813690225783246,0.001760010250114245,-0.01996075298255919,-0.02055769971163541,-0.005071330738740492
31,Centralized,-0.005947913112703271,0.05937677698169009,0.0016092346184464806,-0.02089730467417263,-0.021192994427385474,-0.005441828727396799
32,0,-0.007009803921568636,0.006421568627450996,-0.0007843137254902099,-0.001323529411764729,0.0019117647058823387,0.003725490196078433
32,1,0.0013364779874213799,0.010377358490566028,-0.002712264150943386,-0.0029088050314465164,-0.006957547169811303,0.005581761006289289
32,2,-0.001218553459119484,0.008844339622641544,-0.004048742138364753,-0.0014150943396226347,-0.008058176100628929,0.003537735849056617
32,3,0.00872641509433961,-0.0028694968553458927,-0.004716981132075447,0.0033805031446540847,-0.008058176100628934,0.008254716981132056
32,4,0.004088050314465403,-0.00243710691823902,-0.00015723270440253233,-0.0025550314465408747,-0.008647798742138375,0.004992138364779851
32,5,-0.09938547486033565,0.27893854748603364,-0.04778398510242074,-0.06882681564245796,-0.08741154562383623,-0.07273743016759791
32,Aggregated,-0.02805183514805048,0.0845118040987685,-0.015797535354447348,-0.020831129478504674,-0.03002913405460609,-0.017574227635457806
32,Centralized,-0.029290344592289456,0.087933583532355,-0.016365290572045926,-0.021676333447060176,-0.03105879677015823,-0.01854315933128621
33,0,-0.003627450980392161,0.0017156862745097991,0.0030882352941176447,-0.0030882352941176646,0.00279411764705882,-0.0038235294117647035
33,1,-0.0009040880503144746,-0.006603773584905659,0.008608490566037701,-0.0035377358490566047,-0.006957547169811311,-0.004756289308176141
33,2,-0.0001179245283019011,-0.004952830188679245,0.009040880503144617,-0.002672955974842766,-0.007114779874213865,-0.0012578616352201452
33,3,0.00035377358490565705,-0.010259433962264173,0.00825471698113204,0.00011792452830188106,-0.01210691823899369,0.0018474842767295548
33,4,0.0021226415094339848,-0.0077830188679245,0.011320754716981107,0.000982704402515718,-0.008294025157232668,-0.0007075471698113136
33,5,-0.031284916201117285,0.2411359404096833,0.010130353817504649,-0.0188826815642457,-0.06564245810055862,-0.02372439478584731
33,Aggregated,-0.009384775755770574,0.06648790092731537,0.008801675770522148,-0.006651148030712461,-0.023951183995347756,-0.008122835663377669
33,Centralized,-0.009763448197429823,0.06954964176049129,0.008836574547935827,-0.006863414079381346,-0.024707153417491048,-0.008393039918116683
34,0,-0.0014705882352941382,0.0012254901960784344,0.004264705882352951,0.00014705882352940015,0.0018137254901960922,-0.003039215686274515
34,1,0.004402515723270449,-0.0027515723270440102,0.007861635220125776,0.0026336477987421543,0.0008647798742138335,0.0034984276729559775
34,2,0.002948113207547151,-3.3923481307990893e-18,0.0084512578616352,0.0003537735849056589,-0.0008647798742138326,0.000904088050314487
34,3,0.00569968553459122,-0.012539308176100607,0.005974842767295606,0.00412735849056603,-0.0020047169811320746,0.010534591194968556
34,4,0.004481132075471679,-0.008883647798742128,0.009237421383647759,0.004481132075471655,-0.0007075471698113357,0.0031839622641509032
34,5,-0.0697206703910615,0.20569832402234617,-0.0217132216014898,-0.039329608938547436,-0.0591433891992548,-0.02584729981378018
34,Aggregated,-0.018023672504820024,0.05684594367175624,-0.0012205629473851223,-0.009799569297593298,-0.017503180659783676,-0.005275133216289853
34,Centralized,-0.01892414420561808,0.05945638576140109,-0.0015751165699988813,-0.010315023313999765,-0.018241783236665567,-0.005623791652450808
35,0,-0.0021568627450980556,-0.0031372549019607976,0.006029411764705898,0.0002941176470588336,-0.004313725490196096,0.00034313725490197624
35,1,0.00298742138364777,-0.013089622641509393,0.005856918238993694,0.0028301886792452702,-0.015683962264151027,0.01002358490566029
35,2,0.004481132075471682,-0.011124213836477955,0.005463836477987401,0.0065644654088050005,-0.012617924528301875,0.00723270440251569
35,3,0.00593553459119497,-0.012893081761006236,0.0022012578616352036,0.003734276729559763,-0.01014150943396228,0.0017295597484276622
35,4,0.00341981132075471,-0.013482704402515642,0.005503144654088016,0.0017688679245283165,-0.010102201257861595,0.0034591194968553248
35,5,-0.03659217877094972,0.207281191806332,-0.028957169459962746,-0.027150837988826827,-0.04245810055865913,-0.030782122905028016
35,Aggregated,-0.008506782283868697,0.05290881111100841,-0.00496539219047096,-0.005730188973704049,-0.0200789652160388,-0.0056800607770313
35,Centralized,-0.008990105765950182,0.05561241896963486,-0.005390651654725354,-0.006101444330717603,-0.02048788809280107,-0.006112817013533509
36,0,-0.0018137254901960905,-0.0008823529411764693,0.002401960784313747,-0.0003921568627451133,-0.0013235294117647177,0.0020098039215686444
36,1,0.001572327044025168,-0.005110062893081717,0.007940251572327023,-0.003026729559748427,-0.006249999999999975,0.0072327044025156904
36,2,-0.002122641509433947,-0.0037342767295597337,0.005070754716981131,-0.0037342767295597285,-0.004795597484276712,0.004599056603773574
36,3,0.002004716981132078,-0.012971698113207515,0.002987421383647785,0.0025943396226415024,-0.0035377358490566143,0.006564465408805008
36,4,0.0015330188679245347,-0.00416666666666666,0.0070754716981131964,0.00043238993710691766,-0.0009827044025157309,0.005542452830188677
36,5,-0.0073370577281192065,0.19625698324022334,-0.09871508379888258,-0.0636126629422719,-0.056312849162011215,0.012960893854748568
36,Aggregated,-0.0019280314649339333,0.05356237236691614,-0.025237793338562572,-0.01922683530764852,-0.018937248997616573,0.00755111875856225
36,Centralized,-0.002018651199818043,0.05606732628227,-0.026526782668031403,-0.020010235414534252,-0.01960081883316282,0.007653815535084701
37,0,-0.003970588235294135,0.0007352941176470414,0.004019607843137253,0.004019607843137264,-0.00029411764705882806,0.0013725490196078494
37,1,0.004284591194968538,-0.0038522012578616166,0.0022405660377358477,0.007429245283018854,-0.011320754716981098,0.003577044025157252
37,2,0.0027122641509434073,-0.005227987421383643,0.0023977987421383664,0.008529874213836443,-0.01179245283018868,0.0033805031446540864
37,3,0.005424528301886798,0.0005503144654088037,0.0018867924528301867,0.006092767295597478,-0.007861635220125816,0.008058176100628887
37,4,0.00455974842767295,-0.009827044025157224,0.005581761006289318,0.006721698113207535,-0.008097484276729553,0.003419811320754709
37,5,-0.04504655493482308,0.2220856610800745,-0.06329608938547489,-0.05156424581005604,-0.045810055865921954,-0.036480446927374476
37,Aggregated,-0.011177501024338251,0.06244080790294825,-0.016279596391165215,-0.010396989882805664,-0.01918797880829467,-0.00781409577412852
37,Centralized,-0.011759354031616067,0.06524508131468229,-0.017110201296485838,-0.011116797452519029,-0.01967474127146588,-0.008313431138405592
38,0,-0.006078431372549028,0.0007352941176470803,0.0030392156862745273,-0.0022058823529411925,0.00024509803921569435,-0.0016176470588235323
38,1,0.004009433962264131,-0.001965408805031429,0.008647798742138337,-0.001218553459119477,-0.015055031446540822,0.007940251572327028
38,2,0.004834905660377335,0.0010613207547169688,0.00939465408805031,-0.0008254716981132109,-0.015605345911949718,0.008215408805031422
38,3,-0.0005110062893081419,-0.0022798742138364645,0.00361635220125789,0.00459905660377356,-0.024488993710691655,0.007272012578616363
38,4,0.0001572327044025379,-0.0043632075471697895,0.004481132075471693,0.0024371069182389927,-0.01788522012578609,0.005738993710691812
38,5,-0.05353817504655495,0.21627560521415268,-0.006592178770949707,-0.023594040968342667,-0.13307262569832362,0.030689013035381758
38,Aggregated,-0.015163791173158513,0.062325813164036736,0.002270782228288792,-0.006442352848395094,-0.049667017403692934,0.013075787942122719
38,Centralized,-0.01582508813829192,0.06503468668258855,0.002121005345160947,-0.006738314568406649,-0.0511713863300352,0.013402706698510118
39,0,-0.0032352941176470845,0.0021568627450980504,0.0010784313725490159,-0.000588235294117645,0.0006862745098039376,-9.803921568627417e-05
39,1,0.008726415094339603,0.0005503144654088024,0.007429245283018857,0.002712264150943389,-0.027397798742138327,0.007979559748427663
39,2,0.008058176100628929,0.003537735849056595,0.006564465408805018,0.002712264150943389,-0.03274371069182388,0.00715408805031446
39,3,0.006643081761006276,-0.0011399371069182348,0.009001572327043992,0.01069182389937103,-0.030267295597484298,0.007429245283018833
39,4,0.004834905660377354,-0.0001965408805031534,0.007311320754716983,0.007547169811320736,-0.02389937106918234,0.006761006289308148
39,5,-0.015195530726257057,0.2257169459962749,-0.041433891992551306,-0.022625698324022343,-0.12569832402234649,-0.02411545623836139
39,Aggregated,-0.000690198932652286,0.06677335809980557,-0.0075576912811598194,-0.003223969997212696,-0.053512622680474936,-0.0027706366279578523
39,Centralized,-0.0009268736494939191,0.06957238712612318,-0.008142840896167434,-0.0035539633799613157,-0.054839076538155423,-0.003133174115773881
40,0,-0.0019607843137254962,0.0034313725490196204,0.0008333333333333174,0.00333333333333334,0.00014705882352940755,9.803921568626121e-05
40,1,0.0020047169811320837,-0.004599056603773559,0.007154088050314446,-0.0027122641509433987,-0.00660377358490566,0.002397798742138361
40,2,-0.0002358490566037578,-0.002476415094339603,0.008962264150943377,-0.002240566037735842,-0.005424528301886794,0.003773584905660376
40,3,7.861635220124952e-05,-0.014897798742138375,0.00797955974842768,0.001926100628930836,-0.002633647798742139,0.0028301886792453023
40,4,0.00503144654088049,-0.00738993710691821,0.008922955974842734,0.0023191823899371164,-0.0023977987421383924,0.0005896226415094259
40,5,-0.0058472998137803055,0.12270018621973922,-0.0712849162011173,0.019236499068901295,-0.03255121042830541,0.012439478584729982
40,Aggregated,-0.0009381134883510282,0.03203943382877129,-0.015932100825067432,0.005930234247660238,-0.012020493411327205,0.00506304454804935
40,Centralized,-0.0010178551120209203,0.03361765040373018,-0.016894120322984187,0.006158307744796999,-0.012390537927897223,0.0051973160468554705
41,0,-0.005882352941176481,0.00416666666666667,0.0010784313725490232,-0.0018627450980392291,-0.002009803921568634,0.0015686274509804103
41,1,-0.0023584905660377488,-0.008726415094339624,0.008294025157232675,-0.0040487421383647755,-0.01116352201257857,0.006210691823899369
41,2,-0.00322327044025159,-0.0020833333333333355,0.006839622641509382,-0.00306603773584905,-0.00837264150943393,0.007547169811320735
41,3,0.0016509433962264045,-0.007429245283018877,0.004402515723270428,0.00294811320754715,-0.006603773584905664,0.009748427672955952
41,4,-0.001297169811320751,-0.008333333333333338,0.004677672955974824,-0.0011006289308176053,-0.008097484276729527,0.004716981132075456
41,5,-0.02657355679702048,0.17499068901303497,-0.06009310986964647,-0.11067039106145311,-0.009869646182495294,-0.010242085661080055
41,Aggregated,-0.009256242381783653,0.04785278279505888,-0.01391716579073033,-0.03341111577595946,-0.008157432794801408,0.001331143799281273
41,Centralized,-0.009553053565336074,0.050073922438303144,-0.014721937905151836,-0.03477197770954163,-0.008199704310246842,0.0011372682815876242
42,0,-0.0017156862745098225,0.0018137254901961152,0.002794117647058831,-0.0022058823529411842,0.0010294117647058861,-0.004656862745098052
42,1,0.005581761006289311,0.00023584905660377817,0.005345911949685521,0.0017688679245283063,-0.0042845911949685464,0.003144654088050302
42,2,0.002555031446540881,0.0003930817610063179,0.00400943396226415,0.002161949685534598,-0.002948113207547181,0.0009040880503144777
42,3,0.002279874213836483,-0.010141509433962229,0.0014937106918238982,0.0045204402515723364,-0.0023977987421383616,0.00896226415094341
42,4,0.004874213836477977,-0.006525157232704372,0.010338050314465393,0.0021226415094339527,-0.004127358490566032,0.0027515723270440167
42,5,-0.025586592178770927,0.21113594040968317,-0.04020484171322154,-0.05001862197392934,-0.022569832402234726,-0.09621973929236505
42,Aggregated,-0.005455434395695735,0.05970351589499025,-0.00833051410950696,-0.01336257825392846,-0.008506504980292524,-0.02642691932841516
42,Centralized,-0.005800068236096929,0.06236210622085758,-0.008887751620607303,-0.013999772546343693,-0.008762652109632611,-0.027641305583987284
43,0,0.0002941176470588225,-0.002696078431372573,0.001568627450980394,4.901960784314078e-05,0.004019607843137255,-0.0002941176470588188
43,1,0.0036163522012578565,-0.009355345911949642,0.004323899371069168,0.0030660377358490425,-0.001022012578616338,-0.0006289308176100628
43,2,0.0032625786163521867,-0.0119889937106918,0.0018474842767295444,0.0015330188679245052,-0.004913522012578586,0.0031839622641509167
43,3,0.0024371069182389906,-0.01654874213836473,0.0006682389937106891,0.0020047169811320677,-0.003262578616352189,0.002908805031446512
43,4,0.004520440251572317,-0.012657232704402456,0.002201257861635201,-0.00019654088050314507,-0.0032625786163522,-3.9308176100622295e-05
43,5,-0.03800744878957162,0.16204841713221566,-0.018398510242085657,-0.04413407821229052,-0.022364990689013136,0.0033147113594041077
43,Aggregated,-0.009065792678222974,0.03971918044112829,-0.003873524722769968,-0.011980149660237098,-0.00789739191835877,0.0017318175376434268
43,Centralized,-0.00957011258955983,0.041857159103832725,-0.004128283862163087,-0.012544069145911527,-0.00816558626179913,0.0017627658364608356
44,0,-0.0004411764705882356,-0.0012745098039215696,0.0020588235294117813,0.0008333333333333304,-0.0017647058823529497,0.0005882352941176431
44,1,0.009709119496855321,-0.010416666666666657,-0.0011792452830188815,-0.00023584905660378185,-0.009512578616352175,0.006918238993710663
44,2,0.0049135220125786075,-0.006132075471698102,0.0010613207547169748,-0.0012185534591194888,-0.005463836477987399,0.006839622641509414
44,3,0.00011792452830189185,-0.009709119496855325,0.002161949685534572,0.0012971698113207679,-0.0026336477987421434,0.00640723270440249
44,4,0.0058176100628930675,-0.011006289308176086,0.0034198113207547214,-0.0003930817610062735,-0.0016902515723270382,0.006210691823899368
44,5,-0.05310986964618269,0.18305400372439493,-0.03409683426443206,-0.04910614525139667,-0.04646182495344461,0.016480446927374298
44,Aggregated,-0.01259072606795333,0.04799231538084662,-0.008937697610309254,-0.014363615299945296,-0.01665302700856794,0.008769168589212473
44,Centralized,-0.013294666211759338,0.0503582395087002,-0.009382463323097917,-0.014977823268509077,-0.01718412373478907,0.008916183327647018
45,0,4.901960784312228e-05,0.004313725490196096,-0.0025490196078431448,-0.002696078431372563,0.001568627450980405,-0.0006862745098039321
45,1,0.0010613207547169972,-0.0009827044025157205,0.006761006289308146,-0.0031053459119496666,0.002437106918238966,0.0032625786163522114
45,2,0.002948113207547178,-0.0005503144654088052,0.0054245283018867895,-0.0012971698113207419,0.0004716981132075872,7.861635220126278e-05
45,3,0.00314465408805032,-0.005267295597484231,0.0072720125786163384,0.003891509433962264,0.0006289308176100757,0.006839622641509423
45,4,0.0016902515723270358,-0.007193396226415034,0.008883647798742102,0.0017295597484276593,-0.0016509433962264132,0.0036163522012578604
45,5,-0.09638733705772816,0.1922905027932966,-0.022234636871508333,-0.06810055865921767,-0.059906890130354065,0.009646182495344524
45,Aggregated,-0.02692698497051415,0.05478377499175622,-0.002658031319311506,-0.020090678941324294,-0.017081127127168694,0.004768202581829055
45,Centralized,-0.028147389969293845,0.057193221881041784,-0.002985329239167535,-0.02093142272262025,-0.017838052996702086,0.004861821903787126
46,0,-0.004460784313725497,4.901960784313893e-05,0.00098039215686276,1.6653345369377347e-17,0.0016666666666666627,-0.0011764705882353066
46,1,0.0012578616352201292,-0.010102201257861635,-0.00440251572327044,-0.002319182389937099,-0.0012185534591195016,0.007350628930817586
46,2,-0.0008647798742138279,-0.010259433962264102,-0.00043238993710691766,-0.0006289308176100738,-0.0007468553459119528,0.0034984276729559654
46,3,0.0015330188679245217,-0.01426886792452833,-0.002869496855345919,-0.0011792452830188575,0.003066037735849049,0.001926100628930819
46,4,-0.0016902515723270324,-0.010927672955974788,0.0010613207547169638,-3.930817610063679e-05,-0.001729559748427667,0.0015330188679245262
46,5,-0.01938547486033513,0.20046554934823135,-0.04204841713221601,-0.04817504655493477,-0.06945996275605221,0.011005586592178743
46,Aggregated,-0.0061783581320743654,0.05203334274047897,-0.013173156576738202,-0.0147217036773327,-0.02023666039982552,0.005182565360569052
46,Centralized,-0.00640282042533838,0.05462868190606175,-0.013687023768907089,-0.015313317411577375,-0.021107699306266256,0.005293983850790403
47,0,-0.0029901960784313843,-0.0024019607843137484,0.0022549019607843077,-0.0005392156862745023,9.803921568626491e-05,0.003578431372549043
47,1,-0.0001572327044025083,-0.00400943396226414,-0.0014544025157232768,-0.0014544025157232688,-0.002240566037735834,0.011674528301886762
47,2,0.002004716981132085,-0.00404874213836479,0.003694968553459103,0.0005110062893081801,-0.001690251572327069,0.008962264150943356
47,3,-7.861635220126802e-05,-0.008608490566037725,-0.0010613207547169675,0.002555031446540897,0.0027515723270440324,0.006800314465408785
47,4,0.0009827044025157309,-0.00719339622641508,0.003498427672955979,0.0011399371069182652,-0.0008254716981132004,0.009473270440251558
47,5,-0.061955307262569835,0.1921787709497207,-0.04249534450651757,-0.02251396648044693,-0.03662942271880821,-0.04199255121042831
47,Aggregated,-0.018101039446940675,0.05249717607068719,-0.011489431639369206,-0.006254955875612156,-0.011010975030609646,-0.0064520687393740325
47,Centralized,-0.018867280791538647,0.05495280336631402,-0.012037984760605044,-0.006539292619128862,-0.011463664278403236,-0.0070681223700670955
48,0,-0.0017156862745098126,-0.0003921568627451059,0.001323529411764714,-0.0018137254901960812,0.0012745098039215715,0.001323529411764714
48,1,0.0012185534591195035,-0.010416666666666598,0.0005110062893081727,0.006957547169811298,-0.006682389937106895,0.0013364779874213862
48,2,3.930817610063679e-05,-0.008294025157232692,0.0032625786163521875,0.0023191823899371138,-0.008608490566037704,0.0018474842767295502
48,3,0.003183962264150933,-0.008883647798742133,-0.000943396226415107,0.0020833333333333255,-0.004677672955974848,0.004520440251572319
48,4,0.0018474842767295329,-0.006682389937106918,0.00286949685534592,0.004402515723270417,-0.005699685534591165,0.003262578616352194
48,5,-0.04076350093109888,0.20400372439478645,-0.01977653631284915,-0.08530726256983236,-0.08417132216014886,-0.006387337057728105
48,Aggregated,-0.011221941162418354,0.054672686071854375,-0.004796982460632424,-0.02288967241232905,-0.02826797827674909,-0.00010222316707939925
48,Centralized,-0.011736608665984371,0.057289889684976614,-0.005060843853064952,-0.02397930171727514,-0.0292675992266574,-0.00021039463209371426
49,0,-0.001568627450980405,0.00039215686274509477,0.002450980392156854,0.0020098039215686275,0.0023529411764705893,0.0002450980392156891
49,1,0.007625786163521968,-0.01025943396226414,0.002319182389937095,-0.0017295597484276932,-0.0027515723270440384,0.009512578616352192
49,2,0.006800314465408772,-0.007979559748427678,0.006328616352201223,-0.0010613207547169952,-0.008254716981132061,0.006525157232704354
49,3,0.002044025157232713,-0.009355345911949649,0.003773584905660384,0.0033805031446540986,-0.0034984276729559762,0.008372641509433926
49,4,0.002712264150943386,-0.007429245283018863,0.003301886792452815,0.0014544025157232727,-0.007193396226415073,0.007154088050314434
49,5,0.015512104283054006,0.14039106145251384,0.006945996275605223,-0.018212290502793254,-0.08945996275605207,-0.013836126629422673
49,Aggregated,0.007170913927115549,0.03602549548640167,0.004636415747400349,-0.0047931019195410545,-0.029104848141276316,0.0006101466099336244
49,Centralized,0.007329694074832264,0.037848288411236164,0.004679858978733093,-0.0050324121460252474,-0.03018310019333566,0.0003696121915159926
50,0,-0.0004411764705882171,-0.0001470588235294168,-0.00034313725490196513,0.0010784313725490102,0.0006372549019607931,-0.0037254901960784292
50,1,0.00628930817610063,-0.008136792452830182,0.01018081761006285,0.000864779874213865,0.0022405660377358607,-0.0043632075471697965
50,2,0.004402515723270445,-0.003812893081761017,0.008254716981132067,0.00019654088050315431,0.001965408805031466,-0.00628930817610062
50,3,0.002948113207547179,-0.013836477987421365,0.00573899371069182,0.0026336477987421317,0.0011006289308176191,0.001415094339622639
50,4,0.006485849056603739,-0.00970911949685533,0.005935534591194954,-0.00015723270440251385,-0.0016902515723270525,-0.000864779874213841
50,5,-0.006312849162011136,0.14653631284916174,-0.03899441340782133,-0.018919925512104363,-0.05318435754189924,0.004394785847299808
50,Aggregated,0.0010522851941996915,0.03769146718691148,-0.007042570719369589,-0.004892835306650021,-0.014970003244967566,-0.0006425851662824121
50,Centralized,0.0009325599909018356,0.0395939952234732,-0.0075912657795973865,-0.005140452632776085,-0.015643125213237873,-0.0005515751165700109
