Round,Evaluator,1,5,3,4,0,2
0,0,,,,,,
0,1,,,,,,
0,2,,,,,,
0,3,,,,,,
0,4,,,,,,
0,5,,,,,,
0,Aggregated,,,,,,
0,Centralized,,,,,,
1,0,0.10984367149704256,0.05093349950630407,0.09032510261678402,0.09786165127064314,0.09190818364333535,0.0868604909779945
1,1,0.11875488505382187,0.0876257921369404,0.1126606478881141,0.11028640378041868,-0.024013382797728564,0.10360404641667063
1,2,0.12939235410652064,0.08906765668228976,0.116081599351907,0.11801107244700625,-0.020031735166377827,0.11220868492067425
1,3,0.1278323571495624,0.07624885300485144,0.11767248671508058,0.11779476600260419,-0.029265088075400462,0.10579246902811998
1,4,0.11790208728616038,0.05560553126698002,0.1149602522494193,0.11340937999115426,-0.0077548487732236274,0.10787163512966463
1,5,0.091625129099493,0.1331123911978915,0.07892193779239716,0.08130502040881948,0.031948316226445624,0.07553665718774533
1,Aggregated,0.11250849430806947,0.09038830754410171,0.1016748010246877,0.10300190120142196,0.008483634110122483,0.0955854399273152
1,Centralized,0.11009561866059386,0.11987452452034326,0.09713986073159514,0.09896417029647571,-0.006795125575824574,0.09306295748260754
2,0,0.021398462504362923,-0.013290738800614503,0.014220947177688133,0.02172907023398042,-0.013545471366906535,0.014843029903384562
2,1,0.05105297986691621,-0.003466573579909846,0.034773341623586584,0.04558238639807925,-0.06452727141680002,0.032239085076899814
2,2,0.04171136994056855,0.004573678371779495,0.03041450390873085,0.03580123859941267,-0.07340156103584738,0.023852929003002264
2,3,0.046064258837451605,0.0022834335249093222,0.03692820883186903,0.041474030674778464,-0.07099152648048608,0.03107997009338717
2,4,0.046562525063457566,-0.004181781222379029,0.03292706836536659,0.041855279477253114,-0.06552575715335451,0.029999234953526698
2,5,0.010392322003650289,0.11257497183606745,0.00034968333350587726,-0.013904889544485892,-0.04967102512329334,0.004202391212888291
2,Aggregated,0.03282374349589381,0.031261800610539604,0.021630897278917833,0.022711660887409304,-0.056458176532636524,0.020210597366899796
2,Centralized,0.028620809258874468,0.08634062293397636,0.01783570354047274,0.0011942913930287479,-0.0702545374836464,0.017015424328345997
3,0,0.0002861148273294799,0.006046963984489833,-0.0014593251899313814,0.0042529367942759685,0.007730712070197011,0.005282096823479846
3,1,0.018517500164246005,0.030613957262959908,0.009967413909905829,0.019348619038262106,-0.024403765031361126,0.006844273156677293
3,2,0.019739827914590016,0.028064153906522987,0.012248583907583186,0.018634869810602306,-0.03128079510455446,0.00568045199890711
3,3,0.02149977049367294,0.02646420708284352,0.013878464124461925,0.0211252989422448,-0.034574914530030934,0.008727170182423747
3,4,0.017191727279273213,0.02085707462970762,0.015503892015929062,0.020423443832728618,-0.02181930088382963,0.013834664906366347
3,5,-0.021661257547460386,0.13209220644136743,-0.03909018963823574,-0.027413264208357827,-0.02516168293840771,-0.015318178505341848
3,Aggregated,0.004984958666463937,0.05497345545377853,-0.004050331949561545,0.0041553174964701275,-0.022893919214233404,0.001297308997811973
3,Centralized,0.0035508254612912817,0.11978624489639825,-0.021744051797969375,-0.006086590791051314,-0.03792869733765553,-0.008881482677153062
4,0,0.002302074176480667,0.0016936021255338936,0.0017519314663179773,0.0034401919693777014,0.002163770862148212,-0.0033159822290394604
4,1,0.012727513445733618,0.015107720688713657,0.009578693336105015,0.016717084449530916,-0.05645028545394681,0.0002794207448018045
4,2,0.008549216610452312,0.022743250038644972,0.007535800104467329,0.016115487474173056,-0.06140175272255466,0.002223458053699186
4,3,0.007158669371228002,0.02376175758746584,0.006859680959491294,0.005915418836046176,-0.06658058697568386,0.006785170442425671
4,4,0.00971274057247985,0.01490213660852348,0.010887174898673099,0.009009956076578809,-0.05285834178247655,0.005105078369014748
4,5,-0.003901895369607165,0.19274500811464348,-0.010779529909011196,-0.025282785077634838,-0.0377594941552715,-0.019557795699241827
4,Aggregated,0.00473295824201252,0.0678880174720265,0.0021701003991804538,1.7783920559889116e-05,-0.04563099838698283,-0.004013399690813739
4,Centralized,-0.0036062318283636755,0.15798832420836703,-0.004330250085258761,-0.019161295489625748,-0.06213846285534819,-0.007711754829269417
5,0,-0.001524292791744066,0.00505213741775934,-0.002026713436578554,-0.0018244743827132111,0.000284850867196601,0.00033729340398855887
5,1,0.012524448567826214,0.012714402305209534,0.0037370439429440542,0.004901125472009046,-0.039401678761773605,0.009553348133780518
5,2,0.00522334658685732,0.01353850224286349,0.006702242159369288,0.0033946896887386614,-0.03695872064198858,0.00870378409582338
5,3,0.005816275865201357,0.014606392005670236,0.005333681305389757,0.005636908973785958,-0.042298958428564314,0.015264809020175765
5,4,0.0038780321139735225,0.008832215304380124,0.0067196618029395075,-0.0021507069204461954,-0.033223358440012264,0.011314613351397737
5,5,-0.02010569566096048,0.18956220967271448,-0.012717474837628936,-0.05902252767305822,-0.035978701884486486,-0.01565895376680508
5,Aggregated,-0.0020435275242310937,0.06342139104767318,-0.0006663628301052317,-0.01577666181905396,-0.03279803952629513,0.0020354781858095616
5,Centralized,-0.013794588117234576,0.14713313904135505,-0.0013221317028005294,-0.03837434141500323,-0.053712733153104784,0.0010802065543455382
6,0,0.009653682254895374,-0.003857113585807087,0.010884715406055798,0.0038300446400569665,-0.02368852626343581,-0.007424313537115057
6,1,0.01793595606831633,-0.007443614968951796,0.01825090656984305,0.0021344514109918372,-0.05164993175298562,-0.009292856716205803
6,2,0.01141032907306984,-0.009268504785463998,0.013724732464522483,0.002635576876671365,-0.04268348195131831,-0.007789473253566008
6,3,0.014398627996741244,-0.0037480383214217035,0.016502381668549004,0.005383307405217287,-0.04330102536471121,0.002058878874915021
6,4,0.014196824103971512,-0.003993565907749366,0.01563209230160374,0.004697513661363957,-0.037423809115479156,-0.004584979922727043
6,5,-0.014394424748290646,0.1270361444612373,-0.034953133601428814,-0.029794304468956714,-0.06068610441738377,-0.05637654282163528
6,Aggregated,0.005447124071346988,0.03315570740913926,0.0004787507781770788,-0.006087154681503294,-0.04631239022096464,-0.020281134595927456
6,Centralized,-0.006590115503963273,0.09645363872850074,-0.021459721074305244,-0.019731543302535896,-0.06683092855628889,-0.034307770802821
7,0,0.00014751580695028613,0.006607207785798047,0.00286814919206189,-0.0011328090011049157,0.0018760561960119574,0.00202507149619803
7,1,0.013438638127504315,0.014186336054322034,0.01347201512473878,-0.00296362221404278,-0.02593064812895649,0.019765876205828512
7,2,0.00887747395106115,0.01567171642334137,0.012023648295640217,-5.3467425863495335e-05,-0.025723503780240006,0.019611081058212056
7,3,0.0030930651519133693,0.016512245421682746,0.004985859088745591,0.0026575733894468267,-0.02908950102685775,0.019236351151572434
7,4,0.0037502254427753783,0.010516000384334395,0.003937798288594883,0.0015355749660155077,-0.015870571119356063,0.012880521406261853
7,5,-0.01749129546992707,0.2149423337492527,-0.03247075138518125,-0.04622627246845422,-0.024992548566591482,-0.0013802659499185966
7,Aggregated,-0.0008251605457682315,0.07209767694767677,-0.004114068487387901,-0.013502577003574214,-0.021276729301441186,0.010332990805808368
7,Centralized,-0.009382002331862122,0.16509277752227824,-0.02075647937676061,-0.030579633470674713,-0.03243690971816224,0.007496234746582167
8,0,-0.00796246570244326,-0.0006947480556405095,0.0007279257078639892,-0.003695144708268758,0.0024938629889608758,-0.0024818918891743405
8,1,-0.012685583275328895,-0.0033942312894776356,0.009072090633500049,-0.006688483593136163,-0.003976235307088833,-0.005222334712177586
8,2,-0.00801188351790565,-0.00397401105297322,0.0077007886165357566,-0.0039271126685761866,-0.006007493646233295,-0.004581676619496652
8,3,-0.005384274040202226,0.004139755089153591,0.004193820284738027,0.0005106650661551396,-0.011659224449730981,-0.0034910293223958705
8,4,-0.004903497311137158,-0.00032545326697420535,0.005343482692827112,0.0027564419811047197,-0.0050635252993360014,0.0013862461397471063
8,5,-0.041316951839892806,0.1295114510499441,-0.011942673126438881,-0.048744196665337663,-0.022148534582821813,-0.058416153224773705
8,Aggregated,-0.01760481786646414,0.037327874494901665,0.00045138740400489587,-0.01579872833446431,-0.010108113920962778,-0.019155415689990612
8,Centralized,-0.03004376598020749,0.106027377741088,-0.011377885989486587,-0.03496159208402635,-0.028758673173792434,-0.052208039985452634
9,0,-0.0031685015521710183,0.0017731107545058819,0.006317394959144474,-0.000503438238287357,0.004729658423845623,0.004230751652158995
9,1,-0.0028127050346920036,-0.0038435210738016357,0.016778398359407528,-0.004533698169654316,0.0031412565590694373,0.010124195890511938
9,2,-0.0042492526456989555,-0.0023277933931630562,0.016655121922133045,-0.0011009456347178962,-0.0020976362127486012,0.008501938123282357
9,3,-0.0027725396764974293,0.0012819750892308376,0.012141025090420674,0.0023341089024371308,-0.01089466664395584,0.009421487303580417
9,4,-0.0017800724589783579,0.003249769623640304,0.009659232450444819,0.003233401806757261,-0.011748037161088338,0.008774188335812321
9,5,-0.03756880687220489,0.13738559115498739,0.005292420290888575,-0.04196901953134462,0.010685877293131587,-0.037386708800760476
9,Aggregated,-0.013088570222096916,0.04021120111031927,0.010415527436990923,-0.01236264427783975,0.000526734635134841,-0.0050378006016813855
9,Centralized,-0.025190555442926702,0.10282188327559963,0.014050570581744953,-0.02181781904976491,-0.008263218380029637,-0.01938138282212741
10,0,-0.004352897296804396,0.0044504846858278305,0.0023204965377446613,0.0021197166491790727,-0.012041280861207336,0.00023951721217454358
10,1,-0.008313425213293046,0.014894285715918432,0.009392360703967723,0.0051826855161109684,-0.03047694611565343,0.003099340886080291
10,2,-0.005058379156908854,0.0145542245168855,0.007425795452842367,0.007109092194884138,-0.025341146569400542,0.0035435715938917528
10,3,-0.0018717997340334963,0.006151300042911096,0.0045155135256012835,0.005636882871214364,-0.026427591763619883,0.003527250351743731
10,4,-0.0024608117469569956,-0.001217971450504343,0.003452670734793705,0.0048686665519756134,-0.021442573991228075,0.0013136869374305562
10,5,-0.03074152777432118,0.1721085388613184,-0.0027694941837167,-0.05499642190287568,-0.030542274781916182,0.00046661703095459014
10,Aggregated,-0.012124903192896913,0.0559899191656437,0.003105507956199006,-0.012507395764502632,-0.02561012310632348,0.001851075428737587
10,Centralized,-0.026335865217031233,0.12237006188212586,0.0029126937940046603,-0.03918724932132453,-0.035007714644035355,0.0010584811671576141
11,0,-0.0016563526203689492,-0.004658937332801065,0.002798911809426094,0.0012850634767581212,0.003201181535337663,-0.0009506442227101397
11,1,-0.0017718230283801904,0.00882352486719575,0.012843492989922408,0.0030623229787598238,-0.024078313672872737,0.0002842237774953719
11,2,-0.0032362726694649033,0.007570842721437087,0.013205167635549091,0.006154140939259008,-0.02818696164988951,0.0055779590867731325
11,3,0.0019811730412186332,-0.001296356842749712,0.010931970188087599,0.008240557248799385,-0.027768813683767254,0.008930688698341065
11,4,0.0015524763471804533,-0.006242949633065575,0.012318424869122548,0.006619983341384694,-0.021538246868835535,0.007406571248366922
11,5,-0.05760727636912701,0.14068795665404116,-0.03559367230001096,-0.0404885508142535,-0.04742551416674563,-0.022142935048877144
11,Aggregated,-0.01728784739244554,0.04194730757792241,-0.0028529092847614903,-0.008170441315167844,-0.02841598830523977,-0.0033409547249604737
11,Centralized,-0.04248179580335832,0.10416414602171267,-0.017447276453890243,-0.024473199447341863,-0.05735320341009172,-0.0064689921946286645
12,0,0.001007756081830367,0.0023332341675893964,-0.002630601913416854,-0.000781450289580012,-0.0013860156651358405,0.0020536371608746947
12,1,0.004753417313083145,0.004105217149318647,-0.0023022521139388305,0.0028212649782952946,-0.012883805610221436,0.011493323971372343
12,2,0.004124734434547576,0.0020610030619127423,-0.00272150039449814,0.0015612161051518243,-0.013569436448662008,0.006378176183839671
12,3,0.0051532359745603456,0.0033402455655550333,-0.0009318827724597045,0.007301245850740061,-0.01440588315846675,0.008433214582798172
12,4,0.005575616549986358,0.0008009570767895306,-0.0006217908356759881,0.0031468274388401535,-0.011600962574137686,0.009548111576566811
12,5,-0.02951186609410677,0.20069664408655552,-0.01874590278968758,-0.035749778970522575,-0.02182127357715307,-0.018835450819367765
12,Aggregated,-0.005644858422511417,0.060575362550106496,-0.006771577143246673,-0.008387649054546649,-0.014257981196168962,-7.68703793783466e-06
12,Centralized,-0.015244117836897228,0.13949122806451417,-0.003970975893034112,-0.026431491210664647,-0.027226931484397556,-0.007888172549969116
13,0,-0.0027976683301594698,0.0037793957007214917,0.000937862774917871,0.0011373833331924396,0.0024883968592537336,0.0011028105473561366
13,1,-0.010257978143590663,0.002959169140943315,0.010962923190928299,-0.0034013268659241333,-0.003431276169149321,0.004264091215619619
13,2,-0.008995796817731282,0.006997889993747441,0.00665299791528968,0.0005999913457951947,-0.002284195681966506,0.0049532846516906984
13,3,-0.0034402910453563973,-0.0007177642775367998,0.002023916548458647,0.0036946566370074786,-0.008529187217982974,0.004302777885970943
13,4,-0.003828385687131225,0.0034598587461889194,0.003624654605215719,0.0035332537951587,-0.004627277472835548,0.005111256255615011
13,5,-0.04664581120494648,0.1280214412109337,-0.008906687959065657,-0.030825928160153608,-0.04637537967657812,-0.029965540924610325
13,Aggregated,-0.017890943440446224,0.03981392364398934,0.0009187219445692213,-0.008242468545856715,-0.016054617598518825,-0.005909537370237729
13,Centralized,-0.03674886780889399,0.08870489536077149,-0.0012555344659073919,-0.012110790667488845,-0.04524043954356219,-0.01695732107150906
14,0,-0.0030462530862648374,-0.002584056203536381,-0.002686746152748126,0.00026646924508348565,-0.007942983199622286,0.0035449696481377113
14,1,-0.004394999768786752,-0.005402725123811757,-0.0019472737371843709,0.0008879015169158822,-0.03374278025419092,0.017405176272101083
14,2,-0.0044761659266379095,-0.0038644007117221114,0.0005151140589093821,0.001193856552299045,-0.03535084740756156,0.012429931837795664
14,3,0.0023693399917162463,-0.0003320599892140431,0.003426126733835998,0.005896086478570522,-0.03558370361619686,0.014924932660730736
14,4,-0.0008855461668885934,-0.002297966502176784,0.0036301968271534183,0.002657323314785256,-0.02988301916880818,0.012475800246802088
14,5,0.004552370945425625,0.1292150086553773,-0.0129506421789048,-0.024696063078869922,-0.03355093019358675,-0.07493367740468634
14,Aggregated,-0.00011644688751257849,0.03578973310103162,-0.003289897334127066,-0.0056402180449182234,-0.030531301310849253,-0.013120776854668018
14,Centralized,0.006453731390803449,0.08627459430297588,-0.0038657633130336705,-0.01015366651887886,-0.047689188085286854,-0.043795283682882706
15,0,0.00097881910310611,-0.0008136325435922187,0.0010075971059558208,0.0021625736353768927,0.00197871656106551,0.0012385174894552116
15,1,0.006480706097708574,0.0067537958530825655,0.010844146563786834,0.007499789959533651,-0.013454452171742905,0.011207691491693032
15,2,0.004059251692785104,0.0008404058135059773,0.007006681728447551,0.00854817528250292,-0.010584391296889529,0.011212747800894516
15,3,0.003836566174267232,0.0008891744191433468,0.005220207988000577,0.0055112578814622976,-0.01775435898292483,0.008231628740095366
15,4,0.005513756671842858,-0.00451238617988407,0.0026697565025723476,0.00593716790334404,-0.008433892652879938,0.006517202282417552
15,5,-0.03927782464858142,0.14860866261242958,-0.0294103609845698,-0.07244267917002323,-0.030397768251284936,0.00497565808067208
15,Aggregated,-0.008467121277642061,0.04401159451619489,-0.004714790142646553,-0.016922367374049056,-0.016038556473420274,0.007061852919310183
15,Centralized,-0.023363307803984334,0.10421569481298355,-0.014800269732017729,-0.05181620410230413,-0.038206104781402225,0.014751949210660947
16,0,-0.0011471311870426438,0.0021064151202435212,0.001856389175225231,0.0010837540966626054,-0.0006744130935420774,0.0007025431714753283
16,1,0.0014144795728130099,-0.004039898424116558,0.009752768076046069,0.004941327989810392,-0.03053289566569176,0.011236576973112294
16,2,0.0030241009336319626,-0.004720075244320891,0.012099256181593113,0.007708445886218096,-0.029106430537536667,0.010540027700975691
16,3,0.003002867568608856,0.002316309312617885,0.011016177637925482,0.0064441888567187185,-0.03194015376087461,0.011661532824055763
16,4,0.005199645560824913,-0.0016005652367635397,0.009302025131146733,0.005613808491290778,-0.021620426973142762,0.007882693500773584
16,5,-0.010916354238641363,0.13371908528218418,0.006534051597060141,-0.028178956391923565,-0.02321589379199405,-0.06881915879577952
16,Aggregated,-0.0014793847499489192,0.03823717656074457,0.008326488096874274,-0.004496619071399086,-0.023496874341005003,-0.014006973613673625
16,Centralized,-0.0069034901734920506,0.0968429186136893,0.017023437851458025,-0.01683371234832566,-0.037522212850235034,-0.04363255192291787
17,0,-0.0037303665687540496,0.002805643925923728,0.00033353178492852206,0.0003036461030992421,0.00012631028660597214,9.802114435961869e-05
17,1,-0.00579774003574887,0.003567609534347105,0.0014050587843607897,-0.0047097133995385254,0.001749522332435448,0.010868077410408307
17,2,-0.0023958760114415377,0.004092521064914692,0.002296592221032752,-0.0023858982632472972,-0.0021369499043992937,0.010398064662616453
17,3,0.0012223884692128466,-0.0007004187920166888,0.002655957145523316,0.0013964215464399021,-0.00441879830498384,0.007712168926400388
17,4,-0.0019998550188964482,-0.00012764023960869662,0.005345851739894819,0.0015451621364056254,-0.00464704564788977,0.00482395696879737
17,5,-0.05950717429399313,0.14281378045599905,-0.004761813671862404,-0.03754531402597967,-0.040143425651963556,-0.02173343267038193
17,Aggregated,-0.019193520137919626,0.04316846231066242,0.0003632230469282382,-0.011570057246109409,-0.013130154673018592,-0.0013920768213598646
17,Centralized,-0.04019518864881285,0.10156085192352846,0.004704465198331623,-0.023344756837683805,-0.04033333953360506,-0.006853027193527731
18,0,-0.002441538068005864,0.002267455492729339,0.0004772124374153845,0.0011099964035873526,-9.766626743764235e-06,-0.0013321366260622728
18,1,-0.0077037425022573255,0.0025770156830600887,0.007537765617627177,-0.0012234974489925279,-0.00865245484031669,0.00845291278816136
18,2,-0.006403045175319922,0.004638136983874981,0.003389505967017008,-0.00027778875281339783,-0.0082239849018002,0.005048172563560068
18,3,-0.002860624295440488,-0.0009931838389385316,0.00037082090589212374,-0.0005535351964406333,-0.0071695715103028326,0.001799437591865562
18,4,-0.0005320558422969076,0.002529363811218591,0.0015517117645226684,0.0021803331453002883,-0.007756236610876769,0.001059363103108514
18,5,-0.01746887587433472,0.13728711178960715,-0.018748648934226834,-0.043345852819349245,-0.029193882604288252,0.02429451308209369
18,Aggregated,-0.00797807371303327,0.04176690391252907,-0.0035479072321902773,-0.012544079645906299,-0.013219971279496038,0.009357277019384588
18,Centralized,-0.013827840945900246,0.08690178124262109,-0.013002519464951642,-0.031290960093030444,-0.021940782972485626,0.02112625470902707
19,0,-0.0005029669234886162,0.0008653314418251049,-8.645264267123087e-05,-0.00039427753689052494,0.00035088214056599825,-0.0003037394922609053
19,1,0.0007786564959712083,-0.002681788601234674,0.007544577337937336,-0.0008226606146391473,-0.012264067060123897,0.0034185226122994987
19,2,0.002449566236591341,0.001163179968732057,0.004404287407472242,0.00047391612399589917,-0.012936383173814618,0.0044454334370230735
19,3,0.0035445172251890467,-0.0015760798418014274,0.003937169076333194,0.009869324633730255,-0.01542533187045068,0.0040980487524756
19,4,0.0023631830459434795,-0.0018324145443198551,0.0022681395558306425,0.009208386232422771,-0.013070449139116392,0.002976811430653012
19,5,-0.028694794563318787,0.11086347541752642,0.0003505117796835677,-0.021464289148079713,-0.05276750890121627,-0.008852534281136967
19,Aggregated,-0.007123787032585633,0.031851617043746006,0.0027570785622181566,-0.0035848609361002833,-0.02329497845331925,-0.00043645858290102067
19,Centralized,-0.0202266466343046,0.07384967182704319,0.007286614513191864,-0.0049775082898346115,-0.05537869270780382,-0.001982373052060028
20,0,-0.004529814977061231,-0.0006769698607846393,0.0016230002389677589,-0.004080531117041883,-0.00038099785753497597,0.0006843535427365933
20,1,-0.004635232832796228,-0.0046314723030921046,0.01125003735178119,-0.00770240072358837,-0.011401465763184526,-0.0007055070693406292
20,2,-0.004722056589163572,-0.00804455606465473,0.008567887953574348,-0.004566758633117863,-0.01322987993862601,-0.0011272628241082382
20,3,-0.004726506409141123,-0.00356396463116454,0.010085493794481232,-0.00558950709379961,-0.013666964739762791,0.001153472831164252
20,4,-0.003839246158888919,-0.004366314173132503,0.007577608435144328,-0.003539157093176915,-0.011190176496760166,0.001103716015472047
20,5,-0.09468934983577672,0.13262502716041027,-0.047211694121012414,-0.051539231876337764,0.006695343350729512,-0.004487069327368511
20,Aggregated,-0.03090803346361053,0.035738892135515794,-0.008131528208204994,-0.018725856407980183,-0.005348933072520784,-0.0011698321106321731
20,Centralized,-0.07539734488716947,0.09549886408227906,-0.02855626961058107,-0.043371948219886804,-0.0032300434820410674,-0.0015020355745679068
21,0,-0.0020677268933625,0.001165972045408481,0.004612689688472743,0.0007125167473802819,0.001529627971254722,0.001407880471564667
21,1,0.008302642339009294,0.0017967899189747104,0.012257051813538441,0.0027245189596364046,-0.013616382637333896,0.007408031631560748
21,2,0.007884561836974214,0.0020307959528918303,0.013580657632641047,0.003929171899110663,-0.0121624204932692,0.0078858440007198
21,3,0.006136232822642211,0.002453502114369053,0.005963233330074694,0.00690425627955571,-0.013412119617053884,0.009318442912280024
21,4,0.0023226555237585425,0.0050260730592558344,0.005480805485429293,0.004410173030881557,-0.011257590796566764,0.00531375934729861
21,5,-0.022504417362857864,0.17497391620114125,-0.03922206429837935,0.0019305227304059949,-0.027117310091826344,-0.006626131614707487
21,Aggregated,-0.003221702260543219,0.05304809841063446,-0.00546203105449002,0.003288387144597772,-0.01516411075238511,0.0026208940032185274
21,Centralized,-0.009283429191321742,0.1208278926094227,-0.017074476541634992,0.007720946383444992,-0.03203587045278463,0.0018527161247964524
22,0,-0.0012437809836596794,0.0021620147876453616,-0.0004222234018763297,0.0007856133686340824,0.0003386625451214487,-0.000548809885389101
22,1,0.004517437975530529,0.004106277286131564,0.005850220869234991,-0.0003673522042807187,-0.010171026984116701,0.006111003123938992
22,2,0.0028765320052933875,0.003065040589579765,0.0031056163172233637,0.001631668731627575,-0.008501007543027501,0.005893330037377589
22,3,0.0014124833275931806,0.0010427097500602352,0.0018043998253766144,0.0015445735715133005,-0.008733424126516962,0.006979890105298355
22,4,-0.00017724228734068055,-0.0014630481348137732,0.0007869307765833334,0.0035891167376717248,-0.006436978143526374,0.004755697059068639
22,5,-0.005920588306968583,0.14109397679425367,-0.02383813325185477,-0.04427196263053214,-0.0503924401788976,-0.043645013680537234
22,Aggregated,-0.0006166485585747856,0.04257563112794222,-0.005337684717575944,-0.011933525990022691,-0.019686536491002847,-0.009364418821456496
22,Centralized,-0.0010634954416639266,0.09082217627041668,-0.01367432571299622,-0.03062379917158731,-0.03268450401680039,-0.023195430358757704
23,0,-0.0014594845940640094,0.0005631140792119848,0.0034936300083920624,0.0007929206604017191,-0.0024330314655391827,3.039319519726469e-06
23,1,-0.0010074553141231398,-0.003568551876673919,0.004643812942919179,-0.001434224245361192,-0.02191693643508561,0.0012238071351480372
23,2,-3.722524143098414e-05,0.0005675734528393084,0.00644609304187375,0.0010707613235347024,-0.021765436049019538,0.0018387855841765486
23,3,-0.002490547678474001,-0.002566576097025074,0.00398066449456249,0.0033880228390697135,-0.020298169662879582,0.005242520271278183
23,4,-0.0004918314125835562,-0.0004708211034002855,0.0038129765945027778,0.0030161651987917126,-0.013825925823708386,0.0032794597361282996
23,5,2.1472999709337694e-06,0.11746654031774474,0.011328615322579116,-0.01648008327023138,-0.05908683611716882,-0.015405274081087768
23,Aggregated,-0.0007655715392402376,0.033586228595357086,0.0065090146162690935,-0.003845070035044679,-0.029018880403264887,-0.002811260553990581
23,Centralized,-0.00037484655651183225,0.07128062802565947,0.01348426645337773,-0.01068651186785649,-0.05930612787206369,-0.003962178006200001
24,0,-0.0007521232838093454,0.001295847715767301,-0.001230627130975942,0.0005332233709422781,0.0007950134741851893,-0.0005790272665061898
24,1,0.006966639360015039,-0.00317582512021081,0.004276975792575879,0.0010426280509222877,-0.001661360609783282,0.005533673118934496
24,2,0.0024380561581961984,-0.0015167633816158088,0.0019915944700030813,0.0018167797340147656,-0.0029056217801227266,0.00569528585401071
24,3,0.008786328478678926,-0.0004983517784464869,-3.145100282349785e-05,0.0016333548737867242,-0.0051895613782358485,0.007045832950267131
24,4,0.006534105246302218,-0.0017554710163167416,-0.0014579251368013065,0.0026742921896368886,-0.005143239818865133,0.003680335805835806
24,5,-0.07831419388591594,0.12587398855132956,0.013693693029477259,-0.030445898106466224,-0.017793640102448896,-0.04063142822772956
24,Aggregated,-0.019398524283425905,0.0360033169708302,0.004564668092124232,-0.007801371447532122,-0.007303333291994004,-0.00874737165682521
24,Centralized,-0.04622577968777561,0.0796349475635212,0.014285464860606192,-0.01925227125762354,-0.016728981338931116,-0.019417268990229407
25,0,-0.0009256992314199815,-0.0009862175088517753,0.0019054061788742465,-0.0018626721457871078,-0.0021961973411352828,-0.0017012035478901613
25,1,0.0022064193585039876,-0.0024926892920312457,0.006281520210091377,-0.001291087059590516,-0.017448481115036867,0.002504389852220173
25,2,0.0022376910904655088,-0.0010107048247722306,0.006843195165035391,-0.0009573539462398084,-0.01780905685821466,0.005903220039643205
25,3,0.00274083285760809,-0.005144841339148297,0.0045967172813598,0.002849722957877059,-0.021865788507101847,0.003006433438860386
25,4,0.0036481741087335223,-0.0029705427283013477,0.004624081609854765,0.00409553092775436,-0.017835673342544194,0.002574491012539234
25,5,-0.021740652086350978,0.12369530071296025,-0.0066767329588771195,-0.05779421501573364,0.00855141756460683,-0.009310083439322436
25,Aggregated,-0.004888559788523499,0.03440559522408146,0.0015530330376034155,-0.016461493242763605,-0.008761785469111445,-0.0008776020944493851
25,Centralized,-0.0121629482033887,0.07729898761602012,0.0027441319728612004,-0.045170702358881265,-0.007828982556104232,-0.004779341526839771
26,0,-0.0037701875200908046,0.001421960592878091,0.0009226102823976253,0.0014421620225881155,0.0009534218738318315,0.0007442727519422783
26,1,-0.004251564889504065,0.0025247762442363094,0.008787356379972775,0.006146744373016445,-0.004990482472854952,0.006062841256739381
26,2,-0.006508209339856471,0.0015782316997196958,0.007177158449761316,0.00268107210363963,-0.005704595091914811,0.005569351512733209
26,3,0.0014568341456085191,-0.00078408681620095,0.0027059131029897906,0.00466126421626258,-0.005089925818637557,0.005780047979438279
26,4,-0.0014955368343545692,-0.0004334491868207295,0.003692013182056158,0.0038661363279415928,-0.004684110764825933,0.003881550150997377
26,5,-0.005198721669046253,0.1291672282014564,-0.014776157810568565,-0.027684626977890068,-0.0166176832957918,-0.033739805631129285
26,Aggregated,-0.003560014111252368,0.03842619742592396,-0.0009346383809923473,-0.005388094218280783,-0.007757404296050893,-0.006667199214051861
26,Centralized,0.0025834265997669143,0.07078185997433709,-0.002891824987401772,-0.015644154590336475,-0.017027738998186177,-0.01510202834880838
27,0,-0.0008386016639670017,0.0017067233947541892,0.0011448589027493739,-0.00015628490763539376,0.0007892880059119608,-0.0005731888578294209
27,1,0.0031340278244850503,-0.0006168539202179173,0.0025932316451156086,-0.0044650460325824926,-0.005176774806725035,0.0035486894082359956
27,2,0.005666437361618726,0.0013177838265616422,0.003972173630932894,-0.002179235172916905,-0.006641048905516896,0.0019680004067753293
27,3,0.003886625425143152,-0.0008956399200883425,0.0032510800354872325,-0.00016885798294488538,-0.008657789496295674,0.003631713024104045
27,4,0.003435394201307009,-0.0017356882896619353,0.0011981773840833636,0.0016705168537069826,-0.006869441623934418,0.002341285536541165
27,5,-0.010000040764842986,0.11671547202199992,-0.029922997357622258,-0.0531662592496498,-0.0426782414578013,-0.06012336420752447
27,Aggregated,-0.0006629707411763413,0.03410643168015087,-0.007010068115066163,-0.01634559606841916,-0.016419322406308143,-0.015991891574778747
27,Centralized,0.0039400276940842974,0.07830539345644844,-0.012553926433068012,-0.037540792276036856,-0.03509646084469464,-0.038312030861138026
28,0,-0.0006895347235098437,0.001589982948814581,-0.001152009831803441,0.0006902126084209722,-0.0006095674196252676,-0.00191124363120882
28,1,-0.001244132254106194,0.0009703719645024052,-0.004625443550261591,0.005235153118786468,-0.005841425389064461,0.00043210559518877534
28,2,-0.0016298745429131351,0.0032357930634699977,-0.0027149803793116638,0.0046094348567721,-0.007627435846537082,-9.815234160765555e-05
28,3,0.00444944577360207,-0.0007134416685002328,0.00013164372587510243,0.001332901968471408,-0.006322284209541627,0.0038104068991806047
28,4,0.0023798262458666493,0.0008247215527246776,-0.0003530732738658393,0.0007803749277498495,-0.006112544554188351,0.003503960153590566
28,5,-0.01833661467195956,0.12954696020316842,0.013996157118534034,-0.022432999104919787,-0.022785343838389743,-0.027108286798945388
28,Aggregated,-0.004872788989787138,0.03876776851719351,0.0028511894405411076,-0.004732397254205465,-0.010549085146016554,-0.007046410846048302
28,Centralized,-0.006311842737592902,0.07371245121781932,0.012965060420279327,-0.014604501283633237,-0.02201393326067847,-0.014971062759535431
29,0,-0.001857303327612116,0.0020685897315484837,-4.3687357851394476e-05,0.0013996141909053683,-0.0005065721489216098,0.0009070963615209353
29,1,0.0011802013451032976,-0.0037292347786009195,0.0010502769043038152,-0.003413245829268326,0.0006429448043339077,0.0042690575541282205
29,2,0.0024813091023606843,-0.004290570181212749,-0.0005194542029446819,-0.0031058325921992616,-0.002253522931531164,0.004589789055797611
29,3,0.0019505996379298642,-0.0063029547434748185,-0.00046364173678182147,-0.0007223672182102551,-0.0019673742364615526,0.0063593397257322715
29,4,-0.0007664346052876063,-0.003864151266919481,0.0009975765034850796,0.0017752378952839134,-0.0012034232277821726,0.002809879726479531
29,5,-0.008569863881540976,0.09734580920712167,-0.014762940038057127,-0.04337019411083703,-0.02577741601872307,-0.0031801460894144225
29,Aggregated,-0.002021571796468735,0.026090383051760452,-0.004172898152717416,-0.013337254817358316,-0.008312613671983474,0.001823653713392414
29,Centralized,-0.0026573920718479262,0.05378425513472182,-0.005481417663177335,-0.028633373186930086,-0.021753202226264017,0.0034485365054712502
30,0,0.0004815745340476296,0.001705709816134877,-0.004017247986200062,7.524427091019082e-05,0.000894767814127508,-0.000995963723142466
30,1,0.0034429292632206536,-0.0017357024075829509,-0.004385028702327364,-0.0009264570748063046,-0.0034724187715413765,0.0021315141484742335
30,2,-2.05230199005757e-05,0.001910795379219151,-0.0014865271681278995,0.0020059875492600574,-0.0024333331329404128,0.002836495789498473
30,3,-0.0018894159173832939,-0.0022724400696967646,-0.0014067358468310104,0.0029745361369206543,-0.002841170632789299,0.0024201169695304177
30,4,-0.0006869219177059571,-0.002049129198298199,-0.004778303892037083,0.0017463718586245554,-0.003399402100945731,0.0009372395839129966
30,5,-0.044023518604607396,0.12630193856921093,-0.045884560125832974,-0.05129297034665007,-0.002554815408426434,-0.024711860706658387
30,Aggregated,-0.012712181319436508,0.036588820637651516,-0.015690889756721074,-0.01416285625576165,-0.002423863760794752,-0.006135336511759822
30,Centralized,-0.02980853782170296,0.07917261110927759,-0.025457514941478243,-0.031261978971008984,-0.004249852643737523,-0.011630028906092455
31,0,-0.0020352064908520455,0.002258083796442869,0.0013010416922403809,-0.000844695720821779,-0.0006288013792819069,-0.00010209526691606167
31,1,0.0020049663117618958,0.00021958870786083866,0.0025302449390961026,-0.0008413750765583575,-0.006519434869300636,0.003520393098107952
31,2,-0.00016201301657513544,0.002087623073086531,0.002994587313907228,-0.0009060482431060557,-0.007104995817820642,0.00337623304322887
31,3,0.0004605284383426926,-0.0027740192497152207,0.005666854570564898,0.0022747789575918924,-0.005517722599485663,0.004575089381851548
31,4,0.0023285753566303375,-0.0037476533287070977,0.007291107449714328,0.004607273468350826,-0.00521581117155097,0.002163864992245295
31,5,-0.018856358111007318,0.12191922557013289,-0.004410265661872199,-0.04510593380142535,-0.024747286354039853,-0.015420375008188254
31,Aggregated,-0.005087103168848739,0.03536144298561329,0.0015773677176981573,-0.01255881132357597,-0.010899138432541028,-0.0025272353999357977
31,Centralized,-0.007237056097288243,0.07462030035853409,0.0014527907518161354,-0.029217753181879354,-0.02442076600211208,-0.007530746906010255
32,0,-0.0035512786848492708,0.003982266301684199,-0.0007171853691046577,-0.0007988630022935742,0.0007559623696700545,0.0022999003520410757
32,1,0.0007425978532370746,0.011877526477298743,-0.0026951038027635443,-0.00314467136469765,-0.006645785854623268,0.004128804596016665
32,2,-0.0017441349060159854,0.011045197505955017,-0.00418884241848718,-0.0023641129308153526,-0.007905590469387257,0.0016481752729909107
32,3,0.005608983726693066,0.0028418185335719343,-0.00490933627902818,0.001360008256857987,-0.008139181022832545,0.004859500176312801
32,4,0.0024244021644446857,0.0015278347397608915,-0.0012855676557603168,-0.0031470281742506214,-0.0082717612390757,0.00308952816482491
32,5,-0.07666554535247203,0.17463670158940034,-0.021613418280766142,-0.04790049252878168,-0.040547681335441906,-0.04295858005467195
32,Aggregated,-0.021848574554298568,0.05563359264885407,-0.008336234136753738,-0.015196437183543342,-0.016330261320871006,-0.010291538213087497
32,Centralized,-0.045770284085863186,0.12345243524843538,-0.018774233582603495,-0.028650308747580105,-0.0387179070652927,-0.02648365299072997
33,0,-0.0024176719381713264,0.0012458897091310336,0.002611218333182972,-0.0020980807261911077,0.001447938613501476,-0.0025550946669762762
33,1,-0.0012640063667403731,-0.0018921316210264772,0.006676068101007299,-0.0032183880403279944,-0.006346450629649094,-0.0050619866676041726
33,2,2.2116728328750815e-05,0.0005669234434621319,0.007406642740620797,-0.002541085806946741,-0.006416353867145782,-0.002780060091179859
33,3,-7.930471158801486e-05,-0.000854543923115459,0.006677203334292958,-6.044255694596163e-05,-0.01054828271695261,0.00018758021227167446
33,4,0.001374816712631514,-0.0016952704103235295,0.008960594139572828,0.0006136215760467855,-0.007490027315837956,-0.0017163952558951656
33,5,-0.020225914830149953,0.1369805532496725,0.004454751209847007,-0.008919771454292635,-0.027474782645425896,-0.022700502245307543
33,Aggregated,-0.006206169236147104,0.039701187991139496,0.00598057750109171,-0.0036284345510252318,-0.012394638482395073,-0.008330828942573249
33,Centralized,-0.011910495941665598,0.08636469191665284,0.010077619545620524,-0.006765428456280261,-0.031297563714327084,-0.010353728528654599
34,0,-0.0010860501274318867,0.000920529350682329,0.0030185548179724945,-0.0002550133585636216,0.0009850201271941232,-0.0018172401343302055
34,1,0.002650118812923789,0.0008257985141694643,0.005877998357652462,0.0013476192721634287,0.00031489220966878596,0.0018742341377707607
34,2,0.0013939622874811232,0.0038714765551897323,0.0065253102021612785,-0.000716386927627231,-0.0010197575397675191,-0.0006264418544314531
34,3,0.0024051559231129645,-0.004993550828598994,0.003442742221982679,0.0013824887566017993,-0.002574851243365352,0.006111020891940635
34,4,0.0025508656435816435,-0.0033122459481801226,0.006823093375427769,0.0027362751610686014,-0.0011597453025483583,0.0019410807311153586
34,5,-0.0386990801308067,0.11830414613579676,-0.012120331225289969,-0.024307700101227184,-0.02412265534687875,-0.02168064436064106
34,Aggregated,-0.0101438481547521,0.03423110270907561,0.00013968569315396485,-0.006452891301194923,-0.0075988247305854555,-0.0052029914143504495
34,Centralized,-0.024914460081264158,0.07310450105590775,-0.002423808191971298,-0.012776807596905344,-0.02203358647910741,-0.007041119352731955
35,0,-0.0014766908121536045,-0.0018686099661253937,0.0038332418457075173,0.00038385696072171054,-0.00295121702289196,0.00010861702759390468
35,1,0.0014727455440573035,-0.006870337196033842,0.0037947029840881804,0.001546790621734665,-0.013172626254267435,0.00763824146781389
35,2,0.0022411124667561567,-0.005110436372170909,0.003364586229284615,0.004286169462873477,-0.010528681773344189,0.005637341443829006
35,3,0.0038110985591557726,-0.0032564998307488126,0.0008853754383724063,0.0022658546473711193,-0.008640099481702414,0.0009451361915263542
35,4,0.0017292370620177553,-0.0064839045088963595,0.0035846373501357146,0.0005541601799869714,-0.00850617940459436,0.0022208494882539026
35,5,-0.024731769627707588,0.11658949852731043,-0.01463980760570688,-0.021294755198965537,-0.017663453027572686,-0.011174277993688067
35,Aggregated,-0.00606249732290637,0.030735612223233403,-0.002121017502148632,-0.004920878743937833,-0.011523394383533486,-0.0008464282981425175
35,Centralized,-0.01137479761172791,0.06680532008713233,-0.007139934468835471,-0.007937908537739137,-0.021129491508527044,-0.008989222390024598
36,0,-0.001278477653382263,-0.00024072808116297565,0.0015942466806582142,-0.0003890660117826128,-0.0009860429918321755,0.0013000680575018131
36,1,0.000611818598954078,-0.0006594082699371821,0.00538883123251319,-0.003505046525737243,-0.005627811270544062,0.005342997211396635
36,2,-0.0026493132152822156,0.0009465513169393844,0.003213892141432453,-0.004438202128411331,-0.004627875202277278,0.003544760976884604
36,3,0.000241962490460292,-0.003998003129196214,0.0005387018223961333,0.00016654868981844526,-0.004146403620014129,0.004172931401146026
36,4,0.0003420392030946906,-0.00029673905369561416,0.004420357261211852,-0.0010470462485007493,-0.001260670847637166,0.003806408550063224
36,5,-0.005440786547836111,0.11512005507345972,-0.058635251773370395,-0.03791991533123217,-0.027604724785544585,0.002637174836960202
36,Aggregated,-0.00196028540955538,0.033100621616968716,-0.014991870063945676,-0.012448325633345938,-0.010502576686184647,0.0034042285984928152
36,Centralized,-0.00011013715321419192,0.0684457994668767,-0.036551219797396485,-0.024555267102880255,-0.022252293544081155,0.0098256476589895
37,0,-0.002347097193846543,0.0007776833499943348,0.0026095506716828903,0.002540088334029805,-0.00032748508536343255,0.000686513005211901
37,1,0.002820416769189489,0.00038696996312703985,0.0010833866312176847,0.005491164683836769,-0.009852195628650343,0.0020904596014815332
37,2,0.0014639417838024301,-0.0004535534818846708,0.0013550332011271111,0.0064194663705278154,-0.010826341486882409,0.0020414536133096886
37,3,0.0031042063513565484,0.005529525458189927,0.00022420503707009653,0.003757170460957988,-0.008850355194160008,0.0052685551375990505
37,4,0.0028838229733602495,-0.004033290926120096,0.0036702293884679285,0.00451668486947124,-0.0070868757082748176,0.002051190236633911
37,5,-0.033741678774097145,0.13680404343121616,-0.035684526933322705,-0.02933064454485129,-0.030389420991785505,-0.025454983590653863
37,Aggregated,-0.008656387464418812,0.04037197715744029,-0.00920909400896335,-0.005323192030349556,-0.014314808937487045,-0.0056922608642343015
37,Centralized,-0.01575606254517624,0.08240496243106733,-0.022516005303748945,-0.015779209459687835,-0.022046234129408752,-0.010978403996270317
38,0,-0.004095960699809866,0.0006100603863474274,0.0019400903768547369,-0.0014856586926044783,3.7919196637814513e-06,-0.0009115763721605423
38,1,0.0030153514787149677,0.0016062650043509577,0.006900975839224234,-0.0010009941853555205,-0.015008110421268565,0.00650541212009373
38,2,0.0035978738327443337,0.004186303612527517,0.007455960404963353,-0.0011547844493686843,-0.01472442220981048,0.006707982997235602
38,3,-0.0010073728963108256,0.004615991526185377,0.0031382511795826555,0.003575058637275622,-0.023600778018119807,0.006200037988049643
38,4,-0.0003099302279247114,0.000814359180049422,0.003598934390875142,0.0018388544484752235,-0.01694260309826118,0.004853313444698348
38,5,-0.031011163255845502,0.12396081736368761,-0.002566813053106778,-0.015644617252837806,-0.06854841743631007,0.014512630178261451
38,Aggregated,-0.00879691577097344,0.038027708112742406,0.0025772696161443444,-0.0042821579630762455,-0.030392393824079673,0.007703311752525912
38,Centralized,-0.018343230668906235,0.07929531469461594,0.0029389136826079142,-0.006772216185096933,-0.06480738299571664,0.01628343784877286
39,0,-0.002101076393578523,0.0013934879743330297,0.0007736961631145252,-0.00023163442113790326,0.00017728490744613098,-1.1758230177257486e-05
39,1,0.007346724237395831,0.003985104354239233,0.006043859049033651,0.0022954312294436287,-0.026380038367057136,0.006708919496944819
39,2,0.007021453837346014,0.0064829204186842475,0.005252951780298791,0.0019353773890822942,-0.03059531229519684,0.005861689381946144
39,3,0.0048778659533159,0.005358975064453162,0.006714017739828288,0.00826050048195544,-0.029736768474358858,0.005572465159910834
39,4,0.003642747593164569,0.0034875455434261616,0.005350231131233443,0.005875845389698712,-0.022407090621919274,0.005162598887868464
39,5,-0.010300184026151496,0.13089902938117867,-0.024972960936787473,-0.016582540604250788,-0.06659466171089877,-0.011611095534268374
39,Aggregated,9.08732604415996e-05,0.041341578843247295,-0.0037924823390932797,-0.002188633200483636,-0.03550101272554205,1.8748627444594014e-05
39,Centralized,0.0006174881086189388,0.08570392862448235,-0.012100567430669257,-0.004195423608208007,-0.06745269566514997,-0.0031415891622058266
40,0,-0.001103752279804741,0.0023114429276780164,0.0007182244976209766,0.0020623037408137005,-0.00025073278631502404,0.000264073861319325
40,1,0.0012118482500543518,-0.00023417242402613188,0.004580267976734633,-0.002373164736516005,-0.005568183871058389,0.0018198941811805307
40,2,-0.0007679855670837473,0.001066698358131348,0.005634787963070677,-0.0022325959269285903,-0.004936863995147894,0.0033280591209921473
40,3,-0.0007281898553807713,-0.006504746948254805,0.004167414406222396,0.0009810784614076955,-0.0024788456022859914,0.0016647637783740361
40,4,0.003563442918030218,-0.003342861037099075,0.004885033636913991,0.001843740495345113,-0.0022741318130824234,0.0003799020102945601
40,5,-0.008946674871475914,0.0832510485276639,-0.048784733627509576,0.009054371492019347,-0.014745760496123101,0.004770051566640236
40,Aggregated,-0.002271489192983967,0.02333757191599174,-0.011374296971236096,0.0026379340298443273,-0.006588667982767136,0.0024845688142146466
40,Centralized,-0.0011202797969820562,0.038474609053380966,-0.022854333871197556,0.007543447588490456,-0.012822691068561884,0.006160373055314128
41,0,-0.0036845130332197676,0.0024410812846998677,0.0009250484734531772,-0.0013933918583174483,-0.001456539666703301,0.0011375568059230623
41,1,-0.002772768865553807,-0.00375723503504329,0.005684826789833877,-0.004363580107986541,-0.009531511517674621,0.004213443937649385
41,2,-0.0035424178386792788,0.0019921502231056228,0.004963080099073341,-0.003966337838212321,-0.007086903744783674,0.0056777874549882364
41,3,-0.00014562882859120812,-0.00038579083659106715,0.0020693051864188903,0.0002887703569738498,-0.005721014862707581,0.007109560725318273
41,4,-0.0014102181459072298,-0.0024376123153511267,0.0031739800635367534,-0.001900055680929023,-0.006568929107498423,0.003342525141457547
41,5,-0.021108105840498152,0.10647241936344187,-0.03165170731926796,-0.06366420797469372,-0.0067458839005284515,-0.010906722060206967
41,Aggregated,-0.007779761158884903,0.030804245184847708,-0.0068269539233304696,-0.02027313544471268,-0.006393902365089109,-7.190571893236387e-05
41,Centralized,-0.010339838303328939,0.0609648939250797,-0.01855003403921457,-0.04486195058448371,-0.005594207022126823,0.001480699784955341
42,0,-0.0014697424432484028,0.0010896887389503155,0.0017822220957742663,-0.0013803045314593812,0.0003640867375304539,-0.0023567525646950803
42,1,0.004022160661891763,0.002656928756253398,0.0035432635928808703,0.0009322206893086438,-0.003720957772263519,0.0021077444706052045
42,2,0.0016503957030510627,0.0034947373297973157,0.002595679050094807,0.0011191877636547091,-0.002755251404222173,-0.00017315811646311365
42,3,0.0006386818503812785,-0.0038833578559541167,-0.00011784732705434897,0.0026182545028164772,-0.0023456111317713365,0.004895111817057531
42,4,0.003074060995816113,-0.002103426099576674,0.007321169938876134,0.001067568984330893,-0.0037779198757931587,0.0011861336467097676
42,5,-0.013616342625460352,0.1259702625946893,-0.025213373142823122,-0.027615259279996883,-0.005010705192161916,-0.06848074696203393
42,Aggregated,-0.0027867978663205207,0.037050625484326305,-0.005212536222653015,-0.007411728618198482,-0.003273391390384266,-0.019163578298628137
42,Centralized,-0.0053521835519527135,0.07790166323042323,-0.010852585274607376,-0.017046635946728415,-0.006620438926682812,-0.04197415505240492
43,0,0.00011604995358852066,-0.0015019029134326265,0.001037214581617818,-5.3194507700153144e-05,0.002570620068514488,-0.0001034039202607325
43,1,0.001921688172044379,-0.004224531143614119,0.003000397808798881,0.0017159826290809742,-0.0014021280445162604,-0.0008155568872317572
43,2,0.0016209023448546947,-0.006156897268428595,0.0011272568895281082,0.00020588373211602635,-0.004434328630930115,0.0022037410927623403
43,3,0.0006782036191712144,-0.007053134881456273,-0.00016596816737257474,0.0005398870033019273,-0.0024510282187253443,0.0018668675639917753
43,4,0.0027356301650899193,-0.006585413015364373,0.0010926678188617031,-0.001121222098980464,-0.0030543144406067067,-0.0005838538242339449
43,5,-0.023303480571095457,0.09858219534506703,-0.012026489637176532,-0.027792926597374878,-0.00603784448340914,-0.0011077777394781563
43,Aggregated,-0.00579037599437148,0.025167972666060776,-0.0026561273385157474,-0.007949939647059954,-0.0031248838352863476,5.523183737114507e-05
43,Centralized,-0.01194208541615712,0.049504035705548136,-0.005281728362173587,-0.01554146646655916,-0.007698844472730554,0.0022565832566939477
44,0,-0.0004769700756878788,-0.0007119234279074682,0.0012666430559013823,0.0007021274631956657,-0.0013124967658126674,0.0004892477306166783
44,1,0.00718534724757171,-0.004555280960717057,-0.0015018105497979532,-0.0011764956049211072,-0.008519812701464081,0.005327201203205751
44,2,0.00357543652780226,-0.0009762852918519582,-8.304649768959653e-05,-0.001724979511831226,-0.00564302665181373,0.005294123682288307
44,3,-0.001548743581033636,-0.001660937106941487,3.1720783746885806e-05,-0.00046847732297251773,-0.0035883184454948793,0.004138029117001828
44,4,0.003825127906741988,-0.0047943685332447975,0.002036077054469588,-0.0008522111583285253,-0.002347939161014894,0.004870054379649148
44,5,-0.031129658657648183,0.108932241077299,-0.023671559337032185,-0.02009052639344282,-0.02822438674832629,0.004830212719007669
44,Aggregated,-0.007261170914530981,0.030060484493041047,-0.006710376011615105,-0.0064198856666560005,-0.011374427024643495,0.004354754499620252
44,Centralized,-0.016618830364820956,0.05894257196119593,-0.011333278899283155,-0.017080122213715986,-0.019652478668411077,0.010455988787457186
45,0,-0.0003583907697230493,0.002007271243066385,0.0005761560690422052,-0.0012991781799504627,0.0004906842557015678,-0.0005217956665863055
45,1,3.236362625521072e-05,0.0019373943236305861,0.00433304388798638,-0.003579261119829013,0.0012762433558229425,0.001616596763051188
45,2,0.001395226605394316,0.0022728049069561888,0.0034931391346279318,-0.0020788730244075187,-0.00039856870379436976,-0.0008125471222873823
45,3,0.0015302252415088072,0.0011676431536857287,0.0043877850555107045,0.002032571690108342,-6.979946693764906e-05,0.004468011223431864
45,4,0.0002640701413318088,-0.0027339185182291494,0.006054817141582309,0.0006716094167205089,-0.0019498292891183822,0.0023943387704016376
45,5,-0.05782175412688076,0.11700976729516095,-0.015762766144645134,-0.0442042578996508,-0.03139522578944724,-0.0005292425242071871
45,Aggregated,-0.016505602219856502,0.034900131446708525,-0.0018660629103296575,-0.01353653269240342,-0.0093041754313684,0.0009077173412668439
45,Centralized,-0.036635869043869465,0.0713345941038779,-0.004075678165316502,-0.027859356147135268,-0.021052775079064664,0.007684465542646256
46,0,-0.0034308022192990548,-0.00011563517276444076,0.0007118195124318604,-0.00032153808884908636,0.0008136128436025903,-0.000574215069305234
46,1,0.00040085653974304046,-0.004996872747609316,-0.0039674481758797155,-0.002264011723867423,-0.0014399133385824825,0.005654499631961661
46,2,-0.0012739952731247283,-0.004562234849187999,-0.0005637297631728248,-0.0008499099964630422,-0.0010413429723514333,0.002588630611416921
46,3,8.513963481290421e-05,-0.00590128295737015,-0.003544912348692503,-0.0021783346735620795,0.001421656302791559,0.0003358702217555761
46,4,-0.002045282113908188,-0.0052241886898595465,0.00016533188123453538,-0.0009242664342126301,-0.0022328097609382123,0.0006536499416369116
46,5,-0.005659813290221957,0.11914971244921081,-0.02588537471332103,-0.026141750441522282,-0.03792659723958196,0.005832284860121711
46,Aggregated,-0.002485167795413953,0.031847927623364095,-0.008657424507096868,-0.00860778756327449,-0.01149408162829463,0.0029945749450657824
46,Centralized,-0.005345295341889622,0.06649692021711069,-0.019036886294220637,-0.017490340052747463,-0.026542166385211705,0.007760072546917287
47,0,-0.001957651447222959,-0.001297965804181983,0.0014857882150351828,-0.0004469694226023261,2.927630501731171e-06,0.002213870828470354
47,1,-0.0008004402029684091,-0.0002148964148071364,-0.0017396240504200017,-0.0015203002564139535,-0.0027164544612165425,0.00849022709384712
47,2,0.0009099421257834584,-0.00013547870638362194,0.0025260196314760685,-0.000181804494746259,-0.002464136945096421,0.006462661923374487
47,3,-0.0012002062674872618,-0.0014652365869155545,-0.001957189263334073,0.001136615590778356,0.0007590617723146601,0.004024173208840487
47,4,-9.521354716514238e-05,-0.002293176859965924,0.002266541952304279,0.0007399036827791638,-0.0013986591082231947,0.006808042768905582
47,5,-0.03389672944475262,0.11376194894928891,-0.022462660350130746,-0.01380944422417659,-0.023925179803755744,-0.03068117382678691
47,Aggregated,-0.010337006460793434,0.03256116152506185,-0.006240058055636835,-0.004072695497327369,-0.007861471402440272,-0.00493578996690647
47,Centralized,-0.022585047987124476,0.06571343901591224,-0.01364915263622093,-0.006449445027322365,-0.013253379296381354,-0.010979719409091824
48,0,-0.0012666982382049774,3.391760688461106e-05,0.0008877731817889127,-0.0012444607161208913,0.0007695700093070209,0.0008198981563453241
48,1,0.00042078080467903477,-0.005263119300609378,9.383343858101097e-05,0.005013490056768788,-0.005845134413562439,0.0007335484142643456
48,2,-0.0010393280070461956,-0.0031673444736832557,0.0019578833510972703,0.000899596949879815,-0.008044650571548247,0.0007726441881321526
48,3,0.0016545444577575322,-0.0017758617749832491,-0.0016323814767226126,-0.0001582684817841277,-0.004932542506833147,0.0028597741764306997
48,4,0.0006553953141096321,-0.0021324500328785893,0.0016582712241807263,0.0022425121596984098,-0.005528346421252226,0.0021171120458822164
48,5,-0.024108996435481103,0.11640612595315426,-0.014248734270599696,-0.05403418407764797,-0.03993237050436864,-0.007664936849908536
48,Aggregated,-0.006965017877268169,0.032287344534223536,-0.0037618790027057303,-0.014801576438448325,-0.01517790907613328,-0.0011950149666906703
48,Centralized,-0.0136414009061498,0.07116478964762787,-0.004815031569925159,-0.03269847418486845,-0.034572000443741736,0.0008969252482565702
49,0,-0.0008429849442542529,0.0002606104717351121,0.0016018199250435869,0.0012383320107430225,0.0014546804837064294,0.00028232631096829864
49,1,0.005831101941491807,-0.005609800021972265,0.0016923789492243675,-0.0018928606928706915,-0.003048849473636939,0.006640621582998315
49,2,0.005378526698849235,-0.003043505614213376,0.0050917436516433245,-0.0016639636254519715,-0.007486114925911736,0.004262046463948711
49,3,0.0011018528756537472,-0.002039999119945252,0.0024198481272368765,0.0018431384985628462,-0.003975348246099,0.005645268908403351
49,4,0.0018592382870832999,-0.0027648873647945337,0.0022604162351202435,0.0006740418458606216,-0.006697733732904064,0.004668924729634428
49,5,0.005726780695650875,0.08564751394410215,0.002202266105285821,-0.010061698507896042,-0.043634712428212534,-0.01243223770721838
49,Aggregated,0.0036562733507863854,0.023141267594363392,0.002520000938560668,-0.002951045641732451,-0.0157188135788424,-0.0004930878175177082
49,Centralized,0.008233505898780755,0.04434591740488383,0.005698392113658706,-0.005127898812875623,-0.03594477395633652,-0.0012147955953129342
50,0,-0.0003411357046226841,6.823232103525534e-05,0.00012871642748331266,0.0006959838279031534,0.0002701111331624151,-0.002845890295755813
50,1,0.004202435557709572,-0.002899441662023186,0.007180727011880898,0.0005314284858230285,0.001533764855833975,-0.0047523686081628125
50,2,0.003126950877241212,0.000444366921035666,0.005933257956135799,7.381621513125048e-06,0.001450120035434973,-0.006921746244559649
50,3,0.001360183274033444,-0.005952392575014369,0.0031412112855722404,0.0014866754995528123,4.7258198250216266e-05,-8.293568239434785e-05
50,4,0.004782763319074058,-0.004683017248784075,0.004082528210394795,-0.0003544298192503533,-0.001690515962048627,-0.001149822789125938
50,5,-0.0036169523261608064,0.09854175606673056,-0.02791527766573235,-0.010813979534592314,-0.028616397848053705,-0.005261307420255914
50,Aggregated,0.0008772562629224334,0.02694878643975085,-0.005175421584177973,-0.0028385498485091185,-0.00815232949611032,-0.003776948673075302
50,Centralized,0.000479327351155724,0.045871204807506324,-0.01062015938195859,-0.005128235139599575,-0.018286093545775498,-0.0004709924071159305
