Round,Evaluator,1,5,3,4,0,2
0,0,,,,,,
0,1,,,,,,
0,2,,,,,,
0,3,,,,,,
0,4,,,,,,
0,5,,,,,,
0,Aggregated,,,,,,
0,Centralized,,,,,,
1,0,0.15704202583963028,0.09318944936561259,0.13829994759487435,0.14614875255161236,0.14385402943209236,0.1347778699705164
1,1,0.13348123109635748,0.10429799937646819,0.1341583335338799,0.126823139264032,-0.007720054199123816,0.12409676533201885
1,2,0.1454544344032057,0.11080542927872586,0.14199930634698432,0.1386009475180277,-0.0041237937007007,0.1354996764815276
1,3,0.1465596363812943,0.09411881640897973,0.14430735064435815,0.14005703115159404,-0.01179608585195528,0.1282488653185441
1,4,0.13338344185160883,0.07675170003489346,0.13594269135239567,0.13303918779132948,0.010141173204875066,0.12664192447618886
1,5,0.10565635255952141,0.17426181927354567,0.10082722376598431,0.10031479995732659,0.06868354881974295,0.09793476709678127
1,Aggregated,0.1318208231023752,0.11887486260420697,0.1277953558300366,0.12596120306069059,0.03539243594381497,0.1203723070728386
1,Centralized,0.1309383723568333,0.12948244218658267,0.1267555522706161,0.12492238387276385,0.03376646477609708,0.1199647585728217
2,0,0.03125028780905595,-0.01835580318779805,0.018516436778523878,0.031184871115751408,-0.01970265858725126,0.0201608389239477
2,1,0.056015701727007004,-0.009090321599062248,0.038928483721085684,0.05050596487210267,-0.06577908068242286,0.03665820197546721
2,2,0.04593527456210731,0.0024643014773161357,0.03319428453929385,0.04001336951367791,-0.07710960915598081,0.02620647508170992
2,3,0.05203293299925705,-0.0032928604740886237,0.041748155823967466,0.047840738507568245,-0.07322552818824508,0.0352929150624127
2,4,0.050827970131433274,-0.00843453244898201,0.03475104027153304,0.046812059981599825,-0.06771954412822723,0.032024486424922984
2,5,0.001939845699410686,0.12612942326243362,-0.006607703067745344,-0.026388771377720548,-0.04261074110700135,-0.003173281365934796
2,Aggregated,0.03438062604490197,0.03204628915669012,0.022101618883278593,0.023192699272698084,-0.0565068820723699,0.02059807346743695
2,Centralized,0.031009228286909496,0.053219944413056046,0.02009769470896424,0.013149292430098833,-0.05999472695302534,0.019113543657140665
3,0,-0.0038900944891138993,0.008786694645212331,-0.005237569397163434,0.004890870839869227,0.016757273916611477,0.010685933846508271
3,1,0.023452049832440248,0.03848308546753192,0.011389931325726504,0.024282410911455003,-0.02350024629309188,0.007738862526568677
3,2,0.024799449781255905,0.032620591743996195,0.015049650927632547,0.02340808270420473,-0.032291360559234684,0.006634661672594484
3,3,0.02748996575894326,0.029359508390856277,0.016404584546209022,0.02663945583659586,-0.03395573519574466,0.01038200707111512
3,4,0.02071638329833638,0.02375992192143378,0.018258240770483297,0.02543272022427285,-0.019581028993461307,0.016714644994718385
3,5,-0.019085563596455888,0.1425083719620617,-0.04163420781870108,-0.02767206251446902,-0.026171522378291283,-0.0200555489666789
3,Aggregated,0.008102034358173466,0.06102792701300419,-0.003853633482626857,0.007125600306726523,-0.021703127763880975,0.0014950533639860944
3,Centralized,0.008468407825053734,0.08470412679343195,-0.009807829497821939,0.003607308881643336,-0.027887411044969286,-0.0030685379951931645
4,0,0.004760509559529718,0.002553782560995364,0.0038114734154589707,0.005147248501590385,0.0071772226958778905,-0.003550949861334398
4,1,0.014517032599625498,0.01071266222977284,0.010905904016514065,0.02113854143720656,-0.05977169837610398,-0.00033192055436957003
4,2,0.008510077455471833,0.021041460186027136,0.008385797801833413,0.019999700920829065,-0.06773590420266344,0.0042749144013559445
4,3,0.0067738689303520365,0.018862279185559983,0.006548342186709966,0.0070175368752782115,-0.07081221870611319,0.008110983096966352
4,4,0.011253137201165414,0.009904596403448944,0.012846277344435044,0.01113186695448585,-0.056076046093039365,0.005215294538485434
4,5,-0.013384479119496421,0.21585516769989244,-0.017394088973755543,-0.04772276005893649,-0.04391185413912035,-0.02120210285012366
4,Aggregated,0.002677060401018465,0.07241230719061677,0.0010412686698289865,-0.004657522925711221,-0.04934232163556334,-0.004101012445585956
4,Centralized,-0.0016327566703474902,0.10780877272922541,-0.002376485410955362,-0.014418849635513882,-0.054333368549774295,-0.005999335635815675
5,0,-0.002688745280730174,0.009781678156153394,-0.004243467690875609,-0.005424965186504822,0.0021887760302036984,-4.6130639572724195e-05
5,1,0.017452428833941398,0.013163436451447836,0.003511860934138706,0.006275886507300094,-0.04711848136611876,0.01265354480831092
5,2,0.006747814210523749,0.014329032645374993,0.008189654907756026,0.004342644432849187,-0.04587241333024483,0.012015375611259819
5,3,0.00805714947636463,0.012594749680096943,0.005643886156024596,0.008421118611707409,-0.050022278271765745,0.02129867923877097
5,4,0.005372977099178045,0.008171071051590746,0.008437935295931275,-0.0031638277538769033,-0.03995725391045652,0.01586564212744666
5,5,-0.024991248924354226,0.22404557246413878,-0.014543285376065102,-0.067468151458687,-0.04668165748444455,-0.015202307950440525
5,Aggregated,-0.002118657758475054,0.07387828448543954,-0.00098402291350851,-0.01808132519318141,-0.040267708842803146,0.004618113991042853
5,Centralized,-0.00726175948310569,0.10688779556434798,-0.0016509084137445588,-0.026398449430937502,-0.04713112743717158,0.00402259587816474
6,0,0.013740819356032942,-0.0022236744774025495,0.014410831024764202,0.005495367237503047,-0.03502778246155676,-0.012109736242522108
6,1,0.02116762354133517,-0.010151639455022114,0.021693374841324574,0.00042850945799421453,-0.06370286432498692,-0.010474433371771685
6,2,0.011791056404429194,-0.01222709747891556,0.015909468034719005,0.0023852471974256995,-0.050305137618704074,-0.006191503156292403
6,3,0.017286508412125506,-0.008165094145504355,0.021241922071884897,0.006577339652811712,-0.05203386732874764,0.005521572471910864
6,4,0.01782349672066954,-0.007208634323074844,0.02000198319339198,0.005367942758782443,-0.04818606974276231,-0.005565708095542678
6,5,-0.02035080573642417,0.14230645798854588,-0.0428135099398275,-0.03227657490545173,-0.06201402421946231,-0.05178691402521645
6,Aggregated,0.005679346572481437,0.03587213728415814,0.0007626466160936484,-0.006627893514589504,-0.05381118745956993,-0.019073500473506366
6,Centralized,0.0003376834946445021,0.06018756489664543,-0.007927606055483545,-0.012260513995671315,-0.06142022392382286,-0.02372938140998386
7,0,-0.0002987316285331683,0.012960958224463416,0.004688977408112436,-0.0027841842641150726,0.00510690666879012,0.0013054082030844935
7,1,0.019121943003666958,0.015830737062905248,0.01888217663952226,-0.0052052220723094985,-0.03220174553484953,0.027706038725633587
7,2,0.010643057149533253,0.016733734816736515,0.015626925008131152,-0.0008762820735419648,-0.0322077399065083,0.026551413138469006
7,3,0.0038248962394826463,0.014591228550784272,0.0072700791799509045,0.00417446906676161,-0.035378772984729696,0.026662891383983124
7,4,0.005867180264676416,0.010161493932978867,0.006142458745670939,0.0014997153081921534,-0.019580709414107385,0.018230059470149357
7,5,-0.020834764937266385,0.2606630436873164,-0.043956761512863055,-0.05179269676170341,-0.031378599061197825,-0.0006068840870378209
7,Aggregated,-0.00034640976418360897,0.0863143718261057,-0.005277842791071715,-0.015563459665596014,-0.026099663553535202,0.014532787457238083
7,Centralized,-0.003662028698857833,0.12229257097122333,-0.01157826130645388,-0.022404673575556196,-0.029822414830417376,0.013915106441177282
8,0,-0.014466965871923063,-0.00040397817780051063,0.0002484957306068606,-0.006612853052258365,0.0037567834713671303,-0.004405106325984498
8,1,-0.016684981980281118,-0.007374041504237669,0.012224736446461422,-0.00956080072695288,-0.005359637711476713,-0.007362007299964024
8,2,-0.008807405929559068,-0.0065794050067381985,0.00968311238566207,-0.004240363793717578,-0.009157387422360072,-0.004983031272828933
8,3,-0.006333102215153596,0.0009949713918107814,0.005905775587628463,0.001992081177436281,-0.015561029116468294,-0.0036252068377543604
8,4,-0.006111281981635683,-0.0038622336274353095,0.008641607918403562,0.004577072691974518,-0.0059812570344876664,0.0032332451794987345
8,5,-0.04747600148812745,0.15743115574212682,-0.022136036408302397,-0.05532190490535702,-0.0352033523319881,-0.07549199544824577
8,Aggregated,-0.02120943851648597,0.04359283594741794,-0.0011025257509616245,-0.018058203768044723,-0.01515313483017954,-0.02450907776844218
8,Centralized,-0.026208854686849664,0.07211408425639673,-0.006438629480234871,-0.025717087727388222,-0.022740691387983597,-0.03853543339457079
9,0,-0.004693887249009703,0.0050221680335956545,0.008770149813732302,-0.0007945977498562431,0.00992897835892186,0.007451362456274767
9,1,-0.00232674342858114,-0.007159063948971843,0.022867492037828136,-0.004587992000965483,0.004672747693023767,0.014949836299231172
9,2,-0.002519538544859368,-0.003924917613673314,0.020888237815256037,0.0013865140841700248,-0.005860729096433219,0.012385720900632707
9,3,-0.0014134313968733449,-0.002596241006215112,0.016462840797273528,0.005830604591609942,-0.01594018016936074,0.014320633383999599
9,4,-0.0012578082438204534,0.001630396480318904,0.013573333750813902,0.005791964457791303,-0.015977653450056733,0.013381567662046479
9,5,-0.04139420229633797,0.1875831251485349,0.000878864869694966,-0.04557419983676745,-0.003201326595482774,-0.0423615345706333
9,Aggregated,-0.013790595330315538,0.05377534309758289,0.012141151043719366,-0.012207544693023025,-0.0046060310685295085,-0.003434682345910025
9,Centralized,-0.01885809237234926,0.07937543931495605,0.013162232430142626,-0.015928619656904904,-0.008532439450025632,-0.008942311208748954
10,0,-0.00874148523819963,0.005565483332789521,0.0025465155123388507,0.00296354492417022,-0.01709362136167573,-0.0007693787179339606
10,1,-0.011846168330885722,0.014765954365884829,0.012609068567293059,0.00786877525795879,-0.03874762647852324,0.003686568763915334
10,2,-0.006175181352733706,0.011693594503789742,0.00883670699826028,0.01124863143183032,-0.031008567044945323,0.004191360167980975
10,3,-0.002117181522511362,-0.002031255285566749,0.00634112843612659,0.010834295560962739,-0.03224829671738748,0.004430115593344645
10,4,-0.0034793235651634433,-0.009403655796533177,0.005037861793074112,0.007883935843817672,-0.027522294368169723,0.0013245347569384872
10,5,-0.039595174259394746,0.23837066660042647,-0.008029295648478743,-0.06998946445239626,-0.04028217636645568,-0.010816193222225427
10,Aggregated,-0.016112542997040735,0.0726899583617525,0.002771999285571569,-0.014590092196754419,-0.03286169874624349,-0.0012591957795911326
10,Centralized,-0.02196650477555511,0.10108808411935277,0.002523570443264795,-0.025800365939004498,-0.03541970211956113,-0.0017300121398666497
11,0,-0.0020240481374893733,-0.010979327398494599,0.005038227099454244,0.002865085405803729,0.007200655578125021,-0.0024484881702205837
11,1,-0.002144969689248794,0.007520856941323709,0.018207862029890005,0.003504317040369619,-0.027117695514744286,-0.00029016108198185825
11,2,-0.002544950238885531,0.0019408112931575757,0.01928946875066206,0.00852471200823077,-0.033090971016603105,0.008512542635919157
11,3,0.0040350390648822105,-0.011466158840699623,0.016347610559287067,0.011845697191936528,-0.030358310846610965,0.012439151284881017
11,4,0.0024471877549104505,-0.012269601914080325,0.017961398627189547,0.009267500321531626,-0.02474359165352703,0.010342034117580447
11,5,-0.07152411719127288,0.1721161054183558,-0.04935562346076231,-0.05190737276922458,-0.06288264480991597,-0.026996577389157034
11,Aggregated,-0.020928575116877512,0.04699911268789865,-0.0033112790720348094,-0.00999473016750805,-0.034480063294899554,-0.003649906163268417
11,Centralized,-0.03185011987202101,0.07359643904779349,-0.010332998299335528,-0.017207939412289767,-0.04568193477927428,-0.005536257224754155
12,0,0.0027060493934166225,0.0018587449037439918,-0.0056554682780436995,-0.00410290850007139,-0.0016820029342592517,0.0062064703056554935
12,1,0.007627456985595583,0.0005938843856476463,-0.003427073539953596,0.004433355981896364,-0.016077165317885327,0.01838479362871032
12,2,0.006459162708532607,-0.0033131570429810815,-0.0037563324922975446,0.002254393458403293,-0.01870925134365973,0.010703801268964643
12,3,0.008342623611661073,-0.00295141703444878,-0.001478354281902681,0.011871555562646482,-0.01801805931004126,0.01384726676789486
12,4,0.008630042162051509,-0.004454664893420658,-0.0013524144881336322,0.005230150906976106,-0.014214079642477253,0.014958363969738629
12,5,-0.03262902690081056,0.2726192033078034,-0.021244796471135013,-0.03794287184292276,-0.028556593186445826,-0.028620364869683085
12,Aggregated,-0.004673079740429072,0.07858473969668232,-0.008370820424732271,-0.008113391374154899,-0.018403197097098027,0.0008599497194249294
12,Centralized,-0.00896581047224806,0.11088379171556426,-0.007230651554506426,-0.014542541512604801,-0.023454328632575277,-0.0028567302541117204
13,0,-0.003890229308680822,0.007784642615909856,0.0007685969903081162,0.003657267455491782,0.0051916835564338164,0.0030339909714277727
13,1,-0.013162143232741307,-0.00011524341043608117,0.016316942931177473,-0.00366948489244923,-0.00319282443570829,0.007128771762942501
13,2,-0.009595346414814911,0.005297616786227196,0.009193083913196554,0.003973982114662302,-0.001989524421705358,0.00880863008232515
13,3,-0.0026889367857173023,-0.009558401957822526,0.0032093689431441147,0.007595118423464294,-0.009177317589421167,0.007997540011772412
13,4,-0.004420180370230017,0.0009292570784835912,0.0059362622880505134,0.005982312294530483,-0.005182221920944205,0.008349961367064129
13,5,-0.0666653332451457,0.17129263835540212,-0.02376803504914833,-0.035159593037686246,-0.06931219323641424,-0.04510954220768183
13,Aggregated,-0.024376446890718006,0.050598191117410395,-0.001782286225053595,-0.007821556873125109,-0.022546678935018334,-0.008109280169840883
13,Centralized,-0.03228919670687022,0.07160045093659465,-0.0028952605613511797,-0.009803190827748894,-0.03459560293550193,-0.013320602956847193
14,0,-0.005171493403864208,-0.0033042645474720095,-0.006533988939891129,0.0006439659366563449,-0.012464632948359528,0.005780018082934071
14,1,-0.005857689467218739,-0.009818414486494738,-0.0033742065230436265,0.001460723384615195,-0.04353976203497649,0.0258308196312159
14,2,-0.004545044928040985,-0.007564815186979139,0.0013880497188534925,0.002993168959321876,-0.043165067740768975,0.01739404561643576
14,3,0.003936506808568996,-0.005957024513786087,0.005129439281016869,0.009121031626250753,-0.04416426996329201,0.023276202947127685
14,4,-0.000976430946598879,-0.007544683299228283,0.005002204432960459,0.004205114215501441,-0.03923944536359436,0.01900825527619774
14,5,0.002283743031282201,0.1813064017809977,-0.015810915117620148,-0.03225078477439464,-0.04239869502422366,-0.09280959332789233
14,Aggregated,-0.0010439733561277977,0.048173345663694016,-0.004219075134163184,-0.006758881113202017,-0.03888316261509354,-0.013938206510827642
14,Centralized,0.0012353869730618175,0.06905251678684729,-0.004479387769636599,-0.009251033845507826,-0.04489509772818657,-0.025870106873976083
15,0,0.0015537751039637504,-0.0030631711456043692,0.0010838813718572027,0.0037980597336593584,0.004316473613345541,0.0004777911243205424
15,1,0.009022494836514437,0.00475069838042525,0.015173355788720087,0.010799590919710583,-0.01737105098103818,0.015385497517213315
15,2,0.00481046623374638,-0.005794409226260761,0.00858854179902192,0.012523049533871526,-0.014167053513023064,0.014706334171061463
15,3,0.005994571576368966,-0.00637064138208838,0.007411540761564127,0.009665329319498503,-0.022796121283785803,0.011405332936291078
15,4,0.008355681665607644,-0.010352122380450487,0.004133236919328172,0.009510113648898281,-0.009969033218539416,0.009414092477934812
15,5,-0.04998991184521163,0.18533553630271274,-0.038880726964229055,-0.08835813385738797,-0.04734073839261392,0.003913275078806824
15,Aggregated,-0.010318344156299866,0.051307982731485575,-0.0060752925206784755,-0.019185637441856536,-0.02278676854946347,0.008676569149174237
15,Centralized,-0.01663690391037072,0.07628221412742425,-0.010134360983140805,-0.03357449715316772,-0.03179857720733559,0.01135711752263936
16,0,-0.0023340557366848085,0.005728504395624041,0.0023733786302328934,0.002180918430871089,0.000285712629953877,0.0006101926808583273
16,1,0.0020701070814707566,-0.009821039254991917,0.01330004536750262,0.0071399007240546064,-0.03972405656335568,0.01593409689843946
16,2,0.005101679851533662,-0.009841923529356365,0.017154586648312795,0.011424152510153501,-0.03816159401497064,0.016045680168732875
16,3,0.004708491328208257,-0.0038396708165020985,0.014982128189449275,0.009779687558811475,-0.040397893689261374,0.018370381390034118
16,4,0.00791304130382108,-0.006600283536925454,0.012886433521708988,0.008130103893599014,-0.028424260303134583,0.011704704530424598
16,5,-0.018388397635695455,0.17410723557824745,0.011284255261875077,-0.03780951979675586,-0.039477157765473225,-0.07707309764298928
16,Aggregated,-0.002760423192714305,0.04726314425746633,0.012150841840850503,-0.005458617017027449,-0.03306299929926228,-0.013392090274723243
16,Centralized,-0.005573274908930477,0.07156023782864807,0.015003221953637938,-0.0112247331045672,-0.03808929222143725,-0.0249825557985921
17,0,-0.006493821332821293,0.005656622986237804,0.0007238281070440814,0.0017283203689323749,0.0002875167514551666,-0.0015480393791766466
17,1,-0.00729347706974998,0.0018004714282345458,0.0030550281535895673,-0.005679713180232844,0.0037589239296853846,0.01604489941887025
17,2,-0.0015454788810243727,0.001658592457410269,0.004316169178095934,-0.001675056128153609,-0.003004328982684303,0.01445745981543121
17,3,0.003803709335289075,-0.0075180599954487864,0.0044768876623233434,0.004307787350200847,-0.005301424426813703,0.011728131007309184
17,4,-0.002027058610551768,-0.004039180596471186,0.008453438610897831,0.0031221493603801886,-0.004730962933382159,0.007659083597276245
17,5,-0.06762963752282396,0.18788716886785176,-0.007783757425841216,-0.04437319089723706,-0.05668246917254259,-0.02943265445688642
17,Aggregated,-0.021623852388273128,0.05452055427508987,0.0007870197147890486,-0.012778193479760586,-0.017929214209358814,-0.0014831838005851397
17,Centralized,-0.029870331467206926,0.07822612402136765,0.002255962162882778,-0.01796821561497172,-0.02924316177819311,-0.003436213363649533
18,0,-0.003946154287957517,0.004494195991833815,-0.00015064890009680958,0.002617937487471489,0.000849317171170381,-0.004339079503549868
18,1,-0.01031767657631038,-0.00024978105251989937,0.011082404201727802,-0.0011607655414847577,-0.011484688951282447,0.011879595198542016
18,2,-0.007512401105858596,0.0025048599336541058,0.004529579100766059,0.0011404539258453438,-0.009893686556153759,0.005797047982744759
18,3,-0.0026037070067293903,-0.009149065000695001,0.0015108055335731397,0.001784448461986273,-0.008473545560471559,0.0020843284905818858
18,4,0.00013147489783575878,-0.0014522087557763729,0.002961198415281622,0.0039195107233229885,-0.010008251037913894,0.001672695502712825
18,5,-0.028426516995249996,0.19264579331221338,-0.03270530874882053,-0.05716360922334396,-0.039466006779707095,0.02910734899781714
18,Aggregated,-0.01177939677821879,0.05573846541500043,-0.00664914250309701,-0.015594437422773201,-0.017308333018167837,0.011150962944699902
18,Centralized,-0.014126284344602443,0.07444366050490578,-0.010663904606975857,-0.023402313187144596,-0.020616330246608076,0.016109284704721172
19,0,-0.0012365335019057567,0.0027619215561033974,-0.0024688519462427536,-2.973505298128528e-05,0.0018630403427487773,-0.0004154093565938655
19,1,0.0016670842704376145,-0.007922907089624072,0.010941498141082301,4.029153775594627e-05,-0.016012858542403925,0.00559188574433717
19,2,0.004002346082180652,-0.002167479819185445,0.005639822978205054,0.0029603633096645337,-0.016793817828587868,0.006358765277723198
19,3,0.005995799442078047,-0.010002593702038915,0.006010551338766791,0.016920442009043954,-0.01926352369098224,0.006233229502596828
19,4,0.004134836630936868,-0.007222208997661319,0.0036428076022643387,0.014598303685889161,-0.017199972862680008,0.00495228920485113
19,5,-0.042135826612284176,0.15692458142309706,0.0006302244099338026,-0.023292727857292528,-0.07709855229781423,-0.01725155094289871
19,Aggregated,-0.01017035368346537,0.042283803531322904,0.003739316346153468,-0.0017588426495173705,-0.0325259931731228,-0.0017066000480561484
19,Centralized,-0.01593122171103704,0.06048668764302471,0.005527028624038192,-0.003091117911014558,-0.0452657843682283,-0.002662218184108625
20,0,-0.009330935249766388,-0.0009897077481767548,0.0017808788491237694,-0.00771497361759679,-1.7831148280974172e-05,0.00198386845034121
20,1,-0.0066270499756329385,-0.009790464166392726,0.017503482622327145,-0.010668852046376825,-0.015473464069001368,-0.0003041067234771063
20,2,-0.005882714413166606,-0.014753103241695792,0.012923061515328923,-0.006029849808841659,-0.018364593563487703,-2.200090289710873e-05
20,3,-0.005035456553073657,-0.010067389816836319,0.016063184656775174,-0.006596629316605224,-0.01853642864064726,0.0027872053731617607
20,4,-0.004761236173020529,-0.010228106654988385,0.012591908016088988,-0.004654554674615567,-0.015111422113248594,0.002262492962816662
20,5,-0.11640734862559149,0.16278325029514176,-0.05664987356187215,-0.06641608753955901,-0.003536338522494621,-0.010668913526502807
20,Aggregated,-0.03848844248618558,0.04097744117594769,-0.007706279858900893,-0.0244809195257565,-0.010943924651966832,-0.0021934932061279406
20,Centralized,-0.05640430197921612,0.06576991460808856,-0.015713886242489223,-0.03503326294413357,-0.009922407349081683,-0.003009004500722644
21,0,-0.006491049367046052,0.003199057199255891,0.008266177985009804,0.0021253711545795324,0.0043641038106174935,0.00282503968193924
21,1,0.01176954108501113,-0.0002338721648133973,0.018083082043063393,0.0046459702943503645,-0.017153809118671634,0.011148216980196793
21,2,0.010515634675036217,-0.0010029766333746822,0.019228508794169336,0.007090617450882019,-0.015054736029802257,0.0119401437006058
21,3,0.009668605834390593,-0.004392811263277499,0.009730404457116143,0.010954167132095542,-0.015660920667708453,0.014225193772744678
21,4,0.003918595750775121,0.002804904157051586,0.008847207740021151,0.007272861572629115,-0.014061646348899032,0.008358965620497953
21,5,-0.02374617509294176,0.24628890622686198,-0.045438585020214424,-0.001453970838083852,-0.03776233949850674,-0.010404298514164979
21,Aggregated,-0.0024681664405154717,0.07210521784062722,-0.004113198897417854,0.004227361008649223,-0.01962741771760508,0.003995668640473903
21,Centralized,-0.004891542660099293,0.1002988940385059,-0.009070017123233406,0.005445891429543211,-0.026113765800128485,0.0031823992715371125
22,0,-0.0029519954421781238,0.004244914322222016,-0.00202279203459385,0.0023482334486159546,0.0011599231090182681,-0.003395587652451953
22,1,0.006573531448162051,0.002226336432532155,0.008713529720330342,0.00030136678227868304,-0.013035191140706802,0.009658356334426636
22,2,0.0036352447529923466,8.349938515019491e-06,0.004091119521381799,0.003649285174464424,-0.009456796795710768,0.009011699619507966
22,3,0.0017020440528277743,-0.004883342610813646,0.0027718636530390415,0.003817689257173101,-0.009352703459741093,0.011480086509108763
22,4,1.5000653379666001e-05,-0.0064214908774161755,0.0014771498608908966,0.005702881446549656,-0.008253480956861644,0.007218564434784737
22,5,-0.013753205059539737,0.19257793413655291,-0.035495593022007034,-0.06224367560043287,-0.05811613030966234,-0.05646308597753957
22,Aggregated,-0.002631783378198916,0.055582419288300655,-0.008135791383746208,-0.015971592391110873,-0.022768482275816244,-0.011459714681868072
22,Centralized,-0.0029780541126323713,0.07494543848556377,-0.011662751134959053,-0.023955423990735088,-0.027543611973640164,-0.016681502875232963
23,0,-0.0030678635953260334,0.0011018796035858086,0.007157786875077954,0.0023313916977070323,-0.00444727890118375,0.0012258960554341802
23,1,-0.001986144191406357,-0.010819037718186885,0.00697182240736205,-0.0018254868175154205,-0.03034812765985472,0.0033750631816464364
23,2,-0.0007297047300725421,-0.005957180156451204,0.009536124297247508,0.002295895360634262,-0.029797760814435456,0.004663281498855348
23,3,-0.004413491531484926,-0.01527710146763479,0.005658212903916884,0.005813993069392649,-0.026861767884276144,0.009099882917398671
23,4,-0.00047758812883201893,-0.006618873577955358,0.006029264830580244,0.004988246206876467,-0.018107786835300118,0.005653593329139775
23,5,-0.005326090002535826,0.17368019500439907,0.011985268438901612,-0.02727907049883807,-0.0846415971824424,-0.01974091627818876
23,Aggregated,-0.0030445910177168732,0.045325194909751565,0.008507760102720323,-0.006055475246190166,-0.04075389106949408,-0.0022893673107566926
23,Centralized,-0.0027274033016917386,0.06196587311174902,0.010890683624197466,-0.009364462681557611,-0.051943780740561024,-0.003273519391418727
24,0,-0.0021891333495859255,0.003198321894655381,-0.0029594691905915215,0.0015447851469298057,0.001650077962863598,-0.0016771131384479292
24,1,0.012231829823270991,-0.008637591726182895,0.006093613084154207,0.0025129657627080528,-0.0014966242191834375,0.009432487624646274
24,2,0.005512512214636742,-0.00653401530766606,0.002205885167995503,0.004149524351619163,-0.003492360750927433,0.009724129765725535
24,3,0.0176974644993486,-0.0067829125905819986,0.00026098078260599624,0.004452485483914174,-0.0054294824690226265,0.012874710448547303
24,4,0.0120241144605875,-0.007428447595487051,-0.0016272027893386816,0.005277791378899272,-0.006368148612614222,0.006835236301683545
24,5,-0.09711619314801473,0.17868028762544189,0.014379585713494122,-0.046323300465193964,-0.032578011429010956,-0.053122043193297774
24,Aggregated,-0.021739827765072064,0.04840470882467937,0.004874355706069483,-0.010976179300766534,-0.01180794607874507,-0.010055132821376156
24,Centralized,-0.031923823051785344,0.06588909239342698,0.008653204843178072,-0.0162241603489582,-0.01601617806166033,-0.014573249308846245
25,0,-0.0014417257991184253,-0.002424114462284891,0.003622509305763529,-0.0029154572318152673,-0.004341222385711837,-0.004073782733127312
25,1,0.004351547987987723,-0.009528563792503867,0.010114251722697849,0.0002381552702985432,-0.02607207970426741,0.0036295709946625996
25,2,0.004535735736501007,-0.008421074076668537,0.011348206978998467,0.0017523057951732148,-0.02661714216117447,0.008737479447841123
25,3,0.005533286256712923,-0.018244437409997816,0.00765249683445213,0.008069768902530621,-0.03362226279354711,0.004636351873815479
25,4,0.006123513114390066,-0.01001950841345214,0.00742077624916887,0.007506568168449599,-0.026825272713061014,0.0042567325077500365
25,5,-0.029650749068580673,0.18270363836932646,-0.01430200420590902,-0.0793338808917519,0.0021676870042994477,-0.01466167679998268
25,Aggregated,-0.005841830078770764,0.046438131545547566,0.0016085700593735598,-0.02100744651801367,-0.016492830422471936,-0.0016622881323939643
25,Centralized,-0.009042145535818903,0.06515023955183313,0.001684540710012081,-0.03299619096753321,-0.014676162663461929,-0.003658585889536076
26,0,-0.005729143846000718,0.0023203561603821403,0.0013770583140643037,0.0027471917754744225,0.003119987901542191,0.00030521662311928287
26,1,-0.003441965617950495,-0.002026381642929567,0.014673744305832405,0.010198878583800811,-0.006272746572606096,0.009994442303119504
26,2,-0.005366109318286075,-0.0035994135184811643,0.009832966873664048,0.004899333032441617,-0.006328834497637338,0.009226545707628143
26,3,0.0057432041285846135,-0.01033161374419023,0.004903481812164954,0.009108403543781573,-0.005361815414677234,0.010397649284071823
26,4,-0.000623546488743721,-0.006590953985457588,0.00715647405055795,0.0071376320215879785,-0.0057732853063156946,0.007211878286458298
26,5,-0.0030080209577770536,0.19192288618567604,-0.02404063840060653,-0.03556017969602513,-0.030906329538563464,-0.043215504419891956
26,Aggregated,-0.0021097144136736946,0.053181267261182566,-0.0015086271450846307,-0.005484827357050569,-0.012162166185613311,-0.007214645746950172
26,Centralized,0.0002991256508349752,0.06581003897878056,-0.0026475594174329062,-0.010106335206542217,-0.016302923611694668,-0.010804788018976157
27,0,-0.002634940303555203,0.0032245123308082637,0.0019195403429293786,0.00036990080473862285,0.0021110574210760477,-0.0015712677057247012
27,1,0.005438682906100863,-0.004626309049809555,0.004440723453803635,-0.005226137674648386,-0.006481242690825569,0.006349849067617941
27,2,0.008342253874744718,-0.0031784288629366536,0.006419365676890788,-0.0012324603897879687,-0.008204320246335736,0.0034842747868348446
27,3,0.006576525424071897,-0.007918508460134933,0.006425646787709615,0.002812248767292284,-0.01014864628045121,0.007889923811752667
27,4,0.005084556095909246,-0.007222684373078252,0.0023823813552274176,0.0037110242865701416,-0.00882500542820693,0.005028805211020492
27,5,-0.014091491063778116,0.15918167285643886,-0.04422640731692377,-0.07324326877954476,-0.06794438903055944,-0.0831564706202989
27,Aggregated,-0.0007088349615097568,0.04364172934824317,-0.009836282227070744,-0.021398511560079624,-0.024587850300239474,-0.021204558789672773
27,Centralized,0.0011200404929672693,0.06257401114588308,-0.012161827449361461,-0.0303615715355054,-0.03209693748490413,-0.030272758139656044
28,0,-0.001288478977835313,0.003251555012928553,-0.0013395868665649735,0.0010904379695467641,-0.001076343508219905,-0.003925885495875394
28,1,-0.00023172646341872377,-0.0041006605810203905,-0.005571015955312797,0.007582624265054054,-0.008462409518532159,0.0021873945137847028
28,2,-2.8577588434133828e-05,-0.0010521096019742529,-0.002159260128002875,0.006335661289756211,-0.01057294658352466,0.0021663342264356938
28,3,0.008996514596688238,-0.011177902780961412,0.0016742184069744358,0.0023781441454555708,-0.008743921222828953,0.007684082626009022
28,4,0.005541054182960102,-0.0036699210665681195,1.667621869600455e-05,0.0021576265736661803,-0.008036993540403069,0.006823997058929989
28,5,-0.02246524364743026,0.1915231759210584,0.02334080280271656,-0.03489961628453705,-0.0381582237320225,-0.03810600626076986
28,Aggregated,-0.004638752408569155,0.053549881673159265,0.005789139105100494,-0.007382206714810701,-0.01656270940510669,-0.00886324824434373
28,Centralized,-0.005295442266081139,0.0678820678756333,0.010011694124140904,-0.011651297285703993,-0.020934718627501996,-0.012264572956550849
29,0,-0.004238664454474923,0.004408677853782808,-0.00018316786491974954,0.0035447964364059724,-0.0007142024544830446,0.0012332090253983667
29,1,0.002271454657830508,-0.009809850876794453,0.0021581405683224883,-0.003633025168467572,0.0020881546209972814,0.006925126198111762
29,2,0.0035676099951999127,-0.011345367103305179,0.00013161343269851145,-0.002219070300641479,-0.00229982921217748,0.006512927947966021
29,3,0.0032684563719617933,-0.01812695876107475,0.001319939853732355,0.002072562829727905,-0.0011265692894188147,0.01003690866611185
29,4,-0.00047867165160994527,-0.011061070059905866,0.001821625750216421,0.003754441005236041,-0.0014437522613723584,0.004654806796114758
29,5,-0.017055989331793316,0.1506738032631098,-0.02045971247973551,-0.06124979004678281,-0.04528638503840155,-0.007135437035740169
29,Aggregated,-0.004237445099751327,0.037270339863367016,-0.005217218123467861,-0.017518025804978837,-0.013758063510491074,0.002187094733830472
29,Centralized,-0.0043638714627213925,0.0493235832445734,-0.005821774920653734,-0.02398786587405721,-0.019374146733392904,0.0026834162318551485
30,0,0.0013039154504805154,0.004663860311957744,-0.01031880277901382,-0.00021745397464345545,0.0028408219198926754,-0.003134200459782929
30,1,0.005902779581403003,-0.0071654918232617205,-0.00632945696783123,-0.000523438975999622,-0.004356282383615516,0.003770388321148269
30,2,0.0010035666191042514,-0.0016976463761928591,-0.0013884524056386673,0.0045825435664887705,-0.0025732608398754374,0.005246048899792121
30,3,-0.0008942996532972647,-0.01004095054766501,0.0004003712140651833,0.0073487778811977345,-0.0029877323258045005,0.004974225869603503
30,4,0.0007560190541062884,-0.0074165488390053385,-0.0066476829250590504,0.0037905699583664593,-0.005088236222575902,0.0025569482903299093
30,5,-0.06420857170095032,0.180176426003546,-0.0614311737257156,-0.06626444711095822,-0.01254373603328516,-0.03630918232852764
30,Aggregated,-0.017656306304282658,0.049468233381075644,-0.02128047770443591,-0.017203495502142497,-0.005535778021003303,-0.00858169345386026
30,Centralized,-0.02480979528937288,0.06715371188783294,-0.024652591098726258,-0.024304119925403187,-0.006646781392535776,-0.01088533890831812
31,0,-0.003451483276888437,0.005692052026739582,0.001629781251860739,-0.0012791735295430448,-0.0009229641950707098,-0.001306670641451615
31,1,0.004131246297311582,-0.0030826689154207438,0.004910001126295339,4.785293649461897e-06,-0.009268756786721127,0.006199737316191138
31,2,0.0008266218121196248,-0.001592055537084976,0.005571116393592894,0.0001786832815904471,-0.010211030511191928,0.005705980337555399
31,3,0.0023415765618197207,-0.011694829587755457,0.009512912391814107,0.006083678235854501,-0.007755510678238252,0.0076560207175730656
31,4,0.004375512125900772,-0.009970836714938465,0.011863174373028019,0.008262554765314274,-0.006611384788582855,0.0038689255717820554
31,5,-0.023837733278824023,0.1729050126973111,-0.009234406788136446,-0.058212884381448546,-0.04084792934274413,-0.02411282922824975
31,Aggregated,-0.005682205558600171,0.04745893776053494,0.002167033564889317,-0.015070785387344047,-0.01704299448427061,-0.0037799042448829656
31,Centralized,-0.006770554560399212,0.06417732871453921,0.0017721734712963764,-0.022093531186527952,-0.0223928025343127,-0.005965627028722091
32,0,-0.009271450262514075,0.0076716916712687745,-0.0010145556168983994,-0.0011897800248944434,0.0028913291107071524,0.0050586555161222955
32,1,0.0016245897886681632,0.012275618381375576,-0.003233707321426059,-0.0032570378597678025,-0.008271073485110737,0.006619566663708764
32,2,-0.001751017279008606,0.009413889335658225,-0.004794596728599428,-0.0008641778159566578,-0.009303190298030782,0.004453276244981297
32,3,0.010365718916299511,-0.004510216993308335,-0.005751472600074073,0.004789589975647192,-0.009130768364546316,0.010197483868002614
32,4,0.004734529923470675,-0.003123595724600023,-0.00018090032031185902,-0.0030509103308790507,-0.010238016580270896,0.005940994509300105
32,5,-0.084501647255224,0.2132962538497044,-0.03520286535152302,-0.05855329405055363,-0.058747252107596036,-0.05785417822497818
32,Aggregated,-0.023664135554544725,0.06545629651445524,-0.012481589956933145,-0.01764225293382949,-0.02228250066253344,-0.012343934845577902
32,Centralized,-0.032066036566169805,0.09288263222845843,-0.017286576273245275,-0.02343690131592726,-0.03181060202753017,-0.019464370102012567
33,0,-0.005025890917161128,0.002387378369211494,0.003410810320562569,-0.004107912469338466,0.0038475967123553327,-0.004323288776860892
33,1,-0.0013557207774773279,-0.008029551165470362,0.010159488669745413,-0.0044191480222304175,-0.008245736099116635,-0.005158665743104565
33,2,-0.0005775657320338708,-0.006012864821752981,0.01020812853679039,-0.0032587563633771233,-0.008439145385657472,-0.0003725265407968266
33,3,-0.00018317130404940714,-0.012239984527594071,0.009026092720269205,9.856974663697837e-05,-0.014372784332509058,0.00323945097038486
33,4,0.002436933283376709,-0.009417642103812511,0.013486386329611263,0.0011599229813746244,-0.009659094517711679,-0.0005829927260180596
33,5,-0.027784513803232228,0.2024609791655162,0.002987808455914616,-0.016802517023731235,-0.040362554190477434,-0.02683729241374879
33,Aggregated,-0.008693739996229535,0.054345343216968635,0.007578491781795302,-0.006356401248695738,-0.017336981073155823,-0.008801034407544444
33,Centralized,-0.010943377885537203,0.07459131026374394,0.00891062697311233,-0.007630735517588309,-0.024814794648864172,-0.009610268604854018
34,0,-0.002112000625501122,0.001319065871333442,0.005360083768798392,0.00039597831227220864,0.0023435511135582615,-0.00349537167923008
34,1,0.0053251391116177285,-0.0033905370169542764,0.009469057031431371,0.0032173671620510055,0.0009555183599587884,0.0043633641280168885
34,2,0.0034575818656385478,-0.0004021455196003282,0.009870793353547826,0.0005858701282414114,-0.001319206163684532,0.0015952077881134618
34,3,0.006731957344804246,-0.015487755068840528,0.006978592945397175,0.005385059085895754,-0.0026833009617617826,0.013285382920256864
34,4,0.005399575933098533,-0.010803554060826549,0.011284132746090293,0.005566113093178898,-0.0008124779229817593,0.0038630335465873336
34,5,-0.05638921732914616,0.17582340075089994,-0.021217036930378918,-0.03545018819438429,-0.04190758448040492,-0.028462418423337438
34,Aggregated,-0.013699389016748153,0.04723960907293622,-5.174777049327551e-05,-0.008169831768114255,-0.012559783602461337,-0.005363936683163667
34,Centralized,-0.020098496743612027,0.06390168939872772,-0.001680156344095925,-0.011050601469723698,-0.01873858594367084,-0.006375412088336807
35,0,-0.0031662761967028276,-0.0035163933398444395,0.007674760369427281,0.00010135495415418878,-0.005218122074395671,-2.1214106429804738e-05
35,1,0.003492821091831172,-0.01575782306920889,0.006960066204676587,0.0032932924158799058,-0.01865772038148434,0.011990609481941038
35,2,0.005323906540891526,-0.013121270947655599,0.006489188263875856,0.007805244957287822,-0.014511698531386778,0.008309360275663431
35,3,0.006933247974329216,-0.014939998174499272,0.00238644623764606,0.004320798701145431,-0.011546135205317465,0.0015186777581470896
35,4,0.003973825714066956,-0.01629924704792729,0.006691318452776821,0.0019240432245421681,-0.012063775945797429,0.004079784658470444
35,5,-0.03455061579864263,0.1823855838995457,-0.025534790682187645,-0.028428319599802486,-0.03355607389936689,-0.020127169672145444
35,Aggregated,-0.007604249194990382,0.04417291377118248,-0.0032515991582985826,-0.0057684993001633,-0.018788725260628768,-0.0020960950039131524
35,Centralized,-0.009997593445399227,0.06009728611441846,-0.005675727966694512,-0.007070033392413629,-0.02215184208367696,-0.0059437116743927265
36,0,-0.002587302288800901,-0.001302069863368522,0.0027804908831386213,-5.888416890912166e-05,-0.0014131151717016344,0.0025808806096415376
36,1,0.0019595428968972924,-0.006195174309914194,0.009559797452934383,-0.0035430104432980507,-0.007529225167198814,0.008756228013866734
36,2,-0.0026121604604189977,-0.004907627936789123,0.005741853063423555,-0.0039208835100070704,-0.005510404921262745,0.005307711329172849
36,3,0.002317245241831864,-0.01597836146328761,0.002936050075898232,0.003893514903058215,-0.004119503930301945,0.007675032957893544
36,4,0.001787198415073784,-0.0050393349180103695,0.008548225211398171,0.0006365304820782884,-0.001072497359986454,0.006692624603105029
36,5,-0.013093675099486312,0.17175082013541795,-0.0804822404740032,-0.05401999491755834,-0.04505724055563618,0.0037510185084735697
36,Aggregated,-0.003638730926846509,0.04543341408505869,-0.019307252011873145,-0.016259746020828254,-0.016042589532643658,0.005581625557104299
36,Centralized,-0.0027679109759729077,0.06051506898370287,-0.028310140348670243,-0.021434825199340663,-0.02091979744939864,0.007889098194739718
37,0,-0.0052445838251256,0.00111146055046017,0.005227305755281651,0.004880510297842139,2.173803094071928e-05,0.0021883945719912345
37,1,0.005183296727291343,-0.004616757610827079,0.0025988978140562584,0.008889524964784559,-0.013417029862209103,0.004286014280608804
37,2,0.00328829596842312,-0.006518043876397248,0.0027477748828769,0.010027135608381864,-0.013832167369272997,0.004287004785988397
37,3,0.006632105039716829,0.0007001720752543109,0.0020102040786843436,0.006946262096258327,-0.00879493262761084,0.010055598336139827
37,4,0.005400314072295033,-0.012044872787046159,0.0068202879885681435,0.00811412300443264,-0.009458184612269403,0.0040709817743205525
37,5,-0.04363885493522767,0.19485107166554844,-0.05204670875145315,-0.04324475829646326,-0.04076147622298633,-0.03533104999699381
37,Aggregated,-0.010400916474248558,0.053903996259124544,-0.012535979103782744,-0.007093204015097398,-0.0186152340891222,-0.006753668983216415
37,Centralized,-0.013268716194478083,0.07099795452272982,-0.01824065661371748,-0.011821471095329033,-0.02134303817985331,-0.009177872494088303
38,0,-0.008502822413649873,0.001268653868003857,0.0037523176634375803,-0.0027954233589853926,0.00022886331995864738,-0.002136414460155128
38,1,0.004494344690276598,-0.002570093446759346,0.01014015108124628,-0.0017232633917971258,-0.016984794229447573,0.009390304795853302
38,2,0.005471325870060261,0.0013734620543975362,0.011097046714424517,-0.0009624205195578748,-0.018100886656262558,0.009819152325013875
38,3,-0.001432970727161226,-0.0027473446928787293,0.00371303109226595,0.005352604941833057,-0.02786629725062939,0.008421557506658234
38,4,-0.00018110648439151396,-0.005499896029928727,0.005209875938618592,0.0027169652346640347,-0.020412234433650204,0.0066489925729616576
38,5,-0.04881680244418079,0.18456857608145782,-0.00946390350407196,-0.02461410416955512,-0.09261738194249311,0.020199311290765583
38,Aggregated,-0.01409217197356606,0.05282464557036693,0.0021053279448878504,-0.006754340503016889,-0.039336190240178114,0.010691773585125975
38,Centralized,-0.017835730829998005,0.06985608955350933,0.0018196507579701618,-0.007883587672237858,-0.052443100032124046,0.013897048708131724
39,0,-0.0047376824877030255,0.002899228179692006,0.0013661014218059508,-0.00035987028397792736,0.001134423937961232,-0.00030220076777823603
39,1,0.01009823975220656,0.00018137621881169784,0.008571760645309848,0.0028853667586116105,-0.030941312368007755,0.009204568993068069
39,2,0.009036434170059403,0.003835059816142017,0.007641761329460692,0.0032112892964560116,-0.03768249754439323,0.008124638953241645
39,3,0.007128992854559647,-0.0018096847294948974,0.010346208359455803,0.012894390856999251,-0.03400194593968001,0.008293481574264325
39,4,0.005521212423344787,-0.0006021015449074762,0.008585700080050196,0.008908137256848787,-0.027423218478582895,0.007902050192470459
39,5,-0.021203578285218523,0.19010401783235645,-0.03560311618974517,-0.02391640759575197,-0.0888158461066623,-0.023254176867851768
39,Aggregated,-0.002113112116746695,0.05626331356557486,-0.005105118952197808,-0.0029528755343894287,-0.04496680988760109,-0.0019262396389569468
39,Centralized,-0.0021455611982253006,0.07437598894162911,-0.008954657673671557,-0.004302561178139168,-0.05620324305731275,-0.0037695410533137718
40,0,-0.0028032455166551703,0.004548323697408994,0.0007081578375284336,0.004804460050017265,0.0006988968159806004,-0.00020429817706639762
40,1,0.0024691251048340117,-0.005588883141213992,0.008585390515968521,-0.003111183095981553,-0.007959172747020911,0.0027994179301298844
40,2,-0.00023595728903894977,-0.0031862730955742385,0.01058195049029221,-0.002322792905499586,-0.006303223897722445,0.004208712765706054
40,3,-1.555791716637741e-05,-0.018106050171129373,0.00927954230301655,0.0027648418284464057,-0.002889633956529027,0.0030700545933050986
40,4,0.006125904040225875,-0.008976526103559763,0.010928399781492083,0.0029064160024989795,-0.002797797201906053,0.0005956808724890794
40,5,-0.009135687860276038,0.12550099646028814,-0.06649712938572402,0.01529559560525697,-0.027510859127557845,0.008365382307298115
40,Aggregated,-0.001787338761103179,0.0320404521944614,-0.013611776018788189,0.005091141784195998,-0.010902239142201032,0.003992426248807192
40,Centralized,-0.00143303373998022,0.037608777373786734,-0.018556188426514943,0.006823552408745579,-0.013328344558122285,0.00539604618951954
41,0,-0.0074718705012996045,0.005481168399709418,0.0008941412290370682,-0.002354099950000822,-0.0022000014387130082,0.002044257947844576
41,1,-0.002551479870505076,-0.010635869449693658,0.009791231345269814,-0.004846670829721105,-0.013388341921951584,0.007456903954238148
41,2,-0.0033693479235828764,-0.0028474251842123674,0.007889229495959145,-0.003285589224618414,-0.009609393218110314,0.009010984686178697
41,3,0.0025762683570963747,-0.009248780546568629,0.0046337167114921625,0.004051216880067448,-0.0074137139811137525,0.01186622902472307
41,4,-0.0015610709095432876,-0.010249641394475924,0.0055396416938905966,-0.0013655076969336572,-0.00969984974285106,0.00558005861195757
41,5,-0.029462816015751337,0.1577247195100303,-0.05240388019873902,-0.08855305522570321,-0.014757462801547659,-0.016790718111972143
41,Aggregated,-0.010245847586477487,0.04201259403028629,-0.01115285821580318,-0.027018377680500832,-0.010474058269206967,0.00030550634802697235
41,Centralized,-0.010988179276402204,0.0545449123619202,-0.01599787650553162,-0.03697462380706883,-0.009553941287662415,0.0008435389055543261
42,0,-0.0028739565725898622,0.0023808103031677575,0.0035125708343181424,-0.0029730394721819826,0.0015067594780009352,-0.0056990349645063085
42,1,0.006612101769120056,0.00026100583991750526,0.006426224113807301,0.0020846945300337432,-0.005262145770797948,0.004012548779180182
42,2,0.002698791896166502,0.0003567481331404326,0.004746189818882994,0.0025382040545242407,-0.0034897665555326134,0.001388475758633777
42,3,0.0023502645804411135,-0.012380482630794944,0.0014439810323304016,0.005296296199708971,-0.0028471202365305333,0.011270616821629765
42,4,0.005969152777083648,-0.007941103945693594,0.012787956957165952,0.0024685313153599243,-0.005041654110459254,0.003379725619652058
42,5,-0.025920547594145388,0.18343800002587227,-0.0381834423253895,-0.0421934436317624,-0.019391785331521232,-0.08058368734334995
42,Aggregated,-0.0053487987926018245,0.05112090146871512,-0.007033240490844406,-0.010896429233594155,-0.00794157616854884,-0.021342727080039564
42,Centralized,-0.006603251583748378,0.06765697880829534,-0.009712446231665811,-0.01506539750380538,-0.009417537109509428,-0.02982715299051072
43,0,0.00015448742273699116,-0.003605471545954414,0.001915531116908135,-0.00017887422819423126,0.005452808593289281,-0.0003201400317661714
43,1,0.004352785912289883,-0.011318180330845761,0.0052116132190917226,0.0036557380981713595,-0.0012053904496359957,-0.000726100906968861
43,2,0.003984349782493764,-0.014646217868344004,0.002078857113017817,0.0017255518860495788,-0.006046714935388355,0.003944576343061855
43,3,0.0028384103045354368,-0.019845232855733207,0.0006514093982229466,0.002243952351369729,-0.003970505867271555,0.003559578015007751
43,4,0.0055103221513024495,-0.015361325890219915,0.0026592428538260646,-0.0002941119716731546,-0.0039593334151242655,-0.0001678873073162384
43,5,-0.03500714201268514,0.15252612341388516,-0.01691951254981153,-0.0397752440897704,-0.01884811055255073,0.0002399155977370467
43,Aggregated,-0.007785524670953766,0.03526211593742063,-0.0031697002226205914,-0.01059520420749349,-0.0070948390222396115,0.0010021479011092169
43,Centralized,-0.01043439061776422,0.045755134797608746,-0.004522936251278574,-0.013779693675582877,-0.008740138192704689,0.001756610432130524
44,0,-0.0013653121805196045,-0.0015904373463365537,0.002997600599199461,0.001096539635993611,-0.001626543236906035,0.0008077824213231591
44,1,0.011579181087433686,-0.012624808365406734,-0.0013780545920920842,-0.000514019585963946,-0.01115281329680666,0.008403543610665256
44,2,0.005059454271882955,-0.007551347528542417,0.0015815794291979884,-0.0015002505946765609,-0.005715612813971176,0.008179190382574818
44,3,-0.0006606593851196857,-0.011749444797614125,0.002667415741252085,0.001613380763837441,-0.00237910672198226,0.007599112297114005
44,4,0.007181118808446849,-0.013495863331713848,0.004180849303596363,-0.0005373239158918463,-0.00182272089478143,0.007445893708447629
44,5,-0.04710539753308634,0.1706160942916853,-0.033075755480942784,-0.03933985120129029,-0.04064344056225932,0.007448456820593319
44,Aggregated,-0.010561144600900938,0.04311406662611653,-0.00829292407664303,-0.011528507963958356,-0.01519209678096729,0.006921022692400623
44,Centralized,-0.014563622510874685,0.05506302124599424,-0.010326887854057649,-0.015842883625979604,-0.018566846737909627,0.009361985525141822
45,0,-0.00021628640509009737,0.005583569839792962,-0.0032203094943391688,-0.0032085902182225905,0.0021208657556828887,-0.00048505569169477646
45,1,0.001140295202581267,-0.0011566596966458204,0.00834691604830889,-0.0037522374014193178,0.0029198909304828337,0.004167948231825398
45,2,0.003341927224311797,-0.0008045468853326028,0.006559102815213386,-0.001209943222614216,0.0006326390453031444,0.0006738192440845561
45,3,0.003451919832284225,-0.006457595061552453,0.00861609839611729,0.005220487913187059,0.0007981566799230788,0.009056251100301902
45,4,0.0019465690571430596,-0.008748368464287028,0.010836784283774908,0.002069466864810845,-0.0019768392520744193,0.004512203541287928
45,5,-0.08045298068381967,0.16825053871080445,-0.024813236055234722,-0.057878886658213176,-0.04940446090133766,-0.002381147791212611
45,Aggregated,-0.022139638204627884,0.047429169991771554,-0.0026104939481919795,-0.01699549464135308,-0.013867307348434443,0.001946764226495553
45,Centralized,-0.030417308431575904,0.062123991285823,-0.003142201227900908,-0.02276170857397397,-0.018966510756608667,0.004663353102742144
46,0,-0.0060316738284773835,0.00024619057480665765,0.001058878088469963,-0.000275669539747501,0.0024342811596731293,-0.001744171460627673
46,1,0.0014519541144555948,-0.012265446749809726,-0.005437609619341333,-0.002899683336514259,-0.001536870137066,0.008904356701233037
46,2,-0.0010901968549193268,-0.01250454107818518,-0.0006586250034883427,-0.0009149981322744009,-0.0008112012678413624,0.004089789044297594
46,3,0.001803011064177336,-0.017082115009145023,-0.0037733293892934523,-0.0016921302111373117,0.003862963842316161,0.002098579406215513
46,4,-0.0020605376055275837,-0.013317838357097607,0.0012810906949294117,-0.00010329011105482677,-0.0021444780820349947,0.0018050550506116727
46,5,-0.017522141780447455,0.18070976002311356,-0.0346688388083718,-0.04189709157276968,-0.05565398699390529,0.0038600645855964774
46,Aggregated,-0.005840369131049363,0.04485980270952259,-0.011287877848148222,-0.013127886515280834,-0.016101010028203334,0.0034017144505646465
46,Centralized,-0.0069690348510626785,0.059358305899186704,-0.01492561177397984,-0.016762979964261824,-0.022379620452551836,0.005268935481934295
47,0,-0.004293242731371386,-0.002860701894102952,0.0028245928235193832,-0.0006987375632013497,0.0005865372787453472,0.0044415520864109475
47,1,-0.00028545538292840865,-0.0048505777381220375,-0.0018320636325341786,-0.001794333683230078,-0.002423335816876981,0.014204580600256065
47,2,0.0023155806190111386,-0.005088369852148635,0.00442943560655802,0.0006738380701294844,-0.0015030416391624143,0.01070664310463412
47,3,-0.00036603680474561935,-0.010282781029464675,-0.0015699670748846348,0.0030367275431024965,0.004079218906286754,0.007986482836476868
47,4,0.0011270479570671492,-0.008783757941665997,0.004288604677329449,0.0013511764897550275,-0.0008715109798692515,0.011571778771653071
47,5,-0.0520140494193509,0.17483663128374075,-0.03798343046076974,-0.02349446839000339,-0.034597119928912595,-0.04081237836626864
47,Aggregated,-0.015339831443445286,0.04660748924420357,-0.010005887026165838,-0.006485555967263033,-0.010168353945731037,-0.004893288849439013
47,Centralized,-0.020397192101928,0.060088603622480405,-0.013101464338049186,-0.007366954781112714,-0.012489497585124276,-0.0077510521330704536
48,0,-0.0020702170148054417,-0.00023447567086441282,0.0014336288496038649,-0.00293800004197519,0.0018580369604245665,0.0019510269176166032
48,1,0.001486743016094951,-0.012549930963973246,0.0005461452711371606,0.00833837933811186,-0.008157640479047027,0.0016697158988763746
48,2,0.00022691111733819287,-0.009934945894665561,0.0038404760982972247,0.0024454203739364706,-0.010460565157459136,0.0023998261831289025
48,3,0.003943974244438405,-0.010447464399483434,-0.0015017995914202997,0.002134918754286835,-0.005592434748435414,0.005531699377218587
48,4,0.002247970023273692,-0.008098322220485111,0.0034842188981150483,0.005422541319222669,-0.006868872765807884,0.003929262114760985
48,5,-0.0376553414511031,0.1750657000880772,-0.023473600469570335,-0.0712693235021231,-0.06298885014928633,-0.013101714423132845
48,Aggregated,-0.010116866227523393,0.045224495178851284,-0.005768363527325379,-0.01853442467881476,-0.022788099303579626,-0.001617245391746032
48,Centralized,-0.012882667842675093,0.06167343809321845,-0.00617573592219334,-0.025905377958259257,-0.030724653687332206,-0.0007866395638925676
49,0,-0.0025700452679750002,0.0010512611039147327,0.0030132434662687013,0.002600355022660983,0.0031622760696622967,0.0006046483400298822
49,1,0.0091944334262541,-0.012365553605804392,0.002775037525580516,-0.002082451886908104,-0.003340844751521033,0.011612597796361198
49,2,0.007950755705720224,-0.00945322872728292,0.0074732469647426,-0.0011359349895332287,-0.010068817186052854,0.00805526842028623
49,3,0.002160551015938911,-0.010895243384257578,0.004364076066652536,0.004214117566308754,-0.004149082368914397,0.01030177996756316
49,4,0.0032151551103445784,-0.009000943724893616,0.003998346735909359,0.0017587354679116762,-0.00868391416962056,0.008712620580348544
49,5,0.009894635451804133,0.13254591233310545,0.0024311494704689664,-0.018518933325962692,-0.06919366074225942,-0.015701242412621393
49,Aggregated,0.005895516893266155,0.03282457535434718,0.0038053393881388228,-0.004707788438330006,-0.023738995762046963,0.0011517982475779478
49,Centralized,0.007614123694284445,0.041604391734418066,0.004851699711297376,-0.0056316615519098,-0.031831488240507376,0.0004278075995927652
50,0,-0.0010044105948798599,-9.556281493452691e-05,-0.0009086817963259722,0.0013486509150033743,0.0006508841277488501,-0.0037067281773821618
50,1,0.007508584267436779,-0.009926830291535318,0.012221721641571308,0.0009062202666442624,0.002462228463485936,-0.004547350636849189
50,2,0.005181305324163616,-0.004908070877816341,0.009727262307087429,3.307768416756538e-05,0.0020652567054702735,-0.006239007417177557
50,3,0.003276244146280299,-0.016898890939026804,0.006600660725754255,0.00302338534474792,0.0011142757159959826,0.0028843250062483513
50,4,0.007876453349843392,-0.011928005044495952,0.00714792235558793,-0.00030920713183547427,-0.002231713380735225,-0.000672247517444073
50,5,-0.006353680168356684,0.1488124396151736,-0.03878846549555838,-0.01940229821402099,-0.04587441786846978,-0.0010831986239645411
50,Aggregated,0.001518335662355961,0.037165570457718206,-0.006229923840573022,-0.004984713330303161,-0.012857627002857556,-0.002020515007316344
50,Centralized,0.0010665153721718384,0.044240542331938706,-0.008558724431115015,-0.005849674534504016,-0.01699644291588479,-0.0005669713035512242
